  0.00955372415721180  0.01589666309310492  0.02513092291568598  0.03593412223794738
  0.04628170401962650  0.05665944867678657  0.06706468822230349  0.07746323694931054
  0.08786307114904998  0.09825963029049817  0.10867415345576795  0.11908972827722024
  0.12945842288294387  0.13981148173937599  0.15012626665803097  0.16045379989696265
  0.17082779512719443  0.18126366140991373  0.19170907255930633  0.20209856720942568
  0.21245286926771745  0.22279472821401203  0.23317571602063997  0.24352871650706884
  0.25388576711889982  0.26422538397507322  0.27459724046721057  0.28497816250636199
  0.29535235256281017  0.30573054626762047  0.31612275450600968  0.32651489353287799
  0.33688354825734013  0.34724783052978653  0.35761610067638294  0.36797815761525593
  0.37833183934140002  0.38869629380243192  0.39906411354704269  0.40945159433541417
  0.41981992124265971  0.43021920993390134  0.44060509051595165  0.45099169250122562
  0.46136729582137725  0.47174747948839507  0.48214140650453524  0.49253873763213968
  0.50294240021201453  0.51335296499005079  0.52376765564592032  0.53416033960298270
  0.54452492147984766  0.55485213816286960  0.56516548974443448  0.57550501893467509
  0.58587886352352814  0.59629196879104573  0.60670848389091403  0.61711769074520373
  0.62751636509381670  0.63788720559060508  0.64825044586822234  0.65861226504515480
  0.66895475777021884  0.67929029396273410  0.68964366647691966  0.70002833108827323
  0.71043142782558910  0.72082598070283199  0.73122289032751586  0.74161385130818436
  0.75198011485422778  0.76233578803005375  0.77270353903884736  0.78309895482253600
  0.79350110720115818  0.80390135281602926  0.81428883297868104  0.82467713439156465
  0.83505901121874626  0.84546923844731459  0.85588869698682224  0.86630636160286323
  0.87668889960948559  0.88706754075402172  0.89747190532221943  0.90788602862150891
  0.91832738023262483  0.92875828011768746  0.93919139489207792  0.94961944407768051
  0.96003879219716504  0.97038141152452406  0.98067922410422270  1.00000000000000000
  0.00950696761246222  0.01625945209267923  0.02536970052030295  0.03625878993318740
  0.04666274926636818  0.05709031617217741  0.06754017226622931  0.07801164872388394
  0.08848171910736373  0.09893970406068679  0.10939902971262930  0.11987734324378863
  0.13037348202845384  0.14088466718776260  0.15139162357465022  0.16188937949549631
  0.17239533983952474  0.18291353863133739  0.19341913326563354  0.20388902945713711
  0.21435776523685898  0.22484876532805440  0.23535204394399784  0.24586812547163245
  0.25638826452959035  0.26692903022390918  0.27745575776355508  0.28795792765896155
  0.29844615834181770  0.30892173465480505  0.31940295342442238  0.32989503952884225
  0.34038390888645975  0.35088368715119617  0.36138830975308484  0.37193300353344261
  0.38248218889278746  0.39301109140317830  0.40352241364059388  0.41403781988650518
  0.42456993921316244  0.43510425124949381  0.44562079500825102  0.45611284469619223
  0.46655879496926467  0.47701271239578397  0.48748677270591462  0.49795808366780603
  0.50842133262655409  0.51887868623742328  0.52938115006486752  0.53986817228528539
  0.55035519227183127  0.56084336026480541  0.57134409430658240  0.58184968675887461
  0.59233837152996782  0.60283002251056272  0.61331956709940982  0.62381826344011859
  0.63431706162117374  0.64479274945095055  0.65529075261815495  0.66577885493124589
  0.67629920441891156  0.68678084666660344  0.69726917279135070  0.70773183678491025
  0.71822542818738122  0.72872502599214795  0.73925805479289597  0.74977579003961647
  0.76029046798953537  0.77077506346012981  0.78121443915694266  0.79165455074745450
  0.80210678728004614  0.81258425472198159  0.82305395391211056  0.83351078645365273
  0.84399403437886766  0.85445141195546770  0.86490171542745486  0.87539175883550524
  0.88588934440652034  0.89640784593835199  0.90689210388282837  0.91739777772942388
  0.92787539438971545  0.93831830375163749  0.94874990501030843  0.95919657301777594
  0.96966288800867306  0.98012380776628572  0.99145092480829877  1.00000000000000000
 -0.00236475750932880  0.00988355952647768  0.02014781972662805  0.03069611671933861
  0.04133401563098092  0.05192320385657731  0.06247108161508833  0.07293362530103031
  0.08341991952053063  0.09393605496708113  0.10446881848326761  0.11501318908839564
  0.12556442674108043  0.13608133567413919  0.14656066934651024  0.15703890689948652
  0.16754914181284589  0.17809124414558367  0.18863625040190427  0.19916337501467213
  0.20971768344041872  0.22025686921908944  0.23080150507597266  0.24134245409833877
  0.25193306678231953  0.26254444197075316  0.27311480211675637  0.28364564419483101
  0.29419780942513085  0.30478056028135686  0.31538616848595663  0.32590976132360955
  0.33641924225077269  0.34686663320298727  0.35737073359274557  0.36789255522749997
  0.37845310650275960  0.38899824380342851  0.39948177955267072  0.40997022103349029
  0.42043646172381227  0.43095885116469834  0.44145834218240354  0.45203010945495775
  0.46259600250579908  0.47314471617750048  0.48371012716968809  0.49426143607136441
  0.50485506259288637  0.51537982498501800  0.52583831742455245  0.53629259329863599
  0.54676974085385188  0.55729509872674021  0.56782480152596171  0.57838737721128830
  0.58897976367575744  0.59958193858084985  0.61012938030404440  0.62065269911604881
  0.63119294619456523  0.64177168741721979  0.65235954357067805  0.66288490490098062
  0.67338693642860503  0.68392563083981328  0.69449674787785920  0.70509709700264067
  0.71568167367485069  0.72623382528474689  0.73674329018075968  0.74725060396429654
  0.75780732912076265  0.76838136154005532  0.77894190173777755  0.78949282110596264
  0.80001203362602613  0.81050584177577945  0.82098315202360528  0.83152944442432686
  0.84211901461187488  0.85271173415506418  0.86329069734998709  0.87385066436681602
  0.88440255917661026  0.89491617842519555  0.90541418673343654  0.91592381714147919
  0.92643806436066711  0.93696983701430825  0.94748553657625445  0.95803030863177951
  0.96855846894044606  0.97906935949336937  0.98953974368233422  1.00000000000000000
 -0.00215636900085786  0.01003022736112855  0.02028104844793463  0.03077818923182521
  0.04130127068130258  0.05187353030369059  0.06245734406162357  0.07307449142245973
  0.08365912115474518  0.09418309765213123  0.10471270348336745  0.11524638534105104
  0.12578373058129139  0.13630887220878010  0.14681968711920151  0.15736387182611142
  0.16790554697410853  0.17840950659128307  0.18890580101068585  0.19940293970267772
  0.20991940056868547  0.22044552145615642  0.23095620706288303  0.24150899746069052
  0.25203657192166962  0.26255684792895623  0.27305318659163769  0.28357568192794830
  0.29412854238288905  0.30465971218133425  0.31518323965489897  0.32573568076843668
  0.33632443527861122  0.34689521491047359  0.35743924958413703  0.36799425946905551
  0.37855059134038543  0.38911960823838587  0.39968203673723468  0.41028541944226526
  0.42082186701216340  0.43135460059743003  0.44183403990977166  0.45238183073560156
  0.46292836771908452  0.47348797406597792  0.48404514603241494  0.49461838861377638
  0.50522593662866100  0.51580232745062249  0.52642152753459526  0.53709200818968417
  0.54774647949822253  0.55833091784082056  0.56882396259240853  0.57934008536228432
  0.58983928248533490  0.60031996367908891  0.61079360205571431  0.62125028396078508
  0.63173021817323838  0.64220522524751822  0.65268716298362428  0.66318711232386296
  0.67365212368153615  0.68414229722160769  0.69464169070140935  0.70516127545451146
  0.71569262136672485  0.72621430621590255  0.73672848003117608  0.74724264785848804
  0.75769213845945727  0.76820763506440204  0.77871161696093394  0.78928442123343900
  0.79979469219201027  0.81028631126920214  0.82076533588784673  0.83130446555681636
  0.84189422302731287  0.85249903258889526  0.86307052636500681  0.87359506083528271
  0.88414653927601183  0.89470487465274606  0.90527133649397529  0.91579197669453283
  0.92629960959786994  0.93677172904583295  0.94732951582136427  0.95784156313932567
  0.96840684730971971  0.97892378819559411  0.98947144728610581  1.00000000000000000
 -0.00223469844208594  0.00977935912665232  0.01997915152358256  0.03043656652382167
  0.04096665378951669  0.05147807134589436  0.06200998818306486  0.07251806649639307
  0.08304919508659382  0.09358419426936876  0.10409768814426736  0.11460734009416569
  0.12512467351640916  0.13566152265603665  0.14623961727641765  0.15682069582464195
  0.16741365277624307  0.17797257369701025  0.18851534173305484  0.19905093114197109
  0.20955852161936045  0.22007062404440059  0.23057037934302532  0.24114528579839076
  0.25168224770763525  0.26222793595648802  0.27273019076574739  0.28329113960046332
  0.29384947853975241  0.30440946225263754  0.31491290031873126  0.32541106563239530
  0.33589637317932336  0.34640650950247770  0.35692336268003172  0.36746956019155186
  0.37807156078638143  0.38866223399415312  0.39922962300979908  0.40973875177951097
  0.42025547181045975  0.43074947839310535  0.44128323791614887  0.45174657820582603
  0.46225032602255245  0.47271851550460325  0.48328368361994778  0.49383004954172505
  0.50439554972036627  0.51494394894849327  0.52551314189631571  0.53603937202803886
  0.54655289437611032  0.55707323266516939  0.56761213573381053  0.57817211146936753
  0.58866984200525163  0.59917298140671105  0.60966678707893285  0.62019709505252651
  0.63073716563580207  0.64126596716875806  0.65179848088839509  0.66234692207814694
  0.67288704403415844  0.68344711459969010  0.69396466893312247  0.70450492634497419
  0.71503020168532416  0.72556720879835412  0.73613636870996191  0.74670673915475250
  0.75727189382127402  0.76781056399251701  0.77836348375911890  0.78897070801377567
  0.79956778294321884  0.81015011996682540  0.82068412119306078  0.83122680330903853
  0.84181400631859149  0.85243742622404595  0.86303386581303942  0.87355839977500005
  0.88406561249714277  0.89456881456682258  0.90507032912719898  0.91561953426217968
  0.92616480149770053  0.93674331353609053  0.94725408901914676  0.95782136091704884
  0.96836910757938444  0.97889134133190381  0.98943456859576007  1.00000000000000000
 -0.00252058218043902  0.00972324386449350  0.01992171603571072  0.03039659454872103
  0.04090200835444235  0.05140590489503584  0.06194082778114322  0.07245397233866371
  0.08299032104643304  0.09352922042917576  0.10413585718653362  0.11471804259461048
  0.12529241139508235  0.13580598689872475  0.14634275373445790  0.15689899024265130
  0.16743345805936147  0.17795465011053696  0.18841483816457119  0.19890283492273850
  0.20938530930780086  0.21990951306618517  0.23044353241043852  0.24102902995608563
  0.25159353904442283  0.26217968708313499  0.27273880389481242  0.28331088010742533
  0.29383759023357520  0.30435199418817677  0.31489458269501536  0.32548390563806573
  0.33611584580090548  0.34672042937908776  0.35729801193388605  0.36784396397000979
  0.37842764313346866  0.38896654042413742  0.39950517594056190  0.41001212541474236
  0.42056133683959324  0.43111113592757505  0.44163427308154435  0.45215199977826726
  0.46266846257703853  0.47320418333605035  0.48372786286738229  0.49422265291527595
  0.50469737130908188  0.51521336873272916  0.52579755688627006  0.53640881114433359
  0.54700233930202757  0.55755557313349502  0.56808841151505918  0.57863991692678352
  0.58918134596604155  0.59972964837340736  0.61025408445331319  0.62077753242843181
  0.63128113323822899  0.64175454710676261  0.65223916023054196  0.66274100190065988
  0.67326015477392442  0.68385230876114345  0.69446054078040631  0.70507189688086858
  0.71563815615974646  0.72619303842685079  0.73674605032764406  0.74726959432931372
  0.75782329515034486  0.76837759962852303  0.77891665621451034  0.78943833153951859
  0.79994794084613474  0.81046473778508954  0.82094686403012429  0.83142322305124450
  0.84188813392898387  0.85237056316680337  0.86288799068897937  0.87337453303809087
  0.88389345485342685  0.89437582157294104  0.90492471120708307  0.91546220488249153
  0.92605775709640703  0.93662517447951987  0.94715094710750014  0.95770966709838123
  0.96830615518997398  0.97892279372902813  0.98947744510227431  1.00000000000000000
 -0.00193152221467025  0.00967170892699074  0.01983449450098195  0.03032357763090853
  0.04081200713707819  0.05130537182564220  0.06181948038488291  0.07235968382888783
  0.08291917138073669  0.09347722527825142  0.10401564412622845  0.11455217671242721
  0.12514801204756745  0.13573561006510379  0.14628201564309729  0.15676446979999284
  0.16725109042675795  0.17780265966073999  0.18838509020736921  0.19901037491874654
  0.20958842711814890  0.22013642366667194  0.23066176721981591  0.24119073570473384
  0.25171595830901644  0.26221368946555546  0.27273391200533387  0.28325137255833654
  0.29382399525507263  0.30441675394405571  0.31499522151088949  0.32558441282775519
  0.33611491440144337  0.34670567696844001  0.35725563121827353  0.36784188343849833
  0.37842909095216881  0.38902063909708473  0.39962339302145622  0.41017468693767639
  0.42070375500813184  0.43118747638447719  0.44164842738052396  0.45216005171081963
  0.46268924895780916  0.47325274914683163  0.48381340262027345  0.49434620914104388
  0.50485953318758736  0.51536451953825435  0.52589007802540322  0.53642252512393029
  0.54695430038156423  0.55747721116446736  0.56798714981139775  0.57850265519717614
  0.58903287302452767  0.59960961851942618  0.61015142695540470  0.62071858198095264
  0.63125890181042077  0.64183226193679066  0.65235545435449260  0.66292578663142088
  0.67345724715059441  0.68401704920385031  0.69452433843569861  0.70503535125237327
  0.71551008548978334  0.72602317532318816  0.73658338783671706  0.74716684958299362
  0.75772996390671543  0.76826470622172816  0.77880759480055128  0.78932839622325623
  0.79983068320809414  0.81031072040679497  0.82079581918890165  0.83128932273619427
  0.84184995894491332  0.85244560017203619  0.86301019365556275  0.87351079349605198
  0.88395732308141539  0.89444123221848204  0.90494752729013150  0.91548866933821094
  0.92599536389303372  0.93656374931486963  0.94713082059794607  0.95770974682161825
  0.96824516253277260  0.97880248096610611  0.98940008401940316  1.00000000000000000
 -0.00218004070803578  0.00974284504866990  0.01997606455463511  0.03058767608644214
  0.04117310890381329  0.05174836750073866  0.06224775488298955  0.07279433517701951
  0.08332420030263782  0.09389068260606799  0.10446288658535982  0.11501221839917455
  0.12552540552137653  0.13599123759054149  0.14654440406791305  0.15710271429783174
  0.16767569535222451  0.17816419969045710  0.18868479718260928  0.19919548098656709
  0.20972912573442146  0.22026486002896434  0.23079266858244940  0.24131628898365076
  0.25187296493539496  0.26244581448416127  0.27301921196169426  0.28354494796565832
  0.29408998441030060  0.30461485080746398  0.31513174644737713  0.32560665281097512
  0.33610540413668827  0.34661819323853371  0.35718335787352762  0.36773238734206826
  0.37825900338790541  0.38878039388462160  0.39933055411870710  0.40988265877289831
  0.42045703478838525  0.43102523734769821  0.44160344984948252  0.45214119927752583
  0.46265036050700553  0.47318664050996839  0.48375644336051404  0.49432373843275668
  0.50488463209205259  0.51538701467353654  0.52588816513557224  0.53635851381159649
  0.54684802284530398  0.55735914598420866  0.56787011370615892  0.57837369377436998
  0.58885529929056413  0.59938833334124375  0.60995451637290077  0.62056939811330480
  0.63111757512676869  0.64163127255417518  0.65214219875760526  0.66269361796658321
  0.67327939320882890  0.68386590222062338  0.69442844418333394  0.70496591442875278
  0.71550016267386440  0.72603566550444076  0.73659890822099061  0.74708683365875406
  0.75763369548542114  0.76815687748864891  0.77872092371108725  0.78923375356777503
  0.79978593972579348  0.81033806929887953  0.82088157196954925  0.83137866572922070
  0.84191728681786415  0.85246298495916817  0.86304446047281547  0.87357671619304733
  0.88412471076339805  0.89465936021095105  0.90526056698569546  0.91582471679029154
  0.92636389029880695  0.93685641462941549  0.94738227203234460  0.95792882417833691
  0.96844514853565400  0.97895133249012134  0.98945355402860458  1.00000000000000000
   1.9624166990563666E-011  -1.0000000000000000     
 F F F F F F F F F F F F F F F F F F F F F F F F F F F F F F F F F F F F F F F F F F F F F F F F F F F F F F F F F F F F F F F F F F F F F F F F F F F F F F F F F F F F F F F F F F F F F F F F F F F F F F F F F F F F F F F F F F F F F F F F F F F F F F F F
  <DiscreteSampler_grid>
  grouped_processes
  1 # 1 for a reference and 2 for a running grid.
  10 # Attribute 'min_bin_probing_points' of the grid.
  1 # Attribute 'grid_mode' of the grid. 1=='default',2=='initialization'
  0.0000000000000000 # Attribute 'small_contrib_threshold' of the grid.
  0.5000000000000000 # Attribute 'damping_power' of the grid.
 # binID   n_entries weight   weight_sqr   abs_weight
    10   10   1.182199559203536E+005   2.517558543160604E+010   1.182199559203536E+005
    11   10   1.182199559203536E+005   2.517558543160604E+010   1.182199559203536E+005
  </DiscreteSampler_grid>
