  0.00956862542815748  0.01564354705924333  0.02484581180066991  0.03561108437553211
  0.04597460621194093  0.05635541112414837  0.06674337422515511  0.07710474452996785
  0.08747849782052011  0.09784100029878648  0.10819920140320824  0.11856950297933312
  0.12893289942524017  0.13930911029095711  0.14968955078726034  0.16007969727109392
  0.17046260504132707  0.18085875375772023  0.19124588389459102  0.20164861661481270
  0.21203778359597583  0.22242760742413140  0.23280840379981901  0.24318063899895540
  0.25355361220586681  0.26394176930385038  0.27435794492278598  0.28478244320212664
  0.29519019760693754  0.30557493205980102  0.31594116556237678  0.32630609785536463
  0.33667750026630466  0.34707272302282122  0.35746589477131119  0.36785419870875680
  0.37823117054185307  0.38860607829960764  0.39898180169239317  0.40935886926346032
  0.41974414061423571  0.43013938666907087  0.44055228575328526  0.45097056839083338
  0.46136494887358726  0.47173923039609178  0.48210461841639357  0.49246315286103126
  0.50280522376392467  0.51314568585991371  0.52350236996019495  0.53386949252855476
  0.54424744743938935  0.55463730370089770  0.56504249890992408  0.57544481522427970
  0.58583637408730083  0.59621370300756282  0.60658788777964445  0.61697374168519470
  0.62737269424589426  0.63776717375255332  0.64814770244574971  0.65852264925056336
  0.66890586041979361  0.67928866146685629  0.68965726901937896  0.70002154895833568
  0.71039173337906558  0.72078238999063993  0.73118740929761006  0.74159959794585584
  0.75201434887716823  0.76241751992970108  0.77280225937048419  0.78318061455350840
  0.79356693241999232  0.80396886523545186  0.81435149756615610  0.82472254373374376
  0.83507805706196248  0.84546197484069818  0.85587058183250997  0.86629639695961824
  0.87670043660365238  0.88707724357392637  0.89743698289250762  0.90781719798085025
  0.91820021183260359  0.92859160314911415  0.93895678079952671  0.94933155338811770
  0.95971009334333257  0.97010361763756936  0.98047011382561078  1.00000000000000000
  0.00954012291619142  0.01553242250536965  0.02479552376621029  0.03558050945927155
  0.04594638556636860  0.05633703273463966  0.06672165476530767  0.07710543183816845
  0.08750239716792731  0.09788524934893766  0.10823824926818620  0.11857828003058668
  0.12893275563573686  0.13931624925164196  0.14969675612521041  0.16007974122826246
  0.17046467641326224  0.18084353965883521  0.19121930938675319  0.20160548083253638
  0.21198292662299664  0.22237203350758974  0.23274477372188312  0.24313395351599904
  0.25350473924236955  0.26388945968253924  0.27425951199534659  0.28464109240994478
  0.29503346152320936  0.30545412673082328  0.31588827332629121  0.32632490241686446
  0.33672614377076976  0.34710270049945419  0.35745476350839134  0.36782572873087976
  0.37820923384062383  0.38860576043857575  0.39900720576123794  0.40941613225936041
  0.41982499911994520  0.43025278270173878  0.44067191083723012  0.45108541731937601
  0.46148191111565651  0.47188322518042164  0.48229206750449133  0.49270506297987088
  0.50310532823065035  0.51348226763810678  0.52383517396227097  0.53418970338213811
  0.54456121180116135  0.55494903930408535  0.56533659299344385  0.57570763964806171
  0.58606492609773742  0.59642452766126886  0.60679224488691264  0.61717318358126105
  0.62756203426450674  0.63796433132552488  0.64837743900497957  0.65878602603500169
  0.66918543335754277  0.67957283839406979  0.68995885472907170  0.70034550836855713
  0.71072995344623657  0.72111166209181510  0.73149482690731871  0.74186680145294515
  0.75222852325129941  0.76258302764501795  0.77294852900951971  0.78332806492869655
  0.79371929447566936  0.80411462987954974  0.81451111578186874  0.82490534637586277
  0.83530071864127908  0.84569136636103404  0.85608048929244684  0.86646322212137661
  0.87684453064842038  0.88720759230075508  0.89756143948908584  0.90790410098761076
  0.91826579944186593  0.92864367233989131  0.93902775441065189  0.94940992953362779
  0.95979404540784397  0.97017853815790811  0.98053968244580381  1.00000000000000000
 -0.00214783443320671  0.01009903922601663  0.02040841646776970  0.03098349290126994
  0.04153518333009657  0.05205846690273640  0.06260224741677116  0.07316314516356578
  0.08372932135284925  0.09425510555682358  0.10477187120516880  0.11530878003270489
  0.12584506151924507  0.13636382568022415  0.14687162891803554  0.15739641662197407
  0.16792631103581648  0.17845844349395296  0.18898519864983093  0.19952756647954148
  0.21007842342845484  0.22062581080961563  0.23116293081619776  0.24168471836336658
  0.25221087431103140  0.26275533367643172  0.27333603624321756  0.28394121025997227
  0.29453989162821059  0.30509121562168556  0.31561467362391826  0.32613607223176222
  0.33666406175141877  0.34720670657291369  0.35776471217039174  0.36833632270845518
  0.37888926320712352  0.38943825344424304  0.39998312355308530  0.41053947926766671
  0.42106888915264662  0.43160693244480197  0.44213006655564713  0.45266536123630347
  0.46319997433495247  0.47372747274427546  0.48425059436010681  0.49475254970418203
  0.50525439407445782  0.51575484821263184  0.52628914188568221  0.53685474063068594
  0.54743703863351056  0.55796678926817189  0.56846421155419002  0.57894968898793875
  0.58946612971856382  0.60001569628379747  0.61053779819431431  0.62107026471968418
  0.63159960362431133  0.64215145478102731  0.65268767446773179  0.66321826081775104
  0.67372868774702033  0.68426567838710939  0.69481388942016054  0.70534807195836868
  0.71587040184718453  0.72636527383844640  0.73690240121809769  0.74743246092735882
  0.75797351908625743  0.76850184438880265  0.77905322818327327  0.78958473917551342
  0.80012638991992235  0.81068239625734595  0.82124138514205536  0.83179698473016550
  0.84230075935846938  0.85282513258132198  0.86332888947336972  0.87384193573786539
  0.88437241286373880  0.89494113732431191  0.90550499761632341  0.91604304550203375
  0.92655417914317961  0.93705840896014658  0.94752996716881788  0.95800268336704986
  0.96849304422581040  0.97899407108563530  0.98950287755479005  1.00000000000000000
 -0.00246653800273410  0.00944921235855495  0.01959439181470134  0.03009543043957925
  0.04062512663049488  0.05114921541114530  0.06166480243130740  0.07220773517020751
  0.08275643979414976  0.09330998761077683  0.10383875860703617  0.11436043950393229
  0.12488306493777328  0.13542255684024690  0.14596018577768671  0.15649116372822169
  0.16703040551455839  0.17758661398711811  0.18816176494165104  0.19868521708882833
  0.20919485961361428  0.21972058596856309  0.23028311963638670  0.24084707506245145
  0.25137630759692881  0.26189135798401209  0.27242888981210650  0.28300331330687883
  0.29356700247969697  0.30410227612754859  0.31461502230243099  0.32512413279720065
  0.33563569798301240  0.34615932751684142  0.35671741457542144  0.36727145957755924
  0.37782377649326404  0.38834905347445769  0.39884880656246235  0.40933891985927467
  0.41983546675567401  0.43036012910504157  0.44089031219437330  0.45144108338117545
  0.46200730242916732  0.47254584428966057  0.48308225334450189  0.49363255667785161
  0.50422200675789686  0.51481120758386612  0.52537035657989106  0.53592118803546529
  0.54646322454100538  0.55699759145376859  0.56753512972576869  0.57809789561580438
  0.58869787369632109  0.59929034785160007  0.60986732315569459  0.62041194131594335
  0.63094669794078428  0.64148605070637765  0.65203875784407361  0.66260242735450492
  0.67314645702699583  0.68368214808948857  0.69422881858833840  0.70476658925806346
  0.71531421253858940  0.72581884015973452  0.73633801599360171  0.74687614643820266
  0.75744052526453454  0.76802239664086458  0.77855355814508975  0.78908896191723366
  0.79959493041020757  0.81011791875992678  0.82064373373778021  0.83116882839611106
  0.84171846875356093  0.85223080360671122  0.86276261376408692  0.87327467015077231
  0.88383242186490651  0.89440156781457680  0.90498017697435795  0.91557212420144052
  0.92614425081403484  0.93671357553861101  0.94725192520531221  0.95779577797154869
  0.96832853711775879  0.97886774136819377  0.98942635873722595  1.00000000000000000
 -0.00250943347195566  0.00946377926613613  0.01961986375172037  0.03013950912912000
  0.04069186166145673  0.05121635156897245  0.06175170080135037  0.07228686190784553
  0.08284444945177283  0.09342934654681964  0.10399990735953178  0.11453904261685381
  0.12503795599153203  0.13552391536872327  0.14604303836024862  0.15657656887878432
  0.16712602190564554  0.17765890753048030  0.18817221905391540  0.19870972718203334
  0.20924625595062965  0.21981692550994886  0.23037749918059092  0.24094251404975242
  0.25148818437885317  0.26202003985924482  0.27257641605636862  0.28312996941161456
  0.29366994854751149  0.30420529515648304  0.31472749101893993  0.32524384026830039
  0.33576604863994497  0.34630295476932688  0.35685349226584451  0.36739000147468703
  0.37795568068014507  0.38852779337709065  0.39909868706831397  0.40965561287748320
  0.42020615199198608  0.43075123555425426  0.44130659846421832  0.45187114390725808
  0.46243303301729849  0.47299652384120711  0.48353382488820451  0.49408051095543903
  0.50460905401531120  0.51516469205657267  0.52572809588823988  0.53629649987318617
  0.54687148081911729  0.55743133646693765  0.56798407147244423  0.57851316751028348
  0.58904024398562971  0.59958724370384264  0.61013008291042681  0.62069763873830586
  0.63122269311340151  0.64173383463746603  0.65222397045243319  0.66274012080326627
  0.67327633039661505  0.68382663138690281  0.69436830757105583  0.70490408231980084
  0.71544102063642789  0.72596389494016267  0.73651826791158359  0.74704405260074302
  0.75755731921864089  0.76805097191734861  0.77855426210692080  0.78908701675352866
  0.79959935434392471  0.81010851573908793  0.82060621690631597  0.83114346176747012
  0.84170451879040553  0.85229025513905565  0.86283721099759447  0.87336042304505024
  0.88389046989141762  0.89445178849204288  0.90500427233291969  0.91554683262333458
  0.92607642980387228  0.93662291123408392  0.94716433875843853  0.95772666935263018
  0.96827925305354889  0.97886094617320074  0.98941744524074660  1.00000000000000000
 -0.00228084834562450  0.00971592269187234  0.01991237077653716  0.03046296852493567
  0.04101543431765575  0.05156068915691656  0.06207729042346581  0.07259124111558314
  0.08312912892733866  0.09367352621530614  0.10423387976953644  0.11476589017493558
  0.12530710184214700  0.13584318159445732  0.14640123752369535  0.15694853782692747
  0.16748150645911963  0.17799226354499753  0.18849095424004170  0.19900953518259334
  0.20953515975070924  0.22009442305117954  0.23064037918691338  0.24120317607350997
  0.25175430636842011  0.26231151954166326  0.27283995829313218  0.28333836289067349
  0.29386481725170943  0.30441159211288837  0.31498536232628749  0.32552374261594452
  0.33605085675538254  0.34658146222970798  0.35714313548565835  0.36770153409127582
  0.37827000590023452  0.38883025587042341  0.39940512797132433  0.40995352088852677
  0.42049631263572917  0.43102960528878387  0.44159061116287335  0.45212951337499246
  0.46266436552240114  0.47319775442158113  0.48373541313582896  0.49426734087471552
  0.50477682231139676  0.51531348721034576  0.52584708110797995  0.53639741827514409
  0.54692107539675916  0.55746208668167563  0.56798151666020780  0.57853072233046743
  0.58906056616244706  0.59960777493221595  0.61014254850327365  0.62069157382326601
  0.63122751181034831  0.64175590435318064  0.65227464493703435  0.66280015496195066
  0.67333984680117387  0.68391489266550276  0.69448304647002390  0.70506420113051094
  0.71560133228716594  0.72612673894998858  0.73664262559677995  0.74717376124310797
  0.75770482643964976  0.76821901382238356  0.77873182189179213  0.78927701784232074
  0.79981987545027455  0.81034789006284480  0.82085180231566102  0.83135774892314562
  0.84185045020736826  0.85236595553373851  0.86288472094484192  0.87345793652812742
  0.88399307014583439  0.89455464270133100  0.90509412677896095  0.91565797688982942
  0.92618290543853588  0.93673685346332514  0.94727837296721507  0.95783901955887962
  0.96837999326079793  0.97892691662229248  0.98946857930601628  1.00000000000000000
 -0.00253050544255297  0.00944607110905107  0.01960757018719871  0.03014861612352344
  0.04070697860463796  0.05124053247580904  0.06175850241514047  0.07229534033024554
  0.08284863409916410  0.09339253409746245  0.10393545456791457  0.11448077782907334
  0.12505232764246363  0.13563534882784578  0.14620250654598108  0.15675977395479537
  0.16730465641123607  0.17784104790539992  0.18837838403565502  0.19893154048644915
  0.20948830114012765  0.22003755106162340  0.23056144237642451  0.24109331480810761
  0.25162372113819353  0.26215636684340066  0.27267862166871815  0.28319347662554867
  0.29370385387726300  0.30425136868018032  0.31482596039978311  0.32542963220497290
  0.33597821375222814  0.34650528240410011  0.35703695302448030  0.36758449507887980
  0.37813566484733485  0.38865013764838707  0.39917934126101245  0.40971073951582726
  0.42025483320214729  0.43081815054737715  0.44139299248377933  0.45194998573985523
  0.46248882286639975  0.47302895586434901  0.48361442231192969  0.49417422439528919
  0.50472116207819995  0.51526123791310163  0.52581758574351656  0.53637355692600952
  0.54689683681422552  0.55742318805169533  0.56794790401526252  0.57848375406441488
  0.58901010671808218  0.59954814140431045  0.61009156566662304  0.62062504071537616
  0.63115082331960737  0.64167703573686652  0.65222027579282071  0.66275987829529837
  0.67330396958420025  0.68384307473055772  0.69438691748529546  0.70491805914641892
  0.71544829392401466  0.72595516392988768  0.73646705100182630  0.74697895423796823
  0.75749618452169165  0.76802553580134159  0.77856329621212317  0.78912256170567663
  0.79966268699135035  0.81023840312183060  0.82079018943454496  0.83134344436965157
  0.84189036271318329  0.85244748052362163  0.86302097739291395  0.87355825458627578
  0.88408124807880661  0.89460428546602300  0.90513842396949473  0.91567780396092779
  0.92619443021187786  0.93669810791826447  0.94720164776283722  0.95773791558473709
  0.96828033212710440  0.97884862830955421  0.98941453744231600  1.00000000000000000
 -0.00208060906292680  0.00961221703551960  0.01978213669470546  0.03032461612202028
  0.04088922099706178  0.05146164962357566  0.06199477593382906  0.07251987958391680
  0.08303495263572291  0.09358422055911191  0.10411444755927611  0.11464364183794801
  0.12517146328475440  0.13571605045124416  0.14626089422542982  0.15680397071671531
  0.16733086307272091  0.17784891113476625  0.18838932958385871  0.19895223395466555
  0.20949981221575864  0.22003382265336610  0.23056157966962326  0.24113088989833173
  0.25170500952993041  0.26226842218137136  0.27283769755334447  0.28336807759519389
  0.29391138840724523  0.30443123380094739  0.31498108072208036  0.32552579476743432
  0.33609185302355882  0.34664062069137380  0.35716955448617510  0.36768190982349208
  0.37820560421523636  0.38876519732947290  0.39933294958931120  0.40988168391719121
  0.42041845962659824  0.43093548232797918  0.44146033392925432  0.45200386813054594
  0.46254447131578957  0.47309750775670911  0.48362511400251207  0.49412826445062263
  0.50463206566759733  0.51514384774399014  0.52566665297638060  0.53620760225740205
  0.54676161967748993  0.55735855121035616  0.56793619247492511  0.57850049770722978
  0.58907386175842669  0.59963428033538169  0.61019898691949515  0.62070945760996754
  0.63123989100275435  0.64174989015047645  0.65228112695539475  0.66281305536680590
  0.67337046748578644  0.68391400436240757  0.69446040895032690  0.70500477356069058
  0.71554881818976734  0.72608266825157941  0.73661641826435631  0.74715360846061862
  0.75769784989582800  0.76824036636523885  0.77877573289702873  0.78930635294151519
  0.79980666810738421  0.81032120794675322  0.82081024040710138  0.83132618403702430
  0.84184860131614636  0.85241399319742417  0.86298923793223403  0.87356520811494287
  0.88411326013338165  0.89464541476528026  0.90516903022452933  0.91570243276358965
  0.92622966271556195  0.93675745641015473  0.94726627728952195  0.95779730449077682
  0.96832563297322161  0.97887435980874515  0.98942731608690948  1.00000000000000000
   1.5441832722611104E-002  -1.0000000000000000     
 F F F F F F F F F F F F F F F F F F F F F F F F F F F F F F F F F F F F F F F F F F F F F F F F F F F F F F F F F F F F F F F F F F F F F F F F F F F F F F F F F F F F F F F F F F F F F F F F F F F F F F F F F F F F F F F F F F F F F F F F F F F F F F F F
  <DiscreteSampler_grid>
  grouped_processes
  1 # 1 for a reference and 2 for a running grid.
  10 # Attribute 'min_bin_probing_points' of the grid.
  1 # Attribute 'grid_mode' of the grid. 1=='default',2=='initialization'
  0.0000000000000000 # Attribute 'small_contrib_threshold' of the grid.
  0.5000000000000000 # Attribute 'damping_power' of the grid.
 # binID   n_entries weight   weight_sqr   abs_weight
    10   10   2.572289080736334E+013   1.877696170265655E+027   2.572289080736334E+013
    11   10   2.572289080736335E+013   1.877696170265655E+027   2.572289080736335E+013
  </DiscreteSampler_grid>
