  0.00956302727304400  0.01581717031112093  0.02493689000461527  0.03575927279154607
  0.04613679374390362  0.05653791703017953  0.06691888089393010  0.07730584893962829
  0.08768684569070495  0.09810567866688111  0.10849814365225390  0.11889590363874254
  0.12928870417517699  0.13968922597347599  0.15008435758137958  0.16045735289482727
  0.17083119488888482  0.18121007013808788  0.19158405321192468  0.20194581805268588
  0.21232714859561952  0.22272989241447838  0.23313666274601705  0.24353271251696110
  0.25391199195004771  0.26427600218411329  0.27462365917750509  0.28494779514717361
  0.29530548615438657  0.30568685381271166  0.31610561091412526  0.32650155966139777
  0.33688632448159372  0.34727573350621510  0.35768413930784221  0.36806213194118081
  0.37841498844869459  0.38875598675445777  0.39912458679321433  0.40950955655787619
  0.41988249582907283  0.43023806466523334  0.44057832133659042  0.45093316845911185
  0.46130828334762480  0.47169434979284669  0.48208020526277534  0.49245590319241955
  0.50284251436515193  0.51321851420171416  0.52359686655695936  0.53397704681412927
  0.54437277759086788  0.55478297124682552  0.56520219337116018  0.57563659633566722
  0.58606827920986038  0.59648657833380558  0.60688582910874445  0.61727877086932359
  0.62766746524572825  0.63805109237426350  0.64843721364654716  0.65882407025397849
  0.66919876188246863  0.67954299338934510  0.68987449321767103  0.70022390846248739
  0.71059802118857907  0.72097650502828925  0.73135525226613718  0.74174005992144132
  0.75212353160400325  0.76249795065545689  0.77287602448680826  0.78327115497835209
  0.79367587647205884  0.80406972495518680  0.81445857654540632  0.82483562085955775
  0.83521308346146927  0.84558987870839253  0.85596476088395712  0.86634689198252390
  0.87671350264419312  0.88707523043435343  0.89742343578639627  0.90777021464044838
  0.91813094068170520  0.92851544329608049  0.93891568768623146  0.94932295905441477
  0.95971072152926429  0.97009192604006123  0.98048492500581319  1.00000000000000000
  0.00956848724591764  0.01572976878510344  0.02485627098991195  0.03564939515681602
  0.04600567877107178  0.05638264081690993  0.06674856624073246  0.07710393433044706
  0.08746299085714961  0.09783900363545600  0.10822768670878163  0.11860730378673082
  0.12898984867413782  0.13936758093432433  0.14976692335296216  0.16016586340406713
  0.17058978576756012  0.18099521327990639  0.19139124990951856  0.20176658600460418
  0.21215275494781768  0.22254780972345714  0.23294012354186236  0.24332561429033667
  0.25369766130144467  0.26407937117158131  0.27446610540645566  0.28487205820966655
  0.29526965290311086  0.30567405216878130  0.31606498149227130  0.32645407036489166
  0.33682188520093687  0.34717553240917204  0.35753146447483469  0.36789472674901413
  0.37828327500231895  0.38866008356222315  0.39902702400314161  0.40939298303308308
  0.41976780007615055  0.43015847148785658  0.44052711564139191  0.45088605422200068
  0.46123785492839497  0.47161027958119706  0.48200719724503166  0.49242664226842120
  0.50285193282275764  0.51327929593908117  0.52370458365471195  0.53411986293076341
  0.54451601968785179  0.55491026180418268  0.56531752193007079  0.57573030746769394
  0.58612598188671505  0.59650242089955052  0.60688259266242628  0.61727053518807884
  0.62766913118349865  0.63807676603844798  0.64848533543321152  0.65889313832309282
  0.66929523987401784  0.67969559506812660  0.69008608389584036  0.70046362716872757
  0.71084137845844853  0.72122063665182157  0.73160860081695966  0.74198983255803486
  0.75234819047845747  0.76270242538471589  0.77306268925447574  0.78344900041338195
  0.79384008839696485  0.80420943478338758  0.81458152933671490  0.82494599629481358
  0.83534530745018676  0.84574296009664218  0.85615240493258826  0.86655045632937489
  0.87694200132233480  0.88731598003943102  0.89768053484482901  0.90806994724494983
  0.91846724077923503  0.92886448086562112  0.93924731177730891  0.94962057112924547
  0.95997704347836721  0.97027582800871504  0.98058136097772741  1.00000000000000000
 -0.00245238127172271  0.00954061582352030  0.01971408398339540  0.03022364871601534
  0.04076055286889627  0.05128750618441787  0.06181948160207111  0.07237113238756125
  0.08292864666452582  0.09348851381212435  0.10400637325265488  0.11452999158560556
  0.12504678139679581  0.13560171743002761  0.14614776631360904  0.15670210720191652
  0.16722697077315468  0.17776360839459421  0.18830228415989650  0.19888698702485624
  0.20947452511412676  0.22005813758495474  0.23063247298448306  0.24121617546578128
  0.25179202580887233  0.26237687387332598  0.27297717405969418  0.28356365278519108
  0.29411202962177035  0.30461576281729202  0.31514874780860147  0.32567030588231338
  0.33620471122787848  0.34671731203532163  0.35721276722088702  0.36772350068117576
  0.37822934670856639  0.38876424493994893  0.39928069970160462  0.40981164422679189
  0.42036473013997600  0.43091206553721567  0.44144502107766626  0.45197007597896777
  0.46248820716955519  0.47302640306744398  0.48354428295846202  0.49409900798127310
  0.50463399512756502  0.51517653253084361  0.52568913383965188  0.53620261742041841
  0.54671548292443406  0.55724155733578784  0.56778217575991641  0.57832149373124397
  0.58887224269944116  0.59941270680137093  0.60996015361835476  0.62050091005969588
  0.63105209896059045  0.64161711956243850  0.65217094874573567  0.66271952586026639
  0.67326382228439297  0.68380731789351323  0.69434718897212699  0.70489062356780585
  0.71540826722620354  0.72592129420570295  0.73643005794489702  0.74697331127934596
  0.75752982684969639  0.76809157765504610  0.77868598132955857  0.78927057541942403
  0.79984142278119186  0.81037871741446610  0.82092922737386043  0.83146305205007254
  0.84199786367730256  0.85249937990873881  0.86303313260262937  0.87353413088470633
  0.88406939376619065  0.89459194085983551  0.90514521448743912  0.91568813170048213
  0.92620776779317404  0.93671651444398052  0.94724997849095938  0.95781051239156889
  0.96836856665981796  0.97891284263805634  0.98945000994272581  1.00000000000000000
 -0.00249825963923921  0.00942218462389446  0.01956644202964487  0.03007193145352484
  0.04063593589821648  0.05118862631810891  0.06175469886728632  0.07229073570577142
  0.08283915228934613  0.09335788234762524  0.10389958548462674  0.11445241916660240
  0.12502954261076726  0.13560131077932350  0.14615162294923462  0.15667259309418496
  0.16720322587538167  0.17773368486554816  0.18829319290819513  0.19884820031978301
  0.20940261595703877  0.21990613366476947  0.23041948069605883  0.24091571531737499
  0.25143182572833045  0.26193497084332246  0.27243896826637459  0.28296559419274392
  0.29351835474594429  0.30408470957267247  0.31464210711959556  0.32517815213691909
  0.33572110433870223  0.34625708561241120  0.35680715279075714  0.36739445063202231
  0.37799376020251396  0.38857017207839861  0.39910539580831106  0.40966129092884679
  0.42023067311817475  0.43076752163095033  0.44129681292395534  0.45179289563991870
  0.46231517007091444  0.47285457292215399  0.48345627891769943  0.49409035491762587
  0.50471401557543205  0.51531743683190079  0.52588893918643231  0.53643844793238793
  0.54699032011666404  0.55751471345304127  0.56804355555750596  0.57854738558686292
  0.58911289646158993  0.59968282816902729  0.61024808631090699  0.62078518624406531
  0.63132567428650521  0.64188209482260128  0.65241910750063903  0.66292389133295171
  0.67341928173068799  0.68394064035528190  0.69450254984158177  0.70509352902758038
  0.71565563315770864  0.72619513560987192  0.73673522753433074  0.74728051697041598
  0.75784577212740878  0.76838918307633219  0.77895087844405453  0.78949725303640861
  0.80006495042113657  0.81062864914313759  0.82120103515182885  0.83176102935083951
  0.84229920104492761  0.85282565367815999  0.86333754964742704  0.87384704143399150
  0.88435280637973279  0.89483036694767160  0.90533562888532548  0.91583076712565425
  0.92636948218460857  0.93690210624208303  0.94746065148204428  0.95799120105084790
  0.96850307368871835  0.97900022374570939  0.98950384513761713  1.00000000000000000
 -0.00248099047735009  0.00956338691037194  0.01976548057593073  0.03032150647948783
  0.04085954831291005  0.05135814620603883  0.06188734495845683  0.07242817176302173
  0.08298802104306784  0.09350688958975734  0.10400612843864630  0.11451244209897864
  0.12505459855156711  0.13559900304934039  0.14613606982603905  0.15667831882901728
  0.16723352005688508  0.17777246949818806  0.18829296218370759  0.19882403461411702
  0.20938834990056782  0.21994782849469310  0.23049727522993110  0.24103596900098009
  0.25158498105675892  0.26214436397115604  0.27269234357646072  0.28322734183625570
  0.29374722192862418  0.30425693446059487  0.31475838627239061  0.32526874765751368
  0.33578690074786838  0.34629499016237947  0.35681258033531443  0.36733099641275235
  0.37789685943287626  0.38844950528165140  0.39901165913208519  0.40954398478086473
  0.42009980842485573  0.43064901863215116  0.44120151831763510  0.45172013439793590
  0.46223193163696802  0.47274767183714178  0.48326731777910709  0.49380419936246556
  0.50435980788505008  0.51494016699355150  0.52552701105857591  0.53609696431610632
  0.54667354527423828  0.55721251429852514  0.56776118706450573  0.57828299182766441
  0.58885007008668822  0.59942812397412182  0.60999929516250762  0.62056144930035273
  0.63112096974040344  0.64171702736868586  0.65229066863706908  0.66285641295928210
  0.67339997958145992  0.68394921077009174  0.69448699764578548  0.70503182955374910
  0.71556848260592909  0.72611571702324407  0.73663836731506194  0.74718558703639593
  0.75771491248823342  0.76824137140165794  0.77873250445777453  0.78920999343765252
  0.79971601845621820  0.81027147537555133  0.82084930537217893  0.83142779391613553
  0.84198162920547570  0.85251493107927767  0.86304853433257245  0.87358458960798901
  0.88413426943074147  0.89467413438050769  0.90519136444873016  0.91571249599809845
  0.92623323806628699  0.93679804177423309  0.94733574151779165  0.95786402865504539
  0.96835804330301511  0.97889827261903106  0.98944177603897232  1.00000000000000000
 -0.00251700668161167  0.00948799859928351  0.01965037601189662  0.03016488147044586
  0.04067500870360784  0.05117721756067454  0.06168935592020590  0.07225069957444340
  0.08280552489555951  0.09336010968807602  0.10389025878311864  0.11441153319011074
  0.12493261259408113  0.13546047383979740  0.14600373422777149  0.15654778721651103
  0.16708027418179131  0.17763397776057688  0.18819595159621214  0.19875263221170411
  0.20929505815174687  0.21982980966048449  0.23038522874462339  0.24097505886543641
  0.25156290570032830  0.26212577452609725  0.27266299416681350  0.28320020635984750
  0.29373777785563021  0.30427246166547722  0.31482617277821490  0.32538118368436508
  0.33594800802875863  0.34648646087272472  0.35704359645844963  0.36755446563913513
  0.37809325070347882  0.38861063759509595  0.39915658124630427  0.40968908304218132
  0.42023386689609699  0.43078047452319229  0.44131494287106565  0.45185675567138123
  0.46237814339991745  0.47291760979129766  0.48346853055631434  0.49403616870646472
  0.50458931453104761  0.51513721662462508  0.52567985353477409  0.53619827493209626
  0.54669832089123260  0.55720880120273053  0.56776146632337043  0.57831115437725289
  0.58885939628294182  0.59941355832346421  0.60996172032570917  0.62052358785933082
  0.63105214470465432  0.64161864508187438  0.65215480484649935  0.66271542795195515
  0.67327124209713163  0.68385109435857772  0.69441196542459049  0.70495456792224731
  0.71548278277943766  0.72604198642850204  0.73661358748360173  0.74719534025924950
  0.75774895282547550  0.76827886416269742  0.77878761760885251  0.78929753776891398
  0.79982257704833681  0.81038460740222229  0.82093930855005126  0.83149602967290093
  0.84205858371744224  0.85258825618806333  0.86311932851184470  0.87364444103632122
  0.88423466671383022  0.89480538366589879  0.90537478621884637  0.91591778523723555
  0.92647955001809379  0.93700452311540838  0.94751016274181643  0.95802470011051222
  0.96850687237965694  0.97901937134438854  0.98949931351639187  1.00000000000000000
 -0.00249310921435937  0.00950509918880899  0.01966474504973740  0.03018298368605167
  0.04073150448015210  0.05127117666299336  0.06178867931600762  0.07234132587013718
  0.08289371046213143  0.09346429545049401  0.10401562709708412  0.11456321551713722
  0.12510922938751309  0.13565332774415695  0.14620701502224906  0.15674977427534861
  0.16729482978689783  0.17785221882353919  0.18841975192292548  0.19898546547020762
  0.20954822279042801  0.22007590212698916  0.23059528029363890  0.24110151137170099
  0.25162259704750567  0.26215729070602334  0.27268962843364863  0.28323749907427986
  0.29378414492057942  0.30432091398808520  0.31486221597314534  0.32540539542052715
  0.33595953294679604  0.34646911274991304  0.35697165017301380  0.36749055147340964
  0.37805491216044951  0.38857833932833447  0.39911032692396625  0.40962433030358514
  0.42016697261754432  0.43072867966321221  0.44130565851948550  0.45188215349834321
  0.46244186896284623  0.47297509814307354  0.48349153558140345  0.49402043995069983
  0.50455993997694326  0.51514973925722463  0.52568000796068637  0.53621544101321383
  0.54673453790027204  0.55728164182019735  0.56782895375737474  0.57838202491973556
  0.58891468522773005  0.59945611388983877  0.60998003678238155  0.62051663346150343
  0.63104291926614176  0.64157315702334816  0.65211652674456244  0.66265542976886838
  0.67319739348280350  0.68372597788226774  0.69427048073489672  0.70481506477089717
  0.71536428684532005  0.72589624406830189  0.73644232086546868  0.74700822630022934
  0.75756803955891205  0.76811478078119966  0.77864503562273246  0.78921965823146556
  0.79977850345744683  0.81033400182372839  0.82086365441747122  0.83140612769984690
  0.84195678381172312  0.85251009158949032  0.86307357146717834  0.87360419930724531
  0.88414114992065018  0.89465009148101615  0.90519550784693992  0.91571792002887431
  0.92624379948462987  0.93679457119713183  0.94733355829061017  0.95790043149725057
  0.96843025926472148  0.97897882872952480  0.98949331188227807  1.00000000000000000
 -0.00234845622239433  0.00952324394285023  0.01968664637516356  0.03020799666566082
  0.04077950875462485  0.05134957919581692  0.06191052981571356  0.07244918476978679
  0.08298133964001739  0.09352182796162853  0.10405935792894935  0.11460512940798998
  0.12517528368656305  0.13573949210067951  0.14630077711238360  0.15683703308361530
  0.16737883604293227  0.17791266742203282  0.18846112011126903  0.19903047027484874
  0.20962406886101048  0.22019547986172752  0.23073290636715840  0.24125516342095957
  0.25177045210983656  0.26231523756678216  0.27285723058828232  0.28338221332421909
  0.29389824684714072  0.30440476890052948  0.31491864025721383  0.32542282117896443
  0.33594874678577291  0.34649273435733452  0.35705941865711688  0.36759937594517667
  0.37812087247444687  0.38864205879980795  0.39919834158118900  0.40976492159677202
  0.42029957668299722  0.43080773846861375  0.44130108352543762  0.45182582573845059
  0.46237192081968737  0.47295256462326979  0.48350172549300097  0.49404640530140964
  0.50459564711463789  0.51515995544574233  0.52571023261519778  0.53622438087946578
  0.54674210168708781  0.55725201902928878  0.56774836756851077  0.57824138302580164
  0.58875655943614569  0.59932276146143659  0.60989957265423478  0.62044735371447968
  0.63100102964384697  0.64156345548528415  0.65213549732833398  0.66265966778747964
  0.67317119621138977  0.68367663750002960  0.69419297965139570  0.70470224078044230
  0.71522101473956190  0.72576667317992605  0.73635478570668322  0.74695189408813334
  0.75753578556108858  0.76809549376961062  0.77863451263340266  0.78916231439883378
  0.79967573894993393  0.81019885757401444  0.82075356433570557  0.83130028390526634
  0.84184798632082947  0.85238409477732469  0.86292946695096373  0.87347560618607989
  0.88403289938598861  0.89459301399398228  0.90515314942057079  0.91568845223167072
  0.92622166521530291  0.93675840552540424  0.94732187842372251  0.95788045274257583
  0.96841251899575753  0.97893578645434853  0.98945393864855002  1.00000000000000000
   1.5457585412509025E-002  -1.0000000000000000     
 F F F F F F F F F F F F F F F F F F F F F F F F F F F F F F F F F F F F F F F F F F F F F F F F F F F F F F F F F F F F F F F F F F F F F F F F F F F F F F F F F F F F F F F F F F F F F F F F F F F F F F F F F F F F F F F F F F F F F F F F F F F F F F F F
  <DiscreteSampler_grid>
  grouped_processes
  1 # 1 for a reference and 2 for a running grid.
  10 # Attribute 'min_bin_probing_points' of the grid.
  1 # Attribute 'grid_mode' of the grid. 1=='default',2=='initialization'
  0.0000000000000000 # Attribute 'small_contrib_threshold' of the grid.
  0.5000000000000000 # Attribute 'damping_power' of the grid.
 # binID   n_entries weight   weight_sqr   abs_weight
    10   10   4.983267393442942E+013   4.856249095506231E+027   4.983267393442942E+013
    11   10   4.983267393442941E+013   4.856249095506227E+027   4.983267393442941E+013
  </DiscreteSampler_grid>
