  0.00956461832134967  0.01602883565414567  0.02509646898777211  0.03593755975300806
  0.04628457944207741  0.05667573296196510  0.06705010155359167  0.07742263199932019
  0.08777572169026221  0.09811918263400192  0.10849653379772528  0.11886305312901038
  0.12920969487374084  0.13954040328973988  0.14989968791338515  0.16033060540125590
  0.17078527816520825  0.18121779251717579  0.19160132382675010  0.20195443907513777
  0.21231032055108232  0.22271182358323224  0.23309247554561741  0.24347679547283144
  0.25381921690697740  0.26417981205496222  0.27454192896751767  0.28490516888923489
  0.29530375588152102  0.30572044527866926  0.31611856440639502  0.32648429364543774
  0.33681739073567696  0.34714321691560174  0.35747353010244914  0.36780950914103611
  0.37813096790113560  0.38847562477319081  0.39885513471175005  0.40925506556577856
  0.41964911499105095  0.43000978053509020  0.44036948869312725  0.45071580696702346
  0.46106349640612437  0.47143442365492422  0.48183260592590554  0.49223519975559932
  0.50261457207843074  0.51296525532337012  0.52331304556559366  0.53367404924440165
  0.54405087512062278  0.55444095615459243  0.56483495886119972  0.57521999984716710
  0.58560032582184873  0.59598136902149623  0.60636677806298511  0.61675871619690181
  0.62714711583908789  0.63754765977979178  0.64795068685836910  0.65836297185223813
  0.66878798828363117  0.67918784271228283  0.68956002820862117  0.69991064137602321
  0.71027223195871247  0.72065548940679691  0.73104780835108396  0.74145306302207459
  0.75184878669695054  0.76222047387552327  0.77257722182054533  0.78295349321577135
  0.79335137567875991  0.80374907713219557  0.81414103405039373  0.82454384590356933
  0.83494937828890226  0.84535566613119995  0.85573901617322246  0.86613659015926003
  0.87653689519689260  0.88692411822409900  0.89730487204110365  0.90769364607723901
  0.91809005963787083  0.92847224640734183  0.93884463097575765  0.94922845770666342
  0.95963314161277335  0.97000913247143494  0.98040165175535776  1.00000000000000000
  0.00958171395627960  0.01554250558486005  0.02476712365099912  0.03548568860427853
  0.04580694447141515  0.05618479322933297  0.06657283941304780  0.07694916995020563
  0.08731385565108879  0.09769199880582774  0.10806031943876276  0.11842704619870063
  0.12878548837589518  0.13915604334306839  0.14953837869716846  0.15992418846179454
  0.17032164680488221  0.18070317370507979  0.19107037531491960  0.20141507007379894
  0.21175139145560715  0.22209150392313914  0.23244228592270758  0.24281603019277750
  0.25317570508702936  0.26353187516049359  0.27388569288995995  0.28426945129810599
  0.29468663007570134  0.30511404508764733  0.31552759901133720  0.32593001117061454
  0.33631787180928191  0.34672057336630580  0.35710616142553325  0.36749249429637082
  0.37787549632545064  0.38827023156021828  0.39866598122638852  0.40903883549366532
  0.41939680681903785  0.42975131768553271  0.44011985665221570  0.45051312846760272
  0.46092508203473154  0.47133646085784797  0.48172013741439634  0.49209309877609320
  0.50248885282902511  0.51290136841511336  0.52332280210705073  0.53373397848288218
  0.54413856615989775  0.55449783829038679  0.56482696136845434  0.57516235895890888
  0.58553163387082541  0.59591882547606156  0.60629259354085263  0.61664032076941078
  0.62697652826309003  0.63731147967459789  0.64766691965006207  0.65805658565099401
  0.66844913865223188  0.67883487401594766  0.68921630296707259  0.69962272581380336
  0.71005665257808870  0.72048556463608537  0.73089605365749677  0.74126782983600081
  0.75162411452610656  0.76197887351377047  0.77235258833169640  0.78276065810816342
  0.79320031547875747  0.80367004328098834  0.81411305319590499  0.82452417928231059
  0.83491667346204568  0.84531272805187330  0.85571074638472078  0.86607169220033775
  0.87644619634596888  0.88682936809398061  0.89724158585833602  0.90762064930971831
  0.91796472791060102  0.92833551555926419  0.93876001679368082  0.94920312276804775
  0.95963130602772628  0.97003554355585098  0.98042271502536282  1.00000000000000000
 -0.00246049229146468  0.00943817801458591  0.01957648569932032  0.03003724531518934
  0.04054047035205952  0.05106006531166255  0.06159876276496148  0.07217263198983867
  0.08271937965453421  0.09325570221325043  0.10380595003819205  0.11434040209154020
  0.12489401439136606  0.13542360856503990  0.14594807769192453  0.15643944868127005
  0.16695052245939351  0.17749741530579455  0.18807796243107028  0.19865080696401244
  0.20917345576707272  0.21971821130755045  0.23023540771079715  0.24078522288414664
  0.25132069392884104  0.26186478840281774  0.27245010852994528  0.28299787997072307
  0.29357056245292551  0.30407989922055118  0.31464317709393597  0.32520863832360802
  0.33582455790652410  0.34640426418883657  0.35695428130859153  0.36749962893442611
  0.37804711877396424  0.38858463282327632  0.39909365798311480  0.40961302106142200
  0.42017503138530138  0.43072909087762190  0.44128244038312636  0.45185589771293028
  0.46247325275147505  0.47306468570598298  0.48363272427812148  0.49417430518910516
  0.50469894398658688  0.51520888845190194  0.52571549878472756  0.53623850826553920
  0.54676257269813044  0.55724607688075845  0.56782676760265804  0.57839795574146102
  0.58900705695338185  0.59955497441631067  0.61009252739248454  0.62067718427490870
  0.63122559444190107  0.64181102799806056  0.65235877758954652  0.66293647239330267
  0.67349723715761389  0.68404089459386408  0.69455572996429038  0.70507478173422367
  0.71564456047036407  0.72617734548204282  0.73670473410387516  0.74720259625753782
  0.75777087413946198  0.76830399028255192  0.77881260447387113  0.78932287801032874
  0.79986086798114109  0.81041649187811260  0.82095742955018436  0.83155911530967563
  0.84212380012965671  0.85267854434870738  0.86316078374150262  0.87368153289793515
  0.88419116074072235  0.89466678957675760  0.90513950041537472  0.91560365931300147
  0.92609064139706143  0.93661195615765769  0.94714942729717433  0.95774682556091395
  0.96832731617684553  0.97890963721431712  0.98945739755230389  1.00000000000000000
 -0.00154841042106708  0.00956792810574245  0.01967062366582821  0.03015143317322279
  0.04071484495753159  0.05126144895175151  0.06178043104947593  0.07230042788415726
  0.08283797794655917  0.09333860289499669  0.10385072678492320  0.11437746673839405
  0.12491244655011308  0.13544492963850338  0.14593120662087916  0.15646796618124531
  0.16701357684957976  0.17757681637333614  0.18808815325228856  0.19857815457762890
  0.20912028284493403  0.21967768450370162  0.23023873589429267  0.24073516132892567
  0.25123035581234687  0.26171719670150428  0.27225111688214293  0.28278131463718592
  0.29334827296867072  0.30393729439629358  0.31452410287335852  0.32509003589380364
  0.33560740563555597  0.34617426463714124  0.35673297577900676  0.36731043224327586
  0.37786441016217603  0.38841270081673712  0.39893647000741694  0.40945302832703423
  0.41996839794424690  0.43045578091039310  0.44094413238984964  0.45142643788570874
  0.46193521069702259  0.47246297455140274  0.48300142860450923  0.49355494217738910
  0.50407574699427005  0.51464975646129063  0.52521344402299830  0.53578291361986352
  0.54631566129570863  0.55684952055730397  0.56744273066270556  0.57802731191013101
  0.58863292525738453  0.59918434716075419  0.60967235833395239  0.62015078582556982
  0.63061140849408404  0.64113755790852534  0.65164549739366662  0.66219587837493754
  0.67273940544432131  0.68331070117605852  0.69385775634203350  0.70443304149704755
  0.71498032516302978  0.72555329262172275  0.73611996892191323  0.74672434446518354
  0.75729635222383429  0.76785529355493642  0.77839462537930404  0.78897230645254746
  0.79955797491474701  0.81017575365496952  0.82077660825476173  0.83136007525464573
  0.84193341901504892  0.85251170822577005  0.86305841344325585  0.87355956074786567
  0.88406231353645204  0.89462702374750402  0.90521049306340828  0.91578414749121684
  0.92632028705340841  0.93683506065078503  0.94734633664824919  0.95786380444114050
  0.96838426158630875  0.97890057523406548  0.98943621737396170  1.00000000000000000
 -0.00236003117904241  0.00994254026380985  0.02025033478238733  0.03080060327963365
  0.04130876195937208  0.05181074163587689  0.06233897255574258  0.07291547956024902
  0.08345527732153701  0.09399635138675860  0.10454202695740099  0.11508746833776502
  0.12562790612443619  0.13613224367305732  0.14665841864388357  0.15718621845896916
  0.16770142939106378  0.17818129993775519  0.18865556391796018  0.19920023742712403
  0.20975108602861708  0.22033676834236182  0.23084962097354858  0.24137952135831126
  0.25188971233436724  0.26245604175341669  0.27301045931075818  0.28347276087474005
  0.29393167976026446  0.30440261719962847  0.31494629910582383  0.32546730923656692
  0.33602667419044807  0.34657691916209649  0.35718120463293146  0.36771547902724494
  0.37825228309954684  0.38874503261216053  0.39928072516837393  0.40979969368200858
  0.42032434133721930  0.43084153073440989  0.44138569164305247  0.45192778169201853
  0.46243547635107135  0.47295753801741636  0.48342500141030142  0.49394325229847547
  0.50448218300743464  0.51510967845234135  0.52574431642822927  0.53636736798398288
  0.54692818039786906  0.55747606889355350  0.56799054536771276  0.57855028401511643
  0.58907596780428872  0.59961107210880416  0.61016474169805590  0.62073089248141222
  0.63124980628114558  0.64174922292781722  0.65223924612194129  0.66278853035363694
  0.67331827825241253  0.68387912881873736  0.69441359811916592  0.70495351545995621
  0.71547064852886255  0.72602110190000624  0.73657382109536873  0.74714813498931321
  0.75771434466178178  0.76828657007457102  0.77884621599895432  0.78938108880311875
  0.79992670912697383  0.81046509391476296  0.82098277132037234  0.83147774417603348
  0.84201490036406368  0.85259152574390140  0.86314403459718925  0.87364450833640817
  0.88410293935631912  0.89458002478716392  0.90506332426416103  0.91560965667359495
  0.92617147450076265  0.93679649983042668  0.94740875932925195  0.95795551464954920
  0.96845400687967442  0.97895728521180125  0.98948420369561518  1.00000000000000000
 -0.00246121769817172  0.00970547655115259  0.01992098960505788  0.03043291139798563
  0.04096182730672616  0.05149415264852870  0.06202675550306080  0.07255203182357002
  0.08304696814633632  0.09356016378815687  0.10405358540942997  0.11456872459185752
  0.12505650597407758  0.13554058636709634  0.14598732927379662  0.15641847107995768
  0.16688948412428159  0.17741119649282391  0.18794032601250607  0.19842557295204477
  0.20887427773766901  0.21935938084074194  0.22986810831107082  0.24039116617805523
  0.25087762004600184  0.26137856392354353  0.27193510425566120  0.28249731500034014
  0.29306367780551779  0.30359680807219575  0.31418329981036364  0.32476426876013714
  0.33532403754099305  0.34586399016418856  0.35641835253782561  0.36702596915767893
  0.37761785525252700  0.38818721387014599  0.39874463261212334  0.40936263086033337
  0.41997324500754135  0.43054574932954404  0.44107085480511499  0.45161485285238295
  0.46220065886037376  0.47278372804337920  0.48334383525260155  0.49388834673729665
  0.50443710532207098  0.51497734110947802  0.52553518683790135  0.53608821049959610
  0.54664224750116475  0.55718072077130421  0.56772008563626231  0.57830321859674427
  0.58884665501324140  0.59939758269844712  0.60993079076040047  0.62042851085660933
  0.63095061071123093  0.64147091370243781  0.65204670882669635  0.66257961057411607
  0.67309737169865202  0.68359593886717207  0.69410254891818568  0.70463816173094618
  0.71519915351333763  0.72575541282576739  0.73627039400118044  0.74677261676528806
  0.75727750781504999  0.76779603361146453  0.77829167340470029  0.78880693256693268
  0.79934489097878969  0.80993618098321629  0.82051320818118834  0.83108037845864391
  0.84160696756668274  0.85215929568324944  0.86272453450612341  0.87327919372701202
  0.88379874119737800  0.89430501833922749  0.90485070848480631  0.91538712755304830
  0.92596384345172422  0.93652399411206588  0.94713146284571625  0.95769599330676591
  0.96831878138973893  0.97891881694294669  0.98949050375872738  1.00000000000000000
 -0.00192069493410307  0.01008454507286318  0.02037668079521284  0.03092590997681851
  0.04143469101721357  0.05193240911409239  0.06241465879899211  0.07292924486890706
  0.08346315414181275  0.09400036313647679  0.10451922762229943  0.11504781262840855
  0.12559132122221189  0.13612886830633988  0.14664755094168519  0.15716790500231995
  0.16769699443225564  0.17822292048836305  0.18872143288380824  0.19921714379293454
  0.20971045634383403  0.22021530246428611  0.23071453346456383  0.24118316634055231
  0.25166354098822336  0.26214166627958269  0.27264519884569044  0.28316709093881670
  0.29369790728902495  0.30426801695833128  0.31483412099406632  0.32535064057887875
  0.33585517535292819  0.34633129379513411  0.35686573937062271  0.36735985341665878
  0.37787957188881172  0.38838962622285456  0.39893746471730035  0.40949282108546720
  0.42004858973801096  0.43055666763007672  0.44108484313577351  0.45161927137094565
  0.46220563218499577  0.47274424455407116  0.48331044076872876  0.49383079954384618
  0.50441670487573809  0.51495420587693996  0.52552055364725614  0.53604593087024466
  0.54656510019488913  0.55709922166885617  0.56760249395591444  0.57814489286630566
  0.58866199087193594  0.59918649723012607  0.60968925036026911  0.62020450358532975
  0.63072857723371145  0.64125518424289163  0.65180302460736017  0.66236235813084177
  0.67293693443101121  0.68353165666078619  0.69410943462575714  0.70469769502199453
  0.71530298700309658  0.72593245808581330  0.73656535607414819  0.74712271818657017
  0.75764797658248761  0.76816759328143791  0.77871937626687149  0.78923463458394583
  0.79973616475289777  0.81023113690246740  0.82075817349924463  0.83130351287079629
  0.84181256279003658  0.85235571273221800  0.86290790719516230  0.87350758610358614
  0.88411029672832331  0.89468719812492736  0.90522842418227167  0.91575605985781283
  0.92626449811427192  0.93678569269953460  0.94729510032560615  0.95782210208087148
  0.96834543507103110  0.97888308596337514  0.98943482701630625  1.00000000000000000
 -0.00246757895205812  0.00950074973476341  0.01966513534169774  0.03017688528565991
  0.04073724909826100  0.05126660074464268  0.06180606956145163  0.07230686940018130
  0.08280383991484128  0.09333902980357561  0.10389040861808913  0.11445448432396219
  0.12498098856530698  0.13545375315838384  0.14591799437283379  0.15640600238775978
  0.16689386537055659  0.17736982837000692  0.18786434386095419  0.19838518400196475
  0.20895020478504236  0.21946465321907691  0.22999909150145398  0.24047732417188059
  0.25097705127991776  0.26151369006783576  0.27216391839049076  0.28280780299822117
  0.29340931925257052  0.30393735784803438  0.31448883575739989  0.32506203274629303
  0.33560936228164540  0.34615904132970193  0.35672652796283155  0.36729301419639643
  0.37783239788052747  0.38831439493102676  0.39882864564469994  0.40933177206586302
  0.41982551208259250  0.43030306328485485  0.44078221748468477  0.45132406889259069
  0.46189807547476980  0.47250921865417961  0.48308459205942722  0.49362773994717324
  0.50417111002332982  0.51470432422941237  0.52524998173227755  0.53577540442626914
  0.54633005485832831  0.55684348195419175  0.56734135977087796  0.57784246044300003
  0.58839248833800273  0.59893520984068371  0.60945847090784955  0.61998273677513449
  0.63052536324029729  0.64107106920284240  0.65158059213096498  0.66210306118398987
  0.67263612177654930  0.68316951014425309  0.69370216504582860  0.70421227786144436
  0.71475836774843626  0.72529733657900941  0.73581839937109161  0.74632605556095610
  0.75686088092937276  0.76741358849293684  0.77796524839691206  0.78848802221214742
  0.79904211581330953  0.80962585941729803  0.82023853555104886  0.83083386054063968
  0.84144287617523339  0.85200866472185444  0.86251874784451044  0.87300956413609787
  0.88354924354578190  0.89414479190318852  0.90467687865163093  0.91520677429352226
  0.92578743193388136  0.93646300626081902  0.94710394645372209  0.95771718071389922
  0.96827387754845073  0.97884719562710509  0.98941221856102224  1.00000000000000000
   3.6460665702715789E-009  -1.0000000000000000     
 F F F F F F F F F F F F F F F F F F F F F F F F F F F F F F F F F F F F F F F F F F F F F F F F F F F F F F F F F F F F F F F F F F F F F F F F F F F F F F F F F F F F F F F F F F F F F F F F F F F F F F F F F F F F F F F F F F F F F F F F F F F F F F F F
  <DiscreteSampler_grid>
  grouped_processes
  1 # 1 for a reference and 2 for a running grid.
  10 # Attribute 'min_bin_probing_points' of the grid.
  1 # Attribute 'grid_mode' of the grid. 1=='default',2=='initialization'
  0.0000000000000000 # Attribute 'small_contrib_threshold' of the grid.
  0.5000000000000000 # Attribute 'damping_power' of the grid.
 # binID   n_entries weight   weight_sqr   abs_weight
    10   10   2.304640558426042E+007   1.468279053285646E+015   2.304640558426042E+007
    11   10   2.304640558426040E+007   1.468279053285644E+015   2.304640558426040E+007
  </DiscreteSampler_grid>
