  0.00946737931105945  0.01600498653263330  0.02501578659856709  0.03584725630820435
  0.04622711729382172  0.05663408118019150  0.06702827248742532  0.07741491360402594
  0.08780738223949934  0.09819889195314216  0.10857158013178092  0.11893652987118905
  0.12927762572033119  0.13963942262270360  0.14999539635443265  0.16037144225737796
  0.17071974548237154  0.18110148659015127  0.19146864642812506  0.20183204482698591
  0.21215501697787800  0.22249592255169631  0.23287207955754283  0.24326660372081529
  0.25366610328725975  0.26404621948994117  0.27444431614896692  0.28483994766091447
  0.29524366565062027  0.30562674108734239  0.31601157401375352  0.32638751631464130
  0.33677112367395901  0.34715392583407945  0.35754883614590333  0.36793965458578348
  0.37831359008929766  0.38870081561925995  0.39909298017182449  0.40949020194385605
  0.41987586491731382  0.43024772521157889  0.44064510429197601  0.45104658600121644
  0.46142778469668988  0.47178901774764076  0.48213376825894622  0.49249951704321476
  0.50287444590197150  0.51324320524842659  0.52362326957168670  0.53401410271259719
  0.54442086793675004  0.55483030144578593  0.56522867669176602  0.57561981346606239
  0.58600166367965700  0.59638265709331728  0.60676856466687656  0.61716131184281908
  0.62755955292027410  0.63796126003668963  0.64835978713680020  0.65874479194631796
  0.66911098350873877  0.67947320694496671  0.68985197395365072  0.70023241542898707
  0.71059988914568839  0.72095501353648583  0.73131689733628269  0.74170071418935046
  0.75209680888038666  0.76249963357846129  0.77290550992693130  0.78330117991581349
  0.79369484139464352  0.80409035093237446  0.81449613060316595  0.82489486649150645
  0.83529431475621940  0.84568265154812949  0.85607900175544571  0.86645646637721152
  0.87682949721218073  0.88720188276675449  0.89758829173892207  0.90798582424938878
  0.91839243686713179  0.92878719334497695  0.93916104624496377  0.94950759362266490
  0.95986386952642322  0.97019916109865822  0.98055417973237780  1.00000000000000000
  0.00957153968768719  0.01564413916924397  0.02488487127997691  0.03567142033933334
  0.04603081563694141  0.05641070416401216  0.06681093311843836  0.07720668988206626
  0.08759109043300128  0.09797814716264300  0.10835307735333763  0.11871515239969969
  0.12907029043270413  0.13944090917654181  0.14982427350947700  0.16019645484444486
  0.17057262177614607  0.18095670438415512  0.19135307598655008  0.20174786607150222
  0.21215472487451897  0.22258449342341349  0.23301374688309187  0.24344249119032552
  0.25384001532927908  0.26423664888615706  0.27458867274510029  0.28495559886708688
  0.29532016501912439  0.30571455721168544  0.31612192259516375  0.32653326362825003
  0.33695264369766270  0.34735465928720022  0.35775766335966674  0.36813934287046740
  0.37850566831745652  0.38884679414858536  0.39919221899729601  0.40954490898902668
  0.41991890048199443  0.43029863123891904  0.44069327249709450  0.45109083371356234
  0.46147061016639024  0.47184837995380524  0.48222730144012249  0.49262937119274713
  0.50302313927628917  0.51340490980830866  0.52377353831618179  0.53414197517048845
  0.54450444252519259  0.55487178084178101  0.56522871778192540  0.57559156151583102
  0.58595298976879873  0.59632030842180728  0.60669135978017596  0.61706888157581230
  0.62746411342812136  0.63785942789099581  0.64825196478812042  0.65863951494158646
  0.66903689141524436  0.67945343831165117  0.68987338488127314  0.70028272321253382
  0.71066849521986575  0.72103348492423147  0.73138768365787532  0.74175550005482127
  0.75214451555801387  0.76256292175703055  0.77298782728891535  0.78341616880641529
  0.79382197397734799  0.80421084100398033  0.81458730068503271  0.82496121615863682
  0.83534797970738517  0.84573730812235937  0.85612268440671591  0.86650407719299305
  0.87687530367398137  0.88724814968627275  0.89761366096058637  0.90794734245049624
  0.91829132776596933  0.92865780373701501  0.93903413545361836  0.94941581680061471
  0.95978706524418500  0.97017835431081401  0.98054483701529060  1.00000000000000000
 -0.00218870365149762  0.00977078221929509  0.02000802843793343  0.03056391042642214
  0.04112859794370313  0.05168795410909383  0.06222181343796839  0.07275048989230647
  0.08328145582680976  0.09382570011088111  0.10436368527449735  0.11490535510407594
  0.12542466143585043  0.13591216261275602  0.14639840951309599  0.15690624807776196
  0.16744869147355759  0.17796317040317527  0.18848424000463959  0.19899348140971107
  0.20951118609017610  0.22003303193061075  0.23056981184769645  0.24110223390043733
  0.25164006923668142  0.26217833229712001  0.27275317089034529  0.28331678831223178
  0.29388592149524378  0.30446317040063281  0.31500949415260948  0.32552930879108760
  0.33603221472127665  0.34657445162943451  0.35712050968575326  0.36765849404504652
  0.37818000496459425  0.38868329670783502  0.39917900410316204  0.40967637609789126
  0.42023260561122128  0.43078022095929291  0.44130828564347463  0.45181410957538193
  0.46233680405262617  0.47288775401966193  0.48342668402785527  0.49396591683852642
  0.50449737231181191  0.51503736158232827  0.52557152915747329  0.53609284864777385
  0.54662857913105445  0.55715300859693251  0.56769797153606405  0.57823466290758696
  0.58880345798859801  0.59939029544835554  0.60997274919154809  0.62052760260258721
  0.63106408672775793  0.64159720246441088  0.65213714339063222  0.66268073230436642
  0.67323102964505344  0.68376833534830217  0.69431401402111714  0.70486007791693350
  0.71541043925816172  0.72594457079666819  0.73646942800294002  0.74700296238580932
  0.75755851894399184  0.76811175751609484  0.77865930546566042  0.78916082863077830
  0.79965378417582900  0.81015691078831531  0.82068040131660913  0.83125149387081965
  0.84182595026162621  0.85241001214608980  0.86296316956067831  0.87349968781391196
  0.88402804029946536  0.89456471673065918  0.90511607134967664  0.91566827838610643
  0.92621992776498974  0.93675886137762354  0.94727748030877368  0.95778649900919244
  0.96832296030680187  0.97889591657588571  0.98945661975353405  1.00000000000000000
 -0.00252873286036897  0.00950411871865210  0.01968857964250647  0.03018804897301666
  0.04072543109134037  0.05124296021838369  0.06177574365479094  0.07231685309340602
  0.08284422301873859  0.09335729244452591  0.10388532636776820  0.11443240471173732
  0.12497066154318982  0.13548667455954488  0.14599966216060956  0.15654278273385938
  0.16711975030953161  0.17770406985944154  0.18828586537391134  0.19886238322049418
  0.20945090278914755  0.22004416579410049  0.23063779618903260  0.24120072326503725
  0.25172613457903165  0.26224638006039191  0.27278077330534350  0.28331877334217243
  0.29386934989987273  0.30442037925223969  0.31497973655665018  0.32553188510752129
  0.33608448512961930  0.34665372588241916  0.35720367488184906  0.36774437680430316
  0.37828524745682884  0.38881740129799053  0.39935826512436090  0.40986775962489674
  0.42038971968348410  0.43089748362986280  0.44144664698789710  0.45199726234759730
  0.46256801148838572  0.47311644901815825  0.48365481590084108  0.49417021053762433
  0.50468864468152741  0.51522268524810266  0.52574378104475594  0.53628123063088995
  0.54680026152857664  0.55732336853235775  0.56782676258925946  0.57830770179493374
  0.58879468891477904  0.59928138645479478  0.60980301952220717  0.62034397741988889
  0.63087585269634694  0.64141188087200540  0.65196306591845909  0.66251998688388214
  0.67305031170063012  0.68356382250202574  0.69404129574772311  0.70455219244203926
  0.71505631123243762  0.72562053185999020  0.73617610414861157  0.74673856979943254
  0.75732017690679287  0.76791590949956623  0.77853611967499292  0.78912011213288669
  0.79970504727972924  0.81026436008134339  0.82082931728374764  0.83136062899607899
  0.84187887462844779  0.85239643461147108  0.86291809406687703  0.87344296222131379
  0.88397736518888503  0.89453496356667561  0.90508837145562060  0.91563931537499765
  0.92615223356643772  0.93668419489248700  0.94724674992572166  0.95782252561907233
  0.96838258277082401  0.97891250682709186  0.98944959472809102  1.00000000000000000
 -0.00237414199325218  0.00967218091044825  0.01987783862570619  0.03038833603196292
  0.04094068013923575  0.05147321805608854  0.06201852315375989  0.07253558593334067
  0.08306337692102214  0.09358798595170049  0.10413397452977009  0.11468518121624020
  0.12522460896090398  0.13572566122344951  0.14620799763421563  0.15670231691627015
  0.16722127665035927  0.17777823038569873  0.18832510480043918  0.19885920731799525
  0.20938216468738358  0.21991546798343867  0.23044381830848695  0.24096289713801827
  0.25147255419729969  0.26196685976492512  0.27246738303240736  0.28299995116896004
  0.29357389208233442  0.30416351128974273  0.31474187648933305  0.32531606817420683
  0.33589023359096626  0.34646876984262692  0.35703564145255412  0.36759738483583188
  0.37815371543178794  0.38870006784792055  0.39924022877581072  0.40979508816198024
  0.42034635074013432  0.43089884112708216  0.44143825868691228  0.45201727757291044
  0.46259709576635838  0.47314371397620353  0.48367207677207030  0.49421360039105805
  0.50476525289376140  0.51532205683645638  0.52585232064300735  0.53639173302843413
  0.54691437115981978  0.55745939434029013  0.56799594678194854  0.57854304445874316
  0.58907493697233493  0.59961231570773488  0.61015574701072772  0.62068601828049474
  0.63120537572490953  0.64170326415708001  0.65222736565701056  0.66274596946401798
  0.67327640470923589  0.68379315234269333  0.69433209309090149  0.70488893423160037
  0.71543088239175479  0.72595835302586198  0.73646876971054698  0.74696810269335490
  0.75748998689986102  0.76800201952870828  0.77852011478800898  0.78902658357158439
  0.79954441880027993  0.81010899595245622  0.82069062700560791  0.83126818078556131
  0.84182571465303468  0.85235544713100075  0.86290779397500961  0.87345087200928706
  0.88400470886309834  0.89454379014256236  0.90508274255966970  0.91560938735088093
  0.92613255370590730  0.93664480983310039  0.94717908090664915  0.95773326550196303
  0.96829659469828910  0.97886600215783004  0.98942470733620724  1.00000000000000000
 -0.00251840897207737  0.00951500384186451  0.01969791359786257  0.03025647964334967
  0.04083168379827004  0.05139309735077167  0.06193718894921966  0.07247155302429974
  0.08300708757436706  0.09352656125093620  0.10404862927698627  0.11455652458194308
  0.12509004644385383  0.13564034013687926  0.14619456737479863  0.15673453753914179
  0.16727973973398499  0.17782333598042935  0.18835697736164508  0.19890366045189745
  0.20943712446193075  0.21999342905855590  0.23050998412547194  0.24104597570077324
  0.25156988924691026  0.26213254478403603  0.27267135171891738  0.28322519619291403
  0.29377144528754062  0.30432376583580345  0.31483655315392178  0.32532856904743124
  0.33582151366064100  0.34636319259569864  0.35690974410901871  0.36743702353908070
  0.37794057333350728  0.38846283941936238  0.39900382784145239  0.40955116483036325
  0.42007839078317971  0.43060951612873832  0.44114159524547630  0.45167593508816661
  0.46223595103227655  0.47279414103543160  0.48337897750809333  0.49395261114906219
  0.50452341703743087  0.51507076261968288  0.52562248913601395  0.53619275594193239
  0.54675913387555375  0.55729837977260688  0.56783453735974521  0.57837611137257305
  0.58895694933746157  0.59952477423071371  0.61011192970063577  0.62068935679754855
  0.63125655012824167  0.64177343010974086  0.65227112712769919  0.66277323469457294
  0.67328067849661599  0.68380167593217500  0.69431657624701371  0.70484520062333322
  0.71535315689002421  0.72587172361128305  0.73640419800913837  0.74694899290073324
  0.75750393361586188  0.76804003628324402  0.77859186220304266  0.78911287130127039
  0.79964237775191194  0.81014497507246841  0.82066444470947875  0.83116554910844642
  0.84167387703830243  0.85219425847746677  0.86271026711267185  0.87324619224771494
  0.88378082570908345  0.89435750968190175  0.90492825982963665  0.91549841158101053
  0.92606025407752157  0.93661742094995981  0.94719390868538589  0.95777458298492524
  0.96835050541269396  0.97890605118788920  0.98944859681782615  1.00000000000000000
 -0.00241566078910222  0.00963261046506796  0.01982846807281316  0.03036162583693871
  0.04088908759996959  0.05142680716546684  0.06194922625104052  0.07248176558382936
  0.08300261382644895  0.09354158121377425  0.10407610543967256  0.11462910860091401
  0.12517321462648373  0.13572064781813156  0.14624605970718732  0.15679384082760212
  0.16730307046961218  0.17781257704589171  0.18831586679395540  0.19886671062874506
  0.20943367084323822  0.21999613005157162  0.23053339494138242  0.24107833104411092
  0.25161254357881319  0.26215211003804983  0.27266031935551294  0.28320583207177119
  0.29374920785610514  0.30432003430265653  0.31483680178221390  0.32537950348587025
  0.33590148308505230  0.34645853243931973  0.35700822872325561  0.36757763679434791
  0.37816148384441639  0.38872664552194919  0.39929297992634472  0.40984164804496470
  0.42039648533183499  0.43091440208285336  0.44142518368319489  0.45193073778625464
  0.46246501845840449  0.47301521502253141  0.48357578656949413  0.49414278037253712
  0.50472077052002184  0.51527075510524856  0.52582232332104706  0.53637382677421619
  0.54694913934691258  0.55753179269730824  0.56810129644289598  0.57865159556071843
  0.58921495942104640  0.59977191617604253  0.61034445150247063  0.62088343731084505
  0.63140275989689032  0.64196271729130394  0.65248491855291424  0.66302650445625577
  0.67351979804249618  0.68404787727914973  0.69458450671526417  0.70514509569317541
  0.71570777334026647  0.72624933014918314  0.73677247282535907  0.74730334576992186
  0.75784639652043306  0.76839381488548109  0.77893102203913478  0.78946573304864365
  0.79999375901025638  0.81052967189426517  0.82106607792501496  0.83160459722971192
  0.84211027186711207  0.85259791050480771  0.86308879345527356  0.87361371364662388
  0.88416999634141635  0.89473453737867448  0.90530687829692225  0.91588629494985641
  0.92643358741513626  0.93695263279617380  0.94745401321542067  0.95793714043331890
  0.96841559600777583  0.97890571595673403  0.98944577712127579  1.00000000000000000
 -0.00244326641527229  0.00952981763571780  0.01970872604113753  0.03025414302967314
  0.04081505151949966  0.05136898793241539  0.06192465096656891  0.07247689535600700
  0.08300910930020873  0.09352293132535761  0.10403866678156679  0.11455689326071841
  0.12505533135766336  0.13554566059388351  0.14605801652553682  0.15659545681376241
  0.16716097062365273  0.17769071591779076  0.18823341800008106  0.19875557201764024
  0.20930058578437696  0.21986019444174040  0.23044808528911132  0.24102857656478469
  0.25159430041992176  0.26216521162235279  0.27276476977009928  0.28332488994067584
  0.29385233891299423  0.30434002361296369  0.31484669628698353  0.32535009851708530
  0.33588566104230555  0.34641677069493187  0.35693744949253492  0.36745545179891137
  0.37797704689999839  0.38850855835065923  0.39901999569119279  0.40954665071451535
  0.42008674527497114  0.43063842254613327  0.44120221895116402  0.45178178460114632
  0.46233634023216430  0.47288052587577939  0.48339739847664204  0.49392201495514360
  0.50442303102533936  0.51494728212807450  0.52548651610955277  0.53608238351029280
  0.54666384600055817  0.55725511323372989  0.56780487552461056  0.57833802071878360
  0.58884105991503988  0.59933725908413049  0.60985192612735561  0.62038583607527453
  0.63092526880207234  0.64145364980954456  0.65197168806003825  0.66249830950756172
  0.67304095688350463  0.68361278132204006  0.69419664432654915  0.70481972378171931
  0.71542622673344758  0.72600518806274428  0.73653239965460049  0.74704289062357188
  0.75754476463428078  0.76805897662449041  0.77859801551699648  0.78913346347693791
  0.79966051679768602  0.81017071766904381  0.82069806618130092  0.83122843343022146
  0.84176972143919004  0.85230746994525874  0.86284969100453390  0.87340430084918830
  0.88397196490338292  0.89455844336806878  0.90512667980244299  0.91569283978036531
  0.92620456182405186  0.93671950421398209  0.94720909391996477  0.95775225677783604
  0.96831865619280255  0.97889259635730075  0.98945921700943551  1.00000000000000000
   1.5494590176175691E-002  -1.0000000000000000     
 F F F F F F F F F F F F F F F F F F F F F F F F F F F F F F F F F F F F F F F F F F F F F F F F F F F F F F F F F F F F F F F F F F F F F F F F F F F F F F F F F F F F F F F F F F F F F F F F F F F F F F F F F F F F F F F F F F F F F F F F F F F F F F F F
  <DiscreteSampler_grid>
  grouped_processes
  1 # 1 for a reference and 2 for a running grid.
  10 # Attribute 'min_bin_probing_points' of the grid.
  1 # Attribute 'grid_mode' of the grid. 1=='default',2=='initialization'
  0.0000000000000000 # Attribute 'small_contrib_threshold' of the grid.
  0.5000000000000000 # Attribute 'damping_power' of the grid.
 # binID   n_entries weight   weight_sqr   abs_weight
    10   10   3.445852178086661E+013   2.848763472379366E+027   3.445852178086661E+013
    11   10   3.445852178086661E+013   2.848763472379364E+027   3.445852178086661E+013
  </DiscreteSampler_grid>
