  0.01024401745121162  0.01150153596957895  0.01443790018232864  0.01746494236290709
  0.02091951509657708  0.02501199803685151  0.02954402433991967  0.03427641338007955
  0.03917269342624004  0.04432508285170025  0.04972148102918821  0.05528870409754968
  0.06097653564257439  0.06695279346859237  0.07310015897584511  0.07936523874693090
  0.08586052298374176  0.09251882976026951  0.09927999351403838  0.10613238625657360
  0.11309220897593915  0.12016315645226343  0.12735925155287642  0.13475522967897563
  0.14225144874873599  0.14978176191239781  0.15738866790520664  0.16498048697457474
  0.17285475926693647  0.18081294809419574  0.18895356181769157  0.19718030978933168
  0.20544400747570671  0.21373710692151854  0.22223543506550028  0.23082019435443604
  0.23947187572619313  0.24814436878040969  0.25679009771238875  0.26548921228601774
  0.27418839623879160  0.28288539365878890  0.29165555980205177  0.30050773644424844
  0.30951807120966440  0.31864084708410456  0.32777266304717645  0.33693489914594205
  0.34623487797056662  0.35577199757373884  0.36546823347879115  0.37525323886114226
  0.38502825924902928  0.39488363931933235  0.40473777640283221  0.41455586534389804
  0.42445228231831933  0.43454442512732216  0.44496218782515490  0.45550767433588740
  0.46615092742518993  0.47675267297175594  0.48711316099740209  0.49727844088947443
  0.50739153971296269  0.51762702552861162  0.52801363922394606  0.53835504075708629
  0.54881443124005747  0.55942659599768740  0.57039562118486420  0.58167967728297532
  0.59319440781179511  0.60474659921436036  0.61634656529666743  0.62801925017275528
  0.63986902308183369  0.65185366453955251  0.66392456508868358  0.67640078833942352
  0.68924336062841107  0.70262630569854923  0.71634237152531433  0.73015397317372932
  0.74382586028206932  0.75783486600035599  0.77314578149844304  0.78924169855761739
  0.80612368197558748  0.82337505632998342  0.84184044086114762  0.86217620649399518
  0.88508967523213755  0.91191492242828387  0.94710503598200835  1.00000000000000000
  0.00977192688197756  0.01296342938826594  0.01822572451624251  0.02496469328694098
  0.03236245338198900  0.04002891512043162  0.04789359547301482  0.05603062895104963
  0.06439347663986723  0.07283266991242957  0.08144672143802402  0.09012852410766703
  0.09903064982018087  0.10793497728613763  0.11706536213887986  0.12629878805331299
  0.13575365326488462  0.14535732985076044  0.15514162487446162  0.16496906387834309
  0.17484553759647842  0.18473577761712570  0.19463654289250262  0.20459722234082683
  0.21457401313896843  0.22469419990914732  0.23486669529362394  0.24497995253536925
  0.25494782773932484  0.26469329261965763  0.27432950974090642  0.28399920132651374
  0.29390415493866295  0.30408594162101499  0.31427872662702339  0.32443289794940228
  0.33449127174637905  0.34459088097146567  0.35472540432865168  0.36494060356150837
  0.37536257430986247  0.38613843779547552  0.39709943746355125  0.40810506797325052
  0.41890660845408073  0.42979094466207640  0.44069616218958124  0.45185276595257706
  0.46288840746068061  0.47414311841958207  0.48533300973141064  0.49645209156833880
  0.50755224062172444  0.51892488468040954  0.53050656572043076  0.54198242007343433
  0.55344293566719327  0.56505564913172435  0.57681660212576780  0.58843052347002112
  0.59982549212603664  0.61112980098521419  0.62253435347128128  0.63388531425815298
  0.64538643526567030  0.65717772873639557  0.66912342306139572  0.68098349722201368
  0.69274270136264204  0.70465094139346507  0.71660982139078155  0.72854073825326204
  0.74044764220973358  0.75230873697065248  0.76420761394399861  0.77609876374930553
  0.78816359128446756  0.80038796130628775  0.81314891137441669  0.82583952703579300
  0.83854806471575194  0.85093120337150263  0.86294178896807361  0.87458952771203846
  0.88620942557777294  0.89775199198614375  0.90881129101230385  0.91990025286375632
  0.93129479640442892  0.94225762897091170  0.95233458506288704  0.96123155679698191
  0.96930982425943157  0.97433088571041981  0.97819999391694701  1.00000000000000000
 -0.00248841355634078  0.00925955199390670  0.01931906699772577  0.02953364821085613
  0.03949632243143599  0.04942896274466507  0.05955315720497941  0.07014477332512621
  0.08082532255161461  0.09125533029448485  0.10138943300873808  0.11171941163685224
  0.12206698991325021  0.13261027923309399  0.14304827819875088  0.15368483024884719
  0.16421016883173983  0.17470732000308445  0.18527780837944879  0.19595843822519840
  0.20647554595890424  0.21697510792598601  0.22734181938951867  0.23806461666859169
  0.24878537301903678  0.25969690788102356  0.27066506040884392  0.28166751639305770
  0.29259187129868253  0.30347193706356257  0.31442947586361969  0.32540168766807198
  0.33610544848113522  0.34672043469212260  0.35725136014712405  0.36765856621560822
  0.37789808011462300  0.38817217909403734  0.39873315651023816  0.40931305671978285
  0.41993206849219561  0.43053813894350801  0.44134855863126954  0.45223037315216502
  0.46296274167044693  0.47371481114592362  0.48414206811042509  0.49452373778746239
  0.50491648202530748  0.51562614543891039  0.52640078489343756  0.53713702865129198
  0.54793792715045153  0.55882529318125063  0.56974931731207978  0.58069958151171397
  0.59159460482245640  0.60238747376582180  0.61292480837412799  0.62314590402688352
  0.63327887432732455  0.64353297756705208  0.65410957353258570  0.66488495642379064
  0.67563768434408233  0.68627864128385985  0.69682318975585522  0.70733700075264183
  0.71799753379123454  0.72855972955676607  0.73916744268663881  0.74971364043021294
  0.76025067370414690  0.77088134766308181  0.78136733118122881  0.79186717411560514
  0.80218053204755035  0.81264574249869781  0.82318592411369540  0.83374317413228416
  0.84429238417719243  0.85468940931341053  0.86524631486845094  0.87552976742303579
  0.88590777969440349  0.89607185659950661  0.90634697070994352  0.91686089249102964
  0.92758375737657950  0.93819944571342007  0.94849252667872108  0.95875183793084728
  0.96916859159884028  0.97956908970350298  0.98973411888177776  1.00000000000000000
 -0.00227974623293768  0.00966267194663539  0.01991738588050333  0.03034409943495316
  0.04065008099816462  0.05097752823570190  0.06158313884025180  0.07211221813232674
  0.08251586286390779  0.09280398744677171  0.10312139773384113  0.11365074127564390
  0.12420946675761146  0.13484535154624208  0.14565765133220307  0.15667948568993159
  0.16754246257400682  0.17816432828142992  0.18860702606188834  0.19932312909075459
  0.21006614328182271  0.22102108972452217  0.23175706546112662  0.24257563000769203
  0.25348059678148305  0.26431953328680902  0.27492593151781480  0.28519477690046946
  0.29548043426895432  0.30592776774325986  0.31631623472105791  0.32668425547206542
  0.33712563421226993  0.34763022843440655  0.35812926098135811  0.36856163990358848
  0.37919715547258859  0.39016092376546019  0.40091676667433179  0.41143032556756343
  0.42178379764299362  0.43231780761245336  0.44307854069771846  0.45396882626884338
  0.46485108743647124  0.47584235949657405  0.48643644292333432  0.49681432963109146
  0.50704840485377911  0.51741525170506431  0.52773214074287911  0.53803881818065180
  0.54834823232848662  0.55863208455650559  0.56878146990043554  0.57911805159487884
  0.58969547509363085  0.60033856943976305  0.61088767596095828  0.62128119035547780
  0.63205394716003305  0.64260059624913235  0.65326312571747835  0.66360406445973985
  0.67415882043199293  0.68458370231614374  0.69511763657220371  0.70547268165956034
  0.71584827041296817  0.72634105563420592  0.73696298102569757  0.74773483243286387
  0.75849697713152175  0.76914286199842563  0.77981964383706703  0.78997806098238443
  0.80002879566867979  0.81005773591363861  0.82056972864347488  0.83117870620152123
  0.84181151857337533  0.85220468861197962  0.86280431937439916  0.87349489590189988
  0.88417896030309928  0.89473526926989078  0.90504081035304218  0.91539756535046923
  0.92539207705205850  0.93575295039603501  0.94621274807732603  0.95697680157872300
  0.96751874794695247  0.97831499136215827  0.98915149600190699  1.00000000000000000
 -0.00259805537851781  0.00996862045361994  0.02069404577319007  0.03124186295657115
  0.04196360824499782  0.05238325457151208  0.06256123219304312  0.07268805694188994
  0.08312289774151765  0.09377334975329465  0.10436583486609556  0.11490998967902680
  0.12525069974902023  0.13536090441707838  0.14546338412088697  0.15567948815648502
  0.16610650088169951  0.17654792260971408  0.18707905455490673  0.19773082407932702
  0.20839559701254989  0.21913625014018004  0.22987296495911738  0.24080752871519881
  0.25166896233940911  0.26243335564668757  0.27306689837576342  0.28363006374131411
  0.29432764693775287  0.30485722386306252  0.31526409712352843  0.32559156663397720
  0.33590017549530410  0.34623836460213653  0.35660309075183810  0.36705457526595009
  0.37752466939500168  0.38790894558298272  0.39804980558250208  0.40808200420532975
  0.41824791473379164  0.42861227503571331  0.43911646533236903  0.44959505171726633
  0.46014122311614214  0.47076744100523538  0.48123650596119250  0.49140544404943826
  0.50155506018617702  0.51208256591114165  0.52300473071616360  0.53386003612343580
  0.54460287117679307  0.55546625323290011  0.56629892846403918  0.57672878172802833
  0.58692483607933277  0.59732309571534958  0.60800815479589332  0.61866596304119126
  0.62920020763247331  0.63982393491061362  0.65043025079054173  0.66111715421759853
  0.67172131166864757  0.68251735895414567  0.69304533139676416  0.70317657966747615
  0.71324668889456233  0.72354191999578832  0.73422717555481121  0.74479401839330905
  0.75546455033685400  0.76625338036693214  0.77700302439996771  0.78768322051363482
  0.79849661272437655  0.80941602781361144  0.82005301983144885  0.83055387905899025
  0.84084056169191934  0.85130664441992621  0.86159138895012854  0.87208211553939996
  0.88233148023147157  0.89248833164094077  0.90280567028123249  0.91321032739241503
  0.92410119759581244  0.93489420962209668  0.94578468278882211  0.95674184911096238
  0.96775861862773960  0.97856333944937635  0.98930318534666051  1.00000000000000000
 -0.00247484097951783  0.01014000426003641  0.02038374997680819  0.03093259485468583
  0.04147650572975890  0.05232083035103158  0.06338183663429744  0.07413761104266767
  0.08467897210793784  0.09511175266673370  0.10565860869386018  0.11632279766979862
  0.12703708322879223  0.13773986489879339  0.14825772580965327  0.15874136691574423
  0.16924534642427139  0.17980679820318612  0.19040686778858198  0.20107430927404460
  0.21165566295551136  0.22232040426392866  0.23292349358670528  0.24364738586810547
  0.25445524358316379  0.26536397607309437  0.27600405224004454  0.28645442896584644
  0.29671474168546491  0.30684597518001705  0.31704970832010315  0.32727192806566069
  0.33769961310173363  0.34818251203054534  0.35886592200641665  0.36995995633759621
  0.38075242894686268  0.39152773793680584  0.40217285037674183  0.41299228343800320
  0.42388863650295405  0.43475859385793381  0.44562128519789518  0.45632576214466392
  0.46722669890178997  0.47812690298098737  0.48881654595651258  0.49941731155857805
  0.50984680866583076  0.52026544825094800  0.53054312245333557  0.54091313325805235
  0.55147218144128740  0.56209455657046614  0.57277046599834713  0.58347940996315151
  0.59427387716079760  0.60493590037776046  0.61550420157995367  0.62590566211654364
  0.63642673998071986  0.64684387731123372  0.65716559774084748  0.66744230477864908
  0.67798819063870319  0.68862406855651426  0.69921679332124642  0.70979138834951683
  0.72024012761655665  0.73047349507133175  0.74051056373497148  0.75064303653479048
  0.76092949987437108  0.77149029211609366  0.78211133697220692  0.79262134698717002
  0.80295592706967500  0.81328722026204625  0.82392633440278873  0.83464791811270245
  0.84519842610739515  0.85592870427996603  0.86668257765939727  0.87726494135877398
  0.88765784388084934  0.89784274707465483  0.90826701357238593  0.91846601543933537
  0.92856098168955481  0.93863268608026151  0.94866063495352704  0.95887550186957315
  0.96932090965351358  0.97965108251955257  0.98994815857655394  1.00000000000000000
 -0.00219590008873413  0.01046940727821411  0.02075481188466923  0.03105339081419187
  0.04096914508373959  0.05133778240402970  0.06138193351598785  0.07166463516819507
  0.08186580566563895  0.09225116306752014  0.10259185952082191  0.11295115741130306
  0.12344172270639313  0.13391998315128611  0.14453024142600954  0.15548088451612976
  0.16639382244607509  0.17696452347775254  0.18736428526245888  0.19770163415673603
  0.20807767831230392  0.21855853086266069  0.22907503253116435  0.23993590537705126
  0.25057068689645584  0.26134360579644372  0.27187581403368100  0.28252788765579373
  0.29306878739575121  0.30356577617347730  0.31421903839723803  0.32491666728111873
  0.33560276672771383  0.34638637312992843  0.35712949916300557  0.36789144314451416
  0.37868218425482048  0.38916418439950906  0.39939419977397350  0.40943110558505968
  0.41954988349520672  0.42988304514962461  0.44007353466474763  0.45032294079124430
  0.46045688828592662  0.47076376699708355  0.48118827871308928  0.49180832526173429
  0.50227405638873612  0.51282692513497585  0.52361431676173498  0.53454332377118186
  0.54530388605227931  0.55589225664674624  0.56632482122142180  0.57662869566014152
  0.58709780815333479  0.59774236680952741  0.60845824515764191  0.61911479833180216
  0.62966781518398884  0.64029037054835314  0.65083639146345496  0.66115677223079494
  0.67140229141671637  0.68152478485731227  0.69185151493637087  0.70235663395846393
  0.71292539048305581  0.72373634109602081  0.73472196548393243  0.74608986204957972
  0.75698882532032297  0.76780634926007962  0.77848386929803415  0.78916377271217863
  0.79974237420301941  0.81041821169067874  0.82105362870908860  0.83138738732881678
  0.84176171038684666  0.85223782683999205  0.86274011906099513  0.87327389730271876
  0.88432151967246153  0.89551967489953810  0.90637106969480785  0.91706175588774130
  0.92761743303042743  0.93833158314756593  0.94846878488175757  0.95858288677947567
  0.96832116726020179  0.97846902499586863  0.98907171437777985  1.00000000000000000
 -0.00248999539796282  0.00965805109450774  0.02010530985647861  0.03022388419794489
  0.04066798538042243  0.05098097399245913  0.06142591978442573  0.07160747053567207
  0.08211171210861903  0.09292658836114286  0.10391869712806340  0.11472535288904379
  0.12537531207321528  0.13612039726059688  0.14677175872891915  0.15768227395355769
  0.16850806289916581  0.17940605782390573  0.19033548649902368  0.20125214729794147
  0.21210277357618873  0.22278637234057846  0.23359984730338254  0.24477806994098047
  0.25593276550686883  0.26693576576747979  0.27750741192979106  0.28788353518813553
  0.29815852492143308  0.30862774083377065  0.31905642737055140  0.32930999337056299
  0.33965193898060464  0.35009484563499316  0.36066809183895504  0.37103289519382843
  0.38180789670711934  0.39265603425420875  0.40342068319264812  0.41405449366420660
  0.42451013213055389  0.43507703282967081  0.44556526987746120  0.45615602826990698
  0.46664012628377333  0.47701979611499362  0.48733154913393406  0.49766320742797615
  0.50823510076157064  0.51868355848164760  0.52899023888432550  0.53916421780920631
  0.54962714911328203  0.56016271446958366  0.57047265352237553  0.58071647899554568
  0.59104427664988779  0.60132547379723711  0.61206109292609134  0.62297795447554838
  0.63424336043936658  0.64503131908525824  0.65531428099153111  0.66541801445305493
  0.67578187148135271  0.68637200856696889  0.69721709161732093  0.70795362033334897
  0.71862602587972357  0.72936116868412582  0.73983052577717279  0.75032402548641985
  0.76043417494120757  0.77059462188302108  0.78084653269128901  0.79107279910962802
  0.80129118527992194  0.81128893189679296  0.82165958190815003  0.83220036589978796
  0.84295261489266204  0.85359807617973915  0.86407306598455258  0.87436992445143114
  0.88450171901843733  0.89461297555617070  0.90488675212774428  0.91517143709085780
  0.92589087633049305  0.93657077030510683  0.94718873030605100  0.95770113198805107
  0.96802750253473657  0.97867734108996596  0.98915310986579519  1.00000000000000000
   2.4988962751232794E-020  -1.0000000000000000     
 F F F F F F F F F F F F F F F F F F F F F F F F F F F F F F F F F F F F F F F F F F F F F F F F F F F F F F F F F F F F F F F F F F F F F F F F F F F F F F F F F F F F F F F F F F F F F F F F F F F F F F F F F F F F F F F F F F F F F F F F F F F F F F F F
  <DiscreteSampler_grid>
  grouped_processes
  1 # 1 for a reference and 2 for a running grid.
  10 # Attribute 'min_bin_probing_points' of the grid.
  1 # Attribute 'grid_mode' of the grid. 1=='default',2=='initialization'
  0.0000000000000000 # Attribute 'small_contrib_threshold' of the grid.
  0.5000000000000000 # Attribute 'damping_power' of the grid.
 # binID   n_entries weight   weight_sqr   abs_weight
    10   10   4.351616110006864E-010   4.326949155721651E-019   4.351616110006864E-010
    11   10   4.351616110006865E-010   4.326949155721653E-019   4.351616110006865E-010
  </DiscreteSampler_grid>
