  0.01003321099287767  0.01307070129003385  0.01933643971092313  0.02689716572793171
  0.03516075880250152  0.04365515647420982  0.05246333341390970  0.06138322095506218
  0.07051990633134270  0.07981075116266217  0.08921568872568199  0.09867606161061249
  0.10815932962891105  0.11769001794944631  0.12731122043537013  0.13702500204494342
  0.14679767684993936  0.15658173715865489  0.16637820083439089  0.17621514588664236
  0.18606669416834642  0.19591282299673546  0.20574372785476899  0.21558018280323357
  0.22544923038264070  0.23537907299455410  0.24539139957620829  0.25545074261228085
  0.26550121540991217  0.27552225328284830  0.28555126956129523  0.29564556128695463
  0.30580054035947346  0.31595352421513900  0.32607376041308217  0.33618613346434928
  0.34633041370957279  0.35649500565156655  0.36666843378842334  0.37687846251906182
  0.38713459607749851  0.39740560846639550  0.40766112850871317  0.41791194135992116
  0.42814756243101160  0.43834941321225129  0.44853497136817500  0.45874877678443199
  0.46900401307005152  0.47924958764076092  0.48946722873491200  0.49967307411209411
  0.50990686355996995  0.52017196463679882  0.53043959167642285  0.54070753236458369
  0.55098679567186315  0.56128053518884069  0.57158806938046414  0.58190422707238909
  0.59226783646829706  0.60268187105690751  0.61311141377303424  0.62355535601065226
  0.63401690128264809  0.64454177156820325  0.65506765665790878  0.66554431813780612
  0.67597016199952742  0.68644168201065958  0.69698040367968217  0.70755851688821658
  0.71813264070405525  0.72867481618562646  0.73920213057614070  0.74975559762001920
  0.76038250564577847  0.77105795526170173  0.78177961332332957  0.79249633402486419
  0.80325666663763706  0.81403369107380663  0.82485203853815892  0.83573844995181235
  0.84670092541196773  0.85775596709477842  0.86891564682361089  0.88014135041881558
  0.89145845552056180  0.90286749649430043  0.91444571231281624  0.92629076049028258
  0.93860612923381903  0.95215169635225161  0.97024862544691648  1.00000000000000000
  0.00970314853967500  0.01408485016421237  0.02115355821781672  0.03011841223848495
  0.03889633218687596  0.04783179217727953  0.05698263042103446  0.06630585518237953
  0.07573696767633406  0.08521865686207648  0.09477126429083060  0.10441638019098634
  0.11411888030701998  0.12391191222458656  0.13374928490009919  0.14361472705094810
  0.15351245200293928  0.16344057841507675  0.17337995817939025  0.18330074341024100
  0.19322152474252849  0.20314723643782348  0.21309040583240219  0.22307906174211850
  0.23312785625384028  0.24322767137044402  0.25335730909499965  0.26349332216527671
  0.27361717754283044  0.28373541904384075  0.29388660632349467  0.30411572596016023
  0.31438445034231111  0.32464003031002714  0.33487752782547331  0.34508888505969199
  0.35528088482062020  0.36549421742715005  0.37573792714485077  0.38600592773458409
  0.39624008255546300  0.40646369688193212  0.41670334661983388  0.42694818023885345
  0.43722209593621386  0.44752240440579627  0.45784887574876798  0.46819096784739300
  0.47851799782867216  0.48885410784111794  0.49920350904905331  0.50958398077983080
  0.51999342258897086  0.53039603340352670  0.54079110918955864  0.55118729354842455
  0.56159861185607407  0.57202551174989780  0.58248113218107544  0.59299455881172514
  0.60355930275860492  0.61410962150636239  0.62460896170639901  0.63506975788706921
  0.64553487604352922  0.65602338728116782  0.66650828427188968  0.67698776151881446
  0.68747304046672175  0.69802251574540974  0.70866505104533872  0.71937493259860852
  0.73008499733988030  0.74075609084482086  0.75141377734144799  0.76205746379643780
  0.77270388398432077  0.78337870618454175  0.79411881370401682  0.80494140211642484
  0.81582586417888925  0.82677199943839363  0.83775515089321717  0.84876288248458087
  0.85981148411294506  0.87089526309194509  0.88204125624925867  0.89327756399028435
  0.90469640388612349  0.91633847526427048  0.92823156143272079  0.94058211553922777
  0.95379053168625227  0.96945336535462645  0.98384390743622108  1.00000000000000000
 -0.00252401888323658  0.00966476842378330  0.01983942266568086  0.03027646991121013
  0.04068575932118551  0.05115622733667027  0.06157634547325047  0.07209149548747271
  0.08255506444323472  0.09314001485081713  0.10362086919022687  0.11428361005952320
  0.12499743086623050  0.13575536698327695  0.14651053329139116  0.15716587526729414
  0.16770220859350407  0.17811570131121118  0.18853811348711977  0.19899348742389567
  0.20947906511198963  0.22006587474422704  0.23063650742181663  0.24118653493786932
  0.25163822826216903  0.26222878141183742  0.27283015578701342  0.28343087581200216
  0.29396516193915845  0.30460824584887813  0.31523378219701675  0.32581793915257667
  0.33645537808479931  0.34711027403352046  0.35774231302956089  0.36815387031960628
  0.37861333127010799  0.38912880005299072  0.39962334253251186  0.41015859928650422
  0.42077375606355011  0.43154318340313452  0.44222547813362528  0.45270573022954391
  0.46314962506115037  0.47359063516448141  0.48407484592021216  0.49461274654090004
  0.50513683524242314  0.51569230185627768  0.52615123945289211  0.53662888148703047
  0.54715758615515087  0.55771958417457179  0.56828102265848657  0.57883756279879406
  0.58942464793285021  0.60007331989215129  0.61062269176335959  0.62116331717398476
  0.63165016898994131  0.64217365331219334  0.65267176469634214  0.66321613492431264
  0.67387436870596018  0.68454627378817701  0.69516232529476507  0.70573317129087498
  0.71627981975448185  0.72688491734261740  0.73743283327765563  0.74798189575047491
  0.75846425071713208  0.76890710960303543  0.77933537319261947  0.78974826755231320
  0.80015236617115848  0.81050230126975054  0.82089207333178760  0.83139311920472336
  0.84188938572444749  0.85242732988154979  0.86297094367547322  0.87357767249969254
  0.88413661521302889  0.89466750279432417  0.90523218177338283  0.91576971223622539
  0.92623066636393314  0.93675551519998068  0.94730641192530374  0.95778761167391224
  0.96828032538809972  0.97883234575857636  0.98944085883617017  1.00000000000000000
 -0.00205418827277190  0.00983896497344624  0.02010814341544635  0.03066739561738994
  0.04125950563034398  0.05184122127263911  0.06246470576978569  0.07303794941594577
  0.08356028488004395  0.09410526638920623  0.10468081769475128  0.11527176812587016
  0.12594252456635721  0.13659279310510394  0.14726515100363338  0.15781980558601236
  0.16843846056124254  0.17906905712640642  0.18961600884704738  0.20020859453882181
  0.21083126401170071  0.22140631667650049  0.23188978761652879  0.24232133750973603
  0.25290342880462785  0.26350637575886815  0.27408897378915287  0.28466765180935433
  0.29527626937695300  0.30591468690862628  0.31653743080869062  0.32712240654528774
  0.33768464321761521  0.34820408921996970  0.35872371952327681  0.36925660905039143
  0.37977571973824670  0.39030404131303059  0.40087083907876886  0.41139287664614238
  0.42190317187577014  0.43238156934653255  0.44287122245733856  0.45330246773328214
  0.46372672250593916  0.47418518829335549  0.48470941665494899  0.49520005092002906
  0.50566480399399161  0.51612789834945094  0.52671051882246889  0.53729471439767318
  0.54786690126378523  0.55838329439308210  0.56887674988260351  0.57928894000755282
  0.58970473068502105  0.60013605498192546  0.61064837346058054  0.62120743319520999
  0.63176566714825466  0.64226804748882971  0.65276074091922409  0.66327874857650460
  0.67380381184067639  0.68430321672637828  0.69470387793768351  0.70510910799016369
  0.71550831340922272  0.72595276398686126  0.73639346067771572  0.74685662454770074
  0.75736850075350914  0.76795048443456393  0.77850855074463277  0.78910744909782038
  0.79962700173080059  0.81008899956565195  0.82053510108060035  0.83097017685303798
  0.84157588140346284  0.85220794201925909  0.86288794807034985  0.87351613839466802
  0.88406243171479615  0.89459080832348414  0.90501634253605778  0.91546876899370788
  0.92593856528197838  0.93652698338228613  0.94708278621754705  0.95765058411029913
  0.96809939987348193  0.97863010138699480  0.98926351798900380  1.00000000000000000
 -0.00215706659737558  0.00935710033629739  0.01941397168488275  0.02996246753018904
  0.04059015345050835  0.05114348738912335  0.06164785369579993  0.07214405717483674
  0.08269200812817563  0.09320906228337462  0.10376355779838023  0.11426995550412877
  0.12476563793485569  0.13523839122957385  0.14576678453216876  0.15638802628191853
  0.16697450175460932  0.17758294605832287  0.18816426062611036  0.19875604913299760
  0.20929441433750046  0.21978441212790717  0.23032654851144510  0.24088099566945481
  0.25142132728713834  0.26187841432757036  0.27237132741509823  0.28282458178541420
  0.29326002842396526  0.30365520675084512  0.31408818859657162  0.32456596075239008
  0.33500082380685109  0.34548426582284719  0.35598272177761503  0.36656607501503086
  0.37711004768504630  0.38774214141062713  0.39826320246404673  0.40882877916719146
  0.41937175295150164  0.42996558481674624  0.44052683066624643  0.45102345714408004
  0.46156478467443823  0.47203253301554055  0.48244515310359581  0.49289545727944584
  0.50334481407493059  0.51386617297801829  0.52431533910244954  0.53480146417679952
  0.54530918381293902  0.55582770163376649  0.56639072149376601  0.57694859616118355
  0.58751436782030009  0.59813922205268932  0.60876120436477243  0.61932771381024643
  0.62980504356459666  0.64030171915877632  0.65082233370263742  0.66139483290071699
  0.67204027377128328  0.68274538203239676  0.69335086404636770  0.70388986846759316
  0.71442155865634427  0.72498620316465112  0.73555724727452321  0.74616122913587890
  0.75680951492603621  0.76748404980109519  0.77802500466639335  0.78855837750049018
  0.79903578464097824  0.80957140339858336  0.82009319337540720  0.83054190798777316
  0.84102210392312726  0.85152711657246127  0.86232959728518177  0.87316266353950645
  0.88400870409731991  0.89463724379292586  0.90523923316850552  0.91577828828645758
  0.92625418653246505  0.93683059504797517  0.94750887379391535  0.95815993332356297
  0.96860581425967396  0.97904266921356864  0.98952663249049388  1.00000000000000000
 -0.00233560612245075  0.00997596753040343  0.02016169756830328  0.03064163309399835
  0.04102035851279585  0.05145740559977745  0.06194516177869508  0.07256086555689284
  0.08319477740796737  0.09367545198224315  0.10410380070956031  0.11446646580554622
  0.12482349710931792  0.13538869831187370  0.14601124814796099  0.15672536310467944
  0.16736417285735239  0.17792302348287808  0.18837438617410335  0.19888850175412523
  0.20936432933593932  0.22002976728258578  0.23061144117012355  0.24129608116082515
  0.25185237434127206  0.26238755876882541  0.27287747297721288  0.28332641278787413
  0.29376413394768963  0.30427127623333544  0.31486144958531165  0.32537663670809602
  0.33586992146320460  0.34640188787837467  0.35705638142442381  0.36770450864928700
  0.37831460631305069  0.38885398333305865  0.39930855250315583  0.40979091357852537
  0.42028396993114353  0.43079316897068165  0.44133535969453475  0.45178361904492792
  0.46233433301631260  0.47290929746105687  0.48355309909059152  0.49408621232658168
  0.50465144312797672  0.51522610142115854  0.52572464644318873  0.53620955738538001
  0.54669440110231426  0.55732094729363690  0.56784335838481370  0.57844791168886067
  0.58899905376596706  0.59958134711557209  0.61010708662093860  0.62067635452503866
  0.63124451594630382  0.64183312394562042  0.65251161080083697  0.66323864087734752
  0.67394249386052418  0.68449565299784298  0.69498201053130970  0.70544928517837491
  0.71594143708917002  0.72646081053995337  0.73699706572173040  0.74749187625396651
  0.75792420358530499  0.76837575357977705  0.77885279584305755  0.78935938122483806
  0.79986662863642088  0.81036785121141286  0.82093720776149526  0.83148564760607913
  0.84204666971655096  0.85255582969007571  0.86321642030845347  0.87387033279858373
  0.88459155539301004  0.89520069595255247  0.90583532270510370  0.91648613398966416
  0.92699296060034564  0.93749509781978158  0.94797953272628155  0.95850840726427522
  0.96887667548493284  0.97922695645815128  0.98960294683048389  1.00000000000000000
 -0.00222175024084487  0.00953608764611833  0.01962542799722497  0.03012214399773387
  0.04067456690959684  0.05120998316153132  0.06166861083309141  0.07216101888646159
  0.08264223173357646  0.09327728112446025  0.10397810439506007  0.11474369441625105
  0.12541837612072906  0.13603183378008249  0.14663117144655263  0.15721047873651936
  0.16779005992803706  0.17830734618413357  0.18879827936829255  0.19923094998758603
  0.20967346102135812  0.22010014079962903  0.23062918196321730  0.24115301998544145
  0.25166395362325494  0.26209538661493115  0.27256889363853110  0.28303498960076656
  0.29348745131035553  0.30397112817993632  0.31459194112064448  0.32531038948595326
  0.33603136902592845  0.34664198901601700  0.35716750209246628  0.36768482919786677
  0.37818817368361990  0.38866594253304115  0.39911767853611635  0.40961736794633263
  0.42015131644843234  0.43072627172180289  0.44128559628122332  0.45183649887648497
  0.46236751184195807  0.47289596523136307  0.48353675181682287  0.49418637685474920
  0.50488572445013413  0.51551517320473816  0.52609484036521559  0.53661684399803811
  0.54711772104270229  0.55770588136610044  0.56820377753708751  0.57869431510460090
  0.58906886982990614  0.59946818864523999  0.60993884548025012  0.62048750096749572
  0.63106059858445751  0.64166337297402187  0.65226582975541791  0.66294455278024378
  0.67358112437342033  0.68424862833163613  0.69488803269535360  0.70537306038732484
  0.71585799416050633  0.72629900495834276  0.73676625473318913  0.74729619665435743
  0.75791921432446319  0.76865134889774545  0.77928431607147786  0.78988715242705199
  0.80042836560192698  0.81094263255333232  0.82134638618811817  0.83174715973168301
  0.84218562504628380  0.85262713384733413  0.86305784537393793  0.87353452731684444
  0.88421002230294421  0.89493547669339812  0.90558455331967458  0.91606526284637457
  0.92648803527395840  0.93692217270792622  0.94737194672127190  0.95783123030195871
  0.96826978043571776  0.97877613654040108  0.98936855186865325  1.00000000000000000
 -0.00249567987956572  0.00979106840293519  0.02007254647395377  0.03064396044741130
  0.04122825076817293  0.05193126687895108  0.06262826767932594  0.07319577616685478
  0.08371605279018464  0.09416144053612192  0.10465483163462268  0.11527725005757776
  0.12588730496053346  0.13645842377431824  0.14697056802260089  0.15749047343252942
  0.16797077281366657  0.17845296190675367  0.18897382433313814  0.19952017750218201
  0.21015632070894810  0.22087392924149135  0.23161646711814596  0.24229162421415931
  0.25297933285338309  0.26365653754630908  0.27432385029202427  0.28491026957612314
  0.29548478138404904  0.30598468334488665  0.31653539365253808  0.32711625507910624
  0.33770332764261712  0.34826226354565915  0.35870636682227836  0.36910676245651020
  0.37954565678811542  0.39000298001760764  0.40058760239139801  0.41114922753206401
  0.42179714166477217  0.43237708614830250  0.44300496869791173  0.45357706294984068
  0.46405938272712133  0.47447009113358268  0.48489825905992351  0.49538229567780867
  0.50593456504160106  0.51643485743252882  0.52688207375403018  0.53734712236786053
  0.54792593626623398  0.55851787137211473  0.56898374500513649  0.57938734443410822
  0.58984920438988897  0.60038848059009386  0.61098964010735490  0.62156962565464569
  0.63214168376535007  0.64267066398735240  0.65324839539697355  0.66379608562651049
  0.67430829404543913  0.68483622162678448  0.69537273750683815  0.70593260398651536
  0.71636120824230576  0.72672210469640264  0.73711445571977674  0.74753482265237814
  0.75791357544921090  0.76832742350481320  0.77874640231623271  0.78919820746829883
  0.79968142315881996  0.81018736739094055  0.82086265713672901  0.83148274263496535
  0.84213140564912603  0.85273055770273753  0.86328951937162623  0.87385056209416623
  0.88435380215275639  0.89495571198159563  0.90558877314780206  0.91617941303621409
  0.92663105801967283  0.93701777177126155  0.94743663446062043  0.95793744880460174
  0.96846701971584825  0.97901153262980345  0.98951105143113083  1.00000000000000000
   2.3188639979648121E-023  -1.0000000000000000     
 F F F F F F F F F F F F F F F F F F F F F F F F F F F F F F F F F F F F F F F F F F F F F F F F F F F F F F F F F F F F F F F F F F F F F F F F F F F F F F F F F F F F F F F F F F F F F F F F F F F F F F F F F F F F F F F F F F F F F F F F F F F F F F F F
  <DiscreteSampler_grid>
  grouped_processes
  1 # 1 for a reference and 2 for a running grid.
  10 # Attribute 'min_bin_probing_points' of the grid.
  1 # Attribute 'grid_mode' of the grid. 1=='default',2=='initialization'
  0.0000000000000000 # Attribute 'small_contrib_threshold' of the grid.
  0.5000000000000000 # Attribute 'damping_power' of the grid.
 # binID   n_entries weight   weight_sqr   abs_weight
    10   10   5.987219160459659E-011   5.667707112969542E-021   5.987219160459659E-011
    11   10   5.987219160459662E-011   5.667707112969546E-021   5.987219160459662E-011
  </DiscreteSampler_grid>
