  0.00971337439431916  0.01626802079559524  0.02544186546202860  0.03623178974879548
  0.04654635860522136  0.05687776403748425  0.06723359034421751  0.07761874348407879
  0.08801117994069858  0.09841019863719756  0.10878459160221883  0.11913892865814865
  0.12945659801073775  0.13982723575510253  0.15019587192403402  0.16056590614383517
  0.17090172721344313  0.18124295559435591  0.19159739654340543  0.20195234067158990
  0.21229215336834953  0.22263557661059430  0.23296849937621830  0.24332502394931926
  0.25367421545899044  0.26403505114578130  0.27440169273634724  0.28478847324092799
  0.29518494198124079  0.30559000464195057  0.31599712911563965  0.32637265859110010
  0.33673051683858873  0.34708399387095445  0.35743174815636414  0.36778901830705096
  0.37816354330337959  0.38858595815685132  0.39901511486668956  0.40941278867720865
  0.41974329849852515  0.43006711520101509  0.44040915300030281  0.45078797742255061
  0.46117228609972416  0.47156503309594017  0.48196218721963197  0.49234103892485670
  0.50270011817484628  0.51306739065433926  0.52345891493910857  0.53386754868096753
  0.54429341985510205  0.55474523699033973  0.56519646181699912  0.57562153627562385
  0.58601226085252156  0.59640108286221649  0.60678884526407528  0.61718516394406087
  0.62758682839599889  0.63798287805253429  0.64836827671265929  0.65873227819490032
  0.66909513088302097  0.67945822714577930  0.68984363853939279  0.70024159994055168
  0.71062111648291904  0.72097437921785068  0.73131365372277923  0.74167109091536054
  0.75202263509893552  0.76238092902259125  0.77273308096725779  0.78306301040176285
  0.79337805937994998  0.80371028365297592  0.81408611277063969  0.82444693614796316
  0.83479697223311922  0.84514466077959527  0.85551465703249752  0.86587755056990834
  0.87625092478510458  0.88665738875270206  0.89709638132851666  0.90754748013322173
  0.91799663123604913  0.92843396226592134  0.93884785187190933  0.94924457581502386
  0.95965663070330898  0.97006564128860329  0.98048434167652221  1.00000000000000000
  0.00943574506963354  0.01641675069758749  0.02546918552510440  0.03637655712334836
  0.04681657897320333  0.05727120235097937  0.06772442931802621  0.07816372431029339
  0.08861565930376376  0.09909345580457452  0.10960808628561368  0.12012974873893882
  0.13064954826565731  0.14115611482947035  0.15164860114800491  0.16210023170233764
  0.17254670842078956  0.18299006102185089  0.19347226001548945  0.20393410821363725
  0.21441474229919638  0.22489997762772396  0.23539934693629772  0.24591007786739147
  0.25643988237711046  0.26700806777643793  0.27755076732966028  0.28811543275131662
  0.29858877874002387  0.30900530193356601  0.31938398272461249  0.32982987995428886
  0.34034053624754323  0.35083550756581350  0.36129207959411086  0.37171815369961309
  0.38214841793793686  0.39259646234128864  0.40304922754582279  0.41351533590608974
  0.42398317918253758  0.43448536780088626  0.44498417467728779  0.45547027111906568
  0.46594197179147068  0.47639179173894197  0.48686612277037788  0.49734575143464410
  0.50784690285982437  0.51832663150282043  0.52880998485382935  0.53929945931756140
  0.54978604551093091  0.56029914719248664  0.57081586312144306  0.58134129158061754
  0.59182530555019275  0.60231127251421168  0.61279005097083028  0.62327638450331391
  0.63373936672760667  0.64422012903895243  0.65471673144176357  0.66522747397812243
  0.67575066368721937  0.68628849101388834  0.69683604564746204  0.70738574596366388
  0.71791336775657821  0.72841348001191697  0.73892985899120200  0.74942593534714430
  0.75994207033438399  0.77042523441772548  0.78085055359811251  0.79128283506681074
  0.80168387771620297  0.81217873346375102  0.82263785915573095  0.83311256379771315
  0.84354199211323699  0.85399673022488098  0.86446622962691488  0.87495898921017934
  0.88545430629920863  0.89594924946820265  0.90644473607448905  0.91692458418810097
  0.92739656852408781  0.93786239173536490  0.94833837404483579  0.95884719120916173
  0.96938686972963806  0.97998516601015506  0.99102593995212052  1.00000000000000000
 -0.00237310993271206  0.00957482289928567  0.01974463951914852  0.03024500177063902
  0.04074702684962583  0.05124948663214079  0.06177458965695938  0.07236691793837091
  0.08297262790962286  0.09354832775425212  0.10413849835773978  0.11469564830894234
  0.12530397203963756  0.13590006138780775  0.14649132604769780  0.15709755135162690
  0.16765588764247891  0.17827038608019113  0.18883866689502479  0.19940677009391652
  0.20987336227040995  0.22036475574237108  0.23088079723533519  0.24143942750084493
  0.25195714639030203  0.26248766565695891  0.27303066452076968  0.28355653010386034
  0.29408727392689243  0.30464803695346576  0.31528259668954500  0.32587272316708549
  0.33644262023928673  0.34694252559346095  0.35742623306940663  0.36793032974327794
  0.37841845774520988  0.38891400279984967  0.39942558169592879  0.40998881272205889
  0.42052576900059391  0.43103993429757159  0.44156152640835511  0.45211120731465859
  0.46262227383242677  0.47312244680222021  0.48361682681088131  0.49421752373788941
  0.50481922851437200  0.51542558957098972  0.52593704394012175  0.53643395402124783
  0.54699120812373325  0.55756543857933505  0.56813995783966187  0.57867029905925971
  0.58918213805199071  0.59968474849599862  0.61016152976992988  0.62064363224734631
  0.63116716557622632  0.64169319974441763  0.65225909860198183  0.66279087821573057
  0.67335959232654663  0.68391927102930539  0.69450765381956292  0.70510360103623171
  0.71563533303225813  0.72615687697177000  0.73664242368696808  0.74719420173491835
  0.75775733814640212  0.76831754324264512  0.77885731330220775  0.78935099696413313
  0.79988402870983411  0.81040121179743474  0.82098543268126900  0.83153757527125360
  0.84210373945925898  0.85265491578639352  0.86315773688774811  0.87363338650660183
  0.88415389656045240  0.89469782429806999  0.90524367466630040  0.91573269261025725
  0.92623833274186018  0.93672165938390506  0.94720110040689520  0.95772381580342614
  0.96823937681710182  0.97880904984808148  0.98935916904423582  1.00000000000000000
 -0.00238140841215463  0.00950733748547470  0.01963909343160061  0.03012653717980431
  0.04063482809607134  0.05116493910174948  0.06169208163076484  0.07225158748656646
  0.08283304520458236  0.09340504652457705  0.10397160786149276  0.11449723168936879
  0.12505889177780005  0.13559857027951866  0.14616781585664512  0.15672658750648383
  0.16729188213462964  0.17782050041761510  0.18832691993037454  0.19880833234864614
  0.20930121657317005  0.21986947086144043  0.23045073225821941  0.24099830601473793
  0.25150282252917661  0.26201766317545150  0.27258607464134205  0.28314757290202591
  0.29371214365059667  0.30425043832492743  0.31476670481759766  0.32532123026313609
  0.33588155470513775  0.34645626582767608  0.35695314009975215  0.36746848126173270
  0.37797866321285978  0.38851902349389189  0.39904599465782864  0.40957724434315140
  0.42014414444744086  0.43073109947849658  0.44129662084389826  0.45184017055110615
  0.46239321349387846  0.47296258209718212  0.48354734071592498  0.49409712235737668
  0.50463890314292559  0.51517596972685664  0.52569571003798865  0.53623914995322153
  0.54675937994512247  0.55729272578914724  0.56782209786574778  0.57831889302052519
  0.58878747210417026  0.59928891730402234  0.60981259440408453  0.62038073605873922
  0.63092436872797963  0.64147383705816274  0.65203095438174052  0.66254411465352425
  0.67307238789998991  0.68358789130484199  0.69412740955675578  0.70467833165566707
  0.71524750421269978  0.72580468252217412  0.73636058210237221  0.74689170064966470
  0.75743373951896298  0.76796702749372669  0.77850408302933793  0.78903246456914578
  0.79955423375276780  0.81004090621816138  0.82055972481473372  0.83110373453901620
  0.84174840923908811  0.85238025683935970  0.86300734901380316  0.87358629240957075
  0.88418203091916381  0.89478820052411057  0.90534154787458698  0.91587034366826781
  0.92638224486683796  0.93692500304180470  0.94749282692703207  0.95808181379795665
  0.96860624628734104  0.97907898469064092  0.98953120820493545  1.00000000000000000
 -0.00244274528318028  0.00949757295237928  0.01962060687572703  0.03007607405296351
  0.04057559782486182  0.05111307036012342  0.06167607370217701  0.07222811179358844
  0.08280648675523142  0.09334859537183227  0.10391322737343826  0.11447266275199765
  0.12504781958647274  0.13559567094977387  0.14615351330416243  0.15667853472500276
  0.16721980958011984  0.17776444510601572  0.18828739000904668  0.19885629240507360
  0.20940506324411604  0.22001747317922279  0.23059314877205031  0.24114295047195408
  0.25169675662557067  0.26222721210345068  0.27273673292503325  0.28324985420324422
  0.29374725046620187  0.30430682973963580  0.31485363249918097  0.32543003466974124
  0.33597345138143986  0.34654321797875848  0.35709042007241998  0.36760538523821368
  0.37806334078591913  0.38857963744982216  0.39908150684004251  0.40958804956071831
  0.42004973917213823  0.43057370403849904  0.44116416640571943  0.45175790393992205
  0.46231519313957831  0.47285009833681668  0.48343024071332136  0.49402444518179833
  0.50459382653972984  0.51513661225896568  0.52561822325131724  0.53611717204356490
  0.54660534057584742  0.55713327117389566  0.56764843798648901  0.57816502124036973
  0.58871124653509677  0.59930640858464002  0.60982210928042635  0.62032139677915954
  0.63075729928149649  0.64131722862462903  0.65189086228705762  0.66245112966353958
  0.67294348925689096  0.68341560067215468  0.69391993809799224  0.70448574507572315
  0.71508990859999166  0.72569696039566289  0.73628569807865307  0.74684334003078923
  0.75739232215959618  0.76794431505115923  0.77849773500136310  0.78907421399025812
  0.79960275140050008  0.81012919326886201  0.82068651945137161  0.83127233746642770
  0.84183164772614949  0.85234497226718242  0.86285905016208397  0.87334429135057612
  0.88383586416329341  0.89430177849561643  0.90483428828053436  0.91536993195809735
  0.92594778719390780  0.93653226249395383  0.94711388299646071  0.95772540858478250
  0.96834257447608907  0.97894183470764695  0.98948122762360546  1.00000000000000000
 -0.00215021127570095  0.00953151197184981  0.01963695155192766  0.03010035245216476
  0.04062964937228484  0.05116667902895791  0.06172383515526940  0.07224394729252563
  0.08279640832405079  0.09335216407207424  0.10390335637575820  0.11444051265899136
  0.12496192140078385  0.13547326686124195  0.14596137736082651  0.15645312500722808
  0.16694080742038001  0.17746466647474884  0.18799772989965441  0.19848386058979298
  0.20899535829639632  0.21953848871191795  0.23012040387520682  0.24068595808771481
  0.25125269566938663  0.26184152747189643  0.27245192148090208  0.28302633212547101
  0.29363923674089260  0.30422888969839035  0.31483014995124814  0.32540335590838732
  0.33588344423734623  0.34637847656143506  0.35686356794649865  0.36739111281641124
  0.37789008418671555  0.38840348822545789  0.39894679084666979  0.40951459916201433
  0.42006076172819418  0.43055834151815403  0.44101637912127684  0.45150179841331411
  0.46202487485595561  0.47257654514044745  0.48307564230972427  0.49357121639704443
  0.50405511963373018  0.51457752363757170  0.52512989907312568  0.53568017198216455
  0.54623744550310827  0.55677114032911423  0.56727999044971378  0.57781689016146309
  0.58834755728422961  0.59885502271476243  0.60930166581592882  0.61976551647565925
  0.63028705088150416  0.64087740431564155  0.65145340292431642  0.66205066517365763
  0.67264596083308625  0.68326247659496664  0.69387857917794049  0.70442614920217295
  0.71499605955061007  0.72551151773234279  0.73605918419763805  0.74657664686109937
  0.75713962156526093  0.76769911329126528  0.77825937637722442  0.78878554685907554
  0.79932127169532663  0.80982769349945116  0.82036592904612593  0.83090910496259396
  0.84142920894700324  0.85198919596188305  0.86254668572686877  0.87317123989839851
  0.88372845982077142  0.89427020841407823  0.90481226361295686  0.91539896104332596
  0.92602600494790099  0.93665355775830772  0.94726031627880725  0.95781254328507925
  0.96835985037657968  0.97890483192550948  0.98945840746440694  1.00000000000000000
 -0.00227584760402089  0.00944925516120303  0.01956764106110993  0.03007516481065699
  0.04058251772163640  0.05104764721369878  0.06154431483682297  0.07204837697547944
  0.08257358521658106  0.09309151706544980  0.10363207016170879  0.11416916499421266
  0.12472695470685227  0.13523943879976247  0.14580927937661040  0.15633205678914977
  0.16687518404321230  0.17735614130482993  0.18794818359551579  0.19853273543606154
  0.20917782902742310  0.21975520131859003  0.23034102924967673  0.24088481883699556
  0.25138249322230827  0.26188296914642467  0.27238177435220418  0.28290659954231234
  0.29343768532172709  0.30394948467570843  0.31440110869049404  0.32487225944976850
  0.33536317345552019  0.34591755849711092  0.35647094145153740  0.36703651357803624
  0.37761279174885154  0.38819989674170519  0.39874421839688851  0.40929950079454475
  0.41981936884373267  0.43036334919137931  0.44089267795177545  0.45146276953154224
  0.46206564738388628  0.47268729221241129  0.48329237001434810  0.49385049666977332
  0.50438828592067386  0.51493239873758567  0.52553264461814841  0.53605008877887828
  0.54653553777460218  0.55695550369700964  0.56748094891936818  0.57802503585166920
  0.58857467643621963  0.59906610764427759  0.60957091022596621  0.62007991709174448
  0.63063050296955891  0.64118873226275286  0.65173747512468672  0.66227787554856099
  0.67281452082439930  0.68341458856269022  0.69402337395913538  0.70461795361650015
  0.71521287239862152  0.72580994220340134  0.73640564041266554  0.74697657356318281
  0.75753980093390016  0.76809140902457906  0.77862315220797385  0.78915259184674247
  0.79964267034097047  0.81013886142477065  0.82059444387469438  0.83108464648538571
  0.84159474831087433  0.85212611675864447  0.86264337595704221  0.87314716447872565
  0.88365643719706044  0.89421764583986785  0.90477788111434332  0.91534629744626994
  0.92587815021002429  0.93642486605698527  0.94700166480087278  0.95761918199195095
  0.96820699822993794  0.97880633013295937  0.98938234154029780  1.00000000000000000
 -0.00236447441564427  0.00934536872862253  0.01944796301589369  0.02994633011129674
  0.04049470761390485  0.05100743489325094  0.06149721359544452  0.07196443030813757
  0.08243388633573606  0.09296618527409553  0.10352060129030489  0.11411484723497216
  0.12468849462073663  0.13531925418226215  0.14592855150092029  0.15649471363084388
  0.16699810723512010  0.17749980047189265  0.18801223162153663  0.19851323469724941
  0.20901929548894149  0.21956414170940233  0.23008022022572597  0.24055534576348461
  0.25100917057099054  0.26149180801854877  0.27206410776643375  0.28266687600409407
  0.29328712902670651  0.30386378612637793  0.31439596237114881  0.32490765326024956
  0.33544063813815544  0.34600999546913058  0.35659491202572324  0.36712600680617813
  0.37763408439601642  0.38814820916787041  0.39872941697735503  0.40932241222198984
  0.41988291845269038  0.43041561258448685  0.44097329958066789  0.45157266860330986
  0.46215322147962734  0.47276260917916541  0.48335932949597632  0.49401044706786795
  0.50461223573209035  0.51522719978656584  0.52576965656030838  0.53628098144628533
  0.54679707006529976  0.55732723324484723  0.56788471811410313  0.57844361921245113
  0.58897870391556728  0.59950276028727945  0.61004616594972449  0.62060310459652068
  0.63116025908796181  0.64172151600495453  0.65228351807723783  0.66284921389480944
  0.67337872775893193  0.68390455496145153  0.69443400216735007  0.70495417543994776
  0.71549480123060349  0.72598970860826662  0.73651530272460597  0.74701522496565920
  0.75755660774050282  0.76808544944712887  0.77858690577595613  0.78910940377164041
  0.79963616260270487  0.81018310447711039  0.82073150978692622  0.83125929559281908
  0.84181074093520780  0.85232694857810887  0.86283374051873585  0.87333201422105078
  0.88380970877305698  0.89427979890696896  0.90475325144583363  0.91530036228273060
  0.92587425124360156  0.93647713398497856  0.94707050214902067  0.95764700378380885
  0.96821484529729351  0.97877547941638632  0.98937779600284936  1.00000000000000000
   7.9776614904858221E-012  -1.0000000000000000     
 F F F F F F F F F F F F F F F F F F F F F F F F F F F F F F F F F F F F F F F F F F F F F F F F F F F F F F F F F F F F F F F F F F F F F F F F F F F F F F F F F F F F F F F F F F F F F F F F F F F F F F F F F F F F F F F F F F F F F F F F F F F F F F F F
  <DiscreteSampler_grid>
  grouped_processes
  1 # 1 for a reference and 2 for a running grid.
  10 # Attribute 'min_bin_probing_points' of the grid.
  1 # Attribute 'grid_mode' of the grid. 1=='default',2=='initialization'
  0.0000000000000000 # Attribute 'small_contrib_threshold' of the grid.
  0.5000000000000000 # Attribute 'damping_power' of the grid.
 # binID   n_entries weight   weight_sqr   abs_weight
    10   10   6.848933987992094E+003   6.773999400477251E+007   6.848933987992094E+003
    11   10   6.848933987992047E+003   6.773999400477213E+007   6.848933987992047E+003
  </DiscreteSampler_grid>
