  0.00956650979070485  0.01551477099159768  0.02473577774606270  0.03548787960049132
  0.04584016545323303  0.05624110778537124  0.06665409774913628  0.07704945150362494
  0.08743967293646218  0.09780921748143397  0.10818103612349775  0.11857793837170667
  0.12897249312731607  0.13937265374543412  0.14975811951380172  0.16013462038527124
  0.17050031268790913  0.18085706650346045  0.19124275263734883  0.20164690525029358
  0.21203742323807834  0.22242123870223465  0.23278115488990964  0.24315078577337890
  0.25351818744496923  0.26390289005419665  0.27427844467440543  0.28465785204028698
  0.29502748359753272  0.30540819239137873  0.31578668443709751  0.32619744315167648
  0.33661387695988232  0.34702821098843606  0.35742514877980902  0.36781306660571667
  0.37820892890771568  0.38860443586367438  0.39900350412277408  0.40939139975749184
  0.41976096639430160  0.43012171272980981  0.44048292528575850  0.45086159281978339
  0.46125243563947410  0.47165143766399054  0.48204819019986672  0.49243763736886959
  0.50281567755985435  0.51319517402144454  0.52357545187532206  0.53395152036849147
  0.54432980796921371  0.55471044863605912  0.56510488030313488  0.57551438748029771
  0.58593790455455308  0.59635973899562311  0.60675266508363568  0.61712434809683281
  0.62749192568095979  0.63785842078878663  0.64822275709924682  0.65858882889667925
  0.66897363710521418  0.67936715672806425  0.68975804127018026  0.70015028545362501
  0.71054678875485555  0.72094736682466964  0.73132349037897315  0.74169056393717492
  0.75205514571537024  0.76242595203736618  0.77280961015768734  0.78321331600106514
  0.79362651914653548  0.80403408558711453  0.81441246997523242  0.82479453062983332
  0.83518201569807904  0.84557828272350477  0.85598070023550632  0.86637894898457934
  0.87678425451418462  0.88717085421574993  0.89754440205908947  0.90790769285304396
  0.91827559003577175  0.92865592991960644  0.93903350778567096  0.94942641205451939
  0.95981797117785028  0.97019462950604363  0.98053305352604758  1.00000000000000000
  0.00955840007929744  0.01588623629432200  0.02500163767043167  0.03582015868257042
  0.04619184322970798  0.05657736182510564  0.06693766637200889  0.07726595224680879
  0.08760516138764907  0.09794752887363038  0.10832506486638913  0.11871054381727215
  0.12908740492015899  0.13946011933640859  0.14982771145007817  0.16019242487101815
  0.17054079001967054  0.18088316984276631  0.19125617567067604  0.20166143993324320
  0.21205269145495134  0.22242216949652141  0.23277348547013380  0.24314371370673626
  0.25352623167237109  0.26392485105073865  0.27431127613456080  0.28470644348263091
  0.29510281300529934  0.30552336363403887  0.31593350361782835  0.32630908892876409
  0.33666924790584513  0.34703371515452652  0.35740859194369817  0.36779065578425829
  0.37818452257620516  0.38860445100618718  0.39903162117514168  0.40943852885689808
  0.41983015291346498  0.43020690690595687  0.44058772233011978  0.45098394644050616
  0.46139364076275968  0.47181238908884815  0.48220084689639592  0.49255494328192745
  0.50289761847349024  0.51324851476790956  0.52361423713768551  0.53398165103935136
  0.54436285644594240  0.55474883832985533  0.56513386221370088  0.57549414813759858
  0.58584493946150284  0.59620620463511975  0.60659149084456931  0.61699361767558714
  0.62739529913411030  0.63779911967730851  0.64819933870856550  0.65859403773193881
  0.66899045696098325  0.67939904581417143  0.68981733336569040  0.70022962393236832
  0.71061964835270797  0.72099143921419806  0.73136255437027564  0.74174555833271427
  0.75215041570558183  0.76255068299873152  0.77294100633170770  0.78332014551410356
  0.79368449381247330  0.80406135494341002  0.81446092174234686  0.82486473422283701
  0.83527735500897338  0.84566360459163825  0.85606129914902174  0.86644381816167670
  0.87682094602422289  0.88719983986284323  0.89759104660505107  0.90797117073783273
  0.91832688903761106  0.92868403641159547  0.93904454576988838  0.94944255348457507
  0.95981455927041537  0.97018301682234953  0.98053881109529339  1.00000000000000000
 -0.00250921004845703  0.00952987640159221  0.01970598290695963  0.03024283712710989
  0.04079477454049692  0.05132747804685343  0.06185754467391610  0.07238977975661295
  0.08294317685766084  0.09349763301266764  0.10406383974449374  0.11461455541617162
  0.12516621427472002  0.13570730909565251  0.14624287203844030  0.15678281908010339
  0.16729020379427781  0.17782036958903477  0.18835034318812921  0.19891166541439287
  0.20946008443652334  0.22002793179843952  0.23061268542663638  0.24116373657262857
  0.25166902239528588  0.26215997777429995  0.27269193717123191  0.28326290640753776
  0.29383269692747660  0.30439070395877788  0.31493926972494785  0.32547765179011329
  0.33599556198198494  0.34650556475741884  0.35702386625162491  0.36758535945997589
  0.37814983702653432  0.38872570738889689  0.39930168377598724  0.40988551860622863
  0.42044066317939438  0.43097137151226805  0.44148614004108189  0.45204404056194020
  0.46258581165759399  0.47315149545729812  0.48369532901855222  0.49426493449295739
  0.50484093622650250  0.51541571620957760  0.52598266538109539  0.53655438080034790
  0.54714114365946387  0.55771383565824273  0.56825601951105709  0.57878414593264960
  0.58931662980404742  0.59989103849249781  0.61045950918471070  0.62103873282340516
  0.63156350770916492  0.64208320885128944  0.65261006817050915  0.66312544912102767
  0.67365595627512587  0.68416777838000775  0.69471023358906436  0.70522388633461808
  0.71573292095092234  0.72621902006463412  0.73673471163081938  0.74724633269533558
  0.75778708962814068  0.76832354236606670  0.77885996262983526  0.78937791087871878
  0.79989373869879243  0.81042670283574392  0.82096265418049363  0.83148393738234072
  0.84200578220484135  0.85251436949201398  0.86304643171594364  0.87357539332045697
  0.88412859752742989  0.89465380383817650  0.90517723158118446  0.91568639327435508
  0.92622399082885942  0.93676156463885540  0.94734855937489404  0.95789407168609875
  0.96846251512332726  0.97898131903331398  0.98950661073831359  1.00000000000000000
 -0.00251718887639425  0.00953590662927905  0.01971124181147694  0.03024926570770683
  0.04080289460894814  0.05137696099621302  0.06193138496430748  0.07247099915027187
  0.08299424787523911  0.09352145948485752  0.10405546013560719  0.11458259390346817
  0.12512516246724179  0.13567861343567747  0.14622617925803477  0.15676233994171807
  0.16728423361144668  0.17781291632570226  0.18836619290574416  0.19891943736007486
  0.20949908942724377  0.22006064797955455  0.23061001999606007  0.24112564282278773
  0.25163025083611013  0.26218598554646966  0.27273785002795942  0.28329325692764029
  0.29379873028638975  0.30431450036631957  0.31483762801112142  0.32537260791275169
  0.33594608878118493  0.34652243729227333  0.35713120635567208  0.36770818980052750
  0.37825503741982741  0.38879630685943867  0.39935087862532698  0.40992472558063886
  0.42047684995192325  0.43100109433636508  0.44150730423786977  0.45201309124526928
  0.46253253782885617  0.47306420656076403  0.48359654529534035  0.49414220056759672
  0.50468241423877391  0.51522727059901474  0.52574763336752517  0.53627445041232835
  0.54680381292473390  0.55734503995989104  0.56788972412224903  0.57842928012154127
  0.58894980335876046  0.59947330398272702  0.61001270249746697  0.62058868969898540
  0.63116366864872142  0.64172000754750003  0.65225635796954706  0.66277553973745551
  0.67329765489280247  0.68382637889886966  0.69436790002599946  0.70491646174074352
  0.71547645626340473  0.72604712066549582  0.73658793469415551  0.74712978120556339
  0.75767383056502824  0.76823909294399584  0.77877859736557054  0.78930813951196466
  0.79983261660693439  0.81036784172438492  0.82090930965536157  0.83144885935782242
  0.84198022989640831  0.85249634352066050  0.86302853234767607  0.87353089523582617
  0.88404471384715688  0.89454774338199139  0.90505399913237239  0.91554473170093553
  0.92605098571539746  0.93659699843192457  0.94715562650515972  0.95770008492342351
  0.96825763442450907  0.97882133566616847  0.98941602968641917  1.00000000000000000
 -0.00249043112345249  0.00951326304074648  0.01967911874466364  0.03017865587309840
  0.04071109125562637  0.05123175926791447  0.06177398798963506  0.07232444120374028
  0.08287763399847001  0.09342214679160007  0.10398694529942740  0.11453244987390059
  0.12508679419200211  0.13563748309225568  0.14620587904998431  0.15678739319617643
  0.16734015924155765  0.17792032909093192  0.18846902436004279  0.19904879042251666
  0.20960214295691240  0.22017077587643480  0.23074020447479043  0.24130344872010839
  0.25184600320147005  0.26238052506691212  0.27290298702180354  0.28342705327236462
  0.29394502520646504  0.30446606723390696  0.31497997231659064  0.32547123249204613
  0.33595369692123911  0.34647586936815983  0.35701205052050761  0.36755305628030821
  0.37811309841623197  0.38866704579448247  0.39922680644933256  0.40974723918949701
  0.42028964924663292  0.43083256032054240  0.44136678286654163  0.45188792501275055
  0.46241342706880473  0.47296845795677461  0.48354539679592462  0.49410661202763206
  0.50466341463048459  0.51519415967725712  0.52574449545267987  0.53625823392504690
  0.54677340628475313  0.55728180423068285  0.56782975622457610  0.57836661676673828
  0.58889942277937080  0.59941893064968843  0.60995895758177898  0.62050179534057381
  0.63100579972225235  0.64149819692892618  0.65197827837454436  0.66250805421081826
  0.67305010595777481  0.68361489996434632  0.69415676808407456  0.70468366523021087
  0.71521357738133773  0.72576057479792100  0.73632540764227306  0.74688001541396931
  0.75744056834119433  0.76801334585415737  0.77858543354171406  0.78912684445812642
  0.79964682446350965  0.81018361819861662  0.82074334001478999  0.83127918321429872
  0.84181784858702025  0.85235370601864235  0.86288146257152465  0.87343529925996743
  0.88399069528420127  0.89457734074863171  0.90515441544553499  0.91572498744017183
  0.92631110685866724  0.93685990284405318  0.94739101160377925  0.95791756546528228
  0.96844467484176799  0.97896313205839491  0.98948137217241072  1.00000000000000000
 -0.00244901004119028  0.00952796463966308  0.01970801825766066  0.03021787268695221
  0.04074373429128720  0.05125440195417727  0.06177782412190489  0.07229253889730999
  0.08281442292708291  0.09333517372358850  0.10389522613519922  0.11447477442591271
  0.12505631591161079  0.13561609382710019  0.14615235713563962  0.15670903388541749
  0.16725743550604491  0.17781508310670480  0.18836811493245911  0.19894441962778872
  0.20952948226860738  0.22008611261208333  0.23062612764953797  0.24113610459126653
  0.25167935327019086  0.26223308165480652  0.27278981162305888  0.28332944617939321
  0.29386746250317419  0.30441727831153037  0.31496053701806509  0.32548087356044725
  0.33598104242127041  0.34649202604862378  0.35701826323703234  0.36755941819543297
  0.37809483325442517  0.38864105793479997  0.39918972446510081  0.40973961610558107
  0.42027364449891347  0.43081031712761247  0.44137974777697042  0.45193639873594260
  0.46248510144035015  0.47300844103825401  0.48355854322878400  0.49411485160563107
  0.50467975491769523  0.51521475713913445  0.52573596431228320  0.53625681020511817
  0.54678014937425667  0.55732466165007644  0.56784029373759637  0.57837244577057512
  0.58888277588001348  0.59938975736560562  0.60989986169105481  0.62041941781004217
  0.63098068120661177  0.64153529526977515  0.65210119884258810  0.66265310565933044
  0.67322138938907861  0.68377047741266228  0.69431824154021715  0.70484639028284979
  0.71540335233702679  0.72595737032403007  0.73651769473624262  0.74708803381818878
  0.75764819973606679  0.76821122769722316  0.77874139223219241  0.78928038049622773
  0.79982897992825530  0.81037105815231758  0.82091076349512371  0.83145387568458129
  0.84198647841955754  0.85253304122961393  0.86303569827543403  0.87355223971434681
  0.88407597069479438  0.89464667180820456  0.90521201303142496  0.91576367430130157
  0.92629907084316565  0.93686628719885334  0.94741508562916288  0.95794968825803950
  0.96845575097529690  0.97897773467280702  0.98949717001389070  1.00000000000000000
 -0.00247402264495229  0.00944185495095493  0.01958925111687859  0.03009890685069342
  0.04064722777176708  0.05118824409048188  0.06169728860969081  0.07223003820751138
  0.08274955037093377  0.09327169342815880  0.10379809465162695  0.11433555383185363
  0.12490550253812449  0.13546859313370718  0.14603458940069589  0.15658569300756164
  0.16713598283219344  0.17769640129965220  0.18825947110606994  0.19882850717777423
  0.20940225954494632  0.21998269804580844  0.23056794095992733  0.24115546946439700
  0.25176455217718158  0.26233314538927371  0.27289106499812704  0.28340532562485954
  0.29390635664417714  0.30441253319454931  0.31491341082417745  0.32544661476720466
  0.33597056956093568  0.34650878467363733  0.35705796774510634  0.36760050849216530
  0.37814438440284437  0.38868668952921315  0.39924123078941276  0.40981028008636627
  0.42037013997978112  0.43091548583775058  0.44145681106646772  0.45199595773527207
  0.46251791878459320  0.47302206742470559  0.48352228450857493  0.49406065452217590
  0.50461884634402643  0.51519465729511571  0.52575414061509618  0.53630940096598223
  0.54685461697149040  0.55739778471198276  0.56797041375729507  0.57853499782434070
  0.58912756512288311  0.59968025267950464  0.61024821019615128  0.62079344024275240
  0.63135245195080447  0.64190713702504187  0.65246580838428814  0.66301073999224103
  0.67355066442344091  0.68407285002223062  0.69458645812905528  0.70509945321965539
  0.71561953803618628  0.72616101946559997  0.73670013507881971  0.74723907493255115
  0.75778480084367839  0.76831424944884064  0.77883093017571181  0.78933215754640618
  0.79986273889898318  0.81039240944761581  0.82092820693658686  0.83142875970818053
  0.84196410937864929  0.85249507234719835  0.86306072232200204  0.87362042680047591
  0.88418225033275755  0.89472836237198705  0.90526207553458893  0.91581273077221825
  0.92635026719900415  0.93688387720438071  0.94738041886531532  0.95789386459729486
  0.96840525055346738  0.97894183997481854  0.98946900486699774  1.00000000000000000
 -0.00248470711797001  0.00954210783571606  0.01970550063790582  0.03020577692871949
  0.04071743307720839  0.05121977843707334  0.06171764292110335  0.07224247601884236
  0.08279251314723439  0.09333509197976254  0.10386589563497182  0.11438262363736872
  0.12492082701372395  0.13544867374033051  0.14598193767480830  0.15649009788829732
  0.16699193206595114  0.17747006482622812  0.18796351136058667  0.19846355604775251
  0.20897546760184479  0.21949500206010636  0.23003330885509141  0.24058415602544783
  0.25112213179395138  0.26164723320048855  0.27218535002071764  0.28271044902261988
  0.29324227853814899  0.30376303010203304  0.31432337407265221  0.32487033585158748
  0.33541008196205391  0.34591431188245647  0.35644770750602955  0.36698533925998972
  0.37753034898659071  0.38806280683464517  0.39857610300448731  0.40912257062432150
  0.41963706276694657  0.43017317033939589  0.44068720522048749  0.45123025107767367
  0.46175471458495487  0.47231015890625150  0.48284617058713825  0.49340641037177363
  0.50393022856309289  0.51447034354068222  0.52500564251340720  0.53558074924872801
  0.54615783187039280  0.55672765673445146  0.56725799568317370  0.57777845180731868
  0.58831233585840892  0.59884157467905397  0.60940426571183770  0.61997198446106339
  0.63054015280083842  0.64109154468562668  0.65164472580319677  0.66223605427790744
  0.67281780143851089  0.68342526290926231  0.69397939307610623  0.70452755630501540
  0.71502274328053883  0.72553166641879319  0.73605910881051395  0.74659778184683656
  0.75714611054018566  0.76766124150459492  0.77818566136992406  0.78871999144346017
  0.79928562991403451  0.80986813645106615  0.82045796295216733  0.83103807380480010
  0.84161502749818284  0.85217651792431270  0.86272967021037328  0.87325519231604887
  0.88376410570859387  0.89426902148343357  0.90480018202901102  0.91535771239233432
  0.92594562060892271  0.93651520175243175  0.94707745270700905  0.95764982845636415
  0.96825464419399399  0.97884998682868596  0.98943750729407987  1.00000000000000000
   1.5420208474785705E-002  -1.0000000000000000     
 F F F F F F F F F F F F F F F F F F F F F F F F F F F F F F F F F F F F F F F F F F F F F F F F F F F F F F F F F F F F F F F F F F F F F F F F F F F F F F F F F F F F F F F F F F F F F F F F F F F F F F F F F F F F F F F F F F F F F F F F F F F F F F F F
  <DiscreteSampler_grid>
  grouped_processes
  1 # 1 for a reference and 2 for a running grid.
  10 # Attribute 'min_bin_probing_points' of the grid.
  1 # Attribute 'grid_mode' of the grid. 1=='default',2=='initialization'
  0.0000000000000000 # Attribute 'small_contrib_threshold' of the grid.
  0.5000000000000000 # Attribute 'damping_power' of the grid.
 # binID   n_entries weight   weight_sqr   abs_weight
    10   10   2.938938193515768E+013   1.753085126230885E+027   2.938938193515768E+013
    11   10   2.938938193515727E+013   1.753085126230811E+027   2.938938193515727E+013
  </DiscreteSampler_grid>
