  0.00968775620580426  0.01463946219348682  0.02300589313320776  0.03302208975125771
  0.04299381032832549  0.05309435431137700  0.06328532682959546  0.07349565751806333
  0.08369143547655103  0.09389541895793170  0.10412551696159965  0.11437202176200682
  0.12467929017888034  0.13501016318120668  0.14535588554288079  0.15571123688801261
  0.16605274265713998  0.17648262270104936  0.18683915092259532  0.19717947598150004
  0.20739640111539565  0.21760793611997320  0.22782809054623096  0.23823898159877779
  0.24867448926078400  0.25914837947684288  0.26965140149476746  0.28028637697879200
  0.29101336360443636  0.30162043669360072  0.31216882946183483  0.32263046296574288
  0.33312467238125643  0.34360317083452280  0.35413924916939599  0.36471392061022129
  0.37524948200801100  0.38571321579700879  0.39613457606695501  0.40663632936005029
  0.41710293940461951  0.42761205305407846  0.43807147089918180  0.44864606195360546
  0.45925149358536022  0.46982408391328639  0.48033777766356889  0.49088588286289514
  0.50148259241711846  0.51213539085396742  0.52273282928031461  0.53322069313686971
  0.54370211757392284  0.55420252555276361  0.56481588978174413  0.57541812063608899
  0.58600463637972999  0.59656566262475297  0.60715126178448431  0.61776012167271266
  0.62836517089502419  0.63889333463569598  0.64939968327895459  0.65991732747952980
  0.67022465015495758  0.68055335839272646  0.69092113500849694  0.70145823827025955
  0.71198668257602260  0.72246705211453321  0.73291190962872632  0.74337327309434997
  0.75391236747375867  0.76455857116311388  0.77526397040408423  0.78598556413091425
  0.79673712211176773  0.80747846966666859  0.81819510971513043  0.82896072432937351
  0.83976513661045715  0.85054422948430208  0.86122246615767639  0.87184900071414517
  0.88254137229440932  0.89345607106766867  0.90374866866803438  0.91303179727570405
  0.92206691836563570  0.93096943128679555  0.94138715080693758  0.95247459089101461
  0.96377322760406026  0.97530118932090459  0.98743367445830710  1.00000000000000000
  0.00950495741557801  0.01526100992719011  0.02309183524283030  0.03306251947429623
  0.04286364329215742  0.05276272437020715  0.06280773750841238  0.07298704640713519
  0.08326496625888424  0.09362432272208487  0.10390644225825803  0.11421056524097972
  0.12437563758893991  0.13461183020446571  0.14477765474851892  0.15500803900836813
  0.16515493507324081  0.17548272643164001  0.18582496959476763  0.19627362546233063
  0.20662042803009817  0.21696480192100825  0.22721646993091785  0.23744364513987959
  0.24768240226024341  0.25809014650216083  0.26847406089400033  0.27885355912177762
  0.28914864806425083  0.29953483093145011  0.30998206248531396  0.32049519076505706
  0.33102947961155288  0.34165464881445362  0.35224024663039077  0.36275182213975693
  0.37320151988011613  0.38363814706304533  0.39402254592375952  0.40437823263606903
  0.41473796293628773  0.42508584470751737  0.43540364475019688  0.44572885663497752
  0.45611400988378137  0.46646115598483756  0.47679685273322586  0.48713757495443843
  0.49750648638205552  0.50786853996681147  0.51826686482391693  0.52876187540403674
  0.53931885498321197  0.54995956729241746  0.56057528672972934  0.57115895053216548
  0.58163884556239387  0.59210417017462336  0.60254834106581612  0.61303802415025921
  0.62351036732457954  0.63400999451437290  0.64446877288017435  0.65494612059103396
  0.66547928666546996  0.67607954980448226  0.68668103658727664  0.69730781544781828
  0.70793742628873990  0.71849054150564107  0.72893060820668776  0.73935380159874564
  0.74975494292728628  0.76023656227800684  0.77074621224986306  0.78130665725056558
  0.79191430378045935  0.80252236828725432  0.81323012091179014  0.82374015002564649
  0.83423135752920063  0.84468080124715594  0.85529931876181675  0.86591626030425917
  0.87663464905681077  0.88736295916027053  0.89811612965340115  0.90884612985636803
  0.91955618737871392  0.93042978592620407  0.93996739823041331  0.94918398001169435
  0.95859163265349279  0.96815313352759247  0.97990153373734612  1.00000000000000000
 -0.00019004594400891  0.00019073775846609  0.00043990277622514  0.00053496137476509
  0.00061209400556351  0.00069402992607397  0.00077595872279293  0.00085717049982167
  0.00094254838735785  0.00115489437387885  0.00138405459894705  0.00161027848970787
  0.00183675398454671  0.00206404240044648  0.00229188033014069  0.00252010340710210
  0.00274812542388095  0.00297676990247804  0.00320561497006052  0.00343424168679364
  0.00366233550835899  0.00388978425022155  0.00411733379351560  0.00434501997876282
  0.00457291216214400  0.00480095413557451  0.00502895441505325  0.00525653827247134
  0.00548423049577959  0.00571293365789349  0.00594233864187121  0.00617281929218307
  0.00640462646225777  0.00663620268429475  0.00686693396615304  0.00709729734642856
  0.00732782378107754  0.00755918918714900  0.00779160586451755  0.00802390575934911
  0.00825599017402895  0.00848752639024125  0.00871882807889854  0.00895044964367827
  0.00918271790740322  0.00941525064397146  0.00964779918916661  0.00988153353969892
  0.01011536663250325  0.01034973650349883  0.01058481582332555  0.01081932892464935
  0.01105345513865212  0.01128736626410016  0.01152052659619473  0.01175349939491861
  0.01198699736980329  0.01222139719082069  0.01245635430964476  0.01269211570954228
  0.01292793629580284  0.01316482344974650  0.01340259234624222  0.01363958199890075
  0.01387634347807719  0.01411345785699751  0.01435152025577494  0.01459028110145041
  0.01482874735420475  0.01506662751096861  0.01530583668567848  0.01554560030611083
  0.01578653298490475  0.01602673284490950  0.01626651769071794  0.01650632393820645
  0.01674622911954924  0.01698723909525153  0.01722862224402984  0.01746991859618894
  0.01771098559365806  0.01795230582820093  0.01819450998901617  0.01843789383527912
  0.01868275996787299  0.01892765794675854  0.01917193405341364  0.01941542574621608
  0.01965946564684942  0.01990597593496330  0.02015756159248478  0.02044800576290317
  0.02075163362034111  0.02100335715169219  0.02105647618810112  1.00000000000000000
 -0.00230422917988527  0.00977727670972746  0.02001337933853952  0.03071361628030709
  0.04130240065391640  0.05183289615055997  0.06239387772513302  0.07310094696765368
  0.08386942659560007  0.09469609847123847  0.10536804102220303  0.11610316152587215
  0.12672427758804597  0.13740633668149768  0.14801322676975870  0.15859803704113454
  0.16911528081590418  0.17960863702980681  0.19011681843228928  0.20071778571841209
  0.21133387474731813  0.22191423254820875  0.23245039430986877  0.24290161495089330
  0.25342539696800759  0.26401801094036331  0.27474655980517432  0.28544066057959078
  0.29619155954877696  0.30667036321597507  0.31542381204898656  0.32417935984185803
  0.33294527399284213  0.34257005066984436  0.35344979890152189  0.36416331378734101
  0.37483066083697281  0.38544224779657410  0.39598390667424804  0.40655568198249536
  0.41706172963701371  0.42762932110029195  0.43822536546083263  0.44884367102556350
  0.45950194012574663  0.47013104939297351  0.48081447437704317  0.49147951322759192
  0.50216849236316285  0.51285236971305481  0.52347593043565843  0.53400633827409716
  0.54442715374726292  0.55486099420350654  0.56533843738749967  0.57595502123442410
  0.58663992777659024  0.59730945719069573  0.60795100066859165  0.61854366430895213
  0.62917623466394101  0.63976713981542843  0.65043373132023519  0.66103449749088994
  0.67169569747873747  0.68237814283564069  0.69307112366709767  0.70360782355501317
  0.71408744505855271  0.72460349235986377  0.73526259894766033  0.74593072549120909
  0.75656589075925551  0.76713628181487747  0.77759083550414643  0.78810111129835403
  0.79850596212287084  0.80897949822574899  0.81948424761315086  0.83016364942234333
  0.84087218567292388  0.85155220740955651  0.86223974337899456  0.87300639465880747
  0.88368587999172687  0.89434107128672635  0.90494402877797808  0.91555226574450221
  0.92609757199257892  0.93668350467439687  0.94731127973435825  0.95795462271332366
  0.96845609767969687  0.97893734395869114  0.98945920034345758  1.00000000000000000
 -0.00249486100596041  0.00977406943689149  0.02014793711895832  0.03075604623036204
  0.04154153786409006  0.05219808349876552  0.06276814465399976  0.07328952861001194
  0.08374720159212097  0.09433571535801399  0.10480686152399994  0.11538563161079002
  0.12588732386559054  0.13650118977595918  0.14713302056268826  0.15788910250336430
  0.16860382755125139  0.17934514551230676  0.19004729639236764  0.20083181934246869
  0.21151448257543898  0.22213198548227003  0.23271295341078055  0.24334004793715419
  0.25397510826343089  0.26462957576768437  0.27536879575166096  0.28603004726417103
  0.29656791769368157  0.30714012135544477  0.31774177961838312  0.32838886744270612
  0.33896834680078824  0.34950392068603625  0.35999887776647382  0.37045067366199369
  0.38086211364840722  0.39133438578395202  0.40177623461835227  0.41239357280345856
  0.42314937580547135  0.43359039142407074  0.44267001699061254  0.45180136283119904
  0.46100967502358031  0.47116836082346208  0.48190571162538542  0.49258979850571993
  0.50330180062809293  0.51399121434430994  0.52462510981346600  0.53520257201390253
  0.54566101920422205  0.55609503617835443  0.56660513969397652  0.57721826780102314
  0.58785438203843332  0.59838753705013947  0.60888377678739558  0.61934693280163799
  0.62983420651602362  0.64032084849078652  0.65090344432844383  0.66162390744069355
  0.67245715660870542  0.68322044112878966  0.69385467683329283  0.70431990626795471
  0.71486954459465712  0.72552609341584628  0.73626925987571501  0.74700898508873237
  0.75766407206233755  0.76820645662900433  0.77868000930477854  0.78914527872208895
  0.79973248327298552  0.81037550887402887  0.82090154761650913  0.83129957949919242
  0.84162285006598558  0.85213519178952379  0.86267476229877738  0.87320525926226078
  0.88367073647238137  0.89417209234651729  0.90466504718199703  0.91518896819008400
  0.92573636594221587  0.93632170060290909  0.94686350006297970  0.95748212442514358
  0.96814880935103576  0.97882540103610405  0.98944516577466624  1.00000000000000000
 -0.00241718686739010  0.00990636690084536  0.02026641849086774  0.03087580379295000
  0.04138176187031573  0.05188823202871716  0.06247614503146073  0.07319907015822150
  0.08389481148143922  0.09461290667418144  0.10533340904304407  0.11603827320405512
  0.12672230180408109  0.13729046981014398  0.14774101852898761  0.15815190170844520
  0.16865925152508421  0.17932931389907869  0.18995897666821610  0.20064988355904209
  0.21135351112386389  0.22203280048774313  0.23251933905728572  0.24289476664376281
  0.25332153928942419  0.26387363120140239  0.27457231032577895  0.28525222809128631
  0.29590354864704832  0.30641306674315300  0.31694336133375350  0.32754318270330091
  0.33829303575367270  0.34912536465869820  0.35996853717189203  0.37075442213034171
  0.38145122866736419  0.39216297942876110  0.40283846168516424  0.41356509323399498
  0.42413354966403377  0.43463362401413641  0.44502349482721304  0.45553940499087070
  0.46605707262263457  0.47655785414610385  0.48701281918777406  0.49756394801600329
  0.50822441626523185  0.51883888668132205  0.52937443005871576  0.53991583821783973
  0.55048697014608639  0.56113704082681470  0.57178454948562218  0.58246091615208639
  0.59316306003058494  0.60384834643447050  0.61444823236424284  0.62500072132843232
  0.63555331295931505  0.64612128586760320  0.65663907067499705  0.66707895017456131
  0.67745694650157418  0.68789374729665476  0.69838797095052318  0.70910287537659988
  0.71973930016733123  0.73033446589142348  0.74084319735524173  0.75142126368658757
  0.76210557125889944  0.77278365122101289  0.78344671199804217  0.79406574847333045
  0.80462055784215403  0.81519748970799477  0.82574674993794062  0.83631198899508952
  0.84689543567366588  0.85753824249521915  0.86826231550841482  0.87899775937456526
  0.88973861117391906  0.90047483806102202  0.91127954711140469  0.92064315391421669
  0.92939400974416875  0.93817998183929818  0.94679613717543321  0.95741611798852411
  0.96793259081089722  0.97852580604645234  0.98922135455335158  1.00000000000000000
 -0.00215498150769722  0.00966045222811530  0.01991791924764390  0.03051873175452289
  0.04125291167905430  0.05191372093144707  0.06256052982081188  0.07309044399539294
  0.08380023878692844  0.09238562439580246  0.10114117321865163  0.10992560810788862
  0.11927426858852858  0.13008098586453590  0.14079813050782394  0.15149538351104846
  0.16219713046198395  0.17288316866071196  0.18346981435835447  0.19404004672573749
  0.20456780085467013  0.21516926024253771  0.22574100762298988  0.23643245058156848
  0.24719902607780173  0.25802197393077986  0.26877097768063690  0.27947438038778855
  0.29021000149115844  0.30096232653754468  0.31163763214892398  0.32225701326952844
  0.33283334774260193  0.34339994335700774  0.35392377924462165  0.36454783375859950
  0.37512299802069465  0.38567850738426396  0.39616026397252935  0.40678903742789213
  0.41746771050316678  0.42810932199765711  0.43865680046440947  0.44918980383772200
  0.45974362407363123  0.47036536104956295  0.48102243621967755  0.49158628166976859
  0.50200572374267549  0.51232658267046516  0.52280425711903644  0.53346704489036278
  0.54420628548379846  0.55488199487256551  0.56547564402003492  0.57604912518742601
  0.58667781042859135  0.59740799356528818  0.60814209072927905  0.61887475319102803
  0.62947228969740932  0.64011527528378021  0.65072440930489561  0.66136524256700235
  0.67199644605431430  0.68266163894502929  0.69333812817223295  0.70399213800425930
  0.71459361968305302  0.72518271288457026  0.73585528519907939  0.74657759796969447
  0.75737057838662181  0.76810839312466195  0.77872636699875319  0.78933600059046860
  0.80000120643849382  0.81076160484922066  0.82153539987444801  0.83223155224925383
  0.84291416787679174  0.85354636468013734  0.86405897459201608  0.87442099422576081
  0.88478504535065272  0.89521858870246962  0.90581083937361551  0.91633175543310696
  0.92693757941611765  0.93748095705742229  0.94805295019011571  0.95845279939533867
  0.96885840333308992  0.97922110036132493  0.98961510976151223  1.00000000000000000
 -0.00229785420945544  0.01006526818510652  0.02043769809527425  0.03112835312494781
  0.04182573523579678  0.05259693850174434  0.06333160357983979  0.07403206927563973
  0.08472513744553677  0.09541036003487664  0.10610411824733193  0.11670290226499561
  0.12732563565305971  0.13796587327469673  0.14869999559334887  0.15922258944598250
  0.16723633439207369  0.17554246710116500  0.18384824804670880  0.19298209498100538
  0.20400069381595237  0.21483541089933250  0.22555206628181868  0.23620904048583685
  0.24688196132812984  0.25749776434066063  0.26808110564068488  0.27863911783085571
  0.28923280346702768  0.29986932515655434  0.31049333235820192  0.32107870236121960
  0.33158320468225388  0.34204397218691246  0.35254238361607626  0.36313242126929723
  0.37379573613277928  0.38446567570549678  0.39511426386329906  0.40575697871060190
  0.41643980460142060  0.42709092769039203  0.43774373799251215  0.44846382476477314
  0.45923225876567719  0.46998828689157029  0.48064823867114909  0.49127078303440991
  0.50185509228298442  0.51236770148686506  0.52280544602248114  0.53334221767061507
  0.54396528964201496  0.55466323061877687  0.56525644072254444  0.57581747751886925
  0.58640266599168223  0.59704341754408141  0.60766698119639673  0.61820464384259455
  0.62865718376289437  0.63913216873338463  0.64964865160870289  0.66013393843880364
  0.67066087810696029  0.68123497260064769  0.69185842816396492  0.70237221850819598
  0.71284742237024556  0.72326383906084368  0.73381225443272891  0.74440094494600861
  0.75513649768092894  0.76582870367475964  0.77654109034650665  0.78725366551525378
  0.79798435196901085  0.80889130106377782  0.81981566235973147  0.83072870265125742
  0.84136779678800289  0.85201237484597925  0.86263631381698036  0.87335102349899818
  0.88409715211629281  0.89481438527258583  0.90548533567507861  0.91599995825455904
  0.92656809022062803  0.93709091003692058  0.94762689139181433  0.95809826458197078
  0.96864003146819033  0.97912502087219067  0.98957114367027399  1.00000000000000000
   5.1923001919357540E-022  -1.0000000000000000     
 F F F F F F F F F F F F F F F F F F F F F F F F F F F F F F F F F F F F F F F F F F F F F F F F F F F F F F F F F F F F F F F F F F F F F F F F F F F F F F F F F F F F F F F F F F F F F F F F F F F F F F F F F F F F F F F F F F F F F F F F F F F F F F F F
  <DiscreteSampler_grid>
  grouped_processes
  1 # 1 for a reference and 2 for a running grid.
  10 # Attribute 'min_bin_probing_points' of the grid.
  1 # Attribute 'grid_mode' of the grid. 1=='default',2=='initialization'
  0.0000000000000000 # Attribute 'small_contrib_threshold' of the grid.
  0.5000000000000000 # Attribute 'damping_power' of the grid.
 # binID   n_entries weight   weight_sqr   abs_weight
    10   10   1.026940155637614E-011   2.043870837200650E-022   1.026940155637614E-011
    11   10   1.026940155637614E-011   2.043870837200649E-022   1.026940155637614E-011
    16   10   1.026940155637614E-011   2.043870837200648E-022   1.026940155637614E-011
    17   10   1.026940155637614E-011   2.043870837200648E-022   1.026940155637614E-011
  </DiscreteSampler_grid>
