  0.00952517454997274  0.01582549393935543  0.02480209723033654  0.03557379478293728
  0.04590267903127573  0.05627153635848756  0.06665863487978593  0.07704933378811882
  0.08741438149003121  0.09777524206195001  0.10811299463074876  0.11848729680922443
  0.12885928499259638  0.13922196735022038  0.14956252197376821  0.15992663585988529
  0.17031700620012499  0.18072414965638828  0.19107832995628252  0.20142515169056266
  0.21178550669731655  0.22217796715814098  0.23254224469267892  0.24288010530713955
  0.25321865350495398  0.26361000190448591  0.27399635009671397  0.28438516415330245
  0.29475516705388011  0.30515164530405781  0.31555605908621970  0.32598130572193301
  0.33640754855914690  0.34681300251574032  0.35719223412812334  0.36755754123741458
  0.37791807748466583  0.38828095683338398  0.39864784008961418  0.40903021035485287
  0.41940251125067241  0.42975547455766611  0.44010807613520353  0.45046568856601760
  0.46083009259470492  0.47119230285307817  0.48157251018487940  0.49197032080852654
  0.50237449183795324  0.51277103865362739  0.52316127654436972  0.53356216275118074
  0.54398494729082703  0.55440140620597078  0.56480323640064256  0.57520443297959267
  0.58562553377095805  0.59606672573122299  0.60650186002660134  0.61692732061054834
  0.62733525224388165  0.63772290784354091  0.64810876571399301  0.65847549160729102
  0.66882185460733046  0.67918520953226491  0.68958178184563657  0.70000324082491483
  0.71039730964227288  0.72075526576640625  0.73112242889901990  0.74151101658904128
  0.75192479750692187  0.76231427567108512  0.77269388004401085  0.78306516916103808
  0.79343755732450116  0.80381071300371010  0.81418304933467467  0.82457114674138288
  0.83494854529654061  0.84531176437553512  0.85565993380380190  0.86602715963294807
  0.87642210105111895  0.88683180281377816  0.89724373528922841  0.90765962334218442
  0.91806591019699579  0.92845451489857023  0.93885673989543250  0.94925651780099585
  0.95967658814188672  0.97004488280461743  0.98039534878789347  1.00000000000000000
  0.00962129004994355  0.01555000992569597  0.02471216449820478  0.03546527273151263
  0.04580695383596527  0.05619229580475808  0.06658787832642415  0.07697922495533796
  0.08737419555057924  0.09775572562536765  0.10813686624228247  0.11849940082979937
  0.12887684702094748  0.13925752386380991  0.14964012670829893  0.16001589321735812
  0.17035570276751771  0.18069480020829665  0.19101568844420638  0.20137788503300136
  0.21172998137512275  0.22208973829198525  0.23242253102492727  0.24275920087386091
  0.25311751139931321  0.26352541369789562  0.27394197557807248  0.28436211824972885
  0.29476575004132072  0.30517654554031021  0.31559172450189632  0.32601423076889152
  0.33642373820384469  0.34681580138509127  0.35722382724661900  0.36764042205660474
  0.37804507581441948  0.38842578221340957  0.39881222840496972  0.40923287617186738
  0.41966680837920906  0.43008746679768095  0.44048808959783159  0.45085657682135677
  0.46122321417282935  0.47160908058087869  0.48204661395250331  0.49249381395009956
  0.50292588195734989  0.51330455641814543  0.52364801195920219  0.53398539596708094
  0.54435838541882131  0.55476618714902304  0.56517485360335118  0.57556357468190489
  0.58593966561181687  0.59629515541848743  0.60662055441796914  0.61693431708075497
  0.62726607750925301  0.63764806756150383  0.64807210253003178  0.65850100471065465
  0.66891253197518030  0.67931085832898264  0.68972152730218328  0.70015496491349960
  0.71057628658316030  0.72093584417049028  0.73124920861267972  0.74158099150859513
  0.75197627829859870  0.76238615752078542  0.77275586507937799  0.78309623496604841
  0.79346169792287047  0.80382557481677253  0.81420550603861397  0.82458850783750237
  0.83499924092862654  0.84542500877035609  0.85584286311988611  0.86625875697117316
  0.87666704039234755  0.88707357162299094  0.89746141854538364  0.90785487422534383
  0.91824496333201733  0.92865168717419844  0.93904819579209609  0.94942311556883396
  0.95977928814145919  0.97011830139776478  0.98045789893655733  1.00000000000000000
 -0.00242501743219590  0.00958042860705258  0.01975894589259408  0.03028452543145245
  0.04079223023427397  0.05133473243099741  0.06187166673225505  0.07245219772900537
  0.08302298310235032  0.09356571311754548  0.10407769019829635  0.11456352923210236
  0.12506900920298100  0.13559983732552203  0.14611889697817620  0.15666370450340539
  0.16718871675470437  0.17775505032021321  0.18831179057629208  0.19888734209813894
  0.20939369745752237  0.21984870488451821  0.23027881948530074  0.24076632955184257
  0.25128657542040805  0.26185714332751453  0.27236329552763411  0.28288535196964909
  0.29334712407742275  0.30387128102370808  0.31438074324022536  0.32495427211710975
  0.33553107547824246  0.34610750288814168  0.35668842507514642  0.36723567227200021
  0.37779128791428412  0.38831542272765951  0.39888698582620286  0.40945067529814361
  0.42002462698793841  0.43053801807059616  0.44104784574809747  0.45154296057157728
  0.46206387967274082  0.47263845567531532  0.48317635324644370  0.49374240986598833
  0.50428621830024734  0.51487876801277710  0.52545333340507105  0.53596435676585452
  0.54647318403698997  0.55698502857016130  0.56755610427310599  0.57809106114539599
  0.58864480735408475  0.59915656862922528  0.60973852411879648  0.62028748468563744
  0.63086866833273725  0.64139675837896193  0.65195095167758577  0.66249201553363524
  0.67305229879632211  0.68359535817260453  0.69414043444375573  0.70466828455938135
  0.71518165434745540  0.72568609947288010  0.73618861597611818  0.74671862240068299
  0.75729188247580803  0.76786145825907481  0.77840386633046155  0.78891539600850302
  0.79945614241600482  0.81003784050594829  0.82065624078395816  0.83125483195408600
  0.84183415745561441  0.85237197315107160  0.86292239009264671  0.87345347152393671
  0.88395432620657999  0.89443684025913084  0.90493119851689496  0.91544104338798948
  0.92598044840357796  0.93653812268206549  0.94712726849685447  0.95772364234047891
  0.96829494789439852  0.97888132943151385  0.98943456365150184  1.00000000000000000
 -0.00205816934131372  0.00982978910825949  0.02004683307808318  0.03055414574207962
  0.04107019429397708  0.05160030614272928  0.06212968184297486  0.07267722452430896
  0.08325883223221471  0.09387792217475380  0.10445575675444901  0.11505663509486444
  0.12559917850829649  0.13617540917920995  0.14668145423439455  0.15723714764292762
  0.16778892599362857  0.17833070463860551  0.18885105157195370  0.19936980602269935
  0.20987714779864414  0.22041353178078235  0.23095879184704682  0.24153142342550085
  0.25205863491287217  0.26253546701670211  0.27300406675441863  0.28349326669085900
  0.29399707354001237  0.30450459780785860  0.31507301471247567  0.32564004662284785
  0.33622967110105939  0.34671332192135296  0.35718310850549762  0.36768518854902366
  0.37819168699055827  0.38874125515409635  0.39924414668398300  0.40976215623924417
  0.42026010326174473  0.43076141923079703  0.44126401196170112  0.45176798379897237
  0.46228625524186506  0.47283201054020307  0.48338210513547086  0.49395392630820645
  0.50454883192701283  0.51513164422570223  0.52565314651833595  0.53611922143715773
  0.54660773054422052  0.55713442146103886  0.56769928639604483  0.57824547807578852
  0.58879851167736630  0.59934498360040234  0.60990259494778964  0.62042532186774946
  0.63096820145593924  0.64149359677729867  0.65203080274175129  0.66252547504090309
  0.67305139292467742  0.68357203520634935  0.69413320286138103  0.70470439570553933
  0.71526940255437510  0.72577836213306479  0.73628236666681457  0.74676498269407676
  0.75728059720873331  0.76779139348655612  0.77834256605037866  0.78890713010815949
  0.79948371316623212  0.81008980205614978  0.82068936672104942  0.83124292326236882
  0.84179643069370336  0.85233108225798238  0.86287774075540036  0.87337876549482751
  0.88388841911351657  0.89439211742506552  0.90489489431469294  0.91542394624575862
  0.92595222194594262  0.93649865839088442  0.94701022268058499  0.95756656601840839
  0.96816863533593456  0.97878543192062484  0.98940558727316952  1.00000000000000000
 -0.00234971274355165  0.00958833519535431  0.01975954870048297  0.03025415753358513
  0.04077030291940945  0.05131939316589713  0.06186555751148311  0.07244143352333828
  0.08298428738533820  0.09351467149826193  0.10403459077095278  0.11453536905146068
  0.12502480479840089  0.13551691360363594  0.14600511645119107  0.15650741784668967
  0.16701551554571437  0.17754237758794644  0.18806498428037521  0.19857064896333976
  0.20909959100226713  0.21961719126939105  0.23017618303934237  0.24073563054591343
  0.25132495997753346  0.26188795192039532  0.27244716504823568  0.28298869137076882
  0.29352232954849772  0.30404798216298368  0.31458896422574295  0.32510642934169409
  0.33559729113283793  0.34607784457992513  0.35656356208768769  0.36709500245928528
  0.37764692857807403  0.38824448291857494  0.39880682851926330  0.40936552868458137
  0.41991730507783254  0.43048205896405545  0.44101724232303474  0.45155122362146188
  0.46208367196461392  0.47261715674426064  0.48315625707002730  0.49368974233186347
  0.50423749011523411  0.51477951916521925  0.52530697858386399  0.53582329172302889
  0.54637509464764467  0.55693559571549456  0.56755839207559045  0.57810791535450978
  0.58866492982637131  0.59916868761756759  0.60972685332566834  0.62024892374581930
  0.63079978077926535  0.64134371398062773  0.65191142740131092  0.66246754659246831
  0.67302694149754472  0.68359748516744812  0.69414444739167180  0.70469425340583625
  0.71523770181733404  0.72579141645755751  0.73633369345456989  0.74690112672390141
  0.75749256736233916  0.76805925752049586  0.77863784033688188  0.78919729927721571
  0.79978758349246259  0.81032327150794659  0.82084859983167002  0.83134977873707960
  0.84187158083347491  0.85239146872616589  0.86292336262710467  0.87346182483044077
  0.88401638006189542  0.89456656150996605  0.90512759599872528  0.91573531077478765
  0.92630131314762321  0.93685865058378437  0.94735023209570290  0.95788372291991475
  0.96840554701254400  0.97892935023313266  0.98946015543466681  1.00000000000000000
 -0.00247148780957626  0.00969368132143496  0.01991167308232733  0.03047679432755853
  0.04106186864172211  0.05163877645878007  0.06219656585211830  0.07278524129226081
  0.08338430950711138  0.09397191690654909  0.10452999123747504  0.11509756334177262
  0.12566736660274483  0.13621794412768620  0.14675974090874452  0.15732956028220429
  0.16787756765294698  0.17842055084884323  0.18889354835921224  0.19936145512506720
  0.20978912944447756  0.22029358848032465  0.23077944802434069  0.24124689404347555
  0.25167558895463199  0.26214620988673237  0.27268962337499558  0.28321670649084124
  0.29375317165078174  0.30429852448354316  0.31485359049165679  0.32538875531010802
  0.33591434521884711  0.34645292209001427  0.35696504032678195  0.36745450832348253
  0.37798571965152761  0.38856195118059045  0.39913699270898206  0.40965357532921415
  0.42018662457505568  0.43073965312786988  0.44125977985967224  0.45175186352395352
  0.46223171412740521  0.47278758882739619  0.48334087401498738  0.49391560373042870
  0.50448596410883773  0.51507669602838235  0.52564215719986163  0.53618900175691164
  0.54678342612728781  0.55734542829683154  0.56789238195991920  0.57838611520413807
  0.58889994191939221  0.59940517336576471  0.60989181993613439  0.62041590158666460
  0.63097799151317890  0.64156180381000993  0.65214552754302924  0.66271012972261412
  0.67328055662842823  0.68386268984677689  0.69442664998359771  0.70498674680688345
  0.71551835742469683  0.72609746274712783  0.73667079978300620  0.74722290392580804
  0.75774523157322027  0.76823721398421285  0.77873303129252824  0.78923226311050831
  0.79973776762597582  0.81030124637023671  0.82089731353800899  0.83148319474115251
  0.84204523023499012  0.85257162177593648  0.86310131897763565  0.87357491340926585
  0.88406502448717816  0.89455650954781596  0.90511842946728049  0.91566181677227443
  0.92622311260062951  0.93674370085716563  0.94726852712047871  0.95779753981262328
  0.96833046178260473  0.97886014298047908  0.98942027481831429  1.00000000000000000
 -0.00224029901500183  0.00978541365072047  0.02000974142242294  0.03049453084153951
  0.04103980798727998  0.05158629341588185  0.06210915104346177  0.07262143088021845
  0.08314909883912648  0.09373335540306667  0.10432355086696071  0.11493139913414273
  0.12552998166009571  0.13610112689355636  0.14661251138438700  0.15712943820627054
  0.16765695143115000  0.17821089017060124  0.18872518534890279  0.19921885994233773
  0.20971299087104181  0.22022473329346501  0.23077518518082940  0.24135294742931646
  0.25191394878147683  0.26246742139589208  0.27302496518610625  0.28361694948231542
  0.29418405159817246  0.30469631197554553  0.31517124341399527  0.32568768313703256
  0.33623489218259406  0.34681910998803223  0.35738312286363916  0.36797342100632463
  0.37852193536787321  0.38908071249181364  0.39959954561430094  0.41015156458648444
  0.42069706324760542  0.43125263045896783  0.44179691461918480  0.45236390559142392
  0.46291089300115285  0.47347467926362141  0.48399136528304904  0.49451122573515871
  0.50500403881357681  0.51553348109814257  0.52611089351288531  0.53664194651193931
  0.54715109521686933  0.55764945677724653  0.56820666318149227  0.57874510391386758
  0.58925141945183923  0.59979126539343042  0.61037072496914857  0.62093496555887173
  0.63145303044680645  0.64195605517280108  0.65249055732276617  0.66305039326341242
  0.67359214708288173  0.68419540708873172  0.69477486177270931  0.70539815987067434
  0.71595701989217597  0.72654388343284959  0.73710276913021278  0.74767828169854567
  0.75822133644330036  0.76873507422152287  0.77921750229921038  0.78969682815601427
  0.80021887912286882  0.81072480569595196  0.82125687496807087  0.83174078202553003
  0.84227611312488382  0.85279137357195922  0.86334718211401840  0.87385077365057695
  0.88438897293069374  0.89486757033973463  0.90540750848226581  0.91586351146094402
  0.92638002573171263  0.93689302297326560  0.94747680369054366  0.95806987067598759
  0.96858476661695525  0.97909352561937602  0.98955088933895430  1.00000000000000000
 -0.00223899173706825  0.00978915032126195  0.02001702267741498  0.03056095057966913
  0.04114157531667456  0.05169029426996272  0.06223628326229237  0.07277006715348464
  0.08332263985403679  0.09384519898943150  0.10436424265720801  0.11487322461649822
  0.12542899328850662  0.13596034653039565  0.14651870902473513  0.15704661640747689
  0.16759370825305486  0.17815148726294272  0.18872760360701790  0.19930384295775050
  0.20982581909618128  0.22038278807553843  0.23092975893137851  0.24150500974407399
  0.25202597606250188  0.26257412639254257  0.27315636612137884  0.28374975145672388
  0.29434330329323899  0.30489207982216038  0.31553024987270922  0.32613418027900126
  0.33671631010971897  0.34721095243863681  0.35771649816649304  0.36826451612639394
  0.37877593460230835  0.38931578768356406  0.39988933531947080  0.41047505817451579
  0.42104706741977904  0.43162898757119528  0.44223878565090236  0.45282529500560148
  0.46334927746299320  0.47386278819612210  0.48436035198219368  0.49485302727685820
  0.50533669887430266  0.51584692529790832  0.52641360490631195  0.53697672822930342
  0.54755008535520511  0.55809100154618863  0.56859878134294217  0.57907576404959549
  0.58958824991427594  0.60011524731742716  0.61066272583300352  0.62116960976951641
  0.63170923907064591  0.64218183391146777  0.65264288433520601  0.66313446872854132
  0.67364476322266864  0.68415421150377898  0.69463087926282829  0.70515660907922606
  0.71571267876952471  0.72625772932208899  0.73680610013319936  0.74734443301877918
  0.75791733679868878  0.76846952721739947  0.77903023793209558  0.78953251914512701
  0.80005502385322758  0.81052195728202381  0.82104222466374310  0.83151307293684840
  0.84201166461535648  0.85247715226224230  0.86299710227807114  0.87352084038842270
  0.88408194680966146  0.89463725192292143  0.90521502601592008  0.91580531717495284
  0.92640649734617131  0.93694599634307163  0.94747639832720565  0.95803056552509158
  0.96855256335424089  0.97906826355722754  0.98952026445597030  1.00000000000000000
   6.1781692623773738E-014  -1.0000000000000000     
 F F F F F F F F F F F F F F F F F F F F F F F F F F F F F F F F F F F F F F F F F F F F F F F F F F F F F F F F F F F F F F F F F F F F F F F F F F F F F F F F F F F F F F F F F F F F F F F F F F F F F F F F F F F F F F F F F F F F F F F F F F F F F F F F
  <DiscreteSampler_grid>
  grouped_processes
  1 # 1 for a reference and 2 for a running grid.
  10 # Attribute 'min_bin_probing_points' of the grid.
  1 # Attribute 'grid_mode' of the grid. 1=='default',2=='initialization'
  0.0000000000000000 # Attribute 'small_contrib_threshold' of the grid.
  0.5000000000000000 # Attribute 'damping_power' of the grid.
 # binID   n_entries weight   weight_sqr   abs_weight
    10   10   2.207998529188158E+001   1.012369308284526E+003   2.207998529188158E+001
    11   10   2.207998529188159E+001   1.012369308284525E+003   2.207998529188159E+001
  </DiscreteSampler_grid>
