  0.00959479524018691  0.01561760707560484  0.02482523380877696  0.03561053762245935
  0.04597215563532971  0.05634742902068081  0.06672780691660127  0.07711488922910911
  0.08750375279381295  0.09789265590982904  0.10826080201255765  0.11863825476229602
  0.12900351695558770  0.13938461984652700  0.14974908952658153  0.16009884696452054
  0.17045123326236267  0.18078292823849804  0.19114693028208005  0.20152507788853347
  0.21193945145528614  0.22236421284366115  0.23276488510552917  0.24314344074855487
  0.25348634021562899  0.26383096223065600  0.27420226727802455  0.28458863490095720
  0.29496611221218416  0.30532896410304583  0.31570514272886308  0.32610380949051515
  0.33650361059383666  0.34690520099312600  0.35727691127017847  0.36765642960711992
  0.37803706896833617  0.38843256722701375  0.39883212434535364  0.40922346084372491
  0.41962099752927368  0.43001181966056989  0.44041339985914174  0.45080300482472946
  0.46118800737763199  0.47156286945137776  0.48196104746774160  0.49237772033726007
  0.50279138837189641  0.51318809957831768  0.52356143388736942  0.53392473152343567
  0.54429477233347068  0.55466826561129956  0.56504246961287252  0.57540529787876449
  0.58576520694376233  0.59613542729700764  0.60650934965432290  0.61689487117340647
  0.62729884219640186  0.63771936458160750  0.64814205910495126  0.65854703496857714
  0.66894007844161174  0.67932436329254953  0.68970426379801597  0.70008607581251847
  0.71045547659860786  0.72080662089564718  0.73115032180632777  0.74151748430366871
  0.75192108678496483  0.76234018846834650  0.77275641133068584  0.78317057802424062
  0.79356253262133203  0.80393937254022463  0.81430538226534632  0.82468953715842075
  0.83508604109063600  0.84548411104655052  0.85587002030689574  0.86625249854636344
  0.87662203825678664  0.88700741199035982  0.89738735511162571  0.90778957078407463
  0.91817133978052190  0.92855980612367495  0.93893299579618938  0.94931150889856564
  0.95971193671116839  0.97011384322321081  0.98051505668126226  1.00000000000000000
  0.00953732308710817  0.01557454041488140  0.02485395226994142  0.03562289362301453
  0.04596352525324587  0.05632733119999375  0.06669452736029748  0.07704136355468048
  0.08738800735378525  0.09774712320651441  0.10814256486642151  0.11855695466825733
  0.12898490897237963  0.13942249823216860  0.14984517530960631  0.16023699599252800
  0.17062363111143564  0.18101403245194175  0.19140108391809765  0.20177709839035590
  0.21214864896215288  0.22251119387061893  0.23286479579313585  0.24322574432642999
  0.25360495760998719  0.26401280915760938  0.27440276411050757  0.28477875562547517
  0.29511794970579430  0.30547274480690439  0.31582266888252480  0.32621279108268203
  0.33660803701345737  0.34703433402528427  0.35744059622661728  0.36783271529795347
  0.37820928977401119  0.38859849631388182  0.39898764320009406  0.40935311516373635
  0.41970549937467427  0.43005492455805566  0.44043407275924706  0.45083798751313969
  0.46125593859599223  0.47166020884010301  0.48204595608127260  0.49243558843372842
  0.50284385222675909  0.51323941976604581  0.52360699988358816  0.53395000139112225
  0.54430402276219469  0.55468386719415552  0.56508216140846834  0.57548956233410209
  0.58590338722044399  0.59631975748648447  0.60673664057710563  0.61714789047482332
  0.62755234406089211  0.63795360958976433  0.64834681860148191  0.65873611727228065
  0.66912041406480804  0.67950293839777176  0.68988839046800265  0.70026860266325319
  0.71063216809374474  0.72097185610160464  0.73131230270886316  0.74167375123237977
  0.75203730283863068  0.76239741487165325  0.77275473003155959  0.78312892631713515
  0.79352080612869413  0.80390579427029796  0.81428334441158434  0.82466854878588747
  0.83506741197620027  0.84549544204394267  0.85591388958139314  0.86631798950774352
  0.87671278524715424  0.88710822553930746  0.89751974327581874  0.90792982203687467
  0.91831412871923324  0.92867683753397989  0.93903875507162105  0.94941093260407916
  0.95980957015555601  0.97018435855914498  0.98054023505503896  1.00000000000000000
 -0.00252166651681156  0.00946428478194587  0.01961294750416034  0.03012053252436639
  0.04063962781782544  0.05116872383152368  0.06170098228838761  0.07221594927025818
  0.08270387591066666  0.09322776764614575  0.10378309960873419  0.11435935441460278
  0.12491542212561783  0.13545747277122214  0.14599004970145654  0.15649976172437693
  0.16702316717924393  0.17754578524857823  0.18807983139521359  0.19859217786052485
  0.20911405516999967  0.21962785843151558  0.23014659931543632  0.24064273105156045
  0.25113286379003713  0.26163678054093881  0.27216657504054975  0.28270537781252736
  0.29324392788465986  0.30377338343301286  0.31432039560476821  0.32485881124993959
  0.33539231247014534  0.34591142383986168  0.35644294187906633  0.36698915243337193
  0.37753396807714090  0.38806940274538354  0.39859985697063377  0.40913575094282673
  0.41967007428641462  0.43020415140957274  0.44074533279680739  0.45129724857259301
  0.46186668761763511  0.47243255384805594  0.48298761257267270  0.49353654110295597
  0.50405473901196174  0.51458449638647030  0.52508832526277793  0.53563237441994538
  0.54617998515275079  0.55676612682016624  0.56736051832607615  0.57794624100508474
  0.58851086918367590  0.59902522657938917  0.60955178901238316  0.62007385214865163
  0.63064549095611599  0.64122003566365393  0.65179582324426122  0.66235273343280376
  0.67290773157491113  0.68343266517073498  0.69397950546225307  0.70452457047220218
  0.71511366221235650  0.72566899777776062  0.73621779188053105  0.74680168181889250
  0.75738408314296646  0.76799127373666054  0.77852991903415458  0.78910233002565011
  0.79963253661001477  0.81020354587886878  0.82073353060251408  0.83129201672906783
  0.84181918514217058  0.85238193807567841  0.86293608856197523  0.87351437691184852
  0.88407792628840232  0.89464874053281407  0.90518912908633675  0.91572739152551141
  0.92627071785903603  0.93683626458000269  0.94741540632174748  0.95794795553997958
  0.96845947370465091  0.97894760248969237  0.98946710023504780  1.00000000000000000
 -0.00235138462867831  0.00950545841032995  0.01964401219639124  0.03012740333555274
  0.04062271061049702  0.05115088255200044  0.06169955422273578  0.07223675977355963
  0.08273629633885983  0.09321699403927612  0.10369855962528587  0.11422114981386386
  0.12476699793617879  0.13537330266707012  0.14597119264654002  0.15655340729301107
  0.16709536540783171  0.17760931818454723  0.18811879022569580  0.19861878326845764
  0.20913917294289089  0.21968726386751816  0.23027503818191492  0.24086959102560293
  0.25144498509863938  0.26202328139111664  0.27257651518462089  0.28312030496576618
  0.29361845903760797  0.30411973700760225  0.31464351068661844  0.32518916540715193
  0.33572968655829916  0.34624405360569704  0.35679377644971427  0.36734911285964522
  0.37791500507780557  0.38844511852864227  0.39896628753222230  0.40947813374764419
  0.42000974996431889  0.43055854455386794  0.44114267283621322  0.45168277544733637
  0.46222983116999566  0.47276372930810401  0.48330286275970824  0.49384153772975409
  0.50437542781376465  0.51490743193556565  0.52542334086694586  0.53593359160568710
  0.54647463627956994  0.55702998894258171  0.56755280504333627  0.57805087789946119
  0.58853681045796147  0.59906079243432930  0.60961840390769884  0.62016997401087959
  0.63072451744916047  0.64128644366573317  0.65185899067164099  0.66241809014444630
  0.67294192660378815  0.68347024651573252  0.69402310010374668  0.70458181795588615
  0.71512512622429281  0.72562899005158832  0.73613166074135816  0.74665277439748823
  0.75719765926656746  0.76776069006319514  0.77831416293696731  0.78887581835075093
  0.79943627439238052  0.80999185120803818  0.82054232857647291  0.83109676998380921
  0.84166054140745328  0.85222976918130555  0.86279109571900814  0.87336521658697230
  0.88391002856791090  0.89443487737546845  0.90497819159116266  0.91551780092375135
  0.92609199802383269  0.93664539312625916  0.94719392877221498  0.95772297245060223
  0.96823919633539424  0.97880044508749264  0.98938734739679413  1.00000000000000000
 -0.00246318056916487  0.00969245699214919  0.01992765736115986  0.03047060133929106
  0.04102736144894660  0.05156197275849111  0.06207938400919810  0.07260500921779731
  0.08314358971778987  0.09370495468805434  0.10425319331081363  0.11477531771399892
  0.12528135010188526  0.13582749964475110  0.14638073099796486  0.15691179215497536
  0.16742044278553922  0.17793758056023939  0.18847300705620304  0.19900092724086346
  0.20950824777916235  0.22000727746917406  0.23052918681981241  0.24108617010454159
  0.25167376598231173  0.26224564553350227  0.27278817567806896  0.28330990427556113
  0.29383896036329804  0.30439083590587507  0.31496380289313280  0.32553057631769189
  0.33606869033733489  0.34659673164364851  0.35714048797780507  0.36770512846314840
  0.37824330682099405  0.38875034316230395  0.39926048508401740  0.40980026097991146
  0.42037202160624937  0.43092379209999565  0.44146684952099557  0.45198848609408177
  0.46255102729021602  0.47312790785377651  0.48367770314662428  0.49421500010595332
  0.50475908875983766  0.51529049616130351  0.52581197014344161  0.53630095837960157
  0.54681134186117797  0.55733279623733134  0.56785293160378247  0.57839011237371252
  0.58889543224415830  0.59940785945964659  0.60991045528761090  0.62042858158121150
  0.63097072262630771  0.64154159401648425  0.65209980105378318  0.66263957315550570
  0.67317771084862466  0.68374493785729940  0.69430328820458942  0.70485420907923346
  0.71538371664552070  0.72591951343560790  0.73644600185083497  0.74698766325176547
  0.75754027438664595  0.76810784213993910  0.77866054013617692  0.78921996618002888
  0.79976589598342274  0.81032349421705596  0.82086640493960250  0.83141122177003324
  0.84194686724469681  0.85247271664003432  0.86299293656499232  0.87355918446078540
  0.88412166740594145  0.89467120437302261  0.90516609111960467  0.91566815429353565
  0.92620224056006073  0.93673725261983298  0.94728339115303062  0.95780638594617362
  0.96833995999963463  0.97887828835399349  0.98943659034680909  1.00000000000000000
 -0.00239051179275119  0.00944258623895949  0.01957638537607191  0.03007264896585054
  0.04063867038181562  0.05122188051007704  0.06181048954054245  0.07238552853209358
  0.08294781070322789  0.09351751244404982  0.10408109581043139  0.11463797493433869
  0.12519624753548747  0.13575133791695573  0.14630254996511652  0.15684558026564585
  0.16738786761050095  0.17793812844426840  0.18847224822883818  0.19902509805383536
  0.20958245772818215  0.22015466360607644  0.23070210828546675  0.24126933043289109
  0.25181789618804118  0.26237670864665613  0.27291536287493523  0.28345109402492963
  0.29400597096514552  0.30454000401358322  0.31511119747819066  0.32565772432845908
  0.33619938266001603  0.34673375478414392  0.35726292116316305  0.36781318313585282
  0.37834505990083911  0.38887804329649400  0.39941637166956223  0.40994631236488410
  0.42048141901228497  0.43101842588242573  0.44156075786301013  0.45210838513042190
  0.46266600654602519  0.47320702817020871  0.48374298532873633  0.49427968860705207
  0.50482221361565427  0.51538443624738217  0.52593722739893567  0.53650167295849627
  0.54705255017991705  0.55759543304091819  0.56814421800883741  0.57868714634538632
  0.58923060005982719  0.59977039504328566  0.61027549427364236  0.62077536668810196
  0.63127388671593943  0.64183650192436681  0.65239431841920281  0.66297856684808898
  0.67350946028697312  0.68403646087656100  0.69453340253138351  0.70507785157861580
  0.71562365623473623  0.72614940383006821  0.73668206085330656  0.74724195403952975
  0.75780739940997788  0.76834673305592072  0.77885906851589903  0.78939351150923376
  0.79995063027765700  0.81053535808027610  0.82111396714427431  0.83165804087562567
  0.84218748584485992  0.85270702605008575  0.86324325610170216  0.87378270460901675
  0.88433756733720503  0.89487569254178201  0.90538437335212185  0.91590030492972807
  0.92641159925619587  0.93694001975520269  0.94747173040466226  0.95798431794491734
  0.96849455287104136  0.97897544421208638  0.98949870727587264  1.00000000000000000
 -0.00251641181166811  0.00960468940352388  0.01981732011221966  0.03034803584601477
  0.04090919003051058  0.05143846022881203  0.06198241061860060  0.07252834431507776
  0.08305655051398111  0.09359166317301984  0.10410130080132256  0.11463653716954669
  0.12519597844902181  0.13574786918798357  0.14631347740904407  0.15685570339630547
  0.16739493102543121  0.17792548464293090  0.18846917503710101  0.19901088272486769
  0.20954357221596906  0.22007486801572251  0.23061459990375871  0.24117662932374923
  0.25174347471573005  0.26232473952769392  0.27287609480796426  0.28340986816924030
  0.29394738477122134  0.30450855956064565  0.31506171763837482  0.32561857019226725
  0.33615769041208626  0.34672678525388306  0.35724365650916484  0.36778348821656909
  0.37830297739238289  0.38885166778375085  0.39939731800661998  0.40992169095338521
  0.42044387132209715  0.43095617017521104  0.44151498123420629  0.45208310121033912
  0.46265802433418862  0.47321250311254276  0.48375744280363470  0.49430495071026570
  0.50486676529998487  0.51545360487579917  0.52603131315295693  0.53657449114116540
  0.54710434919436568  0.55762654687603241  0.56817682931426372  0.57870742886980397
  0.58926895861019901  0.59979350204209336  0.61036249791900998  0.62089367635667148
  0.63145228933396103  0.64196487742126906  0.65245623865570135  0.66296788500433679
  0.67348502012964784  0.68402425170338066  0.69453761107557621  0.70505837584674047
  0.71558178089368274  0.72610884626605343  0.73662889630937056  0.74712544555957305
  0.75761738006718227  0.76810598179072143  0.77861734061327348  0.78914568445892752
  0.79971390207715154  0.81027342635865451  0.82081548846147767  0.83132769264440409
  0.84185329903540551  0.85238993562370657  0.86293479685612617  0.87347704519367808
  0.88400778336858621  0.89453191687806599  0.90507928813027538  0.91563787103710981
  0.92620950081885012  0.93676378256878101  0.94731475520172093  0.95785500539244162
  0.96840834593682579  0.97892908899763476  0.98947299527850074  1.00000000000000000
 -0.00239255574855367  0.00961822855475786  0.01979186179240918  0.03028096960906691
  0.04080409619379811  0.05132664131618843  0.06186074148628699  0.07237750894989181
  0.08291457496753966  0.09344936016806027  0.10401007119941238  0.11454804144157094
  0.12509536343254141  0.13563385621879992  0.14620369515005188  0.15677471793420647
  0.16736437603381896  0.17793435248001638  0.18849527268642949  0.19905983995455148
  0.20961529043120683  0.22015053542332108  0.23066795385458003  0.24121197270674330
  0.25176089965297788  0.26230570339279963  0.27283579278481346  0.28336580855643129
  0.29390730286381761  0.30443354645637821  0.31498284159749357  0.32552409852333386
  0.33610926200472846  0.34663048056074991  0.35713788647830230  0.36760552593424367
  0.37813075533147866  0.38866601381294608  0.39921348229195636  0.40974330555822219
  0.42027332222738034  0.43079673467026486  0.44136057973589038  0.45189394890864937
  0.46244443607881375  0.47298399275858288  0.48351943425634070  0.49405815973864137
  0.50456175760570499  0.51511659024552703  0.52566631190338153  0.53625308316088316
  0.54680710115228059  0.55733057491037841  0.56785742236091552  0.57839943391122361
  0.58897670068794394  0.59953465247087412  0.61009996442985781  0.62062340029901586
  0.63113334751084649  0.64161423997064249  0.65213684302101460  0.66267495026677170
  0.67323878302323670  0.68376370370228767  0.69430617502025394  0.70484415287397539
  0.71540249453802329  0.72592608763986910  0.73645817404000147  0.74696278918848957
  0.75750233410599122  0.76803149524969960  0.77861099267393452  0.78914059725589025
  0.79965636435186849  0.81015982914824336  0.82070067348223041  0.83126369162507874
  0.84182281492255118  0.85237234912691717  0.86293367194566262  0.87346725416658988
  0.88400942619572864  0.89454190440183701  0.90507909995540692  0.91563159346058043
  0.92617630177917287  0.93672855014309575  0.94727218608074115  0.95782404636613505
  0.96838159345700814  0.97893431748023896  0.98946464855938321  1.00000000000000000
   1.5522643245365262E-002  -1.0000000000000000     
 F F F F F F F F F F F F F F F F F F F F F F F F F F F F F F F F F F F F F F F F F F F F F F F F F F F F F F F F F F F F F F F F F F F F F F F F F F F F F F F F F F F F F F F F F F F F F F F F F F F F F F F F F F F F F F F F F F F F F F F F F F F F F F F F
  <DiscreteSampler_grid>
  grouped_processes
  1 # 1 for a reference and 2 for a running grid.
  10 # Attribute 'min_bin_probing_points' of the grid.
  1 # Attribute 'grid_mode' of the grid. 1=='default',2=='initialization'
  0.0000000000000000 # Attribute 'small_contrib_threshold' of the grid.
  0.5000000000000000 # Attribute 'damping_power' of the grid.
 # binID   n_entries weight   weight_sqr   abs_weight
    10   10   2.930034746270588E+013   1.338619326560847E+027   2.930034746270588E+013
    11   10   2.930034746270588E+013   1.338619326560845E+027   2.930034746270588E+013
  </DiscreteSampler_grid>
