  0.00953358427293021  0.01573848455926765  0.02511311244097524  0.03607689671613822
  0.04661926390142165  0.05714992596882615  0.06767657190449536  0.07820515230822489
  0.08871631098211691  0.09918794147720747  0.10966603123729493  0.12015808081396820
  0.13066721121369915  0.14117628642308530  0.15169368886903098  0.16220930700382985
  0.17270901622550067  0.18320191186903023  0.19370985614924935  0.20421571940889222
  0.21470715735712018  0.22519119816588276  0.23567486302395468  0.24616960804380747
  0.25663027780295439  0.26708392795861685  0.27754533316180441  0.28804927936275115
  0.29857158320060628  0.30907591281061281  0.31956441118301693  0.33006539473696217
  0.34058402328956278  0.35108109127933390  0.36155899975277916  0.37202818090211992
  0.38250859197669757  0.39300523900087092  0.40353733525807650  0.41407442645593040
  0.42458657843419673  0.43505003328263020  0.44550460650151730  0.45596661795093041
  0.46644869612007783  0.47697452509981009  0.48752818997310265  0.49805621354652929
  0.50854780713226566  0.51901617295565383  0.52950935805587007  0.54001196704524868
  0.55049193893417980  0.56096553590434806  0.57142519855524043  0.58186278440651396
  0.59230273031756320  0.60273985652729756  0.61323114148595681  0.62371872589179245
  0.63420118203463127  0.64466213402255845  0.65511331536218176  0.66558613529150035
  0.67604185253898152  0.68654461994660509  0.69704837638821904  0.70757667887500253
  0.71806736363697032  0.72855408386037923  0.73904916923329911  0.74956313898404614
  0.76009365779248539  0.77060691713262031  0.78112314128993854  0.79164229164325128
  0.80220946611016730  0.81276447169198696  0.82330057802283652  0.83381403176499302
  0.84433526130275383  0.85485055176412306  0.86538480886056934  0.87591257238964160
  0.88644912141465992  0.89696176484169410  0.90746262286889501  0.91797248635281037
  0.92845559632529640  0.93891366047865077  0.94937591341226335  0.95984762608546659
  0.97022721574387905  0.98061929678257753  0.99108617878665661  1.00000000000000000
  0.00951189528702606  0.01577006554296028  0.02497257781752255  0.03577505448063166
  0.04612418972954360  0.05649178183734724  0.06688580157755533  0.07728680215585140
  0.08765075790203364  0.09795709965662780  0.10822793982604881  0.11854810906728651
  0.12889600187523964  0.13928693405281212  0.14967616188184302  0.16006638289886327
  0.17045048382612141  0.18083059265445556  0.19125511519977181  0.20166878579162925
  0.21206163412218887  0.22244495414248613  0.23282631299156281  0.24319528525747725
  0.25357198223382921  0.26394746844013933  0.27436924282632097  0.28477985121418736
  0.29520062667138691  0.30557886470879070  0.31592931306879818  0.32627742560972200
  0.33660100805267296  0.34695858842102717  0.35731072263041569  0.36769927844722877
  0.37808912706016184  0.38851878460104966  0.39896078908335991  0.40940227076275509
  0.41982831580759583  0.43023297474808403  0.44062632517977018  0.45100843760362225
  0.46139672159142869  0.47179414108473650  0.48218016271293712  0.49255991592697268
  0.50292108947789516  0.51329370063416802  0.52367216597179045  0.53406502982000192
  0.54444311059558981  0.55483194512128553  0.56524912582969900  0.57568622176864137
  0.58612632890161354  0.59652751455118447  0.60690536633475056  0.61727993426489158
  0.62765972705675732  0.63805457476826954  0.64844125119929552  0.65883322727139426
  0.66925053612633212  0.67967013305680801  0.69008114418795963  0.70047556275265010
  0.71087670317666851  0.72129674736576910  0.73171694913991481  0.74213114973050831
  0.75253880704712761  0.76292691513593514  0.77331282667558598  0.78371000031479465
  0.79413237105844481  0.80456171672895016  0.81495309915095149  0.82533635986615972
  0.83569557280367579  0.84609349431424874  0.85654282986065511  0.86699445543200970
  0.87743723043189192  0.88780402404357872  0.89815642571883170  0.90851805456252410
  0.91888410027095890  0.92929512837621353  0.93968599660995100  0.95007821927295411
  0.96045126013639626  0.97065924455497055  0.98090880463246333  1.00000000000000000
 -0.00251588212203238  0.00946401522666383  0.01961725358954739  0.03013485772449461
  0.04067835107365254  0.05120796168926618  0.06169938251765211  0.07219779446054539
  0.08270620649750858  0.09325823833040649  0.10379282902656156  0.11431979100603044
  0.12482887550234029  0.13537074389197315  0.14590036870290166  0.15644886682226752
  0.16702074009669990  0.17761195130342111  0.18818248419726413  0.19870684468615715
  0.20925624618285973  0.21978770647401794  0.23032216720700249  0.24081004164998726
  0.25133359476622824  0.26187476324252190  0.27243822034793269  0.28297490370045608
  0.29351251647496746  0.30406083778623022  0.31459070994117838  0.32512945789270981
  0.33564142697916310  0.34621012883457036  0.35677377141908712  0.36733141922391127
  0.37788046285824028  0.38842834556106243  0.39899145582144746  0.40956120265444940
  0.42010611060012926  0.43067607497904836  0.44125238864094501  0.45185292978660441
  0.46242351699175777  0.47294391289749244  0.48343203091852266  0.49396136441130661
  0.50449681858785966  0.51500017049126501  0.52547346099264947  0.53598693808732045
  0.54652332551679728  0.55710701677076446  0.56767274733060569  0.57827848224266631
  0.58887612968833447  0.59944843934815162  0.61004387909232338  0.62060311269128632
  0.63115165281850061  0.64166607085597893  0.65218895247500464  0.66275385383719565
  0.67335131549435845  0.68390764991648678  0.69443071171251858  0.70490163031043440
  0.71540128503290046  0.72591288289920297  0.73642812508000133  0.74693732887331676
  0.75743363350121906  0.76793686980253884  0.77843326186618422  0.78896820302107695
  0.79952407004738146  0.81010236705548710  0.82070735408126272  0.83132928229298286
  0.84191561770770451  0.85243951583111222  0.86298952054073230  0.87357368838782201
  0.88418544028859292  0.89468587966393598  0.90519225473209985  0.91566777960286172
  0.92616612355320427  0.93664714318061060  0.94717371983980669  0.95773232762720650
  0.96829739592059016  0.97882954862258920  0.98942244509465227  1.00000000000000000
 -0.00235493494160717  0.00961853236525719  0.01979699181270126  0.03025637729776529
  0.04074877699289790  0.05131782378814891  0.06196256847397166  0.07262071655830350
  0.08325797284650913  0.09382812841123969  0.10439183935482635  0.11488933665774788
  0.12540139372952053  0.13587931623776522  0.14642319908151205  0.15699422856228260
  0.16758291139317133  0.17814129919167757  0.18870552213529942  0.19932263113415885
  0.20993356664374335  0.22051722145077049  0.23110481778826372  0.24171208626206231
  0.25229758001120828  0.26281854207311989  0.27330220592653343  0.28380914121884332
  0.29433170947808684  0.30488746668845845  0.31545760415673202  0.32601569170401162
  0.33654343853128699  0.34708568578547039  0.35766272966406387  0.36821387952542056
  0.37875849375209675  0.38926827900810435  0.39984198576523583  0.41039639289831759
  0.42093332691762647  0.43144824113543462  0.44197997726829047  0.45254057421507837
  0.46309602090842672  0.47367519795622914  0.48421484145046551  0.49474459947818444
  0.50523803769770692  0.51571909270739325  0.52626423981201842  0.53677815775228044
  0.54737610138686044  0.55790743178558755  0.56846750727999329  0.57897687154055466
  0.58951070490821922  0.60003106717103794  0.61054959001041986  0.62104030299990853
  0.63153719878480752  0.64201648253871091  0.65255941060450173  0.66307601332943755
  0.67366866009342741  0.68418180628456027  0.69472168786019450  0.70519969399273363
  0.71565645244370002  0.72610662189175312  0.73661134205050505  0.74716140091512562
  0.75773663597517982  0.76828886582003497  0.77882020488136328  0.78935407644339606
  0.79988408928760002  0.81041120188827620  0.82092906646660890  0.83147867882611526
  0.84203191941323841  0.85259466231487546  0.86309746979529389  0.87363226760484680
  0.88415062663668997  0.89469033028900224  0.90520310865734843  0.91572063564797423
  0.92623369574959902  0.93674989326437152  0.94728668538035188  0.95779482628550416
  0.96829903394777861  0.97882086399216073  0.98938831638181102  1.00000000000000000
 -0.00232708094654182  0.00946329318519797  0.01959968106272215  0.03012381134540373
  0.04070456701034637  0.05127938703114929  0.06183051312776381  0.07239762935823085
  0.08296162047615864  0.09353110231103198  0.10405923493352993  0.11460341160100922
  0.12514239803351054  0.13564911653056763  0.14610796804788667  0.15655049715387467
  0.16704138596940246  0.17754741297094589  0.18806154522286456  0.19856762670955166
  0.20912884927720704  0.21972479628183864  0.23031853918144260  0.24086529537912610
  0.25139391652330789  0.26192759830472656  0.27245527686997462  0.28298311127108544
  0.29351979318450705  0.30412434925093018  0.31468760970477450  0.32523659568606250
  0.33572219307684947  0.34624069153957021  0.35680357280911240  0.36740089629763084
  0.37801267507299596  0.38858584133932350  0.39915738674748780  0.40971849523442727
  0.42026602470905777  0.43081704565844475  0.44135814655839561  0.45191890207370489
  0.46244750751552915  0.47301741479587911  0.48356217164025850  0.49411496835162205
  0.50465109648314266  0.51521198901528564  0.52574679145194558  0.53628459791940519
  0.54681703697891570  0.55737501366925268  0.56791192110425426  0.57845653757204185
  0.58894897038108551  0.59946832619278456  0.60994788316573612  0.62047989739791065
  0.63101016388485831  0.64152789214043693  0.65202233497742479  0.66251805529881369
  0.67304337641057976  0.68360189093760426  0.69415546561508346  0.70468697482149578
  0.71523115417643879  0.72575850838314071  0.73631095666853341  0.74684699870979898
  0.75734835351879060  0.76787107102022034  0.77839126622568666  0.78893342483957263
  0.79945607683986675  0.80997440820458988  0.82049099538343584  0.83103189651563936
  0.84156602329647612  0.85209703503148859  0.86261945202483770  0.87317879417229771
  0.88373743058063670  0.89428966000912913  0.90484453633823880  0.91540033957410549
  0.92598135074415699  0.93653972185070500  0.94716173958919703  0.95776875082634227
  0.96839281685541767  0.97895105312476116  0.98949435037363254  1.00000000000000000
 -0.00226777289210879  0.00991510694351217  0.02013082014404088  0.03062272658661694
  0.04115433348368277  0.05172925869402607  0.06227668130291780  0.07278290205270883
  0.08327857066380513  0.09380727940291596  0.10431965914957693  0.11484898962528181
  0.12543403624924876  0.13602026150260005  0.14657557919823058  0.15708047265678252
  0.16760764780359966  0.17814842529846606  0.18867581760830845  0.19921735130516258
  0.20975765161067103  0.22030101869774568  0.23085673455015746  0.24141824919482241
  0.25197317265172214  0.26252132159378927  0.27308629036793003  0.28365596561463852
  0.29423332379066724  0.30472812053124165  0.31520617821106028  0.32564325457218052
  0.33613203384665891  0.34664904772281513  0.35719227885954763  0.36774078203854776
  0.37823480238906432  0.38874609651574082  0.39924693432063202  0.40978447051360095
  0.42032609532993109  0.43088587980964477  0.44145775557295591  0.45200342012715394
  0.46253082599998918  0.47307509119879121  0.48363749709135334  0.49418482936895719
  0.50474525066458609  0.51529433286634496  0.52583898025386877  0.53636460890619764
  0.54688836605600255  0.55741626091082941  0.56796486767940091  0.57850052502665239
  0.58903712056400326  0.59953845332918210  0.61005765206794349  0.62057836784818388
  0.63108829163305902  0.64163958843968527  0.65221847008271450  0.66282932143888762
  0.67335198503326910  0.68390053177698051  0.69443385789559831  0.70498002810754623
  0.71551912807380447  0.72607227155235432  0.73666319762815025  0.74719059678326094
  0.75770347852855613  0.76822124646009848  0.77876394725738218  0.78930099348008842
  0.79986967630558159  0.81039207856485374  0.82094295307499088  0.83146543732316625
  0.84204838676829386  0.85262031445819408  0.86315110251636917  0.87364239984011582
  0.88409246676894249  0.89454609249269124  0.90501864986764091  0.91551713429035120
  0.92605098935248953  0.93663786966391216  0.94728053807070767  0.95789723694400664
  0.96844498152169367  0.97893777416122441  0.98945295440786696  1.00000000000000000
 -0.00219390583134382  0.00983026258050052  0.02007168105477916  0.03061674018525298
  0.04111618767037747  0.05161525459670287  0.06214773228019874  0.07269632279289626
  0.08326791806955200  0.09381501276881515  0.10436470539037328  0.11489694808221668
  0.12541847661344899  0.13591107329673602  0.14644467312375148  0.15698579593386350
  0.16753171677822740  0.17804410551742320  0.18854997517825192  0.19911200319858405
  0.20969341833628116  0.22027525482717311  0.23085402342915118  0.24132632042188007
  0.25180303431049000  0.26223859847873482  0.27272782485677749  0.28322008925869502
  0.29373383790767993  0.30431349349966802  0.31490755451326141  0.32553481762044134
  0.33614548561485585  0.34674901633698024  0.35732566040660446  0.36787737527982878
  0.37845941158237434  0.38902086987977397  0.39957372536390690  0.41012115152510281
  0.42067710883007997  0.43123289379215457  0.44175289144446939  0.45225498817278981
  0.46278303138532467  0.47330140843487989  0.48382640925718118  0.49435294426441301
  0.50490458653244186  0.51545709689269104  0.52597790313496318  0.53649895899529743
  0.54705798118892623  0.55760598956509200  0.56815373952525217  0.57867271737201664
  0.58922502791506781  0.59976188443673917  0.61028114325299854  0.62080006964235590
  0.63132357464008204  0.64184495697201194  0.65235595256572465  0.66286174692575839
  0.67336008174551232  0.68388421840618052  0.69441307965203403  0.70498446100157697
  0.71553928651984644  0.72609243460084483  0.73659645568254228  0.74714489754571778
  0.75771080089039300  0.76832519115953413  0.77885400420851758  0.78937208720587215
  0.79988061615544859  0.81041534118253411  0.82092811160779389  0.83140225910720056
  0.84189158080853488  0.85242028134312253  0.86302501877668303  0.87356808820429133
  0.88410406735389280  0.89458818006143137  0.90513368246928516  0.91563021216975582
  0.92613384118202302  0.93666468496852773  0.94723340936720579  0.95782424365087759
  0.96837805846359193  0.97894920267054419  0.98947437598649224  1.00000000000000000
 -0.00250831782809848  0.00971596542221757  0.01990837308999910  0.03040014855252334
  0.04090738157410796  0.05141985417997186  0.06193816608519112  0.07245391574039982
  0.08298791329795996  0.09351785095178604  0.10404213606468095  0.11457470664283585
  0.12511863501332535  0.13567219927277646  0.14625567474491810  0.15683753115406929
  0.16743304856382218  0.17798807451976409  0.18853504860491482  0.19907821691598704
  0.20962927598926540  0.22018148891591119  0.23070609377164703  0.24122290799005167
  0.25175337951835169  0.26231358083236644  0.27283467722375998  0.28333032413446696
  0.29388072149474143  0.30447323999576842  0.31506074447878257  0.32560922116665997
  0.33618373793752226  0.34677415642756076  0.35736381720342014  0.36787938777720885
  0.37837750872586495  0.38890162301102443  0.39945489621073527  0.41003898124592308
  0.42059872667314424  0.43119953006756295  0.44180532450261684  0.45235199819713728
  0.46286404778430629  0.47334386169854692  0.48385633904051895  0.49438387280615731
  0.50492144853598497  0.51544359924261374  0.52596808027231401  0.53651746616070928
  0.54708549902692238  0.55764174830792934  0.56818086933736756  0.57872643378708433
  0.58924687497464256  0.59976076663326072  0.61027483846387531  0.62079981796823813
  0.63132353866911206  0.64187377894872721  0.65239913442443087  0.66289436692370707
  0.67337471937422377  0.68393375626064823  0.69453098402364843  0.70511651115589369
  0.71562897066945541  0.72612570520507436  0.73663168935483192  0.74722664024901031
  0.75784188603974378  0.76843295699219216  0.77895667627437437  0.78951348089729534
  0.80005545843120696  0.81060852818519391  0.82112177472529069  0.83166379426533121
  0.84224115328280691  0.85285455047180203  0.86342833538615349  0.87395051742527086
  0.88443883549377467  0.89493695081648172  0.90549440368226697  0.91604562152247271
  0.92659270599903920  0.93711227028094946  0.94760918621844503  0.95814251111870319
  0.96860119172195513  0.97910657090696918  0.98955473040846553  1.00000000000000000
   6.4268781269726501E-018  -1.0000000000000000     
 F F F F F F F F F F F F F F F F F F F F F F F F F F F F F F F F F F F F F F F F F F F F F F F F F F F F F F F F F F F F F F F F F F F F F F F F F F F F F F F F F F F F F F F F F F F F F F F F F F F F F F F F F F F F F F F F F F F F F F F F F F F F F F F F
  <DiscreteSampler_grid>
  grouped_processes
  1 # 1 for a reference and 2 for a running grid.
  10 # Attribute 'min_bin_probing_points' of the grid.
  1 # Attribute 'grid_mode' of the grid. 1=='default',2=='initialization'
  0.0000000000000000 # Attribute 'small_contrib_threshold' of the grid.
  0.5000000000000000 # Attribute 'damping_power' of the grid.
 # binID   n_entries weight   weight_sqr   abs_weight
    10   10   2.963187624667018E-002   2.827220238110153E-003   2.963187624667018E-002
    11   10   2.963187624667036E-002   2.827220238110180E-003   2.963187624667036E-002
  </DiscreteSampler_grid>
