  0.00955529229005909  0.01572935276949421  0.02495022418040382  0.03573081260097795
  0.04607979934007125  0.05645973829295538  0.06684614042772556  0.07724088809318840
  0.08763640224848360  0.09804098800785359  0.10845401212799047  0.11886962247014808
  0.12927327952564865  0.13965858630375275  0.15004548647190996  0.16042845514705889
  0.17080730989168438  0.18117560861063714  0.19155217429644894  0.20191349562168684
  0.21228016786871459  0.22264427707213361  0.23304041587284260  0.24342580694258587
  0.25379504035202821  0.26415707819708695  0.27452962921532098  0.28491192834038526
  0.29528763813077669  0.30564460850010944  0.31598930654234531  0.32633755152863181
  0.33670738439150288  0.34709813220246521  0.35749512710799586  0.36788158943272736
  0.37827142270054959  0.38864915634834685  0.39903381633727814  0.40941330614072852
  0.41979557432511283  0.43018096498410979  0.44055895239358717  0.45095103644206130
  0.46134288971847359  0.47174691273566643  0.48214457670951022  0.49253777137078003
  0.50291754895493956  0.51329138915015327  0.52365395691301575  0.53401100477698638
  0.54437212328306717  0.55474931074292566  0.56515560552668576  0.57556729169754695
  0.58596564716993460  0.59633820540201676  0.60669800896234694  0.61706057949027648
  0.62743659340841351  0.63781613737393250  0.64819520751947957  0.65857536539949046
  0.66895659365940041  0.67934805310500446  0.68973585029542761  0.70012772577004656
  0.71052623155550809  0.72092097564072899  0.73131730045283194  0.74171472079639922
  0.75210955318699768  0.76250011301138054  0.77287943151420224  0.78325593849941655
  0.79363271694544280  0.80399176026235852  0.81435614922888744  0.82472790913429705
  0.83511524457847797  0.84551353440497379  0.85591625561972706  0.86633502562230236
  0.87672938076587970  0.88711194801300142  0.89748849119859964  0.90786723775161082
  0.91824953251158692  0.92864540214500579  0.93904381985162177  0.94943540527121040
  0.95981360949618144  0.97017134214825540  0.98054235630133846  1.00000000000000000
  0.00950797919772782  0.01576801119846821  0.02489885718085599  0.03572147695688659
  0.04609954716293133  0.05648925225251429  0.06685710738879048  0.07724235336115798
  0.08764391566902142  0.09805270105052054  0.10846330051014372  0.11887836882989683
  0.12930503381442796  0.13971786246250412  0.15011265604851837  0.16049456948790780
  0.17086527253600642  0.18124592831668274  0.19163056254746436  0.20200415086784643
  0.21235526887169826  0.22270053776518137  0.23304881673137734  0.24340722850660265
  0.25377194362119682  0.26416361556151452  0.27456671647762920  0.28496953091890287
  0.29536596197722320  0.30575690436401542  0.31615746113125964  0.32655358680548952
  0.33694184767713586  0.34732009268948605  0.35769150081262602  0.36808588536311909
  0.37848417009639357  0.38888540369107344  0.39927088958520895  0.40966049603207094
  0.42005801577311913  0.43045461755907977  0.44083606278605247  0.45121207828436760
  0.46157793401811265  0.47195309183354883  0.48232612518530465  0.49269768771586536
  0.50306431209262636  0.51342613576027396  0.52380396497273496  0.53418724121511973
  0.54457304770416948  0.55495952053517761  0.56534243400985607  0.57573037386446235
  0.58610527255230871  0.59647604920790387  0.60684864887551482  0.61722683079085028
  0.62760796030724553  0.63798160290799399  0.64835072863038679  0.65872374570512848
  0.66909932716261977  0.67948154708535247  0.68987324609285250  0.70025909069737557
  0.71064187226767273  0.72100376837915103  0.73135059401868163  0.74168779508009253
  0.75202690636390146  0.76238785329817294  0.77275714880186386  0.78314070729989826
  0.79354338021079318  0.80394712624561193  0.81435798458735376  0.82473641464083269
  0.83510659877173210  0.84546230543872836  0.85581236639588243  0.86617559206278216
  0.87655203884798483  0.88693919167450508  0.89734604459265377  0.90775659446205847
  0.91819234588545451  0.92862240388503481  0.93905054196144722  0.94944533411953858
  0.95983097293352637  0.97018091122797412  0.98054114395294190  1.00000000000000000
 -0.00244069261540569  0.00956437046901105  0.01973915396262300  0.03027127977117395
  0.04082422600566420  0.05137210498820025  0.06190415750030058  0.07242871249899466
  0.08293392481137021  0.09345541636257558  0.10398155347605659  0.11453487650071864
  0.12509555166780759  0.13564946037138242  0.14618547432940637  0.15672070037208066
  0.16724874402216480  0.17778183902941500  0.18831346851848618  0.19887400286564272
  0.20944925776324869  0.22001221837115678  0.23057296685039874  0.24111273033566413
  0.25165499021811194  0.26217132750127325  0.27272258039895381  0.28330589992255051
  0.29388911896699532  0.30445050004445162  0.31497182401200363  0.32550158134436846
  0.33601968744506222  0.34656172004424574  0.35710548218567145  0.36764520904039205
  0.37820071339057082  0.38876133634370746  0.39931574825578692  0.40983335840442781
  0.42035647342781512  0.43090414487005352  0.44147445457425327  0.45202379106506402
  0.46254826486807882  0.47305960805659303  0.48357060096510524  0.49409468603746082
  0.50460653330484928  0.51513142720439919  0.52567359809559522  0.53621860918372743
  0.54676946640693835  0.55730241419532400  0.56784198930626784  0.57836878650819123
  0.58889558778348150  0.59945168634901047  0.61000971012477512  0.62056532365382311
  0.63108903887251699  0.64160295767598408  0.65215573111221781  0.66270512803136272
  0.67325725812697734  0.68378839275768355  0.69434396441421131  0.70491279290765529
  0.71544414493472119  0.72596552772165135  0.73649564017914992  0.74706219133610818
  0.75758235722314837  0.76812873157579964  0.77865168027670184  0.78920919071253659
  0.79971943662999456  0.81023876178531340  0.82076212300307338  0.83132553893450845
  0.84189826501981779  0.85247774769748375  0.86302417888290117  0.87354807734901974
  0.88407213975627474  0.89458193935481489  0.90508971703259911  0.91560493044817182
  0.92612735283645786  0.93670157464813142  0.94727104497477677  0.95784491904241653
  0.96837697481527596  0.97892624416568286  0.98946562064439569  1.00000000000000000
 -0.00252832834143145  0.00953781302008024  0.01971445108551505  0.03023334768986839
  0.04077694874155041  0.05130420300904789  0.06182867048627078  0.07236460324358281
  0.08290240071563189  0.09342114769914346  0.10392168923180267  0.11443095213080060
  0.12497378590522688  0.13553709394795357  0.14609223311067573  0.15661929366962996
  0.16715280175185568  0.17769858755257245  0.18826193548033421  0.19881131072987324
  0.20937342284820007  0.21991583796362371  0.23048800392098304  0.24103031426453014
  0.25159206367903075  0.26211051586774359  0.27265387026954374  0.28320439481611048
  0.29375335633848682  0.30430307315736499  0.31483512020212895  0.32537909165567347
  0.33588985209738670  0.34641277522743935  0.35694020192213588  0.36749265005067916
  0.37805505855804061  0.38863214756951092  0.39919081321345257  0.40972812567448091
  0.42024855111706644  0.43074636174198738  0.44126180899620882  0.45176786496701427
  0.46229459359153513  0.47281399005264835  0.48333460922385296  0.49387418934071237
  0.50441095687101567  0.51494652995211632  0.52549964886784539  0.53605522835634356
  0.54661648514117034  0.55716039156075226  0.56768620866186403  0.57821629092699967
  0.58876127105253739  0.59931726334571422  0.60990244272437999  0.62046371734923011
  0.63105428625482041  0.64163085169767242  0.65223030373254376  0.66280126293748887
  0.67334408778209087  0.68387513576233216  0.69441079468423250  0.70499044897373508
  0.71554940472114570  0.72612496684201155  0.73667371360121969  0.74723533320480917
  0.75776950016713118  0.76828069787148656  0.77881162648768965  0.78935039385040151
  0.79990487340094196  0.81044564740831104  0.82098659475727953  0.83153090223509063
  0.84204176321271340  0.85253468935894317  0.86303208221171024  0.87357321339014060
  0.88414952408567826  0.89469532191853240  0.90519789560989183  0.91569168560700331
  0.92622291055451733  0.93678908294580021  0.94734738231982996  0.95788808642423851
  0.96840884026975504  0.97892537901849452  0.98945616133387038  1.00000000000000000
 -0.00247757231386569  0.00951724635019554  0.01966835350816359  0.03018074344802421
  0.04071035165587751  0.05125001390385155  0.06178034944268452  0.07233315340790883
  0.08283033748966119  0.09336095195554545  0.10387201224482527  0.11444229205854056
  0.12498707118493046  0.13553425682909087  0.14604389079317259  0.15654924967691536
  0.16707705245578164  0.17761386010186370  0.18815155248733095  0.19867418183108232
  0.20920808208902941  0.21975559168901301  0.23031031337990840  0.24086882888062547
  0.25141440566687412  0.26196083182350943  0.27248458564157929  0.28301242860557241
  0.29353640992636848  0.30409122721330906  0.31463846799828488  0.32517982734556183
  0.33571057789969350  0.34624802994258413  0.35679800677587475  0.36733785699726945
  0.37789856220336210  0.38845847122983324  0.39900403291369091  0.40953414027921903
  0.42007831458325073  0.43063339964071967  0.44117576859184676  0.45168974841852605
  0.46220634674123279  0.47273488445143763  0.48326450791916736  0.49378880212110338
  0.50430580370099498  0.51482677090016660  0.52536622546266531  0.53591735628332704
  0.54648046329194166  0.55703884229842660  0.56756371157676377  0.57807708547637027
  0.58857218885979412  0.59908522423492006  0.60961103516544290  0.62017044160243406
  0.63070314654243209  0.64123747388795738  0.65176838342357979  0.66231381849309900
  0.67286490457788373  0.68339235427723999  0.69395015944895766  0.70443897853640225
  0.71494700953751511  0.72546474808440276  0.73604087721779277  0.74658998613740357
  0.75712304753195403  0.76764675919012426  0.77820382800820842  0.78874874444376653
  0.79930468207608485  0.80986258827362301  0.82044166347848191  0.83102182736814267
  0.84160395380670561  0.85216163822329249  0.86268659648883717  0.87322399386797511
  0.88376184123332335  0.89434441101727136  0.90490578870595917  0.91547773990690429
  0.92603331297006464  0.93657048113311003  0.94712097405418483  0.95765418198612462
  0.96823086920450363  0.97881528485639246  0.98941665585880811  1.00000000000000000
 -0.00234784995257827  0.00954386619597223  0.01973337647445388  0.03027798414601413
  0.04086363013574280  0.05141039752285644  0.06193984870543176  0.07245265366990714
  0.08295422618056747  0.09346411622331768  0.10398684053780988  0.11453002208507763
  0.12508934530352886  0.13564389849482894  0.14620917586261836  0.15679165323962246
  0.16736481973359671  0.17795292239144755  0.18849367164673883  0.19903332637850146
  0.20955526710649908  0.22009012658915736  0.23064175911181414  0.24118130163011214
  0.25175464080483162  0.26233365143100279  0.27291438528833101  0.28347719971531105
  0.29402373708813762  0.30459887512870243  0.31517550223917568  0.32576326777375419
  0.33632292526090901  0.34684197867483502  0.35733378076498390  0.36780350164698922
  0.37830101815073347  0.38879667350371816  0.39932565855758589  0.40986525404119228
  0.42044268852739181  0.43096814223556729  0.44149240373181853  0.45199953289305977
  0.46256063439317263  0.47311763623363751  0.48367027317474964  0.49419996446964065
  0.50471537401623634  0.51523655068165197  0.52578759049787638  0.53635330330409514
  0.54691573577239738  0.55746095073275193  0.56802326660001723  0.57859067180499291
  0.58914122451020479  0.59968704587618415  0.61022645324513247  0.62078052844577691
  0.63130602459658614  0.64184215291640101  0.65237699023031059  0.66294285609552284
  0.67349974174802407  0.68405107398968390  0.69457280904731356  0.70511248176349661
  0.71564193477070104  0.72619863773101700  0.73671814667230440  0.74722995679428350
  0.75772212733805333  0.76822459567626122  0.77872225434681719  0.78922394674212704
  0.79972375937711415  0.81025352276152718  0.82081440729186517  0.83136908819916899
  0.84190507224155764  0.85240814310875213  0.86290405846980200  0.87342418778326159
  0.88395143395894293  0.89450512268876137  0.90503866059593563  0.91558600024991399
  0.92614526681167975  0.93671409413229756  0.94727005717071500  0.95781263833539565
  0.96834226925270961  0.97889758895113832  0.98943755172463388  1.00000000000000000
 -0.00245977727292610  0.00971287445428838  0.01993691303634449  0.03050240277255360
  0.04106753533056501  0.05163419238758045  0.06217127834166496  0.07270420447819091
  0.08322906699610765  0.09375030816416494  0.10427532490633942  0.11477083065659134
  0.12526077071642558  0.13572620276493674  0.14623538226866220  0.15678692696499671
  0.16736959379034905  0.17794916867182603  0.18853399568969703  0.19910662467970375
  0.20965902569928863  0.22018711485908649  0.23071304782665036  0.24123446804119900
  0.25177337199923117  0.26230715285929146  0.27285749131742409  0.28340235969228039
  0.29393281449206038  0.30447117182617683  0.31498527012490529  0.32554658016618043
  0.33609049884486575  0.34663080427310422  0.35715944282258055  0.36769179113373784
  0.37822780720140503  0.38876921050131830  0.39933273453967100  0.40988631362220851
  0.42043328218357195  0.43096741596563026  0.44153490776347581  0.45208489138103830
  0.46264319438742318  0.47319585599372693  0.48374133657214180  0.49426696757102578
  0.50481189168988350  0.51537790837426456  0.52594556230710254  0.53648530626743951
  0.54701495470995731  0.55754746545897882  0.56804824727782810  0.57856035946262185
  0.58908282886811925  0.59965744680666100  0.61022213023422978  0.62076634463616120
  0.63127957696421577  0.64180673760626106  0.65236396583945389  0.66293572763112263
  0.67351214819638572  0.68405446021846561  0.69458181885483972  0.70509186238125487
  0.71562324441835268  0.72616554590052740  0.73671555334590100  0.74725435823121977
  0.75778896284672015  0.76833080181853664  0.77886773947114962  0.78940419053909427
  0.79991570377305798  0.81043735386412508  0.82095380688896280  0.83146338762818517
  0.84194861324069514  0.85244513318767168  0.86293086992462675  0.87344404387578867
  0.88396331498715153  0.89452441351146450  0.90510673336622527  0.91569537347858487
  0.92623669634957717  0.93675484105154816  0.94727178699711978  0.95782098263683757
  0.96838797614901551  0.97894188249532388  0.98948305726822550  1.00000000000000000
 -0.00247012224350149  0.00949149644899274  0.01964788115963239  0.03016327474359298
  0.04071425755705277  0.05123487971017515  0.06177957363567364  0.07229076941143590
  0.08280416604979400  0.09328576806844914  0.10378666296470671  0.11431121730741339
  0.12486328868537605  0.13542229968714140  0.14598839724657714  0.15656555733461544
  0.16713088708225060  0.17766545229392522  0.18819066473892487  0.19870879825894472
  0.20926201259736246  0.21980273111184079  0.23035056040282800  0.24085910319422901
  0.25137116210889204  0.26189033624532659  0.27241766868913880  0.28295238116533150
  0.29350882599455830  0.30408529831097275  0.31465667337275433  0.32520521598309554
  0.33574667732119789  0.34630751527345455  0.35688475104093115  0.36747016654428566
  0.37803266622204029  0.38858710314432499  0.39912684502049095  0.40967694740771626
  0.42023178888410539  0.43080819985042418  0.44136169951503734  0.45191816295641635
  0.46246946640172765  0.47302754377374834  0.48357965803039804  0.49411485522513154
  0.50467247228848455  0.51522141395899557  0.52580212663427051  0.53635117298814972
  0.54690337313603721  0.55745342065677927  0.56803234405120462  0.57861238233508172
  0.58916621671592662  0.59972443396899633  0.61028139696632688  0.62084170020886786
  0.63139432104591287  0.64194983039607356  0.65248524322201651  0.66299900316348270
  0.67346474106585896  0.68395125712443383  0.69445074595402712  0.70498561293759199
  0.71551447246691879  0.72601619493090830  0.73651760644601505  0.74702835428166137
  0.75756751982573312  0.76812607027558255  0.77866975399714655  0.78924761663892606
  0.79981701800765526  0.81040226716781172  0.82092143477878787  0.83144847582199422
  0.84197207945100638  0.85252016789029794  0.86305777935757355  0.87359355896277324
  0.88412078145270978  0.89463563886019926  0.90517299908057947  0.91572588585325787
  0.92629719799109689  0.93680455504605531  0.94733531049805064  0.95786381712413127
  0.96842491097935113  0.97896381037153324  0.98947833250589079  1.00000000000000000
   1.5503601014189494E-002  -1.0000000000000000     
 F F F F F F F F F F F F F F F F F F F F F F F F F F F F F F F F F F F F F F F F F F F F F F F F F F F F F F F F F F F F F F F F F F F F F F F F F F F F F F F F F F F F F F F F F F F F F F F F F F F F F F F F F F F F F F F F F F F F F F F F F F F F F F F F
  <DiscreteSampler_grid>
  grouped_processes
  1 # 1 for a reference and 2 for a running grid.
  10 # Attribute 'min_bin_probing_points' of the grid.
  1 # Attribute 'grid_mode' of the grid. 1=='default',2=='initialization'
  0.0000000000000000 # Attribute 'small_contrib_threshold' of the grid.
  0.5000000000000000 # Attribute 'damping_power' of the grid.
 # binID   n_entries weight   weight_sqr   abs_weight
    10   10   1.235752628640509E+013   7.722367438578566E+026   1.235752628640509E+013
    11   10   1.235752628640515E+013   7.722367438578593E+026   1.235752628640515E+013
  </DiscreteSampler_grid>
