  0.00959054042776450  0.01555862046952797  0.02481658040382718  0.03557843513783304
  0.04592467970247757  0.05628870054863015  0.06664369481953035  0.07699983488336223
  0.08736779673691826  0.09776430849695017  0.10814048264033614  0.11851809671646556
  0.12887407336499043  0.13923527440512765  0.14959616942423881  0.15995994351113188
  0.17034237328064508  0.18072744323578627  0.19112284601795407  0.20150422868879686
  0.21188141581890085  0.22224328113104080  0.23260565963674421  0.24297655020573639
  0.25333983531156867  0.26371072799078926  0.27408482009375440  0.28449257511052928
  0.29489661137555218  0.30528796379843243  0.31567149549251650  0.32606766533709935
  0.33646457280756031  0.34685090615588876  0.35722794375951245  0.36760977962315006
  0.37799805754413179  0.38837231946793094  0.39874983809391557  0.40913032274379180
  0.41953437743652999  0.42994673293406038  0.44035505878864512  0.45075189102483898
  0.46115456614329281  0.47156110087805192  0.48197348228040016  0.49237142812379681
  0.50277195380753070  0.51317198421067134  0.52357761045477968  0.53398158958530972
  0.54437909861013978  0.55477332797077272  0.56517218009347792  0.57558364000045992
  0.58599453041018235  0.59638955800129390  0.60678161543014941  0.61719073133009861
  0.62761397936860996  0.63802198052115711  0.64840852862250331  0.65878950031166428
  0.66918257712254658  0.67958086190099976  0.68996221545188097  0.70032341731038950
  0.71066991682638170  0.72103048953321958  0.73141261953179126  0.74182209013671452
  0.75223679558791523  0.76264823903435008  0.77305835545733337  0.78346253588570791
  0.79385785549539878  0.80424907712134919  0.81463096948052349  0.82503104315223641
  0.83542262887472241  0.84581478069330041  0.85619301461959474  0.86655567881208462
  0.87691716247226137  0.88728877221550695  0.89767682052136311  0.90807808180267435
  0.91845894608749290  0.92884649394678998  0.93922119594194309  0.94961556986565132
  0.95999044083741858  0.97032036867813498  0.98063403105660751  1.00000000000000000
  0.00956963326268738  0.01578990961080620  0.02498548864914714  0.03575748361092690
  0.04609013529600301  0.05645529358564129  0.06684006456221292  0.07723536554744022
  0.08763496913448382  0.09804038358173339  0.10844123557670843  0.11882845659408446
  0.12919755920717260  0.13956915636650916  0.14994649637397225  0.16035673578679094
  0.17075039181712431  0.18112049220590326  0.19147624024876658  0.20185665386458451
  0.21226783193741758  0.22266772587180139  0.23305428984598828  0.24344905286176996
  0.25384014905074465  0.26423542947834905  0.27462782134065511  0.28503154236729544
  0.29543149360196030  0.30581731054863892  0.31620084730364489  0.32657463419427507
  0.33694887815789865  0.34730625153231814  0.35768376667847884  0.36807434691503721
  0.37848042717933844  0.38886445767792682  0.39922827927831972  0.40958811398473910
  0.41995152275703646  0.43032548704703749  0.44071069622557985  0.45109784940535819
  0.46148449540796349  0.47186216301432632  0.48223919892617778  0.49261157048071885
  0.50298931513789635  0.51338395894321398  0.52376709890280948  0.53413014590206276
  0.54448225493102476  0.55485607168357320  0.56525580433488276  0.57566076389333265
  0.58606190422481186  0.59645569746237004  0.60684517605033172  0.61722583666269637
  0.62759455674654874  0.63796563951109031  0.64836030457915572  0.65877256583430199
  0.66916475506463569  0.67952634815132218  0.68988361446676671  0.70025740339024622
  0.71064859869424879  0.72104669574498126  0.73143991091517535  0.74181749198184266
  0.75218062085232906  0.76254577548510050  0.77292497157833973  0.78331010101399312
  0.79369385400992853  0.80406907011998052  0.81443761699551664  0.82480940742157538
  0.83519962610266341  0.84559330568411417  0.85597884346613462  0.86633912208148767
  0.87671606260027157  0.88710418847391803  0.89751343104880366  0.90791569523020821
  0.91830860803812975  0.92869284926010598  0.93906691140291465  0.94943589180166921
  0.95980608241673271  0.97015692252410834  0.98052639173584766  1.00000000000000000
 -0.00241696754091521  0.00975172510275123  0.01999181501659572  0.03053156272421036
  0.04110950127184219  0.05168152292681712  0.06224031074591303  0.07280009623214564
  0.08336149514165821  0.09394480657171345  0.10450291544344327  0.11506877323355777
  0.12562528312543811  0.13618338931681145  0.14675798289646169  0.15732604958699112
  0.16789418229552761  0.17843207344478715  0.18896186834033527  0.19948585802564778
  0.21002218114440491  0.22055005099341379  0.23109340970230219  0.24159611546238813
  0.25211430616275637  0.26265398884946795  0.27322938492648458  0.28378523216520385
  0.29432251013363747  0.30485749188742112  0.31541561836990883  0.32595953443151288
  0.33650548657615387  0.34703274396426770  0.35754883161054601  0.36807193150130280
  0.37860663546114309  0.38917019572419420  0.39971621947069524  0.41024627111955275
  0.42075771784726756  0.43127464276228772  0.44181785518310651  0.45237435473681320
  0.46291978378270277  0.47344505396933562  0.48392730960667601  0.49441871095086676
  0.50490629652210717  0.51542378964249225  0.52593424399230249  0.53644920227972093
  0.54699091674636680  0.55752389854859830  0.56805089942237164  0.57856783079635987
  0.58910183939018457  0.59963890428098465  0.61016825843647382  0.62068770934909678
  0.63120907318260966  0.64172485483457475  0.65224161151611382  0.66276365390078695
  0.67330617973046936  0.68387001832834848  0.69443701120290735  0.70498691413199777
  0.71551335108569825  0.72605752827918113  0.73661897893071637  0.74720284464962428
  0.75775707896190714  0.76829884660409575  0.77881416017817851  0.78931826630357271
  0.79981001636418481  0.81030713312206226  0.82085049195698567  0.83140450794470533
  0.84196598964651292  0.85252254362290525  0.86307026472261861  0.87362411560587006
  0.88415446640752871  0.89471338908835074  0.90525731337910731  0.91579800874501949
  0.92632702000519962  0.93689882807651836  0.94745041327605473  0.95799916428373733
  0.96847908771869562  0.97899291960848200  0.98948722257586108  1.00000000000000000
 -0.00247490638406511  0.00955036275676030  0.01970400619353647  0.03019338729771213
  0.04071445640871422  0.05123910483732152  0.06176451950510728  0.07230301855809831
  0.08285322301070948  0.09340168099236225  0.10393096394144662  0.11445884141280981
  0.12499553950114997  0.13556894247723969  0.14614175186968181  0.15671016843835392
  0.16727800035671239  0.17785326123610162  0.18842517961007615  0.19896660120021098
  0.20949973731539515  0.22003092845724140  0.23055119969543339  0.24105210959006396
  0.25157191395478545  0.26212154920479430  0.27268183802855611  0.28324188619661222
  0.29377799875840521  0.30434568950223034  0.31490222921747635  0.32546744741487299
  0.33601156717532971  0.34654241622546139  0.35706822963257517  0.36761561685436811
  0.37817410981228067  0.38876902618958525  0.39935177322227056  0.40994814995594780
  0.42052112457128454  0.43108850797045645  0.44163739610029457  0.45219309769322386
  0.46272682091260325  0.47325273133156615  0.48375781214783548  0.49427790614483569
  0.50479068048290265  0.51531613835101453  0.52583787633465773  0.53637219366320588
  0.54693018964487539  0.55749524315937715  0.56806292971920258  0.57861228138466103
  0.58914055417326316  0.59968069024225223  0.61021878370139826  0.62076268977569926
  0.63129570384685418  0.64184010846772477  0.65238726503065170  0.66292201031753217
  0.67345214382092000  0.68398601468045617  0.69451031032103261  0.70503887222762918
  0.71554117963743735  0.72608681264935859  0.73661177384168675  0.74718380230999470
  0.75772382953753381  0.76825570304222623  0.77876113351412313  0.78929305053789511
  0.79984982543699601  0.81040823759864289  0.82096464651696299  0.83151941011260910
  0.84207755102320347  0.85261146950212086  0.86312603966306012  0.87363801910519490
  0.88416254893314206  0.89469238885749214  0.90522704339674076  0.91577057739192724
  0.92631178467870112  0.93684062931401413  0.94736393478339187  0.95791599707957575
  0.96846119699114386  0.97898359389757617  0.98949276992856527  1.00000000000000000
 -0.00249876675398510  0.00958326822948492  0.01976337681769870  0.03024983858322230
  0.04077237381380884  0.05131809757717198  0.06187923023372521  0.07242462769812068
  0.08294228544669829  0.09348838635979773  0.10405672908590975  0.11463901760372311
  0.12518950115128955  0.13572079398284162  0.14626793340309180  0.15681128956700280
  0.16738767725065801  0.17795386539430538  0.18854501853951103  0.19909355255997169
  0.20966550444531976  0.22021340667090253  0.23076074956282130  0.24127391922153341
  0.25178925629973803  0.26233122284229060  0.27290244926097273  0.28349000770378496
  0.29406461324807054  0.30459516187916502  0.31509151941417313  0.32557941086608744
  0.33609189890670521  0.34663306400124794  0.35719442006280366  0.36774904970674022
  0.37829431383641871  0.38883974689059075  0.39938252414201836  0.40992694451288142
  0.42046332019018001  0.43099479556963805  0.44153657603119728  0.45207393924881972
  0.46261425456146399  0.47313577023660108  0.48367166297436193  0.49421620059955218
  0.50475867618374526  0.51527928017412616  0.52579918825290561  0.53634276096585398
  0.54688909287067444  0.55743148887782878  0.56795914541161274  0.57849072914165789
  0.58901818080375634  0.59953229908266559  0.61004267691621961  0.62059949325455388
  0.63117321984094066  0.64176286438010610  0.65230082620662133  0.66284724842200515
  0.67337855542402525  0.68394184820300308  0.69450081874514114  0.70506112203349280
  0.71558719428076734  0.72607284155264828  0.73658046507813391  0.74707669343623284
  0.75760144957510889  0.76811796117623021  0.77865072716849604  0.78917218039519410
  0.79968739163060376  0.81019266338703411  0.82071026671799985  0.83122986908819030
  0.84175105058437438  0.85230781973879632  0.86285026190835323  0.87339429379216982
  0.88391555622500118  0.89446562572418231  0.90503258199750292  0.91561534110442133
  0.92619189295169180  0.93677716043802595  0.94733983830482382  0.95790942076012664
  0.96845978516594067  0.97900338498468420  0.98951139887105399  1.00000000000000000
 -0.00250908373980207  0.00954389199356785  0.01973021591195737  0.03025775572771145
  0.04079188633509081  0.05131758836000983  0.06184979293871940  0.07239331645500664
  0.08294795546661531  0.09350393787452198  0.10405303962024506  0.11458583745151198
  0.12513963993149640  0.13570090499080664  0.14627221896870310  0.15680875020265858
  0.16734120658136101  0.17786030912634340  0.18840681116905228  0.19894900076588698
  0.20950058352207618  0.22003923428580133  0.23058347419415837  0.24115323034128744
  0.25172353852873663  0.26226625130053882  0.27278299753184965  0.28329469625745701
  0.29382310125764033  0.30435003577207137  0.31490409817977622  0.32544961417454749
  0.33601569904448286  0.34655713744697958  0.35711449894033293  0.36764956592116999
  0.37817995305181978  0.38871582246560898  0.39925454622003376  0.40979848751653913
  0.42035864972414361  0.43091420694325111  0.44148113601667693  0.45202419563539525
  0.46256777332805021  0.47310355439836072  0.48361870976978599  0.49414195746329137
  0.50465009996651744  0.51518732919986554  0.52573819974701419  0.53630132243867656
  0.54685285240025072  0.55738649920399563  0.56793131227651139  0.57848974198788095
  0.58905821557503946  0.59962928011811334  0.61017418300274906  0.62070125955138289
  0.63120290809900148  0.64175442022100004  0.65231892827638360  0.66290336382456716
  0.67344256678061254  0.68397350108482124  0.69452293193286185  0.70505843952478109
  0.71559807786461915  0.72607470610960390  0.73655362007680580  0.74703738575767920
  0.75754850579606381  0.76808022192048109  0.77863672420085295  0.78920092574184475
  0.79975300312191699  0.81027610216381718  0.82078371746264955  0.83132817220041477
  0.84186416315292867  0.85241924602341024  0.86296726691140391  0.87352729381461824
  0.88410492930832207  0.89466715799231056  0.90521702656828307  0.91574846553751199
  0.92627781668885023  0.93682756117428612  0.94734802052525358  0.95788614916021286
  0.96837823694122105  0.97890628509978250  0.98944053945730892  1.00000000000000000
 -0.00223060386220678  0.00969605846525073  0.01986698876136392  0.03037712115600967
  0.04088604415294324  0.05138831903019776  0.06187476761359707  0.07237489880811580
  0.08288726793085122  0.09341508842304666  0.10395771836530900  0.11449178852984611
  0.12499963587871311  0.13550070351434892  0.14599652811675512  0.15652919414729502
  0.16706825966230213  0.17760854452752581  0.18815441550180445  0.19871559834979172
  0.20930484495372795  0.21986159072726233  0.23040198393862538  0.24091436310617387
  0.25143714252803900  0.26195402420590330  0.27248300519487301  0.28302101974748689
  0.29357501146135695  0.30414278802882588  0.31471293510513471  0.32525462847554942
  0.33578781696947663  0.34632366196194730  0.35685890537439663  0.36740074031093628
  0.37791354449770581  0.38843274142408374  0.39895702470817884  0.40950859460845696
  0.42007676283255740  0.43064627926751720  0.44122221663927658  0.45180983121642065
  0.46237242085096358  0.47293342416604428  0.48347115598202967  0.49401896299185172
  0.50455609046789873  0.51509475078933264  0.52565534039022710  0.53622422034494654
  0.54678895443166542  0.55734006092832022  0.56786674611634425  0.57837343107707961
  0.58888296867672807  0.59943716364709843  0.60998598524441539  0.62052547507518852
  0.63104669280236836  0.64159000497903484  0.65213206920378275  0.66268184683035525
  0.67322269577288951  0.68377713304675480  0.69430739375803407  0.70485310734113238
  0.71539495119743035  0.72597096207242351  0.73652754209349780  0.74709499819604275
  0.75765916039641001  0.76820775747197401  0.77873493177745889  0.78922185619193042
  0.79974586133768921  0.81025547363163064  0.82077160905256752  0.83130880475891089
  0.84187302521758689  0.85245713533197776  0.86301223422396312  0.87355032406277999
  0.88408708411420844  0.89462101603142319  0.90515434799565675  0.91568378917584570
  0.92620628987823050  0.93673701145660893  0.94726500748392917  0.95780297522927693
  0.96836123212025393  0.97891065130810639  0.98946735406216080  1.00000000000000000
 -0.00223710613422851  0.00977264455542171  0.01999005077170540  0.03046219077146220
  0.04094941273199802  0.05146274405102678  0.06198038646045424  0.07252818463190207
  0.08306267778766749  0.09358990788793632  0.10412065517208695  0.11462600907091103
  0.12516414835954984  0.13567651837344041  0.14618495940874371  0.15668118628362268
  0.16720163289748266  0.17774215239141519  0.18829385581642288  0.19885099608700141
  0.20938891962266878  0.21992870451374560  0.23048251736268499  0.24103247944881498
  0.25159580610320559  0.26211926666198948  0.27265932427763495  0.28318208833111369
  0.29372067531669499  0.30426960459275643  0.31480599043687318  0.32533097267766153
  0.33584083084902294  0.34635792671452037  0.35687800698662414  0.36739496311353587
  0.37792373579721794  0.38847719988220536  0.39901898426718030  0.40955012166160060
  0.42005470107700416  0.43059307320396717  0.44112893675809278  0.45166182589322773
  0.46219913113122457  0.47273485408275628  0.48328876938835402  0.49385143627514400
  0.50442598372269110  0.51499091319465307  0.52552197966713177  0.53605595258699845
  0.54659175660885273  0.55713425742891576  0.56767789034563154  0.57821725345261588
  0.58874172591729979  0.59924319646671576  0.60976741431585124  0.62029268057473919
  0.63085347817089366  0.64140314167622692  0.65196090590406641  0.66251094480121653
  0.67304999612753003  0.68361894011137969  0.69419284604990283  0.70477898185505561
  0.71534544025096480  0.72590609062215039  0.73644259826528635  0.74698889162026660
  0.75751549399325135  0.76805903584420931  0.77861181839730109  0.78918205505386718
  0.79973190190285914  0.81025163018299651  0.82076426835162319  0.83128437875904171
  0.84180374309607819  0.85233591080883708  0.86287182157008602  0.87343589540655386
  0.88398359160099305  0.89454396878067877  0.90507608425383823  0.91560479179917775
  0.92613427151714045  0.93666391912348357  0.94721418712127214  0.95777564148761141
  0.96833993729435242  0.97889787432871433  0.98944285566065970  1.00000000000000000
   1.5454422762099879E-002  -1.0000000000000000     
 F F F F F F F F F F F F F F F F F F F F F F F F F F F F F F F F F F F F F F F F F F F F F F F F F F F F F F F F F F F F F F F F F F F F F F F F F F F F F F F F F F F F F F F F F F F F F F F F F F F F F F F F F F F F F F F F F F F F F F F F F F F F F F F F
  <DiscreteSampler_grid>
  grouped_processes
  1 # 1 for a reference and 2 for a running grid.
  10 # Attribute 'min_bin_probing_points' of the grid.
  1 # Attribute 'grid_mode' of the grid. 1=='default',2=='initialization'
  0.0000000000000000 # Attribute 'small_contrib_threshold' of the grid.
  0.5000000000000000 # Attribute 'damping_power' of the grid.
 # binID   n_entries weight   weight_sqr   abs_weight
    10   10   5.196389466398659E+013   4.841364324549070E+027   5.196389466398659E+013
    11   10   5.196389466398656E+013   4.841364324549064E+027   5.196389466398656E+013
  </DiscreteSampler_grid>
