  0.00954469135766743  0.01619497291462936  0.02520800912532777  0.03608640249599971
  0.04645977947215693  0.05684546128267494  0.06718800615679316  0.07753206572216091
  0.08790784094330202  0.09832417492240671  0.10875816238469656  0.11919542855603533
  0.12962016292703615  0.14002574769129397  0.15037842304007520  0.16072989977586363
  0.17110473567791590  0.18154959563983247  0.19198260356161098  0.20239506495618179
  0.21275825277932495  0.22313241373609990  0.23351673258896702  0.24390867521566845
  0.25427785943755038  0.26462919139150792  0.27498330388497805  0.28536036267703396
  0.29576350042408384  0.30616112366591319  0.31655353443042217  0.32692455307688545
  0.33729980784614089  0.34766301629719293  0.35803853340928410  0.36843530495851834
  0.37886067288128339  0.38928956377176388  0.39968955718458149  0.41005289206610562
  0.42038925178017778  0.43070956557318379  0.44105313731381596  0.45142346317200638
  0.46183248678770805  0.47226271406100773  0.48270126171299760  0.49311763164961930
  0.50349523898966275  0.51385165842654656  0.52420216180295431  0.53455585325828558
  0.54490363845105816  0.55525218778398877  0.56562283114542700  0.57602171084182563
  0.58642866084047673  0.59681653473497620  0.60718366042237093  0.61754977675293599
  0.62792178707158786  0.63828748035526084  0.64866157559447513  0.65906854129351211
  0.66951065580528346  0.67994158383638004  0.69032510081406118  0.70067441800048236
  0.71100731004916307  0.72135188033199849  0.73171006258704763  0.74209980262481301
  0.75248525138012501  0.76285803943823338  0.77321654964950537  0.78359514178157430
  0.79398630798644343  0.80438393383160700  0.81477721568404071  0.82516053917687593
  0.83554863753336861  0.84592597460308860  0.85629909878629429  0.86665272446990138
  0.87700483672035945  0.88739223439434445  0.89777920452363269  0.90817493327711485
  0.91856149849715574  0.92896526857022377  0.93936428423500618  0.94973389218091342
  0.96010130972846419  0.97038977837437623  0.98069532705962092  1.00000000000000000
  0.00949632777631660  0.01611006537949004  0.02516999817554297  0.03599538507805081
  0.04632233523645207  0.05668776796783344  0.06707075416495464  0.07748032850799377
  0.08790449250683460  0.09831247339457722  0.10869145838253999  0.11905048926412753
  0.12940677018796895  0.13980217257477007  0.15021481459494651  0.16059831538100530
  0.17092983104646944  0.18122261896547234  0.19154647039734599  0.20191698994320964
  0.21230481640902346  0.22270035225609944  0.23305074501837428  0.24342004742113463
  0.25376290415890912  0.26413013965310411  0.27451157826974704  0.28493119872500239
  0.29536835190943095  0.30578265532532500  0.31619873616137345  0.32660225875868898
  0.33700856099819848  0.34740214541497932  0.35779910281923788  0.36818811571793886
  0.37854211308709390  0.38890041325307756  0.39927012221470887  0.40965947822097754
  0.42004248168164748  0.43040352214800376  0.44076233244033980  0.45113275641206296
  0.46151763804211288  0.47190898771354917  0.48228795454013618  0.49265411661230368
  0.50303480780238974  0.51343630910755567  0.52386033142134869  0.53426525481756926
  0.54465490128516769  0.55503275097618920  0.56541358627561289  0.57577952113719721
  0.58613512355702968  0.59649234969420895  0.60687354986108544  0.61725363225325658
  0.62761351118484821  0.63796650332648475  0.64832314490250365  0.65869820159017300
  0.66909098137548795  0.67950704483035074  0.68993617878890179  0.70034643807143637
  0.71072433027599891  0.72109113330693142  0.73146577697299942  0.74186810744852283
  0.75229077301934844  0.76270243952355943  0.77310790199423141  0.78349978487767580
  0.79389727279776889  0.80427285851284169  0.81463657434164050  0.82499147892430258
  0.83537336399781492  0.84575744505657924  0.85615670373942587  0.86654493440777292
  0.87693071994624106  0.88730729677726827  0.89768205152579106  0.90805980557230015
  0.91844169809663323  0.92881274210638698  0.93918959535164059  0.94954043631307306
  0.95989453675709457  0.97022853622414862  0.98056262925038029  1.00000000000000000
 -0.00243969995549608  0.00939002884588262  0.01950320806156698  0.02994840232318846
  0.04047605080289408  0.05098533047213337  0.06150307540010948  0.07202558500892790
  0.08255195800525481  0.09309937112378341  0.10361700438440027  0.11414609707742709
  0.12467765504539416  0.13521581156739981  0.14571561532863864  0.15621504953735757
  0.16671206082323195  0.17724065319128807  0.18773673388655013  0.19824232859709567
  0.20873568526797609  0.21924570395463802  0.22977247363883568  0.24032392546996303
  0.25088365544412905  0.26144348286797620  0.27200935593931674  0.28256637031930792
  0.29309042295762816  0.30360130074838937  0.31413617586270215  0.32469294124069747
  0.33521175071412623  0.34570418636261396  0.35620770240695648  0.36675083733949698
  0.37732686376032787  0.38790057875653999  0.39849444347625435  0.40909379614976410
  0.41964566154251975  0.43019770365484233  0.44078228291794036  0.45142100582536743
  0.46205511706340702  0.47263593129546655  0.48317939790534742  0.49370992501276040
  0.50424884165943984  0.51477727850314436  0.52529895593921239  0.53585643926131277
  0.54644929110321827  0.55704154954569307  0.56758420548839339  0.57808657623843662
  0.58861783046528471  0.59917375402345385  0.60975273421656462  0.62030588111951834
  0.63079142477586714  0.64129794522231298  0.65180236913112277  0.66231369390658201
  0.67282302207539812  0.68330979368929601  0.69382556134991669  0.70435258612305829
  0.71490924285387791  0.72546156037123322  0.73602438211077881  0.74662608095537064
  0.75729359714861366  0.76792421235312902  0.77854303073410402  0.78909929283688807
  0.79966775899706399  0.81022266269918974  0.82077084327568495  0.83128966203648258
  0.84178699399835155  0.85231786347166316  0.86283456622336707  0.87341400821038095
  0.88402849799540717  0.89468418869806565  0.90526350488484331  0.91578497344325360
  0.92629319109694075  0.93681048249731835  0.94734173425596158  0.95787886511253928
  0.96839845629332233  0.97894232103612466  0.98945614604117005  1.00000000000000000
 -0.00223085052340549  0.00979855491802479  0.02002305992409083  0.03049640821673967
  0.04104919653313789  0.05161635953006086  0.06218455580420263  0.07269886695432898
  0.08317957373693873  0.09367275705260070  0.10419143600624900  0.11473088271964217
  0.12525536723341379  0.13576465425184350  0.14630964403881552  0.15685412142772340
  0.16741679121988678  0.17795893886374678  0.18851349983155499  0.19904810067847148
  0.20960162022039272  0.22014858232805559  0.23070857399993322  0.24125789751253843
  0.25181622825530092  0.26237682087008446  0.27293868550248190  0.28350661983428660
  0.29406045859142127  0.30459711921648969  0.31508917318869017  0.32561501292644129
  0.33618392888580473  0.34681899012631989  0.35741449884685983  0.36798172028028525
  0.37849557749799884  0.38902991152687461  0.39956357010780669  0.41012004360251969
  0.42067903905051801  0.43119606047132530  0.44170732207082952  0.45221674336251433
  0.46278880134956746  0.47334237715525035  0.48387130174780058  0.49436502963223783
  0.50487985072863317  0.51539332814054584  0.52594694042095547  0.53650064898363314
  0.54707489066254300  0.55764118491824000  0.56820044136061121  0.57873474244301859
  0.58926760639905873  0.59979181388382419  0.61031328770871007  0.62082987314987248
  0.63136725026106932  0.64189869394882648  0.65242346378197114  0.66298122219662303
  0.67355395621893643  0.68414213414113390  0.69472765114609747  0.70528828456573878
  0.71581515860663125  0.72629646403920278  0.73679166174165767  0.74727387121273103
  0.75777793121943737  0.76828602836215920  0.77880501856108675  0.78928734218499641
  0.79976603579658312  0.81022935037848898  0.82074325190064368  0.83129254067023761
  0.84185789871593664  0.85238455039840233  0.86289784723042684  0.87333761520799624
  0.88382316068833511  0.89431500875686387  0.90490484196018095  0.91544853234408130
  0.92601781795161986  0.93659293388272435  0.94720676883802279  0.95779720813762570
  0.96834109063528273  0.97889320296332460  0.98944253973032537  1.00000000000000000
 -0.00241794870359737  0.00946615760025870  0.01960943536459470  0.03011621906563375
  0.04068237460844912  0.05123186202310377  0.06179778242364443  0.07235683702643335
  0.08291820529891193  0.09341087631106436  0.10388819726279776  0.11435254508158635
  0.12485722001654673  0.13536534907517492  0.14586359013098887  0.15636832074027895
  0.16686922228438558  0.17735356927818208  0.18787856383165139  0.19838830673868615
  0.20895672847171415  0.21950849845254550  0.23011179396345083  0.24069612758474976
  0.25125428499926727  0.26177823101005487  0.27234939219168186  0.28292254762431801
  0.29350280371749854  0.30399502587577271  0.31450448813394311  0.32500142389986758
  0.33557055035735206  0.34611721045440619  0.35666858738896406  0.36719328913695454
  0.37773631778271977  0.38827035767736090  0.39880848332704588  0.40934302784046828
  0.41991210118013483  0.43049722673663932  0.44109298941337516  0.45168529925954165
  0.46224338014566851  0.47278131062059692  0.48332766555203177  0.49386445336633489
  0.50443648728944557  0.51497320331444585  0.52550991281386339  0.53599892762984336
  0.54649713560255142  0.55705217154339559  0.56764913512669091  0.57823959359466215
  0.58882984635332236  0.59937993880559859  0.60991101286806448  0.62040432836271742
  0.63090322253965014  0.64137559639430231  0.65187638467444498  0.66239789958276518
  0.67299137473430071  0.68356280263709512  0.69416805363682055  0.70475290429309501
  0.71532833590973177  0.72586424276404216  0.73642381052800776  0.74697262254285446
  0.75751145487381044  0.76802160307155809  0.77854211456234046  0.78905874729853398
  0.79956254979925390  0.81010198445902970  0.82066514901310128  0.83125455429269313
  0.84180774796216595  0.85239994523394869  0.86296103692840886  0.87358942545642027
  0.88413819608176014  0.89466899156995872  0.90512353897332465  0.91560867449525685
  0.92611128250893326  0.93664379841596923  0.94716533864027996  0.95771521946288085
  0.96825402936939986  0.97882067476852297  0.98939630469621520  1.00000000000000000
 -0.00239552201283347  0.01002096495008166  0.02034268971466452  0.03090220282350930
  0.04144537392865781  0.05196534205039527  0.06253754995682585  0.07305658806959925
  0.08359694740427581  0.09410466507746321  0.10469358363811047  0.11524165906068552
  0.12581210288423270  0.13634401064175902  0.14690216024883884  0.15743137750970154
  0.16796811586637239  0.17850474900923605  0.18907690645908393  0.19964188663350263
  0.21020363275173123  0.22076104663434873  0.23133669891243827  0.24193329620511025
  0.25242711377051480  0.26292094416853290  0.27338542935358406  0.28390376972893966
  0.29440850779412364  0.30492570015269582  0.31547580839670442  0.32599319439551450
  0.33653316480925527  0.34700401954014859  0.35753121291969903  0.36802790367888710
  0.37857349161432174  0.38911940998941980  0.39968480327196143  0.41028380751102361
  0.42086326181932843  0.43142108954833785  0.44197846136391639  0.45251783941312612
  0.46303385216426157  0.47353960440236637  0.48402646313730874  0.49455417055748063
  0.50507202812065299  0.51562927138860115  0.52618600774111812  0.53672552363440051
  0.54726298230962045  0.55777678858100732  0.56829006501686030  0.57878922721602510
  0.58933771296728643  0.59988781296886085  0.61042358697795018  0.62090931589898901
  0.63142065372206679  0.64195907067300206  0.65253834724384396  0.66304057249396731
  0.67352188548732173  0.68397899193872469  0.69445226058448939  0.70493079770964273
  0.71546001934639802  0.72602478453106190  0.73660624370920569  0.74710568499094587
  0.75761915437854022  0.76813501569861575  0.77863531429000299  0.78915320892815299
  0.79971223747126563  0.81030728648414718  0.82089777080177195  0.83145512606936378
  0.84199442151517490  0.85259076373592502  0.86314810034056011  0.87372394842224932
  0.88422136053897937  0.89473148175367756  0.90525774748387666  0.91577529427538140
  0.92630344424835975  0.93682942214988785  0.94736062706809965  0.95790742254006700
  0.96842455346939749  0.97896143083907539  0.98947113357998873  1.00000000000000000
 -0.00169716703527642  0.00993582414172533  0.02018458069088056  0.03072129658300128
  0.04124527195331701  0.05172736798559520  0.06219045888582006  0.07269978768966712
  0.08321831916929884  0.09377332011115860  0.10432543114223929  0.11490056488067882
  0.12543350225694486  0.13596187409592497  0.14648805038302004  0.15701691523023276
  0.16753408391602481  0.17811887711419985  0.18870437226816211  0.19924299454088493
  0.20971845109281184  0.22017951340454819  0.23067864390136367  0.24119547948088430
  0.25171758868063115  0.26223765091596996  0.27277733100640622  0.28338995093013802
  0.29401308431211898  0.30463245560378355  0.31520383639986543  0.32576439474354318
  0.33634063465842190  0.34696075663534404  0.35760046652903571  0.36817294506479947
  0.37869230290600814  0.38918657763999542  0.39973601377372425  0.41029708646672935
  0.42084401428767793  0.43138460293896680  0.44193767616535590  0.45249549295943942
  0.46302755324170397  0.47354540225406527  0.48406060932857681  0.49461597565988508
  0.50513703059045445  0.51570108195815478  0.52618140440351002  0.53672553740233675
  0.54721631515176183  0.55778404957514272  0.56832188761201530  0.57887379640274894
  0.58940125254152220  0.59994481123094656  0.61051317709014918  0.62107389240311084
  0.63160692509974736  0.64213730570343730  0.65267976139112549  0.66321011243385430
  0.67370880297844082  0.68422168245583581  0.69475155488577134  0.70528340951516111
  0.71581609692159531  0.72635727340920897  0.73689078774627814  0.74742112149436390
  0.75799472112692146  0.76855285019385944  0.77908428689123965  0.78955646474963770
  0.80000913052586342  0.81048012230133537  0.82100565352627541  0.83160562372379909
  0.84218367387342685  0.85272373347626707  0.86324277440347141  0.87376999448980885
  0.88429440803322001  0.89483940129893769  0.90536343314058143  0.91585081190329010
  0.92634298288063821  0.93682844372688112  0.94733633216253177  0.95784195588202037
  0.96837218543051151  0.97892498350565194  0.98945506377351611  1.00000000000000000
 -0.00224570519453451  0.00974317403206606  0.01994499059044843  0.03046998991887732
  0.04099744955092410  0.05153763638693415  0.06207378787601568  0.07260031600933096
  0.08311963980570183  0.09372953814353527  0.10433435615789247  0.11494148071914603
  0.12547578189790440  0.13600891098920576  0.14650868965040667  0.15704330918651127
  0.16757062440082676  0.17813649745967017  0.18868292455123403  0.19924877346481357
  0.20980366689648128  0.22033951873327187  0.23084905034788583  0.24137522432442238
  0.25189607611994957  0.26243527950427287  0.27295613572494715  0.28347763871604525
  0.29404882318527314  0.30463898261797462  0.31519816271093759  0.32572603237468956
  0.33623696738487335  0.34680019656756961  0.35731664826633180  0.36783018903257297
  0.37835799959273048  0.38893628466981189  0.39951121509095133  0.41005683297571804
  0.42056804667491304  0.43109374051331001  0.44163406375819625  0.45220345273089502
  0.46277463262117047  0.47332452766084909  0.48385734461377600  0.49437571324631735
  0.50490729377142285  0.51543947682825242  0.52598241375931531  0.53649517721039619
  0.54701279879780773  0.55750718984958192  0.56804213257883207  0.57853345076872664
  0.58906866706276262  0.59959690993822556  0.61017131202206565  0.62069224810905066
  0.63125120392728085  0.64179965672064920  0.65234496048479451  0.66285226742141024
  0.67334510506421141  0.68390993622613172  0.69446351758119695  0.70499976959443544
  0.71547398939172646  0.72595618209218160  0.73646463776093130  0.74698695277340876
  0.75752905720717456  0.76805658719000081  0.77857992150781918  0.78910044141077751
  0.79965498092148501  0.81023620196928736  0.82078804880921463  0.83131354694619308
  0.84185691800086615  0.85240252108651615  0.86297896407762320  0.87352235444088566
  0.88408895833221901  0.89462515319236524  0.90514535442486743  0.91568014688941102
  0.92621181259726959  0.93678815774507607  0.94735125693957001  0.95792185523437734
  0.96848756831991278  0.97898292640149021  0.98951274549000723  1.00000000000000000
   8.5059342566801514E-026  -1.0000000000000000     
 F F F F F F F F F F F F F F F F F F F F F F F F F F F F F F F F F F F F F F F F F F F F F F F F F F F F F F F F F F F F F F F F F F F F F F F F F F F F F F F F F F F F F F F F F F F F F F F F F F F F F F F F F F F F F F F F F F F F F F F F F F F F F F F F
  <DiscreteSampler_grid>
  grouped_processes
  1 # 1 for a reference and 2 for a running grid.
  10 # Attribute 'min_bin_probing_points' of the grid.
  1 # Attribute 'grid_mode' of the grid. 1=='default',2=='initialization'
  0.0000000000000000 # Attribute 'small_contrib_threshold' of the grid.
  0.5000000000000000 # Attribute 'damping_power' of the grid.
 # binID   n_entries weight   weight_sqr   abs_weight
    10   10   9.752804810761490E-014   2.093717730328482E-026   9.752804810761490E-014
    11   10   9.752804810761490E-014   2.093717730328481E-026   9.752804810761490E-014
  </DiscreteSampler_grid>
