  0.00956206004775264  0.01563645312431505  0.02496680186029508  0.03574712760071890
  0.04614013754393884  0.05655497104941103  0.06696277881249335  0.07737467141838425
  0.08778063364894614  0.09819783767447675  0.10859169092433615  0.11901259718590820
  0.12944026608694131  0.13988496324663208  0.15029985098704846  0.16071054176427521
  0.17108094984305799  0.18141895096208727  0.19176443429288748  0.20212572750694216
  0.21249197461385178  0.22286557111366886  0.23323293420077040  0.24363807585756572
  0.25403215430404075  0.26439318306394710  0.27473880899202963  0.28509498185050397
  0.29549151593410067  0.30589218128014012  0.31628258032314477  0.32666445180921316
  0.33703235486122440  0.34735657701973643  0.35765892600410315  0.36795897835367497
  0.37829966287085176  0.38866798101284200  0.39905060083812721  0.40943812292783432
  0.41981239634413131  0.43017048512876782  0.44054826449773909  0.45094468992980496
  0.46135223543765880  0.47171987205855831  0.48205973396212110  0.49238316065304238
  0.50271089547666614  0.51305329718470660  0.52341464741658295  0.53378484130511017
  0.54413002471845784  0.55448472081185440  0.56484860073915222  0.57523368506588479
  0.58562132256986832  0.59600931095035581  0.60640412144790878  0.61679337989166561
  0.62717376920029100  0.63754518245512315  0.64792683304181409  0.65832792160609799
  0.66873442908174707  0.67912191883554585  0.68947329697029347  0.69980829262929523
  0.71015885786770350  0.72052684776128040  0.73093772961571735  0.74138049834884956
  0.75184014450326553  0.76228438934432641  0.77269484250126286  0.78306429584216686
  0.79342150475637607  0.80377138756033384  0.81414919879542103  0.82453275693267292
  0.83489683291300032  0.84526813074044671  0.85564977803192865  0.86606272953036412
  0.87647027359237839  0.88684514177466800  0.89722254689164449  0.90760824499581916
  0.91803129974744124  0.92846769451634981  0.93890343904579809  0.94933663956113490
  0.95973632287286026  0.97012425451063877  0.98045395216381803  1.00000000000000000
  0.00972549630158311  0.01566437553645735  0.02496221720397317  0.03578152178642939
  0.04619472486342287  0.05659719210127365  0.06699645204187116  0.07739673069012346
  0.08782963730756849  0.09824207963869626  0.10861805476180567  0.11898858684510591
  0.12937804118073426  0.13978924238561682  0.15019410020664162  0.16060139304828147
  0.17102762110939129  0.18145254095205204  0.19186822325313516  0.20228542881655179
  0.21268347892096010  0.22308109703392515  0.23345544653640646  0.24382552557214124
  0.25420486380827850  0.26456276385617544  0.27491552631626898  0.28527481888455603
  0.29563746948468728  0.30602081777647394  0.31636308164889942  0.32672651388974000
  0.33708741303511408  0.34749041839515654  0.35787875359078647  0.36827068955804337
  0.37864274255424718  0.38900655914268095  0.39937086291271612  0.40974405214177373
  0.42013798948856818  0.43058601703847105  0.44103895830354706  0.45146517190976887
  0.46185514880076639  0.47224469954143627  0.48264702697278167  0.49302368701744193
  0.50339535849805050  0.51377154261025404  0.52416192076697876  0.53455631694293093
  0.54496065504759317  0.55536769184027368  0.56575616027631981  0.57613680886058372
  0.58650790593346591  0.59688301594728777  0.60725890954008344  0.61765095814056881
  0.62805743540585524  0.63844455390655053  0.64881523272433905  0.65918243849307379
  0.66955456036702121  0.67992872530062598  0.69029865402151924  0.70066869477335403
  0.71103234353925027  0.72138199900465616  0.73171985781438942  0.74204598867546223
  0.75236762976994620  0.76268279451748133  0.77301647507803595  0.78335861282305808
  0.79372549769893908  0.80408254365216725  0.81442668756218917  0.82478620753319087
  0.83514817502159355  0.84553777556855569  0.85590465619976397  0.86627461437778885
  0.87663445481570690  0.88701717718442097  0.89741706155658707  0.90783004070259521
  0.91821538830071248  0.92858748633527977  0.93894850333193980  0.94932239439945143
  0.95973420148698141  0.97013274360862300  0.98051028877738688  1.00000000000000000
 -0.00234158521212193  0.00968677859429274  0.01987215283715317  0.03036551224173741
  0.04084755222986699  0.05131114104972134  0.06180301450149438  0.07230067827388659
  0.08288589601903669  0.09348580634248850  0.10410405236050832  0.11468826157381719
  0.12527959913055781  0.13588026608550063  0.14642217128030702  0.15697634716526984
  0.16751710891583110  0.17811438309477898  0.18867417749696461  0.19924091356209206
  0.20978988316480013  0.22035713106208435  0.23092884857765736  0.24150316903831895
  0.25208650132544647  0.26266451893594761  0.27319899441373457  0.28371063047023465
  0.29422405193629708  0.30476694624390149  0.31531947713573910  0.32587050969558723
  0.33639037122564497  0.34688276117664102  0.35736243819895247  0.36784528549656020
  0.37836597282527701  0.38889707556708930  0.39946065397608510  0.41005528441224337
  0.42063222530706318  0.43118830223369281  0.44168841322723851  0.45220427509131983
  0.46270946800743606  0.47321211548075254  0.48370426309210490  0.49423772192945381
  0.50476183794550977  0.51527080548368587  0.52575698830559081  0.53631087167476355
  0.54689155314269211  0.55750546062963102  0.56807820410535559  0.57867046205460648
  0.58920784124622161  0.59974291138981628  0.61029031051966276  0.62082658350797448
  0.63141133078652034  0.64198274901435337  0.65255497139647334  0.66306183280414766
  0.67348426967483443  0.68395286362087393  0.69442163566990645  0.70497100438809035
  0.71553049959051263  0.72613060052568990  0.73672089135862717  0.74725417199575650
  0.75777605661447900  0.76830332311003213  0.77885402940008408  0.78940369316506809
  0.79995081703856541  0.81048723126617073  0.82098743074304548  0.83149359481218998
  0.84199194346677841  0.85254645676603547  0.86306688524402730  0.87363328154523401
  0.88414872551984280  0.89467957152524580  0.90517119504167620  0.91567713078689139
  0.92620888633049003  0.93676415039136196  0.94731587961499930  0.95783862614746851
  0.96834832252404335  0.97887381989567013  0.98942664844810457  1.00000000000000000
 -0.00243783718125436  0.00950928384004658  0.01967621666823453  0.03017687797647876
  0.04066951885802444  0.05116209179761469  0.06165722295662250  0.07217070080926599
  0.08264652077310937  0.09315854013518096  0.10366387471720727  0.11423597792051557
  0.12480423336020445  0.13536654454158362  0.14592048164151630  0.15643678667744004
  0.16700269017003308  0.17754815874129060  0.18813094467344801  0.19872427883667659
  0.20927826009059097  0.21982701782540515  0.23036581113369381  0.24089543036826871
  0.25142424804466190  0.26190139622515674  0.27239786016503847  0.28292778472332197
  0.29349856879562974  0.30407415574733138  0.31459182296807020  0.32511045994243470
  0.33565218957820736  0.34619156667373530  0.35676510726743121  0.36732639218200103
  0.37791669700399644  0.38849383675523436  0.39907387303817493  0.40964703788000317
  0.42024997223289479  0.43086652480396864  0.44147154129167560  0.45200320701268859
  0.46253487153944062  0.47308551171627006  0.48366201955308952  0.49426134022356849
  0.50482475092966661  0.51538601637225046  0.52593308665099014  0.53648465956603597
  0.54699543598913036  0.55747115668472647  0.56796893330315557  0.57853470099611970
  0.58911393797284739  0.59969679932813746  0.61019514270847397  0.62072124629731951
  0.63127159534991795  0.64187960957501178  0.65245971732731622  0.66299836488249564
  0.67350040161809777  0.68401276347340989  0.69450783063185761  0.70503058336058522
  0.71553114198223966  0.72602370444540254  0.73654735257145820  0.74705617074527497
  0.75756948225776899  0.76808458711549721  0.77865038133606479  0.78922699624738346
  0.79977580831308348  0.81030612453458284  0.82084929372812743  0.83141071342075157
  0.84196095361884959  0.85252309948574356  0.86306034776942531  0.87359196791545579
  0.88412988487435262  0.89466368760300163  0.90523881913835857  0.91575755334066589
  0.92626675317919049  0.93673590696116205  0.94729959121975049  0.95795540810794355
  0.96854781337756712  0.97910564860859173  0.98954548543811438  1.00000000000000000
 -0.00224260646557892  0.00986775098335666  0.02012681240086605  0.03067394980630963
  0.04120738163852137  0.05173559826346925  0.06225422834322066  0.07276110457077567
  0.08330145400653712  0.09383758878523196  0.10439327045719285  0.11489608716263126
  0.12539358872696446  0.13588357583582114  0.14642542267290704  0.15695941689855822
  0.16745897256736406  0.17798657320673000  0.18853857946728991  0.19913123630867630
  0.20968516748317342  0.22023758780128808  0.23080683685055406  0.24132902274769025
  0.25185807688850220  0.26234766909449198  0.27288511777746277  0.28341698623848105
  0.29396823750662837  0.30450024710316914  0.31502073176297257  0.32556146893883070
  0.33612547605453780  0.34667343915468163  0.35719996789563058  0.36771601966238154
  0.37827181008309291  0.38884185115500608  0.39947968265643463  0.41004764581391023
  0.42059606769446417  0.43112306265028350  0.44170661316875154  0.45230281627028557
  0.46284747173211493  0.47339154809263734  0.48390686592547955  0.49442736258235936
  0.50492663071610888  0.51544850662328390  0.52598461247063100  0.53649122207284894
  0.54697737416175940  0.55744626071343839  0.56791537780425327  0.57840980747582516
  0.58890782945763120  0.59945170114557400  0.61000424203088732  0.62056005083327448
  0.63113654544559339  0.64165816527482578  0.65218375774104498  0.66273084273550820
  0.67331643287530241  0.68387347722558900  0.69438484214937302  0.70489076012279872
  0.71544964207308792  0.72594444969163530  0.73643074828933419  0.74688222513598146
  0.75736330900090321  0.76786880587091833  0.77838971376234112  0.78891076233195356
  0.79944158504694784  0.80995067768460716  0.82052248086952462  0.83109321863520680
  0.84171203967410457  0.85226365193099152  0.86281558435011951  0.87338913618275082
  0.88395931745163425  0.89454278519707620  0.90510789091293975  0.91568255993496295
  0.92625456404964457  0.93673797865358610  0.94726487715989593  0.95777752964043650
  0.96830213348766248  0.97887346977225143  0.98941205068567839  1.00000000000000000
 -0.00238541935406293  0.00965363051379010  0.01984958400050113  0.03035467456476235
  0.04093829562194817  0.05147051402499184  0.06200425273102513  0.07251787238913152
  0.08303055196235250  0.09355959076472056  0.10408235406176337  0.11465312624436076
  0.12521889673127684  0.13577635982150857  0.14633377702163325  0.15689236458052433
  0.16744161431595384  0.17798574872478234  0.18854924829606443  0.19915125254979246
  0.20976715107858401  0.22037449676073337  0.23091289379780572  0.24141950571673232
  0.25191171665282835  0.26238432187220606  0.27288553476501126  0.28338985365387659
  0.29393587117043429  0.30445306068683770  0.31494877383929454  0.32545445178017729
  0.33594462617885568  0.34643902873278004  0.35696383677034088  0.36752387216974397
  0.37809657854399792  0.38863004741361795  0.39917809976323648  0.40974964188682211
  0.42031109432271319  0.43084268029309847  0.44136130257738670  0.45192696681650629
  0.46252788445163917  0.47310799484738419  0.48368504174145049  0.49424754710861296
  0.50481752579160477  0.51533373290677564  0.52582960427897285  0.53630814884360523
  0.54679931356657507  0.55731949250554147  0.56780837109344495  0.57828801613215908
  0.58871345869298608  0.59918703121506345  0.60968544180088735  0.62019536706781808
  0.63069726574987717  0.64121971588127691  0.65173961996955732  0.66230398138729119
  0.67285427713222457  0.68343603932154506  0.69396307859270912  0.70450464815702174
  0.71502762741139758  0.72558895365409282  0.73616181219925181  0.74671304458584009
  0.75728077431089080  0.76780768654936260  0.77837262441806099  0.78887951820633950
  0.79936459979327923  0.80984714487715392  0.82040650316359731  0.83100915874268066
  0.84161049700295809  0.85215430612644549  0.86269622884855368  0.87325189822811855
  0.88380721714829613  0.89432908645479969  0.90485380544140703  0.91541346463856799
  0.92596409507274902  0.93651847323771120  0.94707917124391006  0.95769234709823892
  0.96832141763342860  0.97893349388079665  0.98948699889414471  1.00000000000000000
 -0.00244737014426673  0.00951629630898720  0.01972658802071109  0.03032393245479012
  0.04092526852302190  0.05147134017891941  0.06200763233782983  0.07254714215713819
  0.08305826941959228  0.09358259259429831  0.10411268376370864  0.11465888403882182
  0.12521715533715516  0.13576560011023320  0.14632702336450198  0.15686067456539557
  0.16737499480300422  0.17788278251273473  0.18840787590191294  0.19896481490581205
  0.20950873485750454  0.22007039057545524  0.23060715374853266  0.24115292525583606
  0.25168169941815516  0.26222158481307117  0.27276010341725948  0.28329320347148296
  0.29386572228006846  0.30444309265549385  0.31497894193178433  0.32547229638010083
  0.33595417953607981  0.34646336072015083  0.35695993326141118  0.36745279934237474
  0.37796568049138562  0.38851124373914853  0.39903788870051926  0.40955207260559578
  0.42008304602235441  0.43065765508767878  0.44120842348344058  0.45171074556156743
  0.46223220118608715  0.47276698404077733  0.48336795564866331  0.49394772082909988
  0.50453796042630650  0.51510640112032369  0.52566302044285229  0.53622056522578099
  0.54675524329236225  0.55730214762836316  0.56784770643626614  0.57840392926716633
  0.58896580165629298  0.59952149027254076  0.61004972356634035  0.62062346008693159
  0.63120618914050686  0.64180558666210308  0.65236147684247281  0.66291129783540959
  0.67346072257272838  0.68398227530011446  0.69451998566478834  0.70501617624131918
  0.71553989555802988  0.72606633045193880  0.73662227932651636  0.74714891317244037
  0.75771154944641572  0.76828508015627706  0.77888450263121978  0.78941259345689097
  0.79993231414642407  0.81046008696092198  0.82098755181071781  0.83159789399254824
  0.84218256404573844  0.85279926942891549  0.86335102619951842  0.87390751843108738
  0.88443076393116327  0.89496384299983989  0.90551496243262364  0.91608110500896356
  0.92658820944594888  0.93709521817531816  0.94760834938025995  0.95816810003571573
  0.96864069581066503  0.97910527764911581  0.98954876616856524  1.00000000000000000
 -0.00225357312530871  0.00990212079867221  0.02017035508361292  0.03076203656022832
  0.04131285468484425  0.05187771667418099  0.06241620633950112  0.07298712399495173
  0.08354953625462519  0.09412869288237122  0.10471321841466220  0.11527194533753807
  0.12586203020425568  0.13640282457131259  0.14692346627765343  0.15742015372292467
  0.16794286675153838  0.17849508271102696  0.18903619643278097  0.19960316799555244
  0.21016677981142459  0.22071995197641969  0.23125373640598182  0.24177616326676837
  0.25232662235933140  0.26285653393324659  0.27342916472831813  0.28396304610364359
  0.29449815604788793  0.30501497597709931  0.31554373845030381  0.32609164407688263
  0.33665076721376697  0.34716554036191727  0.35763472445188926  0.36808031777400779
  0.37858591193327062  0.38913074941572906  0.39962444442977513  0.41011211426936545
  0.42061842259576554  0.43116921443739481  0.44168737930785290  0.45220107119045627
  0.46272172864668115  0.47327351978788651  0.48382993279881048  0.49439520767036271
  0.50499607371814326  0.51556060059318398  0.52613878225688837  0.53666521085491481
  0.54721246660443978  0.55777924753266017  0.56839311498446876  0.57899696833160674
  0.58959676381812731  0.60010078252832699  0.61059905810326498  0.62108600530758262
  0.63157804164639630  0.64212665140216629  0.65264983669793086  0.66326481790762415
  0.67384155096296827  0.68443716451198444  0.69500124818004427  0.70553354131287394
  0.71606208252040759  0.72660946287898343  0.73714602380500860  0.74767363152043176
  0.75816797724711094  0.76869704716082488  0.77918851103928799  0.78967640569565800
  0.80018824110788234  0.81073886838796949  0.82128996941787580  0.83179245224181042
  0.84229488150301790  0.85280766975063171  0.86334045966592099  0.87385443004560248
  0.88435603892831827  0.89488668946178807  0.90542791459862559  0.91596894901685644
  0.92651415089730382  0.93704434902166167  0.94759410998430960  0.95815012944221134
  0.96862836373442984  0.97913085810868272  0.98956474938466332  1.00000000000000000
   4.3632265372482165E-017  -1.0000000000000000     
 F F F F F F F F F F F F F F F F F F F F F F F F F F F F F F F F F F F F F F F F F F F F F F F F F F F F F F F F F F F F F F F F F F F F F F F F F F F F F F F F F F F F F F F F F F F F F F F F F F F F F F F F F F F F F F F F F F F F F F F F F F F F F F F F
  <DiscreteSampler_grid>
  grouped_processes
  1 # 1 for a reference and 2 for a running grid.
  10 # Attribute 'min_bin_probing_points' of the grid.
  1 # Attribute 'grid_mode' of the grid. 1=='default',2=='initialization'
  0.0000000000000000 # Attribute 'small_contrib_threshold' of the grid.
  0.5000000000000000 # Attribute 'damping_power' of the grid.
 # binID   n_entries weight   weight_sqr   abs_weight
    10   10   2.130180507039358E-005   9.168060485701397E-010   2.130180507039358E-005
    11   10   2.130180507039360E-005   9.168060485701414E-010   2.130180507039360E-005
  </DiscreteSampler_grid>
