  0.00992881741076592  0.01323213619732738  0.01943743891368362  0.02703157729892171
  0.03529671061022616  0.04374063733099521  0.05252297893778268  0.06146506388369413
  0.07059521398037395  0.07984982857561974  0.08922709954765093  0.09869100229561903
  0.10822815695724117  0.11782029896216735  0.12745616708219723  0.13715065087764466
  0.14686391154696052  0.15660477202688938  0.16636707484612343  0.17617474081262061
  0.18601364806090817  0.19586062719186284  0.20570538215400636  0.21555477739301429
  0.22543333827658413  0.23537033986198136  0.24536141299234807  0.25539572165109464
  0.26544904388040913  0.27553740605978383  0.28566517990002682  0.29581217408781457
  0.30594650898255010  0.31607396716698211  0.32618589726230002  0.33630074157286921
  0.34642200833667358  0.35655805855804129  0.36672926358449714  0.37690860840070312
  0.38706347159990345  0.39719068460770685  0.40734210613370153  0.41755356204145599
  0.42780761595796485  0.43805020303594677  0.44824254236185523  0.45840125887725286
  0.46857194482887288  0.47878300118878564  0.48900029513794668  0.49921065792882846
  0.50945024795100302  0.51972990716148371  0.53001439742186840  0.54030246003817295
  0.55063363826822131  0.56098416983896737  0.57133187432073529  0.58169143210705287
  0.59207954182293199  0.60249692499319252  0.61291897801373951  0.62334412802432748
  0.63378998507113937  0.64425141512803219  0.65473739228745620  0.66523443871616461
  0.67571527383025520  0.68619650075215233  0.69667424089170260  0.70715791301947084
  0.71766307773508253  0.72818309505758960  0.73875152456518323  0.74934408773117001
  0.75997086306798467  0.77064942760273869  0.78138882551442723  0.79215326730069235
  0.80292832047799090  0.81373618708807394  0.82460832934246331  0.83555044176160442
  0.84654700407086825  0.85759746615170385  0.86870268022906116  0.87986239753432649
  0.89107349033071237  0.90240900319904271  0.91396005867366659  0.92580920889223750
  0.93816462837718406  0.95185261290532985  0.97016284220965954  1.00000000000000000
  0.00959352338606685  0.01674303029087852  0.02277903653903565  0.03172362923649624
  0.04068690478310397  0.04973919083191336  0.05894719067845807  0.06824161216154703
  0.07765769498563493  0.08709758711794446  0.09662204373262352  0.10622558314767631
  0.11592592311105843  0.12568598357735913  0.13546035100881254  0.14530104762951301
  0.15517236141093882  0.16510421525673957  0.17506274627796453  0.18505346690478403
  0.19504845230949411  0.20507149067455058  0.21511721521113808  0.22521542833555946
  0.23532872138267349  0.24544857748838855  0.25561446847417912  0.26580421561301371
  0.27600369377208250  0.28620734064149989  0.29642874089246357  0.30670710266688084
  0.31696474894046783  0.32721982356228857  0.33747510697863903  0.34776540765670660
  0.35804004999726136  0.36828629891486014  0.37853502272215173  0.38879172442846710
  0.39906683756490807  0.40933050811126220  0.41962229782780180  0.42996188527751034
  0.44035745648122193  0.45078839901363177  0.46124405910406230  0.47173251556776841
  0.48219889133519772  0.49265089335650114  0.50311450441933836  0.51358475269988446
  0.52402158644564156  0.53440351106249440  0.54479641844682714  0.55519708093114617
  0.56555931629686407  0.57591722533324241  0.58632014819768474  0.59673184495363985
  0.60710981568729194  0.61749688513869605  0.62797417061269889  0.63853900838389654
  0.64910858894113088  0.65964906528760292  0.67020148225408505  0.68077868631227789
  0.69136453101875905  0.70194853121148593  0.71254058215336324  0.72315294843438671
  0.73374969664078094  0.74436770120393525  0.75504710102764849  0.76577303540425190
  0.77649043402556062  0.78721258994340559  0.79802159104494907  0.80890962547662970
  0.81982521216976179  0.83077014787930770  0.84177456413516361  0.85282311259057653
  0.86389135471496847  0.87504980896696449  0.88635101085533552  0.89778852861255165
  0.90937838839493756  0.92119016333712278  0.93329783396835264  0.94593779963692870
  0.95959109486571981  0.97601106643409918  0.98378753483984827  1.00000000000000000
 -0.00178121863471658  0.00975268234797263  0.01999028029303105  0.03058224709747133
  0.04118738114119137  0.05161436912931078  0.06216249051574955  0.07278571845481034
  0.08350061377677381  0.09413121974171866  0.10469786238269253  0.11526389233935377
  0.12581670196896677  0.13632786985854031  0.14682607147705648  0.15732213701309500
  0.16774779975591345  0.17816529800766259  0.18848885850648003  0.19893049662542950
  0.20942306346825112  0.21992033075305684  0.23044644042394286  0.24095815090718659
  0.25145992305798909  0.26188311716130908  0.27235239113112242  0.28297788475751345
  0.29360757936116977  0.30430762324456018  0.31493939468026194  0.32568834697994092
  0.33642997171947087  0.34712231696583751  0.35784499898319860  0.36842402148994080
  0.37901117036240806  0.38941452421293005  0.39983190604930186  0.41020281074612630
  0.42062804121003922  0.43103940519901129  0.44150358146018409  0.45201105095954713
  0.46260114559473414  0.47318344082571767  0.48377163727448513  0.49426456463806401
  0.50485879410512724  0.51545066607616807  0.52605364781177011  0.53652904140113755
  0.54697823584934713  0.55744815846325335  0.56795262020005111  0.57853135106011178
  0.58906989486639527  0.59965144921496449  0.61019677451026377  0.62080514038201884
  0.63145387297901334  0.64211835637401915  0.65278109999100442  0.66338840060822957
  0.67390648640685991  0.68438612618357497  0.69483816911258278  0.70529768407704729
  0.71583777899193968  0.72636092303384392  0.73694198836717029  0.74756148885948781
  0.75827151500703160  0.76898854856370302  0.77960325004413755  0.79022869537683194
  0.80084559114311360  0.81147419467188409  0.82202438844295389  0.83246678598858759
  0.84284614319362694  0.85323200043568714  0.86372312877589885  0.87423390935510203
  0.88464893604781891  0.89512442957297034  0.90559513655591839  0.91621942617876073
  0.92672345753313956  0.93719342099364145  0.94761168342121094  0.95790572652131911
  0.96833725362281875  0.97878385611560104  0.98940064150054718  1.00000000000000000
 -0.00232574953629531  0.00952303192859831  0.01966907345228127  0.03021693604376766
  0.04076708196774398  0.05135679025295836  0.06190229294308882  0.07250949054225546
  0.08306914088782663  0.09358412569191417  0.10408760671336302  0.11470012796788762
  0.12535324448419660  0.13592624495870995  0.14650296898843612  0.15705243570170171
  0.16765532637720582  0.17819653675459629  0.18872609465398216  0.19916050247927369
  0.20960664728796297  0.22012196637343406  0.23067336674319738  0.24125809557777089
  0.25184581648492582  0.26242866386757419  0.27296771164523498  0.28348618851406016
  0.29397302031007660  0.30447540846985871  0.31500428722570911  0.32558915560826973
  0.33607132156028385  0.34661024593454953  0.35717464962655388  0.36782798117676468
  0.37839637059466336  0.38890721839346626  0.39945665563956922  0.40997611154574676
  0.42049197862758747  0.43096165571156569  0.44137183417314935  0.45184018207655119
  0.46229161016625314  0.47288992052961132  0.48345256851537777  0.49405940167926748
  0.50459755766907100  0.51511754809474186  0.52561943686146251  0.53620489641184665
  0.54684844972444180  0.55748565390144067  0.56799303880406860  0.57854476989755110
  0.58908592866664788  0.59971853829044153  0.61026755775445818  0.62085812438610155
  0.63138654313844123  0.64189539789294103  0.65241575174815980  0.66295422329715481
  0.67355233500294343  0.68410365823106667  0.69463751698919751  0.70520259560146092
  0.71570751790272780  0.72623863442123748  0.73674403050074333  0.74728822906914605
  0.75787958071400408  0.76840911731702966  0.77900020051525298  0.78966172729776085
  0.80047297295204500  0.81136992542304931  0.82198540222667660  0.83265550549776790
  0.84302699776237011  0.85345666631751804  0.86376197823429113  0.87415895561846435
  0.88468494046518809  0.89516278344612821  0.90566120924243376  0.91619608748905368
  0.92668984964831791  0.93718380739864582  0.94771977452238421  0.95825333634651955
  0.96875154453077839  0.97915189404000957  0.98958591794639328  1.00000000000000000
 -0.00239483765292206  0.00997086128316303  0.02039310317571234  0.03099647134558454
  0.04158837364159040  0.05214079109674309  0.06268355694150360  0.07314726659636954
  0.08361901508343188  0.09408488215540498  0.10458345999550203  0.11514960084853357
  0.12565975107713240  0.13611896829834363  0.14661401086255249  0.15720668073490235
  0.16782635645343147  0.17825741475291176  0.18872321701577421  0.19931908706006232
  0.20995018104651522  0.22055365777448807  0.23117111707474811  0.24184230874865437
  0.25241504371852425  0.26282001348764422  0.27323143946973144  0.28371780054085904
  0.29430678841732122  0.30482645535070030  0.31531830557450352  0.32575219642951697
  0.33620804594810172  0.34672943743005208  0.35720410267207314  0.36767982791696641
  0.37811756713058764  0.38859389828317364  0.39901424401446534  0.40944736085876871
  0.41988587637016928  0.43041183008024819  0.44090388397172053  0.45139479058645660
  0.46199987583417162  0.47265019545246845  0.48327287426714055  0.49371387919724324
  0.50423807277340515  0.51483310109624048  0.52548919916865100  0.53599739651171219
  0.54651123169465987  0.55697431965598132  0.56747611090456740  0.57792657369582945
  0.58845823149774712  0.59900171451125483  0.60962508470413279  0.62019125836243627
  0.63074964749623541  0.64128445525821298  0.65179392093067090  0.66230097221763795
  0.67276192327044004  0.68336623376619166  0.69400392306170033  0.70470943032564082
  0.71532549578466043  0.72582749753366760  0.73632310522468158  0.74678743146935800
  0.75725557767233009  0.76788558694143849  0.77858634102014568  0.78933000511688933
  0.79982186821883461  0.81029848956135730  0.82079982497289283  0.83126158094909008
  0.84179187263716360  0.85230069801802522  0.86293077174556598  0.87353508592733475
  0.88413829536997302  0.89464297250099201  0.90516490390031967  0.91570217812729904
  0.92635718712327575  0.93700301502277827  0.94753371127154173  0.95806254519753198
  0.96855596097895824  0.97911977755760771  0.98957844640377635  1.00000000000000000
 -0.00242469420641779  0.00968635272014719  0.02001815458306222  0.03078352049501644
  0.04158146354259499  0.05233608852904548  0.06303192824194229  0.07364060852864140
  0.08429323234311296  0.09494299553421889  0.10548831404617848  0.11596457075585198
  0.12647610186723929  0.13705708574292944  0.14766687762200920  0.15828508513286363
  0.16892185059463777  0.17949602892748595  0.18996488640321579  0.20044635130293989
  0.21094216449240580  0.22148942447533015  0.23205554686632449  0.24253073857134447
  0.25304342317340206  0.26351508487241815  0.27412019102588464  0.28468980073104511
  0.29520505535487235  0.30574341099077196  0.31631821091443496  0.32694849478916704
  0.33750586140971844  0.34803168053227418  0.35849698680964825  0.36902815212902562
  0.37953573337154722  0.39009514324408567  0.40059903643480921  0.41110056593271127
  0.42164048255944303  0.43214405206699397  0.44269897743271763  0.45321562370843838
  0.46374240817237683  0.47422094629761202  0.48468078507474960  0.49516390416670303
  0.50570874038020475  0.51624597611617340  0.52679117575965251  0.53736254394570648
  0.54793175771603586  0.55850231841921016  0.56903653951023470  0.57960017751404913
  0.59009827005615278  0.60052427930076047  0.61094120819722064  0.62145192877859612
  0.63212764184682035  0.64281666757828393  0.65344711505282749  0.66394700432816067
  0.67435719262631255  0.68474868289737834  0.69531474909784119  0.70595587172397312
  0.71658265366980711  0.72723171072926640  0.73781522933824895  0.74846508356926666
  0.75895160214484036  0.76946594474645014  0.77985687651011615  0.79025115653802624
  0.80070912827864493  0.81119276891264191  0.82171572959946793  0.83224689003578012
  0.84285933981256400  0.85335102209603786  0.86392052556527221  0.87441663820203219
  0.88484030568132077  0.89530461550854779  0.90572181730450407  0.91617151703163369
  0.92648420517947461  0.93686991410311060  0.94732444814455541  0.95777533352559618
  0.96834447319838612  0.97888078590173822  0.98946231279787411  1.00000000000000000
 -0.00242772181434367  0.00974770020660490  0.01996665065914908  0.03049820289413012
  0.04098351028924815  0.05155636631124932  0.06208739677677313  0.07265276486783688
  0.08312004001302373  0.09360565020570967  0.10406558692412139  0.11470311961443283
  0.12539290646971191  0.13610424543951766  0.14678395528611490  0.15746693790425201
  0.16815973611062582  0.17872775569791352  0.18936043317201054  0.20002432690296304
  0.21070096583448672  0.22127013148419264  0.23185893405418612  0.24252941020117949
  0.25318514878462040  0.26376323050372935  0.27422008167688766  0.28475659287121452
  0.29533199428440371  0.30595308503609497  0.31648085040865287  0.32693019976676629
  0.33742587160263976  0.34799569509310568  0.35858852436255712  0.36918036855945147
  0.37971007404388313  0.39018009561106326  0.40060714374152995  0.41110893684347066
  0.42157086718125969  0.43207542650629738  0.44253118838177435  0.45305256888673701
  0.46355992430500059  0.47404168469249064  0.48454338724897100  0.49499695321594350
  0.50547709151587428  0.51605174120088970  0.52667262112729396  0.53731982976659975
  0.54789826803844766  0.55859001287796850  0.56932646185376257  0.58010170055992494
  0.59073605060610879  0.60132529307866012  0.61178332424455761  0.62221291547341429
  0.63264522200751638  0.64322566894621358  0.65382107163526182  0.66437620671095521
  0.67480249429677241  0.68519994578905885  0.69561851645800876  0.70605284881140218
  0.71651066809350661  0.72693054544287794  0.73756561137348764  0.74821567927916155
  0.75884045037098413  0.76935843606392240  0.77986448005424269  0.79046232743150502
  0.80101418694403681  0.81148872859242527  0.82197560873347575  0.83244149914059562
  0.84294082386772073  0.85340091968994225  0.86387839835815339  0.87440834536184364
  0.88492620078414963  0.89546399418022105  0.90593303313501983  0.91637402960981684
  0.92678397667901724  0.93725790691796118  0.94768330626624986  0.95818006843474046
  0.96864966855682999  0.97916506963757088  0.98958054624859682  1.00000000000000000
 -0.00210084304732868  0.00991278249952613  0.02015067276125476  0.03068792884171819
  0.04115657211429062  0.05161960712393346  0.06212933826794981  0.07276048009627774
  0.08343290300853447  0.09409028524945151  0.10473948099371258  0.11536285905236023
  0.12595621641679014  0.13640083956553975  0.14681551484245456  0.15725994073076510
  0.16767581561655978  0.17814597911407840  0.18863240848079119  0.19925725045009493
  0.20981789006421844  0.22039960238696663  0.23103213114819157  0.24165323624939075
  0.25224674756743320  0.26283845374249709  0.27352602101458695  0.28419321029170808
  0.29481852975034423  0.30539683721171712  0.31601867811050144  0.32660449944163183
  0.33725168232520852  0.34782294327398816  0.35844342222100850  0.36900540338218973
  0.37965313566368719  0.39019659609649626  0.40070377367027005  0.41111766338494543
  0.42157015341732457  0.43206499500112550  0.44257400399786734  0.45314981311954300
  0.46363621078475692  0.47420387181948914  0.48470585976534902  0.49522193145549992
  0.50564815273946606  0.51608942808284675  0.52649215362847379  0.53695240322118498
  0.54745443124641224  0.55803258284520030  0.56851913840272739  0.57890802621032789
  0.58938147068431213  0.59989988687269835  0.61040970102185943  0.62085744951249122
  0.63134439109546669  0.64189773452313847  0.65239277058839351  0.66280720995083731
  0.67325321810899408  0.68364600348568716  0.69411088465596371  0.70458494947916261
  0.71512732907267829  0.72579370646344443  0.73649287377308936  0.74718517287627118
  0.75773779947102660  0.76832458201120979  0.77887710049655190  0.78944770589407331
  0.79993573497915160  0.81059001704535372  0.82121354389471513  0.83189761953295083
  0.84246148560723588  0.85308008863198970  0.86359789146815846  0.87410910527658248
  0.88462332974024760  0.89507091652528836  0.90560475586127864  0.91615337073743863
  0.92678603246977176  0.93742146701759832  0.94793240738153162  0.95842987009530445
  0.96880374507354483  0.97915388741501008  0.98952189226984233  1.00000000000000000
   1.2217120258770548E-022  -1.0000000000000000     
 F F F F F F F F F F F F F F F F F F F F F F F F F F F F F F F F F F F F F F F F F F F F F F F F F F F F F F F F F F F F F F F F F F F F F F F F F F F F F F F F F F F F F F F F F F F F F F F F F F F F F F F F F F F F F F F F F F F F F F F F F F F F F F F F
  <DiscreteSampler_grid>
  grouped_processes
  1 # 1 for a reference and 2 for a running grid.
  10 # Attribute 'min_bin_probing_points' of the grid.
  1 # Attribute 'grid_mode' of the grid. 1=='default',2=='initialization'
  0.0000000000000000 # Attribute 'small_contrib_threshold' of the grid.
  0.5000000000000000 # Attribute 'damping_power' of the grid.
 # binID   n_entries weight   weight_sqr   abs_weight
    10   10   6.889307478802137E-010   1.178123186171725E-018   6.889307478802137E-010
  </DiscreteSampler_grid>
