  0.00955739813882752  0.01591557515803432  0.02428122108212006  0.03451052728766897
  0.04430875143684063  0.05492750690132590  0.06552317648952975  0.07607803829018982
  0.08658871782133241  0.09711075644029322  0.10762377596630343  0.11813552221425883
  0.12870083878034549  0.13926574954114176  0.14978704700028334  0.16035189854357718
  0.17090132474759279  0.18141886978378302  0.19132948025101598  0.20124883188914025
  0.21117048484560075  0.22168918511849442  0.23233002716004955  0.24296837076256250
  0.25340224565374370  0.26380019493546758  0.27422466080718699  0.28474612417488343
  0.29527643561910288  0.30580339845895554  0.31633095126598687  0.32683435006630257
  0.33730965482155739  0.34784403538100123  0.35836619042150936  0.36890093534052948
  0.37933240587624251  0.38973326461149055  0.40010997080620375  0.41051929006609267
  0.42100218293332342  0.43157056648214692  0.44152707065079672  0.45136507062652426
  0.46117804859147532  0.47146092462319045  0.48200485905877050  0.49192994649894067
  0.50159395615004276  0.51124832517192553  0.52125076505214707  0.53175249103013122
  0.54230966627855692  0.55289132613903524  0.56351684510729938  0.57412813126031048
  0.58471715983454986  0.59525933493348615  0.60576579442788536  0.61626027460339816
  0.62676626585901729  0.63691883144493533  0.64664241898946284  0.65634370606961567
  0.66620331482217210  0.67673383682136534  0.68724137238817540  0.69773738651885309
  0.70822380528966145  0.71861390920574941  0.72844379324121344  0.73829847985459973
  0.74814922327114342  0.75872435687241035  0.76931299238902096  0.77987569999768513
  0.79046280363479993  0.80096889805626481  0.81141929967091375  0.82182482247880984
  0.83231435170407109  0.84285605528731655  0.85338396218914225  0.86393775700638265
  0.87446945001700305  0.88505132376435902  0.89561209002945408  0.90622429298030538
  0.91681310199821153  0.92739099477099451  0.93799424034060641  0.94862825473359258
  0.95923183150212776  0.96978745503269348  0.98031291764074691  1.00000000000000000
  0.00963705208015072  0.01618517536395168  0.02566787235581188  0.03650293648918689
  0.04641459363951128  0.05636734736183357  0.06626595755696453  0.07674282894306453
  0.08716222052797698  0.09763073741241193  0.10812847323989982  0.11860832852279703
  0.12908693441795041  0.13962887053130885  0.14944239954890423  0.15933006594530058
  0.16916317072707904  0.17959292568621804  0.19003216273011167  0.20053972247596288
  0.21106125577295415  0.22166064921021530  0.23226580822594659  0.24289008304054374
  0.25344673276054352  0.26401453810092829  0.27459994450495656  0.28526095894681752
  0.29584673552573465  0.30651741489052431  0.31714755900111263  0.32777655110538129
  0.33832899472544170  0.34885379169033970  0.35936165794120695  0.36984399107231763
  0.38024552038582377  0.39062425910011167  0.40097313916494054  0.41143164447334241
  0.42195148374122837  0.43246962823131252  0.44304695219779411  0.45359118188757674
  0.46417340586606171  0.47465554834979140  0.48514374712868846  0.49556130075600480
  0.50599357003388579  0.51646046419285663  0.52694142917532127  0.53671916473518155
  0.54643801326245645  0.55616736199301298  0.56582240972272446  0.57542761635387119
  0.58502350533529734  0.59499708515114014  0.60550858449701561  0.61603346177639440
  0.62652620121593738  0.63694121551118699  0.64732637182695585  0.65776057880106842
  0.66825938318736611  0.67879280004025311  0.68934671852061380  0.69958836735118923
  0.70938437116255737  0.71918613088613126  0.72914527675843266  0.73973191477129163
  0.75028038609973691  0.76084399531486824  0.77143179360997660  0.78205563831685965
  0.79261099920099232  0.80310401905730633  0.81358888918500460  0.82409117580124414
  0.83464406497466925  0.84518478633756955  0.85572904450815623  0.86618056943439903
  0.87614021442343626  0.88612123352564021  0.89604966932619323  0.90668064302490503
  0.91740136962576757  0.92809923576813524  0.93869515557912697  0.94924981334239034
  0.95978071889473082  0.97023192994342955  0.98052067249199282  1.00000000000000000
 -0.00180493338340090 -0.00093600482864352 -0.00006707627388613  0.00080185228087125
  0.00101599419431660  0.00113129909242993  0.00129771662924045  0.00159454408064790
  0.00189131208154186  0.00218806888308079  0.00248535170300425  0.00278280497868806
  0.00307988200118065  0.00337743964517801  0.00367617351639133  0.00397604806201177
  0.00427597701274273  0.00457562824536027  0.00487467149509840  0.00517350817766031
  0.00547237052813447  0.00577121129754418  0.00607027767595304  0.00636977267676602
  0.00667026320396508  0.00697082141763434  0.00727165970427155  0.00757263787278572
  0.00787445794497239  0.00817711726679666  0.00848009636908544  0.00878372480112526
  0.00908786634293806  0.00939290789868734  0.00969849548715147  0.01000374740926194
  0.01030910551877045  0.01061390766527961  0.01091923068124392  0.01122493454557734
  0.01153131600521747  0.01183676487359591  0.01214168328451518  0.01244667919529315
  0.01275299641875116  0.01305954379549783  0.01336617853391808  0.01367301209212998
  0.01398044503749750  0.01428823334704131  0.01459756959538821  0.01490797157377538
  0.01521891431990923  0.01552951399472127  0.01583972997100168  0.01615063515539543
  0.01646194436511628  0.01677393985130352  0.01708642427834545  0.01740011736768551
  0.01771412536139890  0.01802859294648481  0.01834307146391902  0.01865835871074359
  0.01897409219695501  0.01928981849330437  0.01960564354566385  0.01992209972287381
  0.02023901564736775  0.02055662935055121  0.02087490100344896  0.02119378414601076
  0.02151342276625579  0.02183340426751532  0.02215407777256084  0.02247519667692464
  0.02279661865743223  0.02311831252822532  0.02344035463525535  0.02376334342814582
  0.02408753529872565  0.02441329496602998  0.02473983848401634  0.02506687501123144
  0.02539464084587762  0.02572339660810757  0.02605283131771835  0.02638274474276710
  0.02671279954929143  0.02704306471231817  0.02737385290208100  0.02770676642824996
  0.02803418552853714  0.02836225212214564  0.02837865933646651  1.00000000000000000
 -0.00246111481220647  0.00995551263776067  0.02028081905099468  0.03100377662147564
  0.04171888445776264  0.05260447287318261  0.06344147926052576  0.07420185685945545
  0.08488008572147722  0.09552448618133508  0.10621289702114829  0.11692693785991008
  0.12768333300467935  0.13846412478694275  0.14917138198825014  0.15980770161704427
  0.17040157595479624  0.18109018070408078  0.19158936832841275  0.20137066222378658
  0.21112377833134202  0.22081120191626222  0.23141006021109925  0.24211641325922362
  0.25282158100347851  0.26349742451378971  0.27415442443244187  0.28473383989627932
  0.29471992819584791  0.30467308273378901  0.31465811232473878  0.32471941024457068
  0.33475190488214784  0.34427819139151788  0.35417028513295001  0.36419642728823642
  0.37470380906943618  0.38538365010438608  0.39606496313715772  0.40670910062869592
  0.41736571118511639  0.42798860374917358  0.43863364052441706  0.44933780450022959
  0.46010837904762392  0.47090305525112003  0.48171972724036000  0.49245046951684951
  0.50317995212580713  0.51392936330120764  0.52474538398078174  0.53546240400445555
  0.54614557147948861  0.55677030927828985  0.56744269399453962  0.57803584495746818
  0.58867963632486031  0.59939793125295160  0.61012356821075786  0.62082445938660302
  0.63148225547156489  0.64220497493977424  0.65288282870220893  0.66353628889706529
  0.67412932439420503  0.68482438634715193  0.69552596468961614  0.70622249284244898
  0.71683646066593876  0.72745489277193998  0.73803710679578483  0.74864929433028271
  0.75926736533178707  0.77000249080523175  0.78079966673567336  0.79160137881090620
  0.80235573596365295  0.81301010469501989  0.82363450485187806  0.83428501833438296
  0.84504991145133113  0.85585079995800761  0.86659787901632268  0.87725653655067648
  0.88794718317766108  0.89870607611652575  0.90949745558628747  0.92025646987357701
  0.93097201616714365  0.94167987881395343  0.95202364659271299  0.96199868465915273
  0.97167206999445710  0.98095269056891321  0.99064322821489748  1.00000000000000000
 -0.00203258036011544  0.01009103889433379  0.02049222006764940  0.03123675483942497
  0.04206276249654155  0.05285519895209316  0.06359574645369721  0.07416017830297560
  0.08399264296282820  0.09376619808688592  0.10352444401248194  0.11400351152799164
  0.12462339220866785  0.13536163543435609  0.14608568291400695  0.15677427312079933
  0.16740817993741958  0.17803399309770737  0.18869875687437543  0.19847600946379698
  0.20830084568608193  0.21811329637138502  0.22861941605426808  0.23932838576338944
  0.25001907662491368  0.26069135681809869  0.27133314860180835  0.28194521373239123
  0.29254955291287982  0.30315449535916705  0.31381128316658280  0.32449557238318899
  0.33524276127223596  0.34602863586381111  0.35684776949294456  0.36773832490928515
  0.37861657971092294  0.38942816078552422  0.40017739032119470  0.41030770390558119
  0.42041948638785831  0.43042604575976506  0.44103552992330408  0.45175160687670873
  0.46257992051491931  0.47333828339061923  0.48411211883538852  0.49483296062597976
  0.50560296939665361  0.51626750641246055  0.52695270893843726  0.53757168954684087
  0.54821518612840769  0.55882877672243436  0.56949457668766434  0.58028676771346033
  0.59111900245064941  0.60188990437251921  0.61256415379718809  0.62322378411173374
  0.63371547979172327  0.64351581902984456  0.65334146260753456  0.66316281620230910
  0.67394224761567967  0.68475268023200042  0.69553334781098863  0.70626500416536109
  0.71694034587754818  0.72753725145152004  0.73809822287674265  0.74862646092800444
  0.75923304795778812  0.76993168110468302  0.78069939642331332  0.79149539326858120
  0.80207328390280408  0.81182408511698456  0.82152866305400707  0.83119848019789344
  0.84181067002035748  0.85247160042304504  0.86316569070296167  0.87388273876437494
  0.88458657638310512  0.89525267657509533  0.90594709312350752  0.91659439867133286
  0.92721267377314220  0.93715735715810644  0.94717749925426087  0.95717755782878733
  0.96781696034180253  0.97856307692482158  0.98927060035075554  1.00000000000000000
 -0.00228623767241475  0.00990893890717607  0.02020071852634182  0.03085407133983082
  0.04158833892746151  0.05233709870020228  0.06306645347646142  0.07374485661514289
  0.08445986639048583  0.09509428686243096  0.10502446567668745  0.11494012342375205
  0.12489398704117743  0.13559776035875823  0.14639006255893108  0.15711871763669194
  0.16787508093932299  0.17855949605474208  0.18931069555497249  0.20007575832772903
  0.21091809935964451  0.22167029598037938  0.23241007598321553  0.24302458665405835
  0.25294250429875470  0.26286404480449416  0.27273624821622539  0.28258296935942817
  0.29192812363010223  0.30122784626343052  0.31096039083080274  0.32131327374974084
  0.33194081497599442  0.34254963603460781  0.35315307820740355  0.36379472067747048
  0.37447102389510684  0.38516417220571436  0.39581767538508539  0.40646650567727760
  0.41711417338205015  0.42776298290071091  0.43842643101480588  0.44911715340613356
  0.45977954674945198  0.47044256955090291  0.48112180497494400  0.49190770066021083
  0.50268259090674461  0.51347399613540468  0.52421942729983662  0.53491681610207831
  0.54554239965501861  0.55614612575635691  0.56678499933890025  0.57737795332992126
  0.58798103761785148  0.59855765048821030  0.60919050287886600  0.61978220740554202
  0.63042176218679657  0.64113450844241904  0.65109180161503399  0.66100301527987670
  0.67085633844121983  0.68136771519808759  0.69208046504845322  0.70279719512436412
  0.71353492435518728  0.72422487400327240  0.73490842661627664  0.74552351127302219
  0.75611509098516017  0.76684176138657656  0.77757258171864896  0.78837604788275872
  0.79904452534175674  0.80967992264068711  0.82034842074942516  0.83104559275349854
  0.84180713435676624  0.85251823722310704  0.86321244824210208  0.87382959163365714
  0.88442229643319847  0.89502835079731102  0.90574636330053560  0.91650422371488516
  0.92722876953093769  0.93790910981079045  0.94845475394628875  0.95836777891468450
  0.96832209193928631  0.97835714513169980  0.98919666072782608  1.00000000000000000
 -0.00180921424157901  0.00987226722715374  0.02021741695616554  0.03081608600121018
  0.04142960348272723  0.05207860965095856  0.06275787145761648  0.07342987115382847
  0.08398722102966788  0.09459774204510368  0.10526610509113828  0.11599531103537705
  0.12666515200378350  0.13733387356783819  0.14797858077141887  0.15855426656694854
  0.16850519361113978  0.17849693490938995  0.18847434891635337  0.19920064847848210
  0.20993686575119841  0.22061229096515517  0.23043643457284557  0.24023805577217178
  0.25001562322250520  0.26039480941740506  0.27098136195932321  0.28160866276033092
  0.29225046948982103  0.30295174842462752  0.31368428451330010  0.32442562528003172
  0.33509707827759821  0.34578705332474274  0.35649815582484007  0.36729216806114345
  0.37808612547498061  0.38883578406220481  0.39870230506114868  0.40850351698558346
  0.41835322249095735  0.42885555195109759  0.43956663886260555  0.45024518026786725
  0.46087959794758099  0.47079150866802716  0.48069950180682108  0.49065481567647529
  0.50114880706802467  0.51179693677788496  0.52238668199956539  0.53301353790141315
  0.54376289897422614  0.55458718531054707  0.56543649261382556  0.57620503021984748
  0.58696336704860530  0.59773285354495453  0.60852053128394412  0.61925509603245510
  0.63004839702809823  0.64081498852749308  0.65154152519348918  0.66217281772749059
  0.67276841578584534  0.68349521285281800  0.69423132034645108  0.70500570949686581
  0.71574050480925855  0.72647126611774315  0.73635313848078932  0.74624132186615155
  0.75611322558652860  0.76667934759232625  0.77741122320808187  0.78814817525722480
  0.79886030966496091  0.80955261425667147  0.82023683452029195  0.83100179992785861
  0.84167959354423216  0.85233749500669365  0.86235171397880295  0.87239690498474887
  0.88249511644815259  0.89310689348314598  0.90379795028540677  0.91447369199534001
  0.92524920730101223  0.93602971584258610  0.94679478054548161  0.95748553024897309
  0.96821854447540334  0.97886202790255117  0.98945235231475959  1.00000000000000000
 -0.00160783468614892  0.01065940349074989  0.02131363133485799  0.03197644455153556
  0.04262681098276420  0.05336881666074030  0.06410425920712080  0.07475720694626589
  0.08538359332790679  0.09598029090450812  0.10660813244847747  0.11707196672080054
  0.12700141513217847  0.13692028482516910  0.14695690545804396  0.15759256364375254
  0.16823841800449968  0.17876056060990797  0.18938729505788415  0.20008933967073420
  0.21076505770454179  0.22147134105701100  0.23199785512016319  0.24187157738703377
  0.25166860484459375  0.26156318862632394  0.27217524588072328  0.28291174398700975
  0.29361502332123135  0.30429467975425017  0.31502175108132335  0.32586639867374245
  0.33675701276003389  0.34753176035183053  0.35812536989228028  0.36866398717842547
  0.37929860798576759  0.39005078588201347  0.40002507329615222  0.40996757086247732
  0.41980867487317669  0.43036813963033649  0.44098876921597546  0.45170024628497535
  0.46239600024694177  0.47310862272369369  0.48380122281715709  0.49445195206929865
  0.50526835987744478  0.51599233420217172  0.52675444572011076  0.53671626211804357
  0.54673335436721449  0.55676150619571274  0.56736535492276574  0.57813255158077448
  0.58830791466252075  0.59844440921116837  0.60856240476448220  0.61916236732751095
  0.62991642099229916  0.64068124827743667  0.65146609392149657  0.66214096135994138
  0.67284410974543396  0.68346881449869001  0.69411376658846613  0.70464300608410724
  0.71539501965197527  0.72622809964198165  0.73703605761636304  0.74765327709535168
  0.75744927030686282  0.76724521979985139  0.77702631275973133  0.78744596770410069
  0.79807053048367438  0.80864935450248665  0.81922822122869210  0.82980847502475108
  0.84040322482612895  0.85101799379519250  0.86164749423358089  0.87235403710352455
  0.88301462673398101  0.89363800682597860  0.90417333124643262  0.91466976175770576
  0.92529265841090047  0.93597043963453930  0.94671672523159012  0.95738379858754419
  0.96807914743297441  0.97880203524215237  0.98942020845441991  1.00000000000000000
   1.1285578437515239E-007  -1.0000000000000000     
 F F F F F F F F F F F F F F F F F F F F F F F F F F F F F F F F F F F F F F F F F F F F F F F F F F F F F F F F F F F F F F F F F F F F F F F F F F F F F F F F F F F F F F F F F F F F F F F F F F F F F F F F F F F F F F F F F F F F F F F F F F F F F F F F
  <DiscreteSampler_grid>
  grouped_processes
  1 # 1 for a reference and 2 for a running grid.
  10 # Attribute 'min_bin_probing_points' of the grid.
  1 # Attribute 'grid_mode' of the grid. 1=='default',2=='initialization'
  0.0000000000000000 # Attribute 'small_contrib_threshold' of the grid.
  0.5000000000000000 # Attribute 'damping_power' of the grid.
 # binID   n_entries weight   weight_sqr   abs_weight
    10   10   2.266721892641569E+007   1.147417754702388E+015   2.266721892641569E+007
    11   10   2.266721892641569E+007   1.147417754702388E+015   2.266721892641569E+007
    16   10   2.266721892641569E+007   1.147417754702388E+015   2.266721892641569E+007
    17   10   2.266721892641569E+007   1.147417754702388E+015   2.266721892641569E+007
  </DiscreteSampler_grid>
