  0.00951745889245145  0.01568762896234248  0.02487661420256884  0.03565973260008285
  0.04602329379290055  0.05640632483070190  0.06679982725887128  0.07719042401860104
  0.08758928019509699  0.09799785825216045  0.10841969514604469  0.11882889807361063
  0.12923205033234397  0.13961788372528816  0.14999941160009186  0.16036394779753782
  0.17072932559993359  0.18110965912295873  0.19148020577029592  0.20185682044814479
  0.21222317313284753  0.22257138325543727  0.23291959506623697  0.24328369004250899
  0.25366154689329262  0.26402610728022408  0.27438187183282747  0.28476203376820070
  0.29515448471800781  0.30555333378977884  0.31594027156552690  0.32631409750095508
  0.33668423088403676  0.34706600378924946  0.35745691107171917  0.36785454192227540
  0.37825016039671294  0.38862772399806167  0.39901257853395172  0.40939689212466990
  0.41979399691950214  0.43018072480039538  0.44056581299722064  0.45095955947096694
  0.46135580226062689  0.47175622752029922  0.48215525954679073  0.49256619160491216
  0.50296668047418103  0.51336797443589188  0.52376925924722151  0.53417046241038690
  0.54455613566874250  0.55491425617300794  0.56527549427519308  0.57564423625887362
  0.58601976843396009  0.59639933466831974  0.60678114550897688  0.61715727188903036
  0.62752031985445633  0.63788736539585345  0.64827647192654991  0.65866830261000753
  0.66904010315786233  0.67940334817447345  0.68976868785986833  0.70015587927052947
  0.71055795767172270  0.72095889354600651  0.73135064711367359  0.74173291906119243
  0.75211781564620872  0.76248546806628570  0.77283815200861838  0.78319779354441854
  0.79357356497590614  0.80395816404883680  0.81434271681136317  0.82472105404894847
  0.83508237286257114  0.84543598742048343  0.85582044249622391  0.86623222716106940
  0.87664654246715901  0.88705387189277984  0.89744688679164897  0.90781805869420495
  0.91818717742026434  0.92856327728055021  0.93896270983393837  0.94935401889226811
  0.95974287745209774  0.97012511367039400  0.98048598117424446  1.00000000000000000
  0.00958856115348774  0.01558032483438298  0.02488569603932003  0.03567764505689690
  0.04603935575667037  0.05641222460897102  0.06679722269171073  0.07717229566555432
  0.08754868249377117  0.09790756245052601  0.10828017768017430  0.11865413834753186
  0.12904370604381399  0.13943388159148593  0.14981955874968717  0.16020768387682005
  0.17058313900090250  0.18093806049117644  0.19129082768280781  0.20164057818352291
  0.21201896106024012  0.22239377454762269  0.23277497481605330  0.24314252159031136
  0.25352391568922622  0.26391299882055835  0.27429888300181399  0.28468237720226514
  0.29506515676076023  0.30546033296144237  0.31586502989351861  0.32628037059056941
  0.33670089423457572  0.34711307317113776  0.35752359355708874  0.36792880841212355
  0.37833898815594424  0.38876042881733741  0.39916624748490748  0.40953829083202015
  0.41990619739024931  0.43028885443559034  0.44068336831671379  0.45106330745098838
  0.46143424221099943  0.47181321466703918  0.48218536699947667  0.49254842619604250
  0.50290379192019630  0.51326188199822187  0.52362969238167711  0.53399293076705667
  0.54435054236115232  0.55470703500305441  0.56506210954259428  0.57543465437633645
  0.58582287273912281  0.59621857402569711  0.60660536920051711  0.61698230238961349
  0.62737176963335461  0.63777556397127999  0.64818589698355933  0.65859412856659405
  0.66899000090286287  0.67937850743909445  0.68976750512310270  0.70015645297644769
  0.71053992140873046  0.72092233289156582  0.73131442047037298  0.74169769879321035
  0.75207076052283106  0.76244233384544535  0.77282228451208357  0.78319807719439016
  0.79356240470048234  0.80392713528156179  0.81431118468968788  0.82469666410249731
  0.83508648710707067  0.84546937296102587  0.85586458265191412  0.86627875936997001
  0.87668511025556850  0.88709171897639116  0.89748922902692418  0.90788106184859019
  0.91826233365743470  0.92863525593694629  0.93901684662389751  0.94941708716364304
  0.95981082671201445  0.97018848811732628  0.98053495624365938  1.00000000000000000
 -0.00232217981560144  0.00959403158160729  0.01976616977556334  0.03026966417221991
  0.04080222794254679  0.05132587652979299  0.06186559627726835  0.07242369938705517
  0.08298389742766833  0.09352103681096342  0.10404193057933475  0.11455922731785789
  0.12511918552526516  0.13569578123034465  0.14627400660940723  0.15682083495708893
  0.16734459296209447  0.17788199973803229  0.18843812181182210  0.19901736108479845
  0.20959805597351513  0.22017093360059697  0.23072250140663508  0.24124436857338843
  0.25176482668497058  0.26231311426178971  0.27291692445279248  0.28352571535925097
  0.29411196111833637  0.30468983659677340  0.31524807907284202  0.32580652782412139
  0.33631935453196682  0.34685827468364083  0.35738292606207417  0.36791272756327426
  0.37842206931000261  0.38894779881201536  0.39945998738139099  0.40997405256122271
  0.42049676604891240  0.43104094753598188  0.44158284163144551  0.45211874663450602
  0.46263616574780514  0.47316399928529640  0.48370373723805182  0.49426555826695628
  0.50482487101414131  0.51535405590510674  0.52588249971417877  0.53640398383632437
  0.54693756976151586  0.55744895487868307  0.56796188875708753  0.57845935963212991
  0.58898012458687110  0.59954164428242229  0.61011670613482916  0.62066779878058798
  0.63120350622656696  0.64172422526236605  0.65224690514204209  0.66273702631933051
  0.67324043017523927  0.68377164920814226  0.69432758297398145  0.70489622874901237
  0.71545104313329899  0.72601632919442494  0.73655304092907459  0.74712356400488955
  0.75766922173857432  0.76820459125858231  0.77872243497666160  0.78924791470807376
  0.79979512850075507  0.81034894193939888  0.82089545672506192  0.83143727920510324
  0.84195933593407579  0.85248346885438286  0.86301137468258216  0.87355830430401404
  0.88410956876592617  0.89467875257733853  0.90522741835525833  0.91576505617777804
  0.92630700722243264  0.93682797694731457  0.94737684490438467  0.95789942628354263
  0.96842166517408468  0.97894359333162251  0.98946618131064801  1.00000000000000000
 -0.00239319969162499  0.00951168497088316  0.01967194190393224  0.03021807964573710
  0.04079253004360456  0.05137830321913433  0.06195067994390009  0.07251352512163507
  0.08307251458442144  0.09360842200040084  0.10415770050529607  0.11470918394182869
  0.12527386917991523  0.13583524946532471  0.14636578577533743  0.15691532663988564
  0.16747071170792172  0.17802992461329975  0.18854435335624706  0.19906148552087968
  0.20958765978801619  0.22014011991085358  0.23070108811911014  0.24125561112655369
  0.25179464148395053  0.26231620453739235  0.27284180623490745  0.28334323827306357
  0.29385364998860547  0.30437090647635440  0.31490462091639582  0.32544493184155254
  0.33596071347975837  0.34649984539249912  0.35702657818119959  0.36757256198708543
  0.37811366606197827  0.38864612129478121  0.39917392841710347  0.40968685113161907
  0.42020400790935925  0.43071028450187210  0.44123235351262619  0.45174544549594742
  0.46234101536231764  0.47295349528425551  0.48358192667623578  0.49413410609013941
  0.50466316432701663  0.51519589747513439  0.52574382899283290  0.53628137120476260
  0.54683060799600269  0.55737628170550457  0.56795206691005506  0.57850195261245996
  0.58904098784719328  0.59957696375298575  0.61008426602184529  0.62058308393157402
  0.63106917112838146  0.64156149404908702  0.65207196600421047  0.66257665106560537
  0.67309446278054952  0.68362335537181196  0.69418154758373107  0.70475652532200039
  0.71532180451398431  0.72585134635884485  0.73636524822827087  0.74689282368536725
  0.75744423233225311  0.76801299031289294  0.77857646920644896  0.78913921837026135
  0.79968228224032878  0.81022511855063439  0.82074793755636699  0.83125854555919110
  0.84177652827860516  0.85229197625128184  0.86283241781616771  0.87334535926116874
  0.88387366436399528  0.89441821971814961  0.90496231011958095  0.91551000129295490
  0.92605536680991329  0.93663584650342424  0.94720602763839601  0.95777159420727498
  0.96830622463249905  0.97886029100629490  0.98941930356983432  1.00000000000000000
 -0.00250353922680666  0.00946150362108268  0.01959091983561686  0.03007909558378861
  0.04058704221746407  0.05110075721859614  0.06162102538883816  0.07214850737104124
  0.08268043003087465  0.09319448923524890  0.10368311610403314  0.11416992774455842
  0.12465008614815298  0.13517591646386548  0.14567954032288721  0.15620640304050082
  0.16674247319733201  0.17730859807778684  0.18783858734823430  0.19833365881670467
  0.20885641347268594  0.21941359119366921  0.22997726069559349  0.24051060609605168
  0.25102901006965961  0.26154384968234501  0.27203108302605339  0.28255937473406534
  0.29311043770773482  0.30369843781622108  0.31424801057670404  0.32481408606916673
  0.33537262445595523  0.34594663007909388  0.35648803597354112  0.36701966098144428
  0.37755107881731442  0.38809318615594446  0.39868852819204303  0.40926109339650601
  0.41982072973349277  0.43035519887772850  0.44090050644831075  0.45148221124562149
  0.46206361674935914  0.47266380367211391  0.48320780069233310  0.49375057375973552
  0.50429771632997267  0.51489116430700699  0.52546386949095514  0.53601747159121549
  0.54656889656460594  0.55712146526193973  0.56770082643979236  0.57822803227811592
  0.58878722090208757  0.59932798373260299  0.60990117384842446  0.62044454562041673
  0.63097271109855568  0.64148037586987605  0.65198318782260611  0.66248644271272339
  0.67303161093516817  0.68355851710464599  0.69410188873746270  0.70462380492588483
  0.71518115116435099  0.72573008195757105  0.73628468693145044  0.74681942145531122
  0.75734973450838550  0.76790442313596030  0.77847197273684376  0.78904436985668180
  0.79959663523534685  0.81013574117480303  0.82067087962502538  0.83118870896527119
  0.84174097882902466  0.85230354703068500  0.86286252531770746  0.87341349398388790
  0.88396801486795806  0.89451992386077306  0.90505637419236640  0.91557958108980930
  0.92612397760845622  0.93666059814998170  0.94719613298854421  0.95771872242264988
  0.96823988851405840  0.97879041128249666  0.98937777115403958  1.00000000000000000
 -0.00246534165037776  0.00947751390944977  0.01964047636964184  0.03013542837335040
  0.04068139024136960  0.05120273193293050  0.06174551167972418  0.07229197621431727
  0.08284705115383173  0.09340027389615332  0.10395027828525256  0.11449186033120008
  0.12502223389243600  0.13554131661792190  0.14606564015882786  0.15659832773813018
  0.16712522521973458  0.17764447816697368  0.18817073887692146  0.19870202641536316
  0.20925810798047784  0.21982160598202510  0.23038599260320980  0.24094285524894204
  0.25149927116684873  0.26206527291740045  0.27262160634073995  0.28318065016171001
  0.29372304048809389  0.30428760912205799  0.31483005225100114  0.32539517683612118
  0.33594490787665604  0.34652515448087728  0.35707724413855485  0.36764849289838225
  0.37819086720283307  0.38873429667960435  0.39926860229546279  0.40980748406167467
  0.42034678703399830  0.43089085015238754  0.44142756938824035  0.45200661635396627
  0.46255722975533059  0.47312047178854416  0.48365974360987474  0.49420598816723654
  0.50475303345184452  0.51530205937032769  0.52588062047671646  0.53642768830646481
  0.54698350999904033  0.55750038895194443  0.56801582313103260  0.57850864980395411
  0.58902637749985209  0.59957119505907608  0.61012088113730967  0.62066836718462193
  0.63122226821102634  0.64178039047086943  0.65232142824676265  0.66283939732651387
  0.67334046430899575  0.68385210687383746  0.69436648076116569  0.70490999133548382
  0.71547235053200919  0.72607083973057873  0.73663867264789440  0.74718931458983107
  0.75772794366148266  0.76824696115345636  0.77874619898941211  0.78925771111491605
  0.79980561657173521  0.81037430844605418  0.82089183989232506  0.83139496156463133
  0.84192217308854256  0.85247574822817995  0.86303230976949052  0.87356141554831823
  0.88408891320750826  0.89463457895728637  0.90517698329338336  0.91571902608205058
  0.92623988116928679  0.93675745592665360  0.94728813301675485  0.95782443409102036
  0.96835846553237881  0.97890728094837576  0.98944889337623698  1.00000000000000000
 -0.00252376771645246  0.00942829315279871  0.01958006362587138  0.03008732371681803
  0.04062550172134762  0.05115463933695107  0.06168395480912105  0.07221222097393694
  0.08273290312432258  0.09325845554897673  0.10379202382022383  0.11433439229239616
  0.12485848931718595  0.13539635355191529  0.14593269286056199  0.15646745657300073
  0.16700798652971005  0.17754920260826057  0.18810742504947517  0.19865156717736338
  0.20919479494030382  0.21973393873653493  0.23027234082035494  0.24081895181549925
  0.25138766587937977  0.26197000297220568  0.27253569211891088  0.28309137946479940
  0.29364812655384276  0.30421169514457158  0.31474791263935165  0.32529046597473044
  0.33583993830176223  0.34641034709496749  0.35695000731226273  0.36747361463295120
  0.37802880856488869  0.38861264758229341  0.39923747281263727  0.40981268712786617
  0.42038462507029567  0.43091162739965810  0.44140810815380732  0.45188893581351175
  0.46237541056784298  0.47290207742242107  0.48341503876592468  0.49394311893202569
  0.50447530395459395  0.51502694549917460  0.52552902645460198  0.53605261967135920
  0.54660138290607929  0.55718380030356496  0.56772636813862198  0.57824648591165806
  0.58878311652635795  0.59934108301097067  0.60989831125126848  0.62045219534017182
  0.63099640079445640  0.64152603449032553  0.65203998648864081  0.66258904360798576
  0.67315250321715381  0.68370558339891729  0.69422223284478579  0.70472848763846940
  0.71526372008405725  0.72581744151738536  0.73637811605449310  0.74694311234756794
  0.75749051610252438  0.76804580951095069  0.77859949949751106  0.78916836007473079
  0.79972958233584812  0.81025943756851082  0.82076749249344572  0.83128286226914938
  0.84182180794423345  0.85237691483595712  0.86291892838327577  0.87342342422661934
  0.88393556946787966  0.89445102874094939  0.90501006606674061  0.91553697632260811
  0.92606504412959645  0.93660371314994562  0.94715595258387797  0.95773106584004608
  0.96831216558047395  0.97889301680757523  0.98946139723548987  1.00000000000000000
 -0.00236579769485907  0.00976328397660353  0.01994821361661828  0.03042520874674567
  0.04091771970173627  0.05142668838163065  0.06195921403857579  0.07251112130742655
  0.08306574550501775  0.09360777278102494  0.10412910549822438  0.11462889283499135
  0.12512968048333978  0.13563077543521537  0.14614851950129110  0.15667492972009614
  0.16723497077999758  0.17780446773247022  0.18838272777954138  0.19894119801249471
  0.20949297216551507  0.22004469147482905  0.23058530239427552  0.24112533347168735
  0.25168904448652268  0.26226346497603670  0.27283397934432257  0.28337050818799758
  0.29389570153828815  0.30442376545364941  0.31497849273372375  0.32552790886724997
  0.33607608050671178  0.34659515032479027  0.35714456164672514  0.36769259453499942
  0.37825603422358356  0.38883012458526622  0.39940048796333844  0.40997512556721000
  0.42052096153017016  0.43109480478371071  0.44167336788121586  0.45226282406482782
  0.46284811148852123  0.47342973673361871  0.48400337019572454  0.49456711793749170
  0.50512426038044678  0.51566957974684724  0.52619912808929692  0.53674387229055642
  0.54729091838807276  0.55784216078279147  0.56838366073441937  0.57891384375777455
  0.58944210902708716  0.59996348167216895  0.61049107879455833  0.62102924349178712
  0.63155266925851028  0.64205774508172642  0.65255135536145026  0.66308113443672700
  0.67362885571651165  0.68417009357575231  0.69468733171969455  0.70522437379882363
  0.71576436645917141  0.72629273490882817  0.73678696846915592  0.74732455638589457
  0.75787013781706980  0.76839875588233253  0.77888556387846442  0.78936351289712736
  0.79986827923204684  0.81038363306795014  0.82088504879795487  0.83141240656050419
  0.84194672574645457  0.85254062909298378  0.86312286426462426  0.87369173434558822
  0.88420910397200680  0.89472320760421531  0.90523259583875826  0.91576755287174716
  0.92629532062206288  0.93681019181076031  0.94733869975461915  0.95789502416436767
  0.96846840683272395  0.97900326553754580  0.98951203359096840  1.00000000000000000
   1.5462134575668366E-002  -1.0000000000000000     
 F F F F F F F F F F F F F F F F F F F F F F F F F F F F F F F F F F F F F F F F F F F F F F F F F F F F F F F F F F F F F F F F F F F F F F F F F F F F F F F F F F F F F F F F F F F F F F F F F F F F F F F F F F F F F F F F F F F F F F F F F F F F F F F F
  <DiscreteSampler_grid>
  grouped_processes
  1 # 1 for a reference and 2 for a running grid.
  10 # Attribute 'min_bin_probing_points' of the grid.
  1 # Attribute 'grid_mode' of the grid. 1=='default',2=='initialization'
  0.0000000000000000 # Attribute 'small_contrib_threshold' of the grid.
  0.5000000000000000 # Attribute 'damping_power' of the grid.
 # binID   n_entries weight   weight_sqr   abs_weight
    10   10   5.305438437967879E+013   4.359718169129931E+027   5.305438437967879E+013
    11   10   5.305438437967873E+013   4.359718169129922E+027   5.305438437967873E+013
  </DiscreteSampler_grid>
