  0.00000467288888687  0.00056145559261137  0.00138744437710973  0.00238374664462980
  0.00355020000284262  0.00484796642876585  0.00615710387042832  0.00751729365341364
  0.00896454903464369  0.01048787290741499  0.01215174555513998  0.01390283922238724
  0.01571474077497221  0.01756363456252595  0.01948584097363339  0.02135299575217160
  0.02339708721282845  0.02543599808598146  0.02760802556726451  0.02985315959276848
  0.03219510720132992  0.03460313532128423  0.03700227955910163  0.03941792518983302
  0.04182158631567449  0.04431725009890859  0.04689616838119047  0.04964595300371329
  0.05229444319944895  0.05504812365031988  0.05774063180435990  0.06046735016052598
  0.06334920101632388  0.06634086375631215  0.06931596018347458  0.07228421385392103
  0.07529307756701523  0.07833032477253649  0.08141358396141858  0.08461642867798196
  0.08792329461602630  0.09119479727261338  0.09449963405198679  0.09792365340602815
  0.10147971679145718  0.10507017285731804  0.10873244358364889  0.11251270257756654
  0.11641185331640377  0.12036900596380705  0.12428370279627096  0.12827961843719601
  0.13236116094335684  0.13635703186909937  0.14036178789066622  0.14448451186853598
  0.14878421598215888  0.15327452987866630  0.15800331755925751  0.16272938562494688
  0.16764180331692094  0.17279557495019982  0.17814961372800014  0.18356153389634275
  0.18893154263690840  0.19428728467106635  0.19977972344142994  0.20557943144017873
  0.21156844381883644  0.21765189350762951  0.22397274310308457  0.23070807361815798
  0.23778420834957004  0.24529705337305044  0.25281266948040143  0.26054141204940051
  0.26869868418681092  0.27727744208201704  0.28611007148364864  0.29501686056420223
  0.30401124450557998  0.31418848091319590  0.32576332230080995  0.33752874121641457
  0.34988570379868855  0.36373741068097432  0.37910839405088936  0.39547985691557314
  0.41353876387923455  0.43487344015123741  0.45964752001033177  0.48878183652477836
  0.52609039887562214  0.57825920254015661  0.67606394846408635  1.00000000000000000
 -0.00085688130469905  0.02786061092725060  0.04366380503295510  0.05776382629922357
  0.07039329950762206  0.08186242558526598  0.09280115790731686  0.10338520787375227
  0.11365327787446694  0.12355616879365966  0.13346095652952328  0.14344337702791005
  0.15339149828684639  0.16279080292529177  0.17164891357098738  0.17996964115316064
  0.18821268567539201  0.19622566845955164  0.20413820992412590  0.21180387085141011
  0.21947300066035105  0.22720189334426116  0.23480671969408978  0.24234390311541162
  0.24965660741826279  0.25704239664017492  0.26439206330564702  0.27176868855852532
  0.27905815709659554  0.28614170807273770  0.29296772770211793  0.29976193833673392
  0.30652260223822037  0.31339357402588169  0.32024737974577822  0.32716458319249214
  0.33400160395406897  0.34084420674860033  0.34760278697188302  0.35424056144433258
  0.36075993773401493  0.36719152604593780  0.37362770820864477  0.38017512914097884
  0.38690081985593799  0.39377980124716416  0.40062648891141739  0.40756151558277559
  0.41472901275128221  0.42185643743974788  0.42883035229953581  0.43587016310755672
  0.44301061486370341  0.45016566091468940  0.45731014164038547  0.46447062675871714
  0.47145703756367136  0.47843185534124522  0.48544053400659476  0.49237105275552334
  0.49950979526508543  0.50685443619693682  0.51439390791110162  0.52221139321942511
  0.53010754347026068  0.53808660888963622  0.54603684571312272  0.55408840749068533
  0.56207789669259101  0.56995660256551117  0.57791597217255908  0.58621075804757405
  0.59465596760905370  0.60316371679205272  0.61180868409752209  0.62064903968139207
  0.62974207405865079  0.63906100878390459  0.64833026661998172  0.65768455675475412
  0.66839896683334388  0.67940490120559049  0.69061885883339647  0.70224350625805709
  0.71430994853395624  0.72675813403013301  0.73969847696065028  0.75323268681715805
  0.76855596153480965  0.78671511146015294  0.80610781334321935  0.82708889944608344
  0.85086342894316769  0.88190582125661010  0.92901849742195375  1.00000000000000000
 -0.00259456631945348  0.00979353185966368  0.02007936613702864  0.03005015261867135
  0.04025193129101463  0.05035528387956249  0.06076015955910239  0.07117882368069836
  0.08127913081601308  0.09186377296064975  0.10247408984868099  0.11337826796809104
  0.12372758507870207  0.13405382946888508  0.14455384099249863  0.15545820100757063
  0.16635533353392862  0.17702242654246547  0.18753980646986024  0.19788737889768435
  0.20785514995223259  0.21780847079256158  0.22811467430909160  0.23888394193270102
  0.24983338245554462  0.26070147893249007  0.27141588815751866  0.28177373344099094
  0.29185614336716104  0.30182188158151574  0.31197357466669884  0.32231687123273400
  0.33287703202721924  0.34352484166351127  0.35413861805217228  0.36461002007090515
  0.37483745196181828  0.38512471606664400  0.39584607005150729  0.40718930523154973
  0.41830363661211922  0.42900238297579124  0.43967386593083119  0.45047896937331233
  0.46121080591769908  0.47153033809186629  0.48192616422926665  0.49221378952626726
  0.50248824325915764  0.51276738039622827  0.52355499864998001  0.53458491867823588
  0.54560851429629320  0.55639530449910912  0.56696232798845780  0.57758108554470422
  0.58847315961809166  0.59957518646023722  0.61049001269846193  0.62135987175974217
  0.63198189849806508  0.64238041949410152  0.65266584951198003  0.66274509469267939
  0.67287535206730631  0.68320730043808975  0.69425867881828118  0.70522020440403188
  0.71511322215789452  0.72448799644638506  0.73400679208438391  0.74393718040690060
  0.75398539448720236  0.76395057393607102  0.77399838068723636  0.78485892918853906
  0.79587441517041646  0.80700263032960307  0.81744257580472435  0.82787823751923895
  0.83798620056345474  0.84799674053142637  0.85824479107104334  0.86913499089145729
  0.88020232542033783  0.89127128026394087  0.90217150956032599  0.91336409323817502
  0.92367832757182444  0.93410877287630489  0.94421050948536223  0.95494257818613504
  0.96608092467424822  0.97735933899611682  0.98896985945046201  1.00000000000000000
 -0.00197640033815175  0.00890092886045266  0.01803444100207772  0.02837422520952383
  0.03892099406437777  0.05016613500900009  0.06166954107724976  0.07337649564571798
  0.08464778257188708  0.09518107699231326  0.10549781416702531  0.11561600563633267
  0.12587131925574838  0.13599828145217538  0.14592848997115024  0.15575677966133114
  0.16548392738819584  0.17531542853656365  0.18529483130545382  0.19559115576658401
  0.20586796626794171  0.21589955590491963  0.22569299309846771  0.23544444502989043
  0.24534493528300838  0.25541706962221761  0.26555609367065547  0.27589546857427399
  0.28655163745477957  0.29731574294558261  0.30804576109321929  0.31847610568433121
  0.32863599289599366  0.33871312271063864  0.34890762473908365  0.35947355978027234
  0.37017076126677506  0.38097258484241348  0.39205386139683085  0.40290709242388240
  0.41372516857826913  0.42466304717191355  0.43545707206524814  0.44614715827786072
  0.45636922953871040  0.46659499472394245  0.47692189831796805  0.48742426250292481
  0.49823245252188425  0.50927866152507328  0.52032361375402902  0.53112847059923896
  0.54185838129406072  0.55246500659935149  0.56273489735452931  0.57279175417222050
  0.58319816468819530  0.59378665747265713  0.60437344253226344  0.61488326426419537
  0.62512130811593902  0.63519979995024578  0.64535597194765226  0.65627422132887192
  0.66733401385842561  0.67852745059262765  0.68957870174544367  0.70080352525587319
  0.71181301476383907  0.72282897504560273  0.73305290328014605  0.74278965505649186
  0.75265421392669096  0.76307661542076644  0.77395670418888685  0.78453266031230129
  0.79500565146917190  0.80577555197719664  0.81640510278310519  0.82698371019075911
  0.83750837039115766  0.84807834010530359  0.85865963757804609  0.86910058611831109
  0.87942786322302247  0.88968972759786913  0.90027253052336331  0.91113759306483333
  0.92210250269504257  0.93315074112540075  0.94435312734907062  0.95539317358461651
  0.96626236854613212  0.97725058193566305  0.98869405866605264  1.00000000000000000
 -0.00252447673354042  0.01019495549892374  0.02083247916041766  0.03222064777893706
  0.04338749220668069  0.05461807232152663  0.06653725394082903  0.07922291595723187
  0.09197264994281869  0.10399565602135161  0.11511848956661849  0.12583049599688820
  0.13616310586908426  0.14599104680669020  0.15550733835306810  0.16504224001963086
  0.17475005583900211  0.18453667005275154  0.19440896632140073  0.20445508060287085
  0.21459228513105885  0.22509384039193206  0.23612247920446103  0.24742837260128162
  0.25829945115322817  0.26863351553603104  0.27886603163272211  0.28914041601890583
  0.29959676466636864  0.30992604972311016  0.32060834096640295  0.33155657917977255
  0.34275949576617132  0.35404093011369908  0.36520337244962509  0.37613656197374556
  0.38682705366682379  0.39741473847009989  0.40794955289770241  0.41830214593022069
  0.42869435469051137  0.43915334116676019  0.44949755501453648  0.45949554251399155
  0.46942133399736607  0.47949386355258394  0.48957872985327477  0.49946009026292354
  0.50907026572137493  0.51867810684044191  0.52842143494211202  0.53851495496730739
  0.54898442860459484  0.55951216767671041  0.56986669612814000  0.58050933258021564
  0.59132267720934029  0.60238714976922814  0.61279928097257930  0.62297251927402630
  0.63349161381826480  0.64425403106585954  0.65479606205774854  0.66517860181478494
  0.67528170530388010  0.68532049103971582  0.69500175430506628  0.70484244175163457
  0.71464847006373744  0.72453723653930957  0.73441970949921864  0.74439067603645037
  0.75450101008504800  0.76456393113311938  0.77488688997911692  0.78539662955927536
  0.79597231947284119  0.80631250119429754  0.81716020742306683  0.82823417829603552
  0.83901251355012785  0.84959988173107515  0.85995368514629000  0.87039860565556404
  0.88076864277224431  0.89141605899691312  0.90241758954328122  0.91309495317987099
  0.92403574336712790  0.93445004847233670  0.94534455474174106  0.95576718549775896
  0.96688059695266160  0.97772402298103955  0.98886160733320105  1.00000000000000000
 -0.00244080797453798  0.01043955451408043  0.02109871618808695  0.03128083495874090
  0.04124349127832010  0.05162531880502691  0.06241208487001992  0.07243669171779943
  0.08277429745475552  0.09322122531267318  0.10333209879729029  0.11356969748930162
  0.12391532543683352  0.13459837425019613  0.14523786069204625  0.15568214363354638
  0.16570055121149188  0.17558766311799134  0.18546935381761884  0.19555510506207857
  0.20567863829638985  0.21613083108644604  0.22696411632768790  0.23755989309859549
  0.24790303045447604  0.25821634383542347  0.26861983693624597  0.27893962012605844
  0.28928718007515031  0.29964556783280449  0.31006702033154876  0.32044328796924626
  0.33095142101647440  0.34136273348481933  0.35157170853020814  0.36211516280790201
  0.37302095642821542  0.38441268151975783  0.39599762571698965  0.40745283702532081
  0.41840522777944356  0.42902670918982583  0.43957067808678102  0.45044398187410506
  0.46170035659566239  0.47298764569264973  0.48370429337952070  0.49389553767422534
  0.50398407921121702  0.51442389683094580  0.52532888766678898  0.53664274917096633
  0.54782606718116844  0.55885909847850779  0.56945859559700462  0.57969160035465195
  0.58988629367277023  0.60007454143159200  0.61052121418235084  0.62080902289291695
  0.63096007576691793  0.64104232814207274  0.65149171040391141  0.66216221174232814
  0.67265579585201296  0.68305258642364619  0.69430307886338993  0.70609239372233656
  0.71807713316933430  0.72940683721989286  0.74002184344832078  0.75013405192199656
  0.75996340352682112  0.76969498589217067  0.77946488044538120  0.78918245665585507
  0.79940779744147950  0.80983914397476620  0.82101966016671846  0.83170753724782109
  0.84217690872561646  0.85256057307957922  0.86336216970458379  0.87435134719486474
  0.88517281891971944  0.89578071093710343  0.90627260681235533  0.91682673381880386
  0.92731404680195295  0.93822657685685829  0.94905419001667934  0.95981496092227803
  0.96994921247802057  0.98013082090179426  0.99011573846232059  1.00000000000000000
  0.00507687901376854  0.01367430592396360  0.02413715548514304  0.03531882620787857
  0.04618990083831398  0.05713033302942127  0.06773878311207127  0.07841772035532661
  0.08903659494846704  0.09976995088166399  0.11093245183603927  0.12190355019412932
  0.13281815827776200  0.14344247440937596  0.15464938449452634  0.16593927234064662
  0.17737737807152207  0.18851798903127939  0.19965246041857163  0.21027801842144417
  0.22043708857272112  0.23032720178669944  0.24015711969968723  0.24985215285241380
  0.25950885076504204  0.26942765273040370  0.27971267765044933  0.29042528007747109
  0.30039703268255336  0.31036537430506961  0.32036930565615385  0.33064493238760850
  0.34098621982154226  0.35100266182045786  0.36116290256979355  0.37165574407013802
  0.38218980535430003  0.39275598257476085  0.40327171229338743  0.41390550977113821
  0.42456650726299044  0.43498233783930129  0.44529301927198539  0.45584569554886062
  0.46630786964639581  0.47667082443156422  0.48659716854420931  0.49630946129643277
  0.50577408597041618  0.51519658138270130  0.52497840937405538  0.53518534301981124
  0.54567011364786255  0.55646204222313644  0.56697001335180008  0.57730383520867601
  0.58741333411933117  0.59760674766980737  0.60807771940775879  0.61868289960326206
  0.62956426435448565  0.64066477571373426  0.65154438445005802  0.66196656783524044
  0.67225175408781745  0.68250067529293612  0.69329152584583920  0.70443625428524992
  0.71574283107122194  0.72697804621081974  0.73798683530796938  0.74835330474923412
  0.75843591073482897  0.76812095244183853  0.77802609399904532  0.78797203745181577
  0.79840164357002985  0.80927225658535829  0.82029610111352924  0.83142613586150094
  0.84257779839553459  0.85356794383652212  0.86457785847968915  0.87544174111425532
  0.88589582347470630  0.89638334823127452  0.90694187099713175  0.91745596042131294
  0.92797184914029296  0.93851759715521832  0.94908923284500635  0.95931028596726786
  0.96928184322480448  0.97925878195896587  0.98948598738252980  1.00000000000000000
 -0.00222747951985577  0.01068430369690940  0.02149029173938320  0.03294412231376870
  0.04374043122644983  0.05435396788928388  0.06486952255925028  0.07565616838473756
  0.08621060365471551  0.09639895583147817  0.10649684196610096  0.11653525438556364
  0.12658539701020577  0.13683079632560693  0.14790474176036333  0.15914285571438247
  0.17015590712130227  0.18071538176180119  0.19144465641244970  0.20284434621491051
  0.21448922458905562  0.22592988249270138  0.23669990048029901  0.24705297617115188
  0.25727607152499410  0.26781528900809159  0.27906014443127480  0.29050186199028682
  0.30156486081251094  0.31222762160320960  0.32256277752361617  0.33270883385687378
  0.34250660186599158  0.35207423624722045  0.36190717497005304  0.37194360611257710
  0.38249463709279757  0.39306386367383417  0.40347092884826474  0.41365410214985376
  0.42356055503847262  0.43336785284736173  0.44372269058480446  0.45472161166050096
  0.46560922122577880  0.47607888370360091  0.48653130874316841  0.49696542493175022
  0.50730399240142410  0.51704533045556333  0.52695965624385011  0.53717451278333028
  0.54781990966470218  0.55871253785585906  0.56909782971380662  0.57924130046681621
  0.58974154890917219  0.60081684971031413  0.61176564289319002  0.62251646795518056
  0.63340357348985532  0.64427885960451647  0.65468370962088851  0.66503169869314649
  0.67542721968850294  0.68588995100273797  0.69640927164494626  0.70725007587524491
  0.71850908684286574  0.72933030751607031  0.73985099490347461  0.75015494258595983
  0.76055391719531840  0.77075323019866615  0.78093561693127744  0.79143736738983028
  0.80258229535782233  0.81357249607078164  0.82406049733322539  0.83432150357024970
  0.84479938516219200  0.85507984384761793  0.86538201618686961  0.87600543498149230
  0.88711070964829164  0.89833162399334332  0.90958821972012538  0.92078003902877503
  0.93159362933143819  0.94186925460952120  0.95182283309926896  0.96177032025556775
  0.97157101554763126  0.98142353901363133  0.99071677979588435  1.00000000000000000
   20597908015.971375       -1.0000000000000000     
 F F F F F F F F F F F F F F F F F F F F F F F F F F F F F F F F F F F F F F F F F F F F F F F F F F F F F F F F F F F F F F F F F F F F F F F F F F F F F F F F F F F F F F F F F F F F F F F F F F F F F F F F F F F F F F F F F F F F F F F F F F F F F F F F
  <DiscreteSampler_grid>
  grouped_processes
  1 # 1 for a reference and 2 for a running grid.
  10 # Attribute 'min_bin_probing_points' of the grid.
  1 # Attribute 'grid_mode' of the grid. 1=='default',2=='initialization'
  0.0000000000000000 # Attribute 'small_contrib_threshold' of the grid.
  0.5000000000000000 # Attribute 'damping_power' of the grid.
 # binID   n_entries weight   weight_sqr   abs_weight
    10   10   1.643907665617745E+013   4.069356436935209E+026   1.643907665617745E+013
    11   10   1.643907665617744E+013   4.069356436935203E+026   1.643907665617744E+013
  </DiscreteSampler_grid>
