  0.00953250886813138  0.01568386019316919  0.02496107020876695  0.03576779560073370
  0.04614869918059267  0.05654775563740919  0.06694883120267070  0.07735103938990343
  0.08777062295277044  0.09819438559402804  0.10860930783678030  0.11899783034625117
  0.12938962023587855  0.13976615728627470  0.15016537730835569  0.16053349078618542
  0.17092672449032462  0.18131888933065055  0.19174056329518002  0.20215121579251877
  0.21254933354959341  0.22294529412674680  0.23334586963586743  0.24372913727392506
  0.25410662701938175  0.26448278467554159  0.27486974905981160  0.28524216126106933
  0.29560708090613580  0.30595979162651293  0.31631893285281909  0.32667765391894060
  0.33704758033808258  0.34742731725121073  0.35781146282601917  0.36820677804165425
  0.37858971586291107  0.38897794088875853  0.39936079580447087  0.40976335903644390
  0.42016221565833384  0.43056552320213115  0.44096628863528226  0.45136864185719239
  0.46175208570103432  0.47211662063235033  0.48248713394503356  0.49286797800494131
  0.50325255255493451  0.51362096443026661  0.52398730208068867  0.53435477573982981
  0.54472848371983373  0.55510528054138530  0.56549106105159275  0.57587545609514701
  0.58626759870611911  0.59667210485919797  0.60708204870556826  0.61748152695316361
  0.62785483072020631  0.63821539015914786  0.64857383120399836  0.65893688412264340
  0.66930518699106079  0.67967368696333774  0.69004997516029309  0.70043760072505190
  0.71083450995169728  0.72123572384812062  0.73163667622036899  0.74203364492541413
  0.75241769356461108  0.76280389225907119  0.77318968048374004  0.78357105311873254
  0.79392875290391529  0.80428107931634563  0.81464833509883150  0.82503126048074860
  0.83541367469284844  0.84578486912787632  0.85615491058750925  0.86651727381554133
  0.87687565761499131  0.88722280737077941  0.89757597267333256  0.90794918535331581
  0.91832418993290676  0.92871263841798068  0.93909931661267143  0.94949038964353993
  0.95989171516526506  0.97025135759846681  0.98058557597798124  1.00000000000000000
  0.00953164121304247  0.01554541362364180  0.02483530888881020  0.03561642616378073
  0.04598560014852020  0.05638146706870910  0.06676482071608486  0.07713511912260078
  0.08750121844423780  0.09787662820459418  0.10826342075739520  0.11865111573785916
  0.12904045593989064  0.13942022720765396  0.14980802343701408  0.16020610310964706
  0.17059525697438291  0.18099641427757251  0.19139235432104620  0.20178860325109316
  0.21216641627967969  0.22254132300779547  0.23292307192255490  0.24333276076243973
  0.25375019181646641  0.26415924995208562  0.27454978199436925  0.28494201292453458
  0.29534248912632194  0.30575676538294139  0.31616479749531318  0.32656666762635261
  0.33695163139204831  0.34731946692018556  0.35769850068231296  0.36807735191767166
  0.37847628069160921  0.38885194469786893  0.39922005769254132  0.40958776553868725
  0.41994849502331916  0.43032841122871279  0.44069832046145080  0.45109617084572429
  0.46149268537237914  0.47188839759355311  0.48228109209825265  0.49268077229514246
  0.50308705930140429  0.51348337469575456  0.52385737129814314  0.53421774720211224
  0.54459672206772058  0.55499149728075392  0.56540120808798566  0.57579519751843011
  0.58617752184902561  0.59655844559854121  0.60692996433847080  0.61729756924559975
  0.62766588937618206  0.63805133433046490  0.64845442082202875  0.65886421361687897
  0.66927925440609570  0.67968389389635997  0.69007037313754604  0.70043355297967380
  0.71077804503928110  0.72112450339018774  0.73147570661466876  0.74185533357659106
  0.75224437310605163  0.76263652004089577  0.77301240345033151  0.78338537968227284
  0.79376493219937827  0.80415355086173090  0.81452440681098470  0.82490606726783455
  0.83529073031883838  0.84568574328629298  0.85606500129253349  0.86644317647069180
  0.87683013268438437  0.88720425416201265  0.89757634788626306  0.90795117906142320
  0.91833663359841089  0.92872831897203845  0.93908941807747592  0.94945475999403184
  0.95979046193941642  0.97013035132345571  0.98045374071822300  1.00000000000000000
 -0.00239926736038141  0.00957531033071331  0.01977622529554620  0.03033549311822252
  0.04093313092429303  0.05147308657331338  0.06200339404231896  0.07250238227688688
  0.08302592245063739  0.09355950953866801  0.10411609037067772  0.11467116579538360
  0.12519335305994952  0.13571979594645359  0.14625459341177977  0.15679913955210686
  0.16734354329805567  0.17787818861155538  0.18843664373256036  0.19897208889090778
  0.20948604433621446  0.22000086357924986  0.23054658378121110  0.24114325119469368
  0.25172978184844502  0.26230818506983850  0.27282137117795363  0.28336377667760881
  0.29388057642974719  0.30443300707170184  0.31496357524184626  0.32552244930526980
  0.33605798901080908  0.34659535936604785  0.35709938490983462  0.36765357222265377
  0.37815779744389216  0.38867852890547544  0.39916304266289454  0.40971694610922998
  0.42024171418700229  0.43076009056750447  0.44126427587974199  0.45179684922644381
  0.46235683693241425  0.47294207476887518  0.48351557659228972  0.49409931826367848
  0.50462926058856772  0.51516033920163706  0.52568462486905343  0.53622265312793083
  0.54677247037381782  0.55729652874520696  0.56782978575148468  0.57834127845976535
  0.58886377932916967  0.59938880371143621  0.60990016304764072  0.62039523928672802
  0.63087618001076573  0.64137747948408941  0.65189184202209816  0.66238665293043675
  0.67288636923261114  0.68339763912520524  0.69393269628056786  0.70449245134516569
  0.71505418807537335  0.72562232552363726  0.73619009060266960  0.74675460603941435
  0.75732504497370179  0.76790358092075561  0.77846213752307025  0.78903228859758789
  0.79957352865727604  0.81014987977213537  0.82068257169996595  0.83121116590221256
  0.84172695084053717  0.85228741386546025  0.86285244407574213  0.87342117510818273
  0.88395307761061459  0.89449500380792824  0.90506771326562829  0.91565980313017015
  0.92623557963989878  0.93677814750398491  0.94731762472379910  0.95786906621512147
  0.96842380413243345  0.97896493184333910  0.98949283769590035  1.00000000000000000
 -0.00242365383886176  0.00950624411623213  0.01965903987370463  0.03016832025987724
  0.04071575899817904  0.05127982051882763  0.06184787847958378  0.07239539523597811
  0.08291590716755287  0.09343563234788453  0.10395458882952824  0.11449604924702897
  0.12501415773877489  0.13552048713402745  0.14602997921451871  0.15657074684868977
  0.16712638165344670  0.17764570391941167  0.18814799524894085  0.19866371075452982
  0.20920646275468757  0.21975807385219542  0.23031623236823465  0.24088421766803902
  0.25144720116884461  0.26199816940188320  0.27253713453564948  0.28307976755658315
  0.29361312754353314  0.30414116542207231  0.31465008178366255  0.32516551791753334
  0.33569544029153842  0.34625036796871816  0.35682671129861210  0.36741885421402914
  0.37801448367953838  0.38857841164010803  0.39909333399952296  0.40959298309059072
  0.42009968934546682  0.43063970160558751  0.44117926622700226  0.45170629676962798
  0.46222666078933872  0.47275156935041818  0.48330636607341865  0.49385896914086996
  0.50442224347258136  0.51495312403592486  0.52546986407798502  0.53600165869555239
  0.54657553169927131  0.55715985041235716  0.56771712177847555  0.57826334457900841
  0.58881603694867990  0.59937329030021658  0.60989234155854399  0.62042664225816924
  0.63097796922163885  0.64152397274341644  0.65204250355236570  0.66256223417488380
  0.67309978961688788  0.68365299844545357  0.69418325756710109  0.70471732433880674
  0.71526345174843076  0.72582703839424156  0.73643401556533328  0.74702891157641094
  0.75763148404230907  0.76818393918442296  0.77872801163528516  0.78924912650398593
  0.79978445873086801  0.81030367400086567  0.82082601481033501  0.83133445698216213
  0.84187318998205318  0.85240440444617127  0.86296813450350685  0.87352084892761450
  0.88407087256966566  0.89460021825757818  0.90513524207166629  0.91570296819755859
  0.92625205869905558  0.93680570828263543  0.94734527144084535  0.95789927817087606
  0.96841396222195841  0.97891804854807785  0.98944381410608129  1.00000000000000000
 -0.00233933350695174  0.00962682890798208  0.01981406131965301  0.03034551297475518
  0.04086858394393730  0.05138887542087995  0.06188584457340993  0.07239004089787156
  0.08288550028432504  0.09339927467699394  0.10393870195765538  0.11447822769943386
  0.12503403766342677  0.13557210026236938  0.14612801571663622  0.15668082594385629
  0.16722798290133686  0.17778280978224603  0.18832472470824230  0.19887956902806281
  0.20943764753893407  0.22001227084756358  0.23060157669608752  0.24120404345966143
  0.25179453978718935  0.26237084386884463  0.27295624570497345  0.28354632661766344
  0.29415931324551559  0.30475096895787662  0.31534853945991476  0.32589532241426233
  0.33642109148114546  0.34693173486226192  0.35745447818863169  0.36800609879282420
  0.37856825816004397  0.38912331096163305  0.39965155837128402  0.41015552785233189
  0.42065182820785590  0.43117796805779890  0.44173286136620132  0.45231195322769840
  0.46287002141584366  0.47340676851122121  0.48394434512176182  0.49446252888285153
  0.50499593617518213  0.51553273581609471  0.52605957868050990  0.53658367276265762
  0.54710432107818818  0.55762386084236493  0.56813040828179484  0.57864652897879121
  0.58920035518129044  0.59975682892113003  0.61030961357691127  0.62083839115501127
  0.63138273075210860  0.64190097049584416  0.65246276762619504  0.66300310212950664
  0.67357539850271408  0.68411914058356715  0.69468627009388184  0.70525624740192239
  0.71580797521977158  0.72632398597149928  0.73681061226550315  0.74730328568330606
  0.75785304534563624  0.76842781240532443  0.77897875370694625  0.78949847249322691
  0.80002432382794308  0.81056349909515923  0.82107340241005800  0.83155903662014419
  0.84205249642745739  0.85257164135303398  0.86310493647247266  0.87363865025117204
  0.88415713399154572  0.89469502665664080  0.90523999092867002  0.91582062348458915
  0.92636800826209409  0.93689999735209872  0.94743661779837030  0.95794307061888651
  0.96842880949600552  0.97891381766534757  0.98943510757616016  1.00000000000000000
 -0.00252240036267566  0.00946663904352567  0.01963061213868353  0.03016426491771486
  0.04074400895230821  0.05127944266285739  0.06180171303298303  0.07230539294776067
  0.08284350710483117  0.09341076264757667  0.10397497143567402  0.11452238881465709
  0.12504785241641589  0.13556226314791869  0.14609536298177780  0.15664107835742722
  0.16721165934764773  0.17777115533023144  0.18831582575233510  0.19885892767144933
  0.20941371726473978  0.21997666678231828  0.23053329844555506  0.24107230520691986
  0.25159973350837328  0.26211324197960395  0.27266061009989873  0.28321356389808966
  0.29375711959077511  0.30429507644005616  0.31482347746032358  0.32537670243057704
  0.33592884710043053  0.34648233752099683  0.35702048962312793  0.36753378118444635
  0.37804318403062276  0.38856998495086065  0.39909800525808370  0.40962508976442075
  0.42014104486354070  0.43065336909231405  0.44118686818563618  0.45173499421252256
  0.46228145693818745  0.47283905186087960  0.48341491060786307  0.49400097775030838
  0.50455908062729560  0.51511058227430251  0.52566814827012209  0.53622851837916419
  0.54676750381375117  0.55730341993001931  0.56783020171430409  0.57837347627990077
  0.58890052997402764  0.59943351149468793  0.60996223875824929  0.62053161298575421
  0.63111367640479110  0.64166956544548925  0.65220879426337308  0.66277187366186752
  0.67335874403271045  0.68393321400610052  0.69445908996399663  0.70496382051712636
  0.71549157149394293  0.72604798457089359  0.73662519561724660  0.74715233918107904
  0.75768124450457408  0.76819447031290522  0.77873610088009704  0.78924798670813257
  0.79976688951359076  0.81028690209927579  0.82083013715081543  0.83137389671250983
  0.84193865784025090  0.85249285379624129  0.86304113380832248  0.87355521115845436
  0.88407841629098005  0.89459855479579964  0.90515159723452709  0.91567866678126231
  0.92622880764666704  0.93675871431879398  0.94731622681341010  0.95782894996159196
  0.96835103822055946  0.97887930916547516  0.98943990388211089  1.00000000000000000
 -0.00251180819796737  0.00944755310252134  0.01960122722583978  0.03011097150129704
  0.04068465534709789  0.05123786473276706  0.06178216294778652  0.07231557690420504
  0.08285923352380249  0.09340381055375796  0.10395976591101397  0.11451544614660963
  0.12507179472038904  0.13561273319567016  0.14616082762812926  0.15670102219534884
  0.16725591459866082  0.17780745928584329  0.18834028196478231  0.19886336206098498
  0.20938321312823252  0.21990251912982753  0.23043730612895588  0.24097591396398202
  0.25155722821278320  0.26212544420796424  0.27267493643904583  0.28320630790655615
  0.29372964612713748  0.30429295106435678  0.31484123180774826  0.32539363416183509
  0.33592963027250089  0.34647022000127969  0.35702797612536413  0.36759773877291640
  0.37818490327179149  0.38876656701211942  0.39933040709342615  0.40985123436929627
  0.42037681944467120  0.43090566106038741  0.44147241463972747  0.45201720295123116
  0.46253150884854072  0.47304414647169463  0.48356587333743994  0.49410133102829301
  0.50461669781842167  0.51514224354474103  0.52567878988664529  0.53623201190749337
  0.54677193379626599  0.55730445111868032  0.56784574629839168  0.57835277632688376
  0.58888008221294907  0.59941667727098280  0.60997472530158370  0.62049973760955779
  0.63100713055469515  0.64155330065744220  0.65209232444057486  0.66264299916377756
  0.67317533759944870  0.68371189305383318  0.69423855351262109  0.70476764873939668
  0.71530877023004280  0.72582661800531478  0.73635833003496898  0.74688759019464879
  0.75743407904471882  0.76799415961074891  0.77855304306459538  0.78911618898857039
  0.79964656182226745  0.81017137090600666  0.82070930330042258  0.83123454107365891
  0.84179734482956803  0.85234669552300257  0.86291775139174698  0.87345889889992712
  0.88401069634506724  0.89458834746361660  0.90516624948316660  0.91571620580691548
  0.92623080610558561  0.93678488310393526  0.94735400835061645  0.95791715439879610
  0.96843307678772794  0.97895514012995966  0.98947666891801644  1.00000000000000000
 -0.00249686087794160  0.00945362442369024  0.01959596623267422  0.03010706864168620
  0.04067765438262604  0.05123418984433731  0.06178822676636742  0.07234728875836838
  0.08292279974152245  0.09348254229157682  0.10401552381924772  0.11455313184669512
  0.12507874023369658  0.13559190328754445  0.14610213171489406  0.15663326999065388
  0.16719535276958317  0.17773767603178378  0.18826112259049707  0.19878481205161058
  0.20930671673856935  0.21984049560985286  0.23036267030862501  0.24087894509139535
  0.25137973468491348  0.26188146158654563  0.27243302517963452  0.28300661062834731
  0.29355945390683819  0.30408344686820471  0.31461860405485603  0.32517044479729923
  0.33571546969177707  0.34624412834361623  0.35679517554097523  0.36735408072875814
  0.37791383605446571  0.38845131676326144  0.39898947712548877  0.40953580689633673
  0.42007012063902399  0.43059030002744791  0.44112433781044585  0.45168786273770500
  0.46226707723710719  0.47281277529055404  0.48335380828124230  0.49389597632018922
  0.50446048062024529  0.51499725011129505  0.52554705184942208  0.53607370943722477
  0.54662873290376757  0.55717065939059074  0.56773231413302505  0.57828599850443796
  0.58882084567010762  0.59933946458769882  0.60984800270551154  0.62039150052842829
  0.63095358874080765  0.64155336856161760  0.65213737680925155  0.66271869899790703
  0.67327256805718072  0.68383424921451152  0.69436805230084619  0.70489627098658725
  0.71539967635973878  0.72591773528772696  0.73643366101571683  0.74700995343604049
  0.75757255587594352  0.76814088973317796  0.77868469450087185  0.78925569836727572
  0.79982955225989638  0.81036813560263354  0.82089360318908133  0.83140433504191347
  0.84193323847497059  0.85247840890353899  0.86301948029944042  0.87355476905753082
  0.88406180918194410  0.89458583358396671  0.90509726833841198  0.91563836368722451
  0.92618021756516034  0.93672854869825228  0.94724995827306702  0.95774867009863096
  0.96828861623860463  0.97884490138627944  0.98943719611950820  1.00000000000000000
   1.5477518095829658E-002  -1.0000000000000000     
 F F F F F F F F F F F F F F F F F F F F F F F F F F F F F F F F F F F F F F F F F F F F F F F F F F F F F F F F F F F F F F F F F F F F F F F F F F F F F F F F F F F F F F F F F F F F F F F F F F F F F F F F F F F F F F F F F F F F F F F F F F F F F F F F
  <DiscreteSampler_grid>
  grouped_processes
  1 # 1 for a reference and 2 for a running grid.
  10 # Attribute 'min_bin_probing_points' of the grid.
  1 # Attribute 'grid_mode' of the grid. 1=='default',2=='initialization'
  0.0000000000000000 # Attribute 'small_contrib_threshold' of the grid.
  0.5000000000000000 # Attribute 'damping_power' of the grid.
 # binID   n_entries weight   weight_sqr   abs_weight
    10   10   3.916258128182202E+013   2.464426612222574E+027   3.916258128182202E+013
    11   10   3.916258128182202E+013   2.464426612222576E+027   3.916258128182202E+013
  </DiscreteSampler_grid>
