  0.00937086717060233  0.01659391109127757  0.02538730402997705  0.03628430208496582
  0.04661886462270062  0.05694415325654240  0.06726408631634503  0.07762725644157575
  0.08799546689132146  0.09836143351092053  0.10872528679924558  0.11912960552193169
  0.12953228343811590  0.13994511186384212  0.15028945972108365  0.16059259050808855
  0.17088667338482025  0.18124344021180067  0.19162043871193385  0.20202813289377899
  0.21242011486865092  0.22284239024048111  0.23321870438006484  0.24358839504505869
  0.25394323369578709  0.26429762402179846  0.27466759764687665  0.28504568949279518
  0.29544551984369466  0.30582434700654249  0.31620161514348116  0.32655491517681218
  0.33691450189281014  0.34726722162841478  0.35764907603888813  0.36802512554352157
  0.37840457577215586  0.38878599534390978  0.39913577793650457  0.40946961455134162
  0.41977009085992195  0.43010797754963009  0.44047158529267921  0.45085260991001508
  0.46122511713338871  0.47157404187294921  0.48190645258567943  0.49224322405589033
  0.50257384058737975  0.51291028404877559  0.52326219256003437  0.53365315488614129
  0.54406485378911440  0.55447619690313288  0.56489331962689937  0.57531093310609782
  0.58569273458695437  0.59604321947448768  0.60640006972998761  0.61678463399729933
  0.62719485476966974  0.63759992595618908  0.64798652577029281  0.65836455694543439
  0.66875879966400942  0.67917578778356080  0.68959215743456004  0.69998917352934298
  0.71036791171180702  0.72074789212954538  0.73111601689209882  0.74149617831287240
  0.75187826692232351  0.76228926975923816  0.77269547597179045  0.78309608546986897
  0.79346829786131279  0.80385131516286745  0.81428267659251452  0.82472542451271469
  0.83515191202100347  0.84552943341570042  0.85591796883353888  0.86632782572540423
  0.87674000872034963  0.88717741109619896  0.89759405817725246  0.90800675030928635
  0.91836407764473649  0.92872202689710703  0.93905938629401031  0.94940631286130972
  0.95976666545073985  0.97016005142479078  0.98052042256600269  1.00000000000000000
  0.00946728597599338  0.01612018145092488  0.02514630301472019  0.03598539805381715
  0.04636152767667513  0.05674605124022745  0.06710361073520002  0.07744588382431453
  0.08781951350571163  0.09819432457301361  0.10855796999569099  0.11890115264256865
  0.12924460141651573  0.13959880517193310  0.14994651405216927  0.16030673111421531
  0.17068832065129796  0.18108311757766374  0.19149077888868507  0.20190680327004093
  0.21231035425521985  0.22270847042275985  0.23309775391078086  0.24349997140974980
  0.25389705685085412  0.26428737166584176  0.27466415914211206  0.28502716972136616
  0.29538737325167203  0.30580066658702149  0.31625648447975657  0.32669272144603656
  0.33707838266754686  0.34742434304627556  0.35778139684947297  0.36812905917334698
  0.37848569243625269  0.38886498225475180  0.39928290643013659  0.40969522776831141
  0.42007133458354384  0.43043068273791274  0.44079250365937367  0.45118666921726652
  0.46159542720124846  0.47200840798610139  0.48242926853674584  0.49282585599605000
  0.50320827953873259  0.51358908752734023  0.52397132879358166  0.53433906067040071
  0.54469019429064669  0.55504144523389309  0.56541073464909641  0.57578320236789549
  0.58614616333015601  0.59652422174780551  0.60691467937607124  0.61730749321074396
  0.62770244732147407  0.63810224911482483  0.64850956380962910  0.65890400330293108
  0.66927687013269721  0.67962727702078773  0.68996636597125727  0.70031734383995792
  0.71068250833629321  0.72105334826957967  0.73142849398558152  0.74182942793953432
  0.75223274960992426  0.76261368859458878  0.77298501472425829  0.78336114670961543
  0.79374946783785527  0.80412195098353867  0.81447948327106023  0.82484618896352102
  0.83522416683609479  0.84562580637898710  0.85602889467306797  0.86641190737905194
  0.87678992918561061  0.88715652464261485  0.89750304279453386  0.90783674712298834
  0.91819873054620704  0.92858823096208265  0.93898283751903311  0.94935098434469611
  0.95973708427864357  0.97012026439642451  0.98050047898892001  1.00000000000000000
 -0.00236930521139630  0.00951503184349129  0.01968659331367865  0.03017768288894662
  0.04075212618244545  0.05130241076469162  0.06188912791380438  0.07245574283211181
  0.08303110440323745  0.09356241370768237  0.10409791402880852  0.11461340692046781
  0.12511090062154170  0.13560269543211240  0.14611266794739244  0.15662501489350056
  0.16714465119228539  0.17764237283374540  0.18815130954223691  0.19864657366944441
  0.20915152106858453  0.21966342668085725  0.23017867877321979  0.24068950126664113
  0.25122635436136859  0.26179995454276617  0.27235842503288482  0.28292028012575998
  0.29341854034623421  0.30399378595490312  0.31453883067248634  0.32515842938308737
  0.33576598942055258  0.34639713088581797  0.35697069868350756  0.36752138255286815
  0.37801221490679621  0.38856540732742134  0.39911507810241004  0.40969584500585793
  0.42023735272989687  0.43082836061566515  0.44144282328857520  0.45201471482929689
  0.46254162819879480  0.47309105136022073  0.48365488931461192  0.49417774128194986
  0.50466737279330320  0.51518403179305194  0.52573911997178546  0.53627246428232267
  0.54677705218129535  0.55726729752128801  0.56779274124582768  0.57833736301020067
  0.58890539461774127  0.59944698697627419  0.61000449942801394  0.62050481468052765
  0.63102046945246570  0.64150699146714285  0.65203137706952741  0.66254082750581467
  0.67310358253165292  0.68364570905253963  0.69418852615636584  0.70471215928523301
  0.71529738618532246  0.72588516576389850  0.73644797769356007  0.74694483672953760
  0.75746874877558079  0.76799636005453598  0.77855712250327413  0.78907374658734164
  0.79960152515655059  0.81012094217039643  0.82068437815594186  0.83124011744436310
  0.84182537401910629  0.85240992599172793  0.86301172759670319  0.87358521705193226
  0.88411399246112032  0.89465047209132509  0.90521686675325219  0.91581862655367174
  0.92637744993885884  0.93693724154813740  0.94745950468967799  0.95799547550574937
  0.96845490681159352  0.97896537016450380  0.98947461373200962  1.00000000000000000
 -0.00178328762575280  0.01011052627606744  0.02044457064939209  0.03097285595421312
  0.04149624782470680  0.05201675802683021  0.06257960440040052  0.07313618416725136
  0.08372739967515724  0.09426140300524358  0.10478878688427423  0.11530024038858945
  0.12581209275335112  0.13634864618510564  0.14683616911058742  0.15735506712955563
  0.16788185671113884  0.17849082260136970  0.18910329309625631  0.19970763107176337
  0.21023790977114676  0.22079808763031875  0.23137277232266673  0.24198959167945050
  0.25258274239889850  0.26312827534571448  0.27365640939504488  0.28417092366717484
  0.29471559516044860  0.30521215585670253  0.31566820116656857  0.32617834203909851
  0.33673097466343588  0.34732040576320539  0.35785860220376770  0.36839219194686790
  0.37892446746769887  0.38943639162087462  0.40001710451502936  0.41061503555921619
  0.42118889232827245  0.43169211096502047  0.44221508988476560  0.45273124522462715
  0.46325915471223800  0.47368250529832967  0.48414918015466990  0.49461330850159446
  0.50514952745984265  0.51568083037518042  0.52620326520036365  0.53668633147739608
  0.54717144196267253  0.55765821335263932  0.56818076351813762  0.57869195113038741
  0.58918086385800006  0.59964879401330251  0.61010826639505167  0.62063856053886968
  0.63117254202590956  0.64172353800303306  0.65225983886994265  0.66281719374614656
  0.67336564126860365  0.68388065978732782  0.69445230823572612  0.70501276648596567
  0.71563042298464785  0.72622259233457997  0.73678722756362758  0.74736818531710936
  0.75789391300283837  0.76843195203587755  0.77889811503727879  0.78941562543120214
  0.79993895847428376  0.81047581307512806  0.82099327973356429  0.83152041182619230
  0.84202250571437742  0.85252521295118977  0.86304935537256833  0.87359924271102984
  0.88413944405419276  0.89470658882448539  0.90526362276073324  0.91581580847310573
  0.92631881781331660  0.93683012430418433  0.94738162643539170  0.95796712351804902
  0.96852549172296887  0.97902965264617881  0.98951163830580346  1.00000000000000000
 -0.00236751135372879  0.00985360152496275  0.02010334076705556  0.03069290952906975
  0.04130894674177016  0.05190187901097115  0.06244753795386327  0.07297279091851561
  0.08350312226218455  0.09405185032136010  0.10456258333161898  0.11504245269235970
  0.12551441594534549  0.13603498848381840  0.14662732732052614  0.15728060159502388
  0.16790889601901854  0.17850597273902200  0.18900547225031705  0.19952226439189671
  0.21006370527151516  0.22064734178685622  0.23125247693451315  0.24178258312876955
  0.25230268591318472  0.26278074739395235  0.27329320138587015  0.28380578478874086
  0.29433483342301042  0.30489442522160948  0.31548966553884644  0.32608203698585120
  0.33666823136464830  0.34719921485951882  0.35770674313614698  0.36817496415749901
  0.37864758213286415  0.38918162990677352  0.39974568091359458  0.41031072892173204
  0.42079648898343291  0.43126489610979518  0.44175938890691330  0.45234842034552492
  0.46291125698027480  0.47343302918350916  0.48388726607946803  0.49434891777996992
  0.50484587660869595  0.51538844016633156  0.52596451037325986  0.53654810047399959
  0.54709354366663432  0.55762887351427637  0.56816965764548932  0.57870176255101480
  0.58923189889497185  0.59974841958980163  0.61032643344021065  0.62090158878321666
  0.63144203006003230  0.64192260565584702  0.65243014820658263  0.66293903951317157
  0.67342291344292116  0.68388669097230470  0.69436646445273931  0.70487927764489444
  0.71539869844067483  0.72593750624150821  0.73651772267293836  0.74710398907414144
  0.75765837998409891  0.76817399747606918  0.77870006147618298  0.78927065874944535
  0.79982963497806780  0.81038834429706152  0.82091665367903632  0.83146580520654523
  0.84201415745216923  0.85257264964618562  0.86312881827349075  0.87367122572228195
  0.88417414841906905  0.89469323467400730  0.90518818374536314  0.91571119471964812
  0.92623483037163845  0.93674781474866520  0.94726051563463076  0.95777814190633326
  0.96833226775387193  0.97892064917454080  0.98946119649794795  1.00000000000000000
 -0.00247085398569748  0.00963385694638218  0.01981320671805372  0.03029650195037661
  0.04080865423694903  0.05130531292310366  0.06188498730462826  0.07246447576600162
  0.08304266665995166  0.09358060441333965  0.10413652549815527  0.11472079792192123
  0.12528457415100830  0.13585297848934738  0.14640696290380625  0.15692067870751875
  0.16744340863413515  0.17803883322205435  0.18868876263269263  0.19925070692040495
  0.20973978604069368  0.22020108086918586  0.23070358948931782  0.24128037203214997
  0.25187055551751542  0.26246884992784969  0.27302068859799716  0.28355274539016584
  0.29407846723655068  0.30459129287313025  0.31510793702645112  0.32560899423717116
  0.33617223355454634  0.34672107326840196  0.35732984217845959  0.36785048157799372
  0.37834277835002578  0.38877862509925115  0.39925530432057782  0.40977525416719124
  0.42029576621919318  0.43079439003941927  0.44129067708652120  0.45181068407939956
  0.46235102041041332  0.47291611289520863  0.48351576671493035  0.49408633797968404
  0.50468952886818508  0.51523932327113686  0.52580367837111464  0.53630396400341129
  0.54682670881613249  0.55731498186018047  0.56782147682627371  0.57835980251725672
  0.58890445100855271  0.59945240242184405  0.60995561460332359  0.62048540576804767
  0.63100462223127129  0.64156155671418469  0.65213819018116459  0.66270606027135737
  0.67322622985169256  0.68373495624040825  0.69425505588604619  0.70478010225610943
  0.71529494834994223  0.72580704524364137  0.73632916774714985  0.74685804687190993
  0.75740495415334741  0.76796512028802988  0.77849665345730257  0.78900568645360869
  0.79947885657518225  0.81007085983962379  0.82067378694977433  0.83128953409084227
  0.84181138644110598  0.85235853280130913  0.86291756603974024  0.87347285519137075
  0.88402199752077082  0.89456133273111038  0.90513277018452187  0.91567620015833051
  0.92621376290887758  0.93673209651275979  0.94725336802372717  0.95778580341490027
  0.96834455713401379  0.97889665165611528  0.98946498363175983  1.00000000000000000
 -0.00216885388415588  0.00964309283072524  0.01982478521780626  0.03038082564956442
  0.04089725525454671  0.05142620844271107  0.06190687043872038  0.07240930686018116
  0.08289706847661464  0.09342191844032612  0.10392119769465664  0.11441291872083011
  0.12488824975902230  0.13540749942716088  0.14593690256133646  0.15647697262785817
  0.16698267397535774  0.17750308007631480  0.18803469148462504  0.19855618446935422
  0.20909549963372986  0.21965847360757484  0.23026798823750894  0.24084860260487057
  0.25143597876307006  0.26200207903935641  0.27254722355780769  0.28307911457137941
  0.29363647445275914  0.30420625020655057  0.31475657936097595  0.32526468245575452
  0.33577285578689953  0.34630564515522760  0.35686211245491650  0.36742250588952569
  0.37802031684167325  0.38862583763818420  0.39921364079949512  0.40977282026509110
  0.42032431703354139  0.43088818938888923  0.44142769142540755  0.45196252605812304
  0.46247189260890509  0.47301947184254828  0.48356968617032209  0.49416963529773528
  0.50476993181950369  0.51535589960483619  0.52596411249488406  0.53653948985056754
  0.54714266822360380  0.55772039490672143  0.56825662499665508  0.57879707495982002
  0.58931069593271723  0.59986742225790612  0.61043822891787258  0.62102546659011448
  0.63156743638989843  0.64211340549690066  0.65263318713267282  0.66322629630267571
  0.67374942169205743  0.68430492571725099  0.69478368467391005  0.70527804454388732
  0.71572700453779892  0.72620307592769739  0.73670331659478783  0.74722661338366925
  0.75777987285353532  0.76834877434680759  0.77889862123334197  0.78940561410085175
  0.79988776527129568  0.81040596193244585  0.82093627144951242  0.83146317156483862
  0.84193597505536411  0.85245778056176802  0.86296266590913207  0.87350266677672939
  0.88398321833250071  0.89449330065144161  0.90501375741711465  0.91557572067618642
  0.92611695225749657  0.93663169789599454  0.94712701747039796  0.95764515854453980
  0.96821007917863933  0.97879426479211751  0.98940028426589810  1.00000000000000000
 -0.00231677715623212  0.00979346471537901  0.02002144303864355  0.03056089024161887
  0.04109562361988747  0.05161237051651976  0.06216917784337558  0.07273126620495431
  0.08327998003828012  0.09378858601055590  0.10425981744045405  0.11476058138881538
  0.12528525124566364  0.13585762591667136  0.14642457218333349  0.15698009073591851
  0.16748440525404923  0.17797124111554516  0.18845107682483350  0.19895398579591272
  0.20945955342047634  0.21999861609458646  0.23055571906395056  0.24109847210040680
  0.25162249494558359  0.26211498290307977  0.27265123207746433  0.28319173652055929
  0.29378034207158571  0.30435151890309814  0.31492911124144474  0.32545146931766716
  0.33599417276495325  0.34654324288472715  0.35710152351886804  0.36768212777236320
  0.37822957066168517  0.38881482864259181  0.39935158583171454  0.40991607158428145
  0.42047795894414919  0.43104145620394330  0.44159790444952940  0.45216712465415954
  0.46273115773042572  0.47328064278144671  0.48380030280762959  0.49434536016038916
  0.50486370117352475  0.51538416613128402  0.52590990586565822  0.53651134007532519
  0.54707145135376645  0.55763560499012965  0.56814616885479652  0.57868140736109719
  0.58918200149661126  0.59965848781217534  0.61018371983050834  0.62071954536183882
  0.63127409614950314  0.64175309987068740  0.65220918873366651  0.66268486539253102
  0.67322104491286616  0.68379774184163722  0.69437393243902701  0.70493646526935616
  0.71549005658638598  0.72606166238864844  0.73663014336967314  0.74718423655540878
  0.75771485891831103  0.76824968947505545  0.77881161099455698  0.78936710873332983
  0.79990286181938153  0.81038283225757324  0.82089149742732437  0.83141415390622397
  0.84196749967301932  0.85246711489273097  0.86302794851410480  0.87356961842556502
  0.88418480026235735  0.89471315648322758  0.90525363527643321  0.91571881740818850
  0.92622561952608562  0.93677009816115675  0.94734378992212698  0.95789962563927022
  0.96843252694064863  0.97895601682481859  0.98948081220431039  1.00000000000000000
   7.1951720234674839E-023  -1.0000000000000000     
 F F F F F F F F F F F F F F F F F F F F F F F F F F F F F F F F F F F F F F F F F F F F F F F F F F F F F F F F F F F F F F F F F F F F F F F F F F F F F F F F F F F F F F F F F F F F F F F F F F F F F F F F F F F F F F F F F F F F F F F F F F F F F F F F
  <DiscreteSampler_grid>
  grouped_processes
  1 # 1 for a reference and 2 for a running grid.
  10 # Attribute 'min_bin_probing_points' of the grid.
  1 # Attribute 'grid_mode' of the grid. 1=='default',2=='initialization'
  0.0000000000000000 # Attribute 'small_contrib_threshold' of the grid.
  0.5000000000000000 # Attribute 'damping_power' of the grid.
 # binID   n_entries weight   weight_sqr   abs_weight
    10   10   4.511926721746738E-009   7.559134868768535E-017   4.511926721746738E-009
    11   10   4.511926721746738E-009   7.559134868768540E-017   4.511926721746738E-009
  </DiscreteSampler_grid>
