  0.00985117505605368  0.01430328180510906  0.02024077167972805  0.02793467428037179
  0.03721376005083892  0.04722951741692571  0.05729678343903233  0.06746149115242184
  0.07768546023663928  0.08793311694632792  0.09816623681082187  0.10839512754560725
  0.11866360412166227  0.12897522635080549  0.13933387912507331  0.14967480978059916
  0.15999911794036187  0.17031755888248326  0.18062398474933897  0.19088292404714047
  0.20115061067759735  0.21151185975306741  0.22193570858763184  0.23240995509350360
  0.24282245584153203  0.25321875182396242  0.26360007977221889  0.27402448003034552
  0.28451106627549694  0.29493932061011263  0.30532895178217384  0.31571811551985318
  0.32618533453936172  0.33665954918482011  0.34716561091779741  0.35768676191852361
  0.36826329234469163  0.37886433417913240  0.38949959128058814  0.40010026484989564
  0.41061950040206058  0.42109353231204616  0.43157493300930999  0.44205526467788031
  0.45253924969286297  0.46295115678054738  0.47338758440041151  0.48382838483633822
  0.49439108811468396  0.50490993946950691  0.51551655712211375  0.52607359504605922
  0.53667262570524576  0.54718359970698127  0.55773750819638412  0.56829189889651233
  0.57887869085109711  0.58940084993081587  0.59993204746482054  0.61041898178672116
  0.62097677121954353  0.63160572655522262  0.64225552687631760  0.65288539942108603
  0.66350175515726550  0.67409872459221654  0.68465842091364038  0.69522208707481736
  0.70589302745067428  0.71662905368160101  0.72724917662357746  0.73779031090629288
  0.74822442855253524  0.75871891711208317  0.76935006600924605  0.78004999939089292
  0.79081054955922803  0.80138064075714144  0.81192736430710344  0.82245725506550404
  0.83306698255693956  0.84375466933668486  0.85443749710727135  0.86509169925677487
  0.87574046281281326  0.88639458418733541  0.89713626863987228  0.90788251969706590
  0.91870582419867985  0.92961691789094436  0.94064318530971724  0.95172760554166769
  0.96306317305536870  0.97478484218276118  0.98720224339934537  1.00000000000000000
  0.00960224436222831  0.01505099527995636  0.02294540142228262  0.03274505796270696
  0.04246093392160729  0.05235865200801577  0.06220124780998145  0.07211767649972239
  0.08208437255385100  0.09222484813313694  0.10238826228542122  0.11266312941690888
  0.12289971112575113  0.13321757347251675  0.14349177727346016  0.15377782186374975
  0.16398118656494814  0.17420299188625962  0.18445893862164126  0.19471614781695046
  0.20509270021561837  0.21544841462576012  0.22590348761508314  0.23625722428484808
  0.24666357462429170  0.25705524139962260  0.26739062725041229  0.27771826022284274
  0.28802979347188479  0.29840889349668109  0.30884507110294601  0.31943304977644288
  0.32859259302848770  0.33750861697701778  0.34642215002729349  0.35568566803241908
  0.36627791583728858  0.37670890032483551  0.38707832928635982  0.39742799822372055
  0.40776029209683484  0.41810573237999277  0.42846901815157418  0.43887368325084203
  0.44936492680548695  0.45985739415763982  0.47034739932763592  0.48080942504970792
  0.49122553831466331  0.50171961274301757  0.51222789949752789  0.52274976643224547
  0.53311884588659886  0.54349487733210222  0.55394680366458215  0.56447426417061164
  0.57494720275562794  0.58534157159277378  0.59584801269159116  0.60640931839256795
  0.61697131907287772  0.62745455670290273  0.63788615758074230  0.64841409900990432
  0.65890307622072730  0.66943597625439810  0.67994330052600660  0.69045605766190621
  0.70101972087709052  0.71154142221597072  0.72208225954107308  0.73260875830589123
  0.74314930923357336  0.75369290233191144  0.76418073338924564  0.77471391300542047
  0.78523706391122639  0.79576339488169756  0.80628553070652620  0.81690281181998814
  0.82756569902218913  0.83827790382356493  0.84905184522057475  0.85980404237835406
  0.87051466741053340  0.88112677796746663  0.89177297030054714  0.90238429880396587
  0.91302726196892725  0.92378027068978508  0.93469617002162197  0.94569193972232302
  0.95673382262973039  0.96790341998471974  0.97956546233480934  1.00000000000000000
 -0.00019335409266957  0.00041941704413535  0.00055588809079723  0.00063496941145015
  0.00072154119975549  0.00080827095727384  0.00088904815674078  0.00104043625119846
  0.00126729057123156  0.00149220050924676  0.00171558379920059  0.00193794882077408
  0.00216038725814276  0.00238287986225947  0.00260559855364616  0.00282844507316945
  0.00305106396225140  0.00327349292159016  0.00349599613638907  0.00371949745703453
  0.00394435046076537  0.00416987993897950  0.00439505852287442  0.00461980313042924
  0.00484374957300418  0.00506816590893688  0.00529280955885880  0.00551797844306649
  0.00574367616861419  0.00596922542391070  0.00619390440798347  0.00641906881986224
  0.00664391216308883  0.00686869141967522  0.00709326667858306  0.00731763447120813
  0.00754373186500198  0.00777058498354205  0.00799809178340117  0.00822577940167134
  0.00845330593761821  0.00868061513725873  0.00890794029563987  0.00913548525714288
  0.00936396046664042  0.00959217529996034  0.00982066745882118  0.01004972984963950
  0.01027932072960924  0.01050958021211838  0.01073873451838810  0.01096789746146268
  0.01119749241334703  0.01142744575766984  0.01165778235006636  0.01188834114909542
  0.01211781531290957  0.01234819422371833  0.01257954717612013  0.01281255823818064
  0.01304604370358659  0.01327899703663617  0.01351151233207019  0.01374432048513785
  0.01397694020898028  0.01420967465199666  0.01444275519583542  0.01467685756052088
  0.01491194161667149  0.01514731278591756  0.01538236078964183  0.01561619781240204
  0.01585018307995753  0.01608443521266386  0.01631896260567949  0.01655341099596618
  0.01678790520544103  0.01702342630425516  0.01725939075808048  0.01749546851228595
  0.01773207596890035  0.01797018568280591  0.01820904431176134  0.01844771727377405
  0.01868602933224483  0.01892336534703859  0.01916269340292560  0.01940250552789801
  0.01964518393751796  0.01988733071133474  0.02013496581197210  0.02038792207345884
  0.02060563587421933  0.02072423527898703  0.02073780303213624  1.00000000000000000
 -0.00254265156745275  0.00952174814417618  0.01977421270711332  0.03043157487055245
  0.04114143574129935  0.05178767290539325  0.06241267862217752  0.07290645852986456
  0.08343197401931965  0.09399398038534482  0.10458920210271710  0.11516289207222132
  0.12571519356017441  0.13627964543433038  0.14678612828027165  0.15729206256081016
  0.16783392505295044  0.17841917216653666  0.18902808095135312  0.19956483312683845
  0.21020182138401466  0.22083863010447230  0.23147191458572408  0.24205475775023155
  0.25264710848553934  0.26333419596168023  0.27399646378006975  0.28464917323866545
  0.29535470819272880  0.30611252077934187  0.31689689042594460  0.32764422748660749
  0.33846175642259735  0.34928343711461279  0.35995688734239312  0.37044097011094890
  0.38080324653721120  0.39125437700984211  0.40180284325482724  0.41247172016866973
  0.42318882020681525  0.43392436426474157  0.44469210185690428  0.45541993367021721
  0.46608953102324202  0.47672297261346164  0.48733614388443575  0.49799761867890235
  0.50866420624624198  0.51938532717427188  0.53018850404244311  0.54087615778860787
  0.55141808905265877  0.56186339952671804  0.57238571546828176  0.58298725008542418
  0.59351763089513021  0.60410317543661585  0.61470654695807658  0.62537011679155952
  0.63592507352099770  0.64649026405342191  0.65708673878772761  0.66774369317795723
  0.67840836935399162  0.68905356640849591  0.69969807795588090  0.71025294180756282
  0.72078665552674914  0.73130192562890128  0.74180630951345561  0.75227014212046350
  0.76290465196656732  0.77253893371528926  0.78147420670366252  0.79033935105358877
  0.79899291610148293  0.80932733729285755  0.81988350071230709  0.83042577936592754
  0.84099831537396275  0.85147930487604229  0.86207001155815688  0.87272228326562862
  0.88340042899672733  0.89404956550607639  0.90476539259699074  0.91545997428431136
  0.92603239761481571  0.93662437801723142  0.94725968413193196  0.95791879895978116
  0.96846770543297889  0.97898755131278881  0.98951246394417802  1.00000000000000000
 -0.00217520847113333  0.00972059700363649  0.01997188762868814  0.03047957744904096
  0.04111890866440513  0.05167132660500321  0.06228809327210508  0.07302373762028160
  0.08189266634826654  0.09088863978571411  0.09985302445437419  0.10930563501435364
  0.11993612166258327  0.13038943197322636  0.14078030653554879  0.15116673589488347
  0.16150923704682507  0.17187113548442945  0.18238974153855722  0.19301305142623393
  0.20363542219241512  0.21412516100855647  0.22464642284253269  0.23522154171929180
  0.24585057853414646  0.25646212530831569  0.26707109532255452  0.27769136741953082
  0.28837984619176898  0.29912707826698914  0.30987034375634226  0.32055430594708617
  0.33125864382291315  0.34186445999831128  0.35241183098507145  0.36292322215672679
  0.37358487569941923  0.38436440550879281  0.39513188241235581  0.40573807773701753
  0.41622727543613020  0.42673253480680556  0.43734238361679317  0.44816005275052123
  0.45901241727723069  0.46983600373299123  0.48045235296391475  0.49093998472568035
  0.50145983132613736  0.51207834630756965  0.52269572937928055  0.53323957538256794
  0.54375033314741250  0.55431169127180380  0.56486571936960273  0.57539035840860864
  0.58592858149642291  0.59651159530318587  0.60712476224234602  0.61771528132422038
  0.62828064316535737  0.63885783835407561  0.64949341047882769  0.66009382827066376
  0.67062019693165620  0.68117565729369423  0.69181229513326625  0.70254548586104926
  0.71320317329006788  0.72383327099743533  0.73435371944787475  0.74490078543227434
  0.75547159771413630  0.76609608758846659  0.77670889775451313  0.78736346221452636
  0.79802308485371765  0.80880199846904610  0.81957960773396976  0.83037723178866629
  0.84103480982600631  0.85157155426235331  0.86212386744561798  0.87275566072007971
  0.88337472952099905  0.89409371814080529  0.90473612725666297  0.91536689086842360
  0.92596938347641167  0.93656555161503707  0.94708788973669733  0.95752749252630620
  0.96799281773759260  0.97865227294562906  0.98932553684383573  1.00000000000000000
 -0.00225671765808181  0.00989385132791335  0.02020754595860666  0.03081414205435059
  0.04139831589100545  0.05198540632662338  0.06254736582855570  0.07306068077161883
  0.08347904471031532  0.09395230995319410  0.10452702857952598  0.11515746213210393
  0.12578973764943280  0.13643158654101809  0.14708452756618312  0.15774726965882513
  0.16840005068326772  0.17911859609647429  0.18980842173080786  0.19838147040140749
  0.20703786827455961  0.21564911851268975  0.22485767105805021  0.23576579358664562
  0.24646972721582056  0.25721326598703981  0.26795730619931291  0.27862643132964438
  0.28926579370389466  0.29981923140989769  0.31035477031222425  0.32086756713233122
  0.33138314451325679  0.34193594875024047  0.35259838050380232  0.36332313200517635
  0.37401861535911479  0.38459416668289248  0.39516563371836338  0.40579268770995258
  0.41644947270955529  0.42709794976900273  0.43769941502536108  0.44833562751468448
  0.45902711761180059  0.46971323143411442  0.48041726446742472  0.49106231597477190
  0.50166338760177320  0.51222497524219035  0.52281912583860057  0.53342410566828957
  0.54398981336669205  0.55456851411446861  0.56519944909956643  0.57581461840252379
  0.58636438813056690  0.59696736614384205  0.60761640057155986  0.61832695587022957
  0.62895639243620260  0.63956620767520134  0.65013158370739754  0.66066018922740632
  0.67122800522089388  0.68182875783940733  0.69251675203234198  0.70322229910335710
  0.71391419620070817  0.72469660762067212  0.73541456387011839  0.74611595666685215
  0.75671710419568494  0.76730650727541716  0.77788578715330980  0.78844928363141975
  0.79902823012509394  0.80966938204407479  0.82027821169377702  0.83085507932858715
  0.84139974157068875  0.85199477782374744  0.86259242425978133  0.87320464311962764
  0.88382022460340415  0.89441895552196404  0.90491412356799772  0.91537858770338965
  0.92586922131768312  0.93643063592223985  0.94702985063705492  0.95768761630986243
  0.96828482302605112  0.97879204424728572  0.98934951864153919  1.00000000000000000
 -0.00237852175817982  0.01009453045434422  0.02056319258809290  0.03149270887083408
  0.04237756229646412  0.05322707593428404  0.06395384046880130  0.07465017822973068
  0.08535729228522451  0.09607689727945001  0.10678247560205995  0.11739761220528808
  0.12807419099224099  0.13864022858721423  0.14917230170449927  0.15971143614836511
  0.17032146910738086  0.18106119408439164  0.19165582031374273  0.20221851798697305
  0.21270215534201609  0.22319056415270649  0.23365425517468227  0.24408531970663477
  0.25458132919489934  0.26513497617383014  0.27564574500253541  0.28622525099740370
  0.29674175502996447  0.30731045426580827  0.31776202356506050  0.32823876679463243
  0.33874634413678872  0.34936677345021971  0.35999862710167763  0.37054447440205035
  0.38094939673632200  0.39134450564099027  0.40179167781277048  0.41231752360687030
  0.42290127102641734  0.43348861227948998  0.44405797161024352  0.45447334327138433
  0.46493283375908862  0.47544430799058152  0.48604328718674783  0.49669144090764522
  0.50734424312407711  0.51807447854951472  0.52872968670331599  0.53936250821238130
  0.54997634538746321  0.56063852369589162  0.57129347577588074  0.58193667736219112
  0.59264531800782283  0.60332418310552338  0.61395173883617438  0.62450727689320851
  0.63509278953009496  0.64568779933358378  0.65623252580454061  0.66672609540823979
  0.67723008602601176  0.68781136688603528  0.69843868996358427  0.70901957206761856
  0.71951416237250077  0.72999642683566457  0.74048620470250837  0.75099695203137073
  0.76143058750158898  0.77196466564880317  0.78263482764009296  0.79335913131349567
  0.80406860516281853  0.81459065584197876  0.82513676743705866  0.83565750392047600
  0.84623692621472579  0.85671512238147363  0.86710336690015932  0.87748773006152980
  0.88794795254653669  0.89837361605331012  0.90877551127143241  0.91915878645294236
  0.92966919120668301  0.94021556003087570  0.95086691764306386  0.96151748596963038
  0.97227203294838915  0.98227004434198972  0.99134054558385931  1.00000000000000000
 -0.00235157509794024  0.00966714116450228  0.01991441515418498  0.03055063773444379
  0.04131175749151497  0.05198262225294541  0.06259988933434550  0.07310600604584865
  0.08358127592353237  0.09404965720506550  0.10452208693019713  0.11504972310044477
  0.12562247085408221  0.13622311103979259  0.14683186168688092  0.15742816539828411
  0.16795877332320516  0.17845395577620982  0.18902268039990011  0.19970694133550645
  0.21050028016078534  0.22124130499531297  0.23179045350775238  0.24078926794647379
  0.24986597910698827  0.25891765184654419  0.26876990371770904  0.27937046128255527
  0.28992875932997408  0.30053233994571560  0.31122084447175274  0.32184887964747433
  0.33242802710193098  0.34301577078050877  0.35357090527432938  0.36408845326358924
  0.37451439369541151  0.38494729989659843  0.39544624457699973  0.40610592234289195
  0.41670888747273310  0.42728200689533202  0.43776339744958492  0.44837264094269569
  0.45898975307524059  0.46958306189186161  0.48015450203129689  0.49072538363849960
  0.50133381696906765  0.51184889800018396  0.52239823493895865  0.53292627273210769
  0.54352072702894194  0.55413807423404349  0.56473108394086990  0.57532308804529741
  0.58588373164092256  0.59647299129600595  0.60704983951394831  0.61761572780632834
  0.62816830479539953  0.63872642648813038  0.64927127723727573  0.65980628534186792
  0.67035360754828521  0.68091344336898219  0.69155610146234281  0.70217833948821218
  0.71281713748793252  0.72348112304644163  0.73417446034061884  0.74484410738473894
  0.75543884473706568  0.76605607957153921  0.77658315511115061  0.78712929378827512
  0.79764202181396426  0.80818913015573546  0.81870049002461898  0.82919541932574869
  0.83978781919857393  0.85046863570277165  0.86133065042516632  0.87207111284638927
  0.88278731093090312  0.89335138708836148  0.90400238334742755  0.91464171601230215
  0.92515565235890695  0.93576520399838059  0.94640191842990062  0.95713878758082027
  0.96782592212901375  0.97847080246710882  0.98924208950528902  1.00000000000000000
   2.3114512744889194E-019  -1.0000000000000000     
 F F F F F F F F F F F F F F F F F F F F F F F F F F F F F F F F F F F F F F F F F F F F F F F F F F F F F F F F F F F F F F F F F F F F F F F F F F F F F F F F F F F F F F F F F F F F F F F F F F F F F F F F F F F F F F F F F F F F F F F F F F F F F F F F
  <DiscreteSampler_grid>
  grouped_processes
  1 # 1 for a reference and 2 for a running grid.
  10 # Attribute 'min_bin_probing_points' of the grid.
  1 # Attribute 'grid_mode' of the grid. 1=='default',2=='initialization'
  0.0000000000000000 # Attribute 'small_contrib_threshold' of the grid.
  0.5000000000000000 # Attribute 'damping_power' of the grid.
 # binID   n_entries weight   weight_sqr   abs_weight
    10   10   2.352086062862103E-009   1.765644916376339E-017   2.352086062862103E-009
    11   10   2.352086062862103E-009   1.765644916376338E-017   2.352086062862103E-009
    16   10   2.352086062862103E-009   1.765644916376339E-017   2.352086062862103E-009
    17   10   2.352086062862103E-009   1.765644916376338E-017   2.352086062862103E-009
  </DiscreteSampler_grid>
