  0.00954029729697589  0.01562621344061035  0.02487757029966015  0.03568177702518344
  0.04601675879382836  0.05635881834512757  0.06670027685040145  0.07707274649019120
  0.08744712364010901  0.09781298834781238  0.10818226946321648  0.11855339880465299
  0.12893460999659373  0.13929741063922735  0.14964953853565974  0.15998545660829885
  0.17033617283159699  0.18069826615163800  0.19107792503124565  0.20145568171995154
  0.21182658176848074  0.22220472428515101  0.23259134993457184  0.24298619980325920
  0.25339414608765420  0.26378521283256984  0.27415476429707247  0.28450663907921925
  0.29487960777806749  0.30526628435475317  0.31564113856241022  0.32601973684513769
  0.33638365421789862  0.34676144754622695  0.35711935680400497  0.36748851225181189
  0.37787135601064537  0.38828079410133715  0.39870354901013449  0.40911320914010124
  0.41949247535732265  0.42987369393259195  0.44026103237581160  0.45067672383218338
  0.46109776662527385  0.47151860090537301  0.48193011292861959  0.49233843772070812
  0.50273683776639699  0.51311927928431067  0.52349977616096699  0.53389418480758921
  0.54429442132812944  0.55469687333063800  0.56511747016707015  0.57555645329093985
  0.58598790971834280  0.59639243265621200  0.60679061525249978  0.61719260560234512
  0.62757928647296557  0.63795544269517990  0.64833768499996758  0.65872958846400498
  0.66911516109699554  0.67947329557873659  0.68982408134641759  0.70019538394339353
  0.71059063148302881  0.72099909743530177  0.73139749693841460  0.74177698540978432
  0.75213528106346994  0.76250178701559079  0.77288431833118743  0.78326600642226774
  0.79361503190421245  0.80395628574384370  0.81431731708095223  0.82471241822206243
  0.83510441661904722  0.84548205468330695  0.85584929453666614  0.86621008078915085
  0.87656870159378519  0.88693131304825201  0.89730291668573492  0.90771820534269232
  0.91814304045105688  0.92856600100405295  0.93896768545045206  0.94936890123248197
  0.95977686267739359  0.97017107288388127  0.98052507182841764  1.00000000000000000
  0.00944572472758935  0.01606947813435541  0.02508730382208431  0.03590831921620883
  0.04624274076967189  0.05660668199988314  0.06696113001667808  0.07731690653463213
  0.08768241989489832  0.09805104065766806  0.10843613762138693  0.11882206439567583
  0.12922257871963672  0.13962180132403099  0.15002462016423956  0.16041961590185161
  0.17080492416659379  0.18116330150494370  0.19150562675220673  0.20185454835220201
  0.21223049834503144  0.22260318220632427  0.23297140979398470  0.24332921841025398
  0.25369020044921592  0.26406777517787144  0.27445104366132428  0.28485643883403372
  0.29524908586736720  0.30562766622786397  0.31601971592674638  0.32643055167653223
  0.33684068894328079  0.34722920107316335  0.35761169153445760  0.36799658053554446
  0.37837464457093894  0.38872926962108972  0.39908319114656765  0.40942598363659666
  0.41977290578934817  0.43012591505333814  0.44049962572849000  0.45089152141258937
  0.46129568823779726  0.47169847229501871  0.48208964716650815  0.49247349170533644
  0.50286101162502139  0.51324639219723944  0.52361646149321739  0.53398489198844357
  0.54437455988665118  0.55479255947315986  0.56521550373707230  0.57562165780976726
  0.58600786051481968  0.59637661747455051  0.60674258566846218  0.61711925526559452
  0.62751106228593945  0.63791512913792103  0.64832490497495332  0.65874154948687502
  0.66914965054009667  0.67953545152431538  0.68989657884472111  0.70024234965216103
  0.71060111541141524  0.72098669022979966  0.73139741322623875  0.74180679460504784
  0.75221133304523524  0.76260065188067061  0.77298077220313710  0.78334496784736651
  0.79372079337339385  0.80410204167370269  0.81449103254465205  0.82486775813287905
  0.83526138286855500  0.84566318965841336  0.85606579348123146  0.86644916153453067
  0.87682552538730818  0.88720343901636456  0.89759059052108903  0.90795544983280629
  0.91832436849548194  0.92869251375322104  0.93907743848550440  0.94944615794658183
  0.95982577665289093  0.97018780143144501  0.98055158095365214  1.00000000000000000
 -0.00248828063342427  0.00956650824952473  0.01974357196193832  0.03026915990996394
  0.04078744290701132  0.05132963025632167  0.06189643639150005  0.07249024583236752
  0.08304920053348466  0.09358525206020631  0.10411706381198708  0.11467385136117957
  0.12522886850894036  0.13575074946150237  0.14626492121375864  0.15679900342590500
  0.16735069264905866  0.17790168221484925  0.18842148538371728  0.19893648301275269
  0.20945108548751368  0.21999064283787662  0.23054775644881084  0.24108213969043107
  0.25159439502474479  0.26210960859463733  0.27263431585032027  0.28317594152671038
  0.29370095990440331  0.30425400191525098  0.31480129035670434  0.32535940005818381
  0.33588736797061819  0.34640700632075877  0.35692945061002190  0.36748816272093393
  0.37804470731447887  0.38860227557197974  0.39914080966723786  0.40967938710705515
  0.42021218138155175  0.43074529316487431  0.44128237929785119  0.45181630556045616
  0.46235059027849279  0.47292297507530867  0.48346996388698615  0.49403502365930330
  0.50460037603852925  0.51517897515049826  0.52573389240263202  0.53628553091472375
  0.54684754347433184  0.55741185037564300  0.56794099996369751  0.57849879316387742
  0.58903310534885045  0.59955402558105986  0.61006350571535084  0.62059438100031961
  0.63117171993839671  0.64172977654899543  0.65229700589277406  0.66282812107295797
  0.67336550916879212  0.68386478599044631  0.69438759329275379  0.70490459060454658
  0.71543737152148301  0.72594587202061278  0.73646057871905501  0.74698008465247445
  0.75752565198756328  0.76807650341205558  0.77864453106811848  0.78919564640862283
  0.79974770253584904  0.81028231705191200  0.82081503550335377  0.83134725145292887
  0.84188529756399344  0.85242990746292080  0.86295395838917932  0.87349658146453979
  0.88402640931994947  0.89456379118542639  0.90511399857977592  0.91568615968127498
  0.92625248642452251  0.93680139438855037  0.94735143302255742  0.95789769479548248
  0.96842388713832983  0.97894522555992192  0.98947235570997005  1.00000000000000000
 -0.00239948562466903  0.00962031918829295  0.01981877384887998  0.03036064899024051
  0.04090561515877656  0.05145995189834358  0.06201377069184022  0.07257378655189345
  0.08310690352365004  0.09363227147678156  0.10415572146017409  0.11468194789147965
  0.12521934764630369  0.13577962826883647  0.14633037379844049  0.15685856596420256
  0.16736715774476082  0.17790225652564218  0.18843260265558262  0.19897684142151495
  0.20949433096477979  0.22001324990448234  0.23052721433280282  0.24105914384914254
  0.25162631645350081  0.26216480696791394  0.27269871016441061  0.28322663753974342
  0.29377496785562229  0.30434919221171935  0.31488612969286567  0.32542067555507487
  0.33593116893417813  0.34644951856031386  0.35701285104600816  0.36757768323664808
  0.37811888062768162  0.38863373838058374  0.39915196149020193  0.40972665343397496
  0.42029959310029452  0.43088886400511106  0.44148771192451836  0.45207546509517094
  0.46263397833588693  0.47315501833986651  0.48368345604295188  0.49420840678497746
  0.50473321634764012  0.51525907477573030  0.52581314344232544  0.53637557153971316
  0.54693575145323525  0.55746375336349108  0.56800616533746318  0.57852464019079419
  0.58908066914238311  0.59965675830204190  0.61024328753286505  0.62080342779792830
  0.63133404579616126  0.64187194574762929  0.65241758663155314  0.66294675628579336
  0.67348548566030642  0.68404254184759028  0.69458318280016462  0.70510492244848633
  0.71561226176642756  0.72612487319501950  0.73664909635351217  0.74719428487540451
  0.75775299349198444  0.76831601399549743  0.77884356389991161  0.78938177838701906
  0.79991567560327825  0.81047701380601411  0.82103179105466140  0.83161373520328219
  0.84218063154416245  0.85277139610528874  0.86333629759955355  0.87387910303247418
  0.88442809240287001  0.89493798693912263  0.90544194880868845  0.91591209016557007
  0.92641342965062645  0.93693101657313804  0.94747893115762583  0.95801275854120427
  0.96850955064911537  0.97899038242925340  0.98948429092904344  1.00000000000000000
 -0.00251183473519481  0.00941613758174178  0.01953591487457641  0.03002721030699432
  0.04055120080862263  0.05109915708684194  0.06166530278234483  0.07224089372738714
  0.08278429255084339  0.09331987775826260  0.10385987495735008  0.11442934074959896
  0.12500620038011201  0.13556475654364220  0.14610336693027387  0.15662952894157625
  0.16715235095416886  0.17768280262736391  0.18821809838632672  0.19876765090826043
  0.20933582526878355  0.21987586538695583  0.23041022449819221  0.24090696006535819
  0.25146065073471169  0.26201886135948455  0.27258745109488869  0.28311674002734355
  0.29365137703609989  0.30418951012862150  0.31470008852079367  0.32522219505721484
  0.33573825590796513  0.34627746778757029  0.35680313275387127  0.36730835511566640
  0.37782482743901213  0.38833459806484733  0.39887578887698577  0.40943040285537807
  0.41999686782340490  0.43055206258449485  0.44110835651229108  0.45166829526185687
  0.46223518456419432  0.47279811738745486  0.48334667515218893  0.49390818058387248
  0.50444997350555909  0.51500423390450356  0.52553527196686944  0.53607546549706819
  0.54660123609897737  0.55712752159170031  0.56767478143445715  0.57822086571412790
  0.58877187273085274  0.59929939249578046  0.60982099889916197  0.62036892854034742
  0.63092181760722721  0.64147904117507504  0.65199776556987232  0.66253678287823303
  0.67307957563721732  0.68362948307031135  0.69415121706133587  0.70468375809677830
  0.71525700769919198  0.72583404292278220  0.73643419966508294  0.74700838539952918
  0.75759134966721753  0.76817993811925045  0.77875603377055524  0.78932020150528337
  0.79988722969472581  0.81043327494039552  0.82098319946998766  0.83148942530276659
  0.84204436867073829  0.85257550125659054  0.86310568315438874  0.87359949158483519
  0.88410981206399131  0.89463907823862987  0.90520061285894049  0.91576775039969416
  0.92632184464608636  0.93686155803258020  0.94739865568668280  0.95794254669559020
  0.96847840742685487  0.97900027654554778  0.98950874874005723  1.00000000000000000
 -0.00241379886175264  0.00958719447667069  0.01976369022934437  0.03029236336331885
  0.04081650035005192  0.05136292234147064  0.06187537773957453  0.07239785275896804
  0.08290400859510480  0.09342183738586166  0.10392443501506882  0.11441396443388922
  0.12493751720021241  0.13550049094234015  0.14609647734684686  0.15666183536572820
  0.16720894162768371  0.17775380989283354  0.18830595640594433  0.19882560221949025
  0.20931904133264229  0.21981499079371852  0.23034207092016426  0.24088506332041543
  0.25144564375829542  0.26200047478928168  0.27253803565275569  0.28306341615166691
  0.29358967659071195  0.30413736841823569  0.31468145494440786  0.32521100866140384
  0.33571421377175448  0.34622095883438270  0.35673594717016460  0.36725622053966461
  0.37778513563240418  0.38832655727720028  0.39886468292748328  0.40939586771444531
  0.41993311103715897  0.43046458669219323  0.44100024037248359  0.45155658095524992
  0.46208842034504849  0.47261417544569656  0.48312946650588906  0.49368346425532078
  0.50425623344140003  0.51482399239756860  0.52540747196794568  0.53596388714766996
  0.54649829939051420  0.55702358698486354  0.56757518741513990  0.57814053026923540
  0.58870808427132193  0.59924068618576198  0.60978001759365219  0.62030755327976816
  0.63083233723250864  0.64137354135484725  0.65191164151213943  0.66247241922671718
  0.67304004388053451  0.68360940477254650  0.69416680280333176  0.70467893435385098
  0.71519004141248044  0.72569747342994462  0.73622506320989778  0.74676152426045228
  0.75730819166793273  0.76783064958393499  0.77837737098411286  0.78890817639256550
  0.79945232298527014  0.80997685614951542  0.82050455101325914  0.83103991540012656
  0.84159440952524966  0.85215139613193613  0.86270560594768630  0.87322357695324249
  0.88375486358797362  0.89428065584166883  0.90482966959313493  0.91539996732189410
  0.92599053388215524  0.93655449069208030  0.94708755151148671  0.95762228929445536
  0.96817860932867994  0.97875912625999006  0.98936711796730814  1.00000000000000000
 -0.00247640131909036  0.00950555306010070  0.01966901709327004  0.03020377653572236
  0.04074078850024437  0.05128024501976697  0.06181607135482396  0.07235922764275209
  0.08290053124695139  0.09344661335677858  0.10398601560682419  0.11450493713632742
  0.12502715539026463  0.13554233599146423  0.14609284004383177  0.15663086411929883
  0.16719091448470264  0.17771887197291977  0.18825239208551767  0.19877505516112828
  0.20929837599905263  0.21982787397198653  0.23039365454522409  0.24099559013859681
  0.25159806933831591  0.26218470609743905  0.27274719656285112  0.28332966496984613
  0.29391275582505594  0.30448137427649924  0.31503149413863657  0.32556421099797617
  0.33609683624950953  0.34662459845045940  0.35716831996712262  0.36773580679822199
  0.37830665533614577  0.38888105607274875  0.39944344450178909  0.40999265286477360
  0.42052307219443064  0.43103655350317444  0.44154003406661396  0.45205197401744568
  0.46257976516081695  0.47313727302895442  0.48368562705611268  0.49423095234739811
  0.50479469500806518  0.51533859733911513  0.52589226023807811  0.53642571002252204
  0.54699291361607838  0.55751799543995029  0.56805233487093398  0.57856885808195779
  0.58912522450803362  0.59969327421266916  0.61023556643523080  0.62078722782061091
  0.63132893489490671  0.64190194960542812  0.65246188283057482  0.66299790397313374
  0.67352530014617418  0.68403818613055212  0.69457744185666015  0.70514681457487449
  0.71571699808612543  0.72627539066066116  0.73683647238115924  0.74738422726559950
  0.75793295641888991  0.76844651119880436  0.77897733494393284  0.78949545482268546
  0.80001171313804786  0.81053403251196721  0.82105911218048699  0.83160384582808344
  0.84214701243567347  0.85266147815654447  0.86314531901591085  0.87361571074404798
  0.88411601137092255  0.89463419115368448  0.90515619572712536  0.91569084326860573
  0.92620181183595818  0.93674077306287795  0.94724316875700598  0.95778362059917144
  0.96832488742948419  0.97890225278336551  0.98946245844723701  1.00000000000000000
 -0.00251491425941523  0.00944246238188508  0.01960482091190032  0.03016345550119733
  0.04074726700071424  0.05130678712689197  0.06184403135599003  0.07238568870754522
  0.08294049159478205  0.09350316255417947  0.10406521194280569  0.11460586533585490
  0.12514727428761613  0.13568769168900829  0.14622138082582770  0.15677416208991046
  0.16732159669316335  0.17787656615963843  0.18839753110715246  0.19891817404968815
  0.20945876121301193  0.22000485765897432  0.23053776641443230  0.24105751182227927
  0.25156827821016292  0.26211904955500043  0.27265034076989708  0.28321899183044241
  0.29377081339179245  0.30435268453289654  0.31492587695575819  0.32547507097402811
  0.33600520668304446  0.34651252671979277  0.35703596717410402  0.36755265870706938
  0.37807069643766017  0.38859046605727748  0.39910226268430610  0.40961175222306673
  0.42011887816398324  0.43064371659024853  0.44116744767486993  0.45169798696349606
  0.46221136629731491  0.47274153879502717  0.48329353648513029  0.49387696463946146
  0.50446038834606755  0.51501932465179379  0.52556469265031847  0.53611289715261279
  0.54665856079125397  0.55720923066264483  0.56772782568119395  0.57826420514393151
  0.58879257085160130  0.59933706799685971  0.60985436945489213  0.62039100790346036
  0.63091559631433358  0.64146365137194827  0.65197765711938727  0.66249831323033614
  0.67299828528041750  0.68352701079973432  0.69408428709543246  0.70465270777391686
  0.71522280232998936  0.72579286090737127  0.73636162668624672  0.74692853003284743
  0.75747939037419365  0.76803499511486106  0.77859309212928141  0.78915317309352306
  0.79973564976261480  0.81029489039273450  0.82084304362081839  0.83138961445774473
  0.84192775684733834  0.85247878928291188  0.86299778805415717  0.87354257635602839
  0.88406773951778828  0.89461706165577737  0.90516240574585194  0.91573118140584031
  0.92628341038421691  0.93683018953905650  0.94734803307432758  0.95787201927885157
  0.96842265610226541  0.97896341116462715  0.98949829049907712  1.00000000000000000
   1.5458644173908581E-002  -1.0000000000000000     
 F F F F F F F F F F F F F F F F F F F F F F F F F F F F F F F F F F F F F F F F F F F F F F F F F F F F F F F F F F F F F F F F F F F F F F F F F F F F F F F F F F F F F F F F F F F F F F F F F F F F F F F F F F F F F F F F F F F F F F F F F F F F F F F F
  <DiscreteSampler_grid>
  grouped_processes
  1 # 1 for a reference and 2 for a running grid.
  10 # Attribute 'min_bin_probing_points' of the grid.
  1 # Attribute 'grid_mode' of the grid. 1=='default',2=='initialization'
  0.0000000000000000 # Attribute 'small_contrib_threshold' of the grid.
  0.5000000000000000 # Attribute 'damping_power' of the grid.
 # binID   n_entries weight   weight_sqr   abs_weight
    10   10   5.489797625588227E+013   4.932825851282847E+027   5.489797625588227E+013
    11   10   5.489797625588217E+013   4.932825851282846E+027   5.489797625588217E+013
  </DiscreteSampler_grid>
