  0.00953285687697767  0.01550253483927939  0.02476694874216026  0.03554425237355045
  0.04593730724189266  0.05635508518444812  0.06679552250354283  0.07720902416899615
  0.08763254709569651  0.09801450535623112  0.10838877688259935  0.11876559394157135
  0.12915422034860477  0.13955137938021886  0.14994812984990599  0.16034381548970286
  0.17073053971961918  0.18109605015529767  0.19148873109047110  0.20187945545766806
  0.21225318360803791  0.22258328436587871  0.23290433902986707  0.24327386843491128
  0.25367579643796978  0.26413285438014006  0.27454121913210405  0.28491422135975208
  0.29526599677203635  0.30561413510810503  0.31598628722422578  0.32635405244662286
  0.33673130609503454  0.34708394000302167  0.35743684944042087  0.36780311594855758
  0.37820009183807979  0.38860296250006199  0.39899056543656153  0.40937105973076959
  0.41977550676561232  0.43019615898383518  0.44063087323596400  0.45103724434748199
  0.46144363140623473  0.47183314095009588  0.48218569088385843  0.49248305446276369
  0.50276561598272784  0.51308585883077729  0.52345824462565860  0.53386180928143223
  0.54427075189273955  0.55467305166711400  0.56504081029297115  0.57538617334610831
  0.58573539028696620  0.59608988577800381  0.60644427516544530  0.61679396899820893
  0.62716426963394734  0.63756258671216948  0.64798553303042705  0.65841129295238099
  0.66881057916415110  0.67918924442700601  0.68955282705134202  0.69992240967245767
  0.71031612393060439  0.72073209310242092  0.73115605108762338  0.74156597303711558
  0.75197472162078782  0.76239916401392160  0.77281487345498856  0.78321784930941585
  0.79360337690278782  0.80396750700123631  0.81433125703044285  0.82470149388025271
  0.83508368900050578  0.84543793680138957  0.85579742107230405  0.86617893052203654
  0.87659116908826928  0.88699707517967230  0.89737004700449086  0.90775756506442573
  0.91814157568521737  0.92852848738673954  0.93889564156252958  0.94925609802629740
  0.95964207184179451  0.97003915806330643  0.98044114038820052  1.00000000000000000
  0.01069963165832053  0.01710193270539946  0.02611395947424656  0.03698902432160316
  0.04734146281021278  0.05769368783873109  0.06802816485009362  0.07837788503559631
  0.08875114825531757  0.09914265557932579  0.10953872445775981  0.11991966670371897
  0.13029789088155502  0.14066628718823582  0.15105159588741079  0.16147205252406124
  0.17189846328596436  0.18230485134464491  0.19269072279700408  0.20308916229828564
  0.21347260617428759  0.22384373660080559  0.23419350310600856  0.24455733241189176
  0.25493707069915528  0.26531207040051491  0.27570816835870088  0.28608163810905585
  0.29645485417385764  0.30679547570951993  0.31716651667661833  0.32754344085317977
  0.33792696977617276  0.34827111239231623  0.35858776414697208  0.36890716658750483
  0.37924773339627726  0.38962771288554210  0.40003421645716836  0.41042758310331756
  0.42080604526805993  0.43116217496014991  0.44153041088567169  0.45190645307934851
  0.46229101980585524  0.47266917844623252  0.48303156952078447  0.49338420854226295
  0.50374431558339283  0.51414797923461486  0.52456316326520080  0.53495548040688223
  0.54531804466011813  0.55567639674400970  0.56605264134043820  0.57642304107949172
  0.58679029648412273  0.59716039104376628  0.60754746416604988  0.61794981204623822
  0.62834724782883578  0.63873130056412297  0.64910337565166654  0.65947572141874600
  0.66983906458247766  0.68018461292804655  0.69051136504491639  0.70083545245245904
  0.71117291773889268  0.72151368663010562  0.73184540147102073  0.74216286424130529
  0.75249038388277412  0.76284606291456181  0.77323243230846650  0.78364237722583940
  0.79404038344054206  0.80441730979813342  0.81478311186760344  0.82517235866882666
  0.83556287020006814  0.84591963300067352  0.85626593631063219  0.86664311605279576
  0.87704293760444807  0.88740881999020016  0.89771213287864893  0.90802252990725807
  0.91834504502429837  0.92870149005933955  0.93903578950843891  0.94939852411197700
  0.95975367400090472  0.97012656278647569  0.98049457956739794  1.00000000000000000
 -0.00222738886494503  0.00970577006191900  0.01992107475645496  0.03046009334019369
  0.04101053836890064  0.05153917215582749  0.06205602692129226  0.07256751334820843
  0.08309029686433221  0.09357245376518197  0.10405944267827859  0.11455705845198787
  0.12510261592160202  0.13565586119368603  0.14622137378910793  0.15679555278237384
  0.16740932532085984  0.17800053154214182  0.18862050302755826  0.19924331982263463
  0.20984586848685144  0.22042493983488712  0.23094924224025365  0.24151839900637706
  0.25202131642011061  0.26254245785671460  0.27305274277750230  0.28358453665055056
  0.29413873381664590  0.30468697829918390  0.31522352538958415  0.32575524491024782
  0.33627147566648274  0.34679397008495716  0.35733741894036114  0.36794562578779094
  0.37863239187130271  0.38927310066486431  0.39988232417192959  0.41044967688496292
  0.42096915347835384  0.43146410309471661  0.44195682410905407  0.45251949328770508
  0.46310552625465184  0.47369124612130536  0.48424273389199368  0.49475849500167224
  0.50530913984195303  0.51587687499929835  0.52641978595007111  0.53689882931172150
  0.54735278925309272  0.55787295393738867  0.56842867438173406  0.57899246383215552
  0.58951964122694822  0.60004692321142905  0.61065646397514306  0.62125423552954928
  0.63183872974403155  0.64232544838271288  0.65280587803758727  0.66329373400195391
  0.67377276760769900  0.68428583095826800  0.69481930936755132  0.70536860868707563
  0.71588947382104828  0.72637459585987452  0.73690505163687348  0.74741533521436343
  0.75793685496008878  0.76843153917679341  0.77894593873390439  0.78943731279341700
  0.79998015418560731  0.81052170297762527  0.82108161117090095  0.83159612266659788
  0.84209688572011354  0.85262877053217689  0.86319183459620374  0.87378998542749420
  0.88434123493536576  0.89485517016646410  0.90537043013968832  0.91586631174631372
  0.92641542491894868  0.93693768081435280  0.94751106622465353  0.95802015062251833
  0.96855011278432090  0.97901719159346667  0.98951465230179814  1.00000000000000000
 -0.00228867064063846  0.00999925626045803  0.02026293217774644  0.03082248589193604
  0.04138625421339581  0.05199770327938365  0.06252260297513652  0.07301311664330752
  0.08348439289158686  0.09396744104816934  0.10449544851950325  0.11501631339166972
  0.12554811965242724  0.13608224111348322  0.14665022116526469  0.15724352756653631
  0.16784882484997099  0.17840392178697009  0.18897188992243275  0.19950630172891870
  0.21004010063799775  0.22054095649572139  0.23107597361654927  0.24165781016563950
  0.25222645858016890  0.26277711087716887  0.27328136294983557  0.28379191367488604
  0.29429146442548731  0.30480099911843189  0.31530967425000062  0.32580236598358647
  0.33629017112800197  0.34681325481310021  0.35733388782967129  0.36788772782432905
  0.37839629794904883  0.38891993677753267  0.39940526788959940  0.40994863172506973
  0.42049214460887091  0.43107015801940624  0.44159478020312193  0.45213627529353423
  0.46268256749447584  0.47324061275577689  0.48376061087184519  0.49425537416708704
  0.50478141882009042  0.51535154830639462  0.52592417971519012  0.53648588300142852
  0.54703001999173473  0.55760599139544587  0.56817987312369977  0.57874541308264071
  0.58930220918023368  0.59983162738044793  0.61037868843867560  0.62092136896170769
  0.63146803439794930  0.64201140054935479  0.65252625284514765  0.66304661518183639
  0.67355308043421491  0.68405856137767473  0.69457609199990178  0.70510499718810460
  0.71564697641116637  0.72619137508897025  0.73676254002025043  0.74734097559342372
  0.75788341880833188  0.76840487900014320  0.77892455486890955  0.78946286686502187
  0.80001952968233692  0.81059790586941272  0.82118331462910532  0.83168608571486480
  0.84216773046578675  0.85263823423694030  0.86319778988615614  0.87377255155441858
  0.88434225375847375  0.89491659603480622  0.90544132539387312  0.91594182317818984
  0.92643736105754715  0.93695968302093635  0.94756706401890389  0.95814158626256574
  0.96866070871871568  0.97910815294312170  0.98955596377948130  1.00000000000000000
 -0.00214945582110304  0.00968611917997936  0.01993438767795070  0.03051580661639505
  0.04110401360805713  0.05162830041472237  0.06215035294763448  0.07270029892008396
  0.08323887507330763  0.09380808774741049  0.10433334101916257  0.11488403447335843
  0.12538960188030479  0.13593198644706719  0.14647044035370044  0.15699602963802495
  0.16754734556567399  0.17814951320838524  0.18880337821284982  0.19941897739548076
  0.21000322886472381  0.22053275284976737  0.23104799974147525  0.24157434743929071
  0.25210609132338285  0.26263902772302439  0.27315629017185544  0.28366804248846444
  0.29416929086320021  0.30465960977130474  0.31518268666782023  0.32574315922145941
  0.33628832024772809  0.34680909594896847  0.35735755603872438  0.36791908167584103
  0.37849536317169369  0.38906491285074513  0.39966870528408277  0.41030105625068186
  0.42086449555892080  0.43140324954522513  0.44190612942520535  0.45243837919884516
  0.46297137498796548  0.47351695852266729  0.48408431147208153  0.49461221777959763
  0.50515081632306957  0.51567373355472823  0.52620659852550844  0.53674611033319419
  0.54727481473481632  0.55779167712539623  0.56833796083988097  0.57887923630491123
  0.58943087416773765  0.59991754420816412  0.61043153942933526  0.62093080900233499
  0.63142926088698381  0.64192342663663693  0.65246184150781616  0.66301821864601540
  0.67360737664516146  0.68418884067729069  0.69476683392236049  0.70532814444478698
  0.71589209778137752  0.72646249986659162  0.73702466218416995  0.74755841070210971
  0.75809181284581029  0.76856503447421443  0.77906969013841709  0.78952923636661132
  0.80002763937083343  0.81051941064347111  0.82104531269553638  0.83156538464737717
  0.84205323320321390  0.85253539413782875  0.86299280215500229  0.87353955800943295
  0.88409707522799341  0.89468687484108889  0.90522923102438679  0.91578603972369454
  0.92633408012101737  0.93685737009541137  0.94737708490054329  0.95788091943635267
  0.96840341259948981  0.97890761942034066  0.98945634783693748  1.00000000000000000
 -0.00242301812334857  0.00971787333532191  0.01996204454035360  0.03050902812722772
  0.04108236349743789  0.05159210620153182  0.06218558350004052  0.07274123635471015
  0.08334114117237099  0.09387779516819571  0.10441469431560085  0.11498540313133780
  0.12550288488949771  0.13602053043797618  0.14647287113999419  0.15695583371786381
  0.16745431495817029  0.17800483452227275  0.18855347531637162  0.19904168990423321
  0.20949684702902116  0.21995177386165754  0.23044000723035465  0.24096195000378756
  0.25151137785540328  0.26209013832603817  0.27261567353721028  0.28311717306224321
  0.29359535218683380  0.30409229571774571  0.31459787811742251  0.32510461480874375
  0.33565761705401886  0.34622945462185695  0.35681147497622440  0.36735986482680838
  0.37792446241405092  0.38850449346957522  0.39905638087269263  0.40957267375801076
  0.42003715902503397  0.43051383265181398  0.44097869816552271  0.45150372271956246
  0.46209739731259641  0.47269488758416883  0.48326543666260735  0.49379373304559948
  0.50436546586988362  0.51493684384930638  0.52549652401272406  0.53603071697514704
  0.54658552064549382  0.55714202293631332  0.56768551425217573  0.57820663839435804
  0.58872193395028916  0.59928417637202813  0.60987756041691232  0.62048521105174992
  0.63105125535949169  0.64160973578528147  0.65217479992378158  0.66271816932167904
  0.67328593231402312  0.68385536712509687  0.69448469411479719  0.70506994679724910
  0.71562938263244003  0.72613659262525998  0.73664257034691738  0.74716013040012930
  0.75767035326931576  0.76825481620684721  0.77882463650611611  0.78943611695820259
  0.79997633048645400  0.81050984056376263  0.82104777866984158  0.83158873630577879
  0.84218682422289071  0.85272931985014733  0.86329618699651611  0.87382981810997773
  0.88438053872996358  0.89488024647922804  0.90534945224257235  0.91585193583584590
  0.92641560465518169  0.93697389688167365  0.94749935840617383  0.95799942030805796
  0.96849073879002856  0.97899772379407024  0.98948445701332555  1.00000000000000000
 -0.00227977484629632  0.00982087051454643  0.02008351722590618  0.03059300875770832
  0.04112699487484274  0.05163508151222496  0.06220429118023746  0.07280023073272368
  0.08335242035088179  0.09388530040698630  0.10439887826245171  0.11493835870998269
  0.12549545411498453  0.13603019928407731  0.14656005399595909  0.15710512464136919
  0.16765465523059916  0.17815472689099843  0.18863411388190540  0.19913430767580956
  0.20969141910420278  0.22022539899153665  0.23074927461833969  0.24127629906373302
  0.25184672160509614  0.26243091327999302  0.27296549308477269  0.28349528925149070
  0.29401865342415723  0.30457892777573337  0.31509854523383346  0.32563059350200280
  0.33614025076497461  0.34662794453963819  0.35710407332823857  0.36758304928461083
  0.37812866401306672  0.38866837974783575  0.39921711240266439  0.40973915540426720
  0.42025509937382621  0.43077422247796343  0.44129813850361599  0.45184715435914563
  0.46241864858655918  0.47300512021713875  0.48355591889401145  0.49415687251580309
  0.50472966055050361  0.51527568997569317  0.52575401877700201  0.53627096288050291
  0.54680470803370518  0.55735481215312599  0.56791090799721555  0.57846981084003801
  0.58902569819320627  0.59955501370199071  0.61010100347894414  0.62066003064963005
  0.63117467124957261  0.64171792008539386  0.65226762781399228  0.66283288359644976
  0.67340523392433738  0.68395305364751569  0.69448800091615237  0.70500735348161969
  0.71555787640123025  0.72611456257770235  0.73664623518291472  0.74712620634557791
  0.75761990064971163  0.76815561341051575  0.77873712007502349  0.78931692606247095
  0.79984662286058328  0.81036265319827494  0.82091639916985837  0.83148108206609361
  0.84202360774381657  0.85254996342882861  0.86304653634697026  0.87358527262151597
  0.88409885809171573  0.89466574582352743  0.90521351050198873  0.91574317717463782
  0.92627106182832475  0.93683809738017854  0.94741151478639973  0.95797352123844770
  0.96850641954745209  0.97902398847288363  0.98953513286924366  1.00000000000000000
 -0.00219153095813361  0.00986735115849071  0.02013062373844483  0.03065398392702311
  0.04118412611021223  0.05173962671459135  0.06226600532319661  0.07279572575150742
  0.08326595359113348  0.09379351043937732  0.10431545981838088  0.11486225087147160
  0.12537167600844404  0.13588095665312763  0.14639254199644494  0.15690550013919266
  0.16745826220179003  0.17800399561900637  0.18855964612158924  0.19909425268702113
  0.20961710305855541  0.22013844106273295  0.23066756677496633  0.24123363690376812
  0.25183154709188282  0.26238956201597707  0.27292652096842979  0.28340588303976122
  0.29389758276033873  0.30443998381154252  0.31503385797283073  0.32564225226277049
  0.33619057101460198  0.34671495694280491  0.35723861837046239  0.36778026564318567
  0.37835445797339046  0.38890687305951965  0.39948260500491850  0.41002123504318938
  0.42056179840092928  0.43110130153128856  0.44159404279212472  0.45211298401588856
  0.46263700256619711  0.47319817510831497  0.48374431212062313  0.49428502783462497
  0.50483726731516065  0.51544243893707486  0.52602613522653563  0.53662067694875348
  0.54714454966332715  0.55768399672393476  0.56819512764894520  0.57872878476373013
  0.58923941455751494  0.59978203288856613  0.61030859664278247  0.62083260935394602
  0.63132254681633215  0.64182728337776762  0.65233166322236502  0.66290470097514731
  0.67344476207447845  0.68401683999894702  0.69453788572641473  0.70509783714300289
  0.71565654165767378  0.72622091379558484  0.73676979643121832  0.74733147187406346
  0.75787421490122187  0.76847229903164982  0.77903785106566137  0.78966145900449947
  0.80019905819382031  0.81072173377601264  0.82119008611189592  0.83167028668080212
  0.84219303640541998  0.85273671280466989  0.86331942124374694  0.87388834983711516
  0.88442898291625094  0.89493451527274737  0.90543872110519719  0.91595568593434307
  0.92649954474555984  0.93701849453247354  0.94754155611865121  0.95805496987617289
  0.96858155476459662  0.97907709740094129  0.98955402825917660  1.00000000000000000
   3.8868815344560726E-022  -1.0000000000000000     
 F F F F F F F F F F F F F F F F F F F F F F F F F F F F F F F F F F F F F F F F F F F F F F F F F F F F F F F F F F F F F F F F F F F F F F F F F F F F F F F F F F F F F F F F F F F F F F F F F F F F F F F F F F F F F F F F F F F F F F F F F F F F F F F F
  <DiscreteSampler_grid>
  grouped_processes
  1 # 1 for a reference and 2 for a running grid.
  10 # Attribute 'min_bin_probing_points' of the grid.
  1 # Attribute 'grid_mode' of the grid. 1=='default',2=='initialization'
  0.0000000000000000 # Attribute 'small_contrib_threshold' of the grid.
  0.5000000000000000 # Attribute 'damping_power' of the grid.
 # binID   n_entries weight   weight_sqr   abs_weight
    10   10   6.851578947614914E-011   8.647842867435008E-021   6.851578947614914E-011
    11   10   6.851578947614913E-011   8.647842867435007E-021   6.851578947614913E-011
  </DiscreteSampler_grid>
