  0.00949758769825701  0.01632508111888605  0.02565440215140743  0.03684465431770686
  0.04746129249243905  0.05812589845657917  0.06875573041741766  0.07951775403134430
  0.09019688164384601  0.10089502435334637  0.11087480497708485  0.12056697058406157
  0.13035161905456463  0.13995854962023907  0.14943436414930286  0.15878421973020720
  0.16855303757512954  0.17919113762350422  0.18984003060985219  0.20033375014984117
  0.21075134019273081  0.22141382975784524  0.23212951963353878  0.24281942206983495
  0.25341689613338786  0.26390772412512875  0.27448087134160370  0.28515715336491132
  0.29608748062224011  0.30692616873150280  0.31764200974850049  0.32817618296185019
  0.33816562342382800  0.34782670978074515  0.35763084100934811  0.36751487883778627
  0.37727071271846807  0.38695601082634890  0.39682525146366210  0.40752352015816584
  0.41823610090233837  0.42884137264991334  0.43941994191285033  0.44997582016988064
  0.46060565901181721  0.47128657920844458  0.48206320444690604  0.49280081786931779
  0.50353967255730347  0.51416788252720269  0.52481153781259715  0.53543789969841105
  0.54607604791670017  0.55672847433967032  0.56735136814581977  0.57796649450238158
  0.58857044993166252  0.59909614007351386  0.60948207908271956  0.61983246740522679
  0.62993606663262047  0.63963037972215520  0.64955650089055605  0.65932866692059833
  0.66890895228865932  0.67837247581282001  0.68783927251078625  0.69737498945903920
  0.70706532374854569  0.71683454968787497  0.72665176258519160  0.73647354268960108
  0.74647141798047811  0.75699134676213109  0.76787138856058279  0.77868029504338399
  0.78929169079780492  0.79979363092459255  0.81036865277968217  0.82111839680170762
  0.83198643308195919  0.84283212694007736  0.85349941537825336  0.86403649377480773
  0.87451724529860542  0.88504437659673840  0.89558710333712077  0.90592171269997257
  0.91625311146122967  0.92658290937936161  0.93719051621776339  0.94787226773552780
  0.95854334415425912  0.96923945466167427  0.97981778279686915  1.00000000000000000
  0.00938887387825812  0.01601774623094764  0.02549524979321255  0.03645737757775952
  0.04701557203455811  0.05765007421729994  0.06821016656225472  0.07882395636386312
  0.08937539605216557  0.09993503478761347  0.11032417313232032  0.12060787060235223
  0.13087948656669546  0.14117362416663143  0.15149623613314736  0.16190537603422633
  0.17231055510387053  0.18281484706531617  0.19338900888963378  0.20404418123284049
  0.21469788985247429  0.22531078560913051  0.23595950514040417  0.24665085161154843
  0.25722648376602397  0.26765719962038997  0.27807198946195538  0.28863290261995811
  0.29933066519066054  0.31000776334406294  0.32070889834556315  0.33155244488404190
  0.34253893938372720  0.35354115281426690  0.36432462613049599  0.37484686304204856
  0.38528759135760204  0.39584225490734493  0.40655095745005654  0.41725843086736852
  0.42792715714758506  0.43846027090060918  0.44905257230179813  0.45971053808491902
  0.47052092882583019  0.48127822215794958  0.49177375158182846  0.50232470281174346
  0.51297392279745491  0.52379170494275296  0.53455876798634550  0.54472995413639447
  0.55446959910184568  0.56435217002352367  0.57428417315601021  0.58428798972324236
  0.59418012591069913  0.60383775491576708  0.61445031010293649  0.62508478660406219
  0.63580726296839152  0.64641540023084376  0.65613146332924221  0.66580953346455307
  0.67547292333213549  0.68529628509733753  0.69515466192252995  0.70501066551067371
  0.71533432056198265  0.72591936984807592  0.73570621377195899  0.74508377155326533
  0.75450255069755900  0.76392216140195657  0.77352051582418913  0.78324346283745294
  0.79303486045607485  0.80366843364112406  0.81421364888482195  0.82418561399324120
  0.83411636405112277  0.84400930261869833  0.85384052540460897  0.86377737664957444
  0.87390166650568835  0.88439507049768096  0.89520391965565127  0.90589400642111484
  0.91655033889203374  0.92710319118925311  0.93758213542210644  0.94811260612814929
  0.95870469970306094  0.96936188622695574  0.97990033964557388  1.00000000000000000
  0.08399528316848458  0.08466190164600171  0.08565411649968969  0.08695525979339173
  0.08826429036483836  0.08955958153167805  0.09089085906393690  0.09234394041743844
  0.09324809064619509  0.09392073000207152  0.09446322812320211  0.09503889105258641
  0.09561551104429088  0.09619460084235151  0.09675661870030909  0.09753707195554429
  0.09856349760886969  0.09953494343441271  0.10049331488406313  0.10145366957973849
  0.10241567047362377  0.10338467230703247  0.10435117178484243  0.10532380224359696
  0.10629531264396919  0.10726583979320116  0.10823346956236458  0.10920770370457548
  0.11019201886843209  0.11117357239175464  0.11215498733045601  0.11313608332803426
  0.11412033818662108  0.11510621572679960  0.11609287892935101  0.11707505984486227
  0.11805535034739573  0.11903887792164942  0.12002801211065406  0.12102163166965144
  0.12201625404798493  0.12301787752769405  0.12402470382953860  0.12503857882265931
  0.12607259595624973  0.12711776349847076  0.12816141998971461  0.12920576579061616
  0.13025119941804872  0.13129837421471235  0.13235190682998541  0.13342496270980284
  0.13450554617272581  0.13559544651533523  0.13669081421064069  0.13778671404630993
  0.13888792335976288  0.14000317967741643  0.14113015628822495  0.14226577761183123
  0.14340417209583342  0.14453853308783071  0.14567551199484507  0.14682692688312252
  0.14799291152724786  0.14916817255418441  0.15035547138522926  0.15154227517782529
  0.15272900703023687  0.15392872877450350  0.15513801382911024  0.15635356195136818
  0.15757974827110316  0.15881037723810507  0.16004026157495799  0.16128164828309235
  0.16254272239489473  0.16381711401367960  0.16510201764658208  0.16639634997184916
  0.16769298986460768  0.16899931529249251  0.17032361700084694  0.17165808843483008
  0.17299935914362444  0.17435060589090751  0.17570404069674811  0.17705962704294750
  0.17843974672168744  0.17984008632350942  0.18125192562985690  0.18267521756111457
  0.18411092857682562  0.18512766215402482  0.18535845184393313  1.00000000000000000
 -0.00255928183035721  0.00952646812659484  0.01982589966932417  0.03053908107047213
  0.04121475930321236  0.05195627836845169  0.06279896834891616  0.07350920073488729
  0.08418767555941126  0.09474673828182931  0.10544864768285132  0.11615160604425270
  0.12702225464634884  0.13794058567751730  0.14888185950270699  0.15980337562403318
  0.17054725067424792  0.18126295665753697  0.19183683431121892  0.20262779102565709
  0.21280292229933465  0.22253372249924483  0.23227863632342544  0.24205941984163071
  0.25204832554563084  0.26200944006309163  0.27190715980929991  0.28252687454708508
  0.29331857935468647  0.30423735915866240  0.31537049826269475  0.32645864642442463
  0.33742920713331509  0.34835205290269844  0.35906184037420147  0.36969921121367150
  0.38034355091338018  0.39104103149624347  0.40191647055765112  0.41266450509401725
  0.42337160998026446  0.43392785404324513  0.44442158049562647  0.45494247991199244
  0.46558763425527094  0.47636272579083344  0.48705605010346481  0.49765766824401059
  0.50821027856636669  0.51893659030109451  0.52981277343525557  0.54050957784794074
  0.55069714609343834  0.56062332770500056  0.57056704083854393  0.58041067862932549
  0.59028799857070158  0.60014714143497894  0.61077841083370277  0.62180392589141043
  0.63273917679291380  0.64355765024721701  0.65429165882360962  0.66508956494016758
  0.67592124936147080  0.68672135059946315  0.69747174725176031  0.70790286719192697
  0.71794644651474004  0.72804027047671893  0.73826519888597897  0.74841915500495870
  0.75853714908015579  0.76847333093748726  0.77907473735211996  0.78968651739991125
  0.80040397871381819  0.81123620336024149  0.82116846226636964  0.83095442202513992
  0.84067522619037893  0.85036369907032050  0.85986305411778585  0.86949196701288844
  0.87966952376336449  0.89083305703801996  0.90174443258794779  0.91275596396512138
  0.92370858687148294  0.93454176819321577  0.94529501511239156  0.95610479243949620
  0.96702372559630978  0.97809972010045321  0.98906881328549945  1.00000000000000000
 -0.00227836559280886  0.01037461412568377  0.02082167381407135  0.03137738483630796
  0.04202057142102380  0.05290055278683993  0.06372755138578293  0.07455194783140602
  0.08540117361296182  0.09629026979364258  0.10710748725889647  0.11775533893488647
  0.12852166750916141  0.13930747065176624  0.15017694626033384  0.16102791399032562
  0.17189935413615320  0.18284996958132615  0.19373915951945558  0.20458864618115977
  0.21528625011282829  0.22601459166094007  0.23680791530563022  0.24772061230855127
  0.25856550345024570  0.26942660634115406  0.28033433079971765  0.29128395683636610
  0.30164775780625891  0.31178600290169162  0.32166523968928595  0.33168730652370726
  0.34179042475118265  0.35169399635553228  0.36212496384372184  0.37257989612974612
  0.38302080229330326  0.39351295361326227  0.40415478702983842  0.41484264323816278
  0.42550005677506170  0.43620147030296169  0.44705326267853451  0.45780365316437277
  0.46841277956210298  0.47890365236860166  0.48959959589525165  0.50050889098886386
  0.51155662140193203  0.52248593628268658  0.53327732053728549  0.54355128081137272
  0.55352956768808981  0.56355135782713228  0.57361430302224181  0.58363836772026734
  0.59373878068874897  0.60392786783336538  0.61451598737152724  0.62509551141689135
  0.63561463290181408  0.64632133148068038  0.65715349140494617  0.66802569848973636
  0.67887885211618504  0.68962359068941115  0.70020914206607987  0.71075076214645783
  0.72132737228463850  0.73202911515544700  0.74283613292079953  0.75369795874707701
  0.76460688665213372  0.77545693996615839  0.78627246219306912  0.79708957634345179
  0.80785485034822724  0.81853412456757402  0.82918843599225212  0.83994946222624456
  0.85078951317343665  0.86163494954376674  0.87246131890345757  0.88340034757074348
  0.89414567469708417  0.90423330452725670  0.91401000728410409  0.92384204162997652
  0.93365655853884255  0.94301221319128437  0.95196720294837933  0.96123579797164593
  0.97094926629283484  0.98072952222397569  0.99033328490609551  1.00000000000000000
 -0.00228563771783454  0.00958193420203870  0.01995155218861992  0.03065848308280722
  0.04155827655429417  0.05235841650914112  0.06305674273656890  0.07373089524064200
  0.08436846650345409  0.09496218507710376  0.10566413023622438  0.11634419948675513
  0.12700536293540701  0.13747427691045075  0.14791644167094281  0.15835986650244693
  0.16899235969287921  0.17985345244519760  0.19086503989724604  0.20183239670411954
  0.21263156874952796  0.22334885314710470  0.23408238853508456  0.24500618717980527
  0.25518826908755032  0.26493743374019862  0.27466916318258172  0.28450879957017999
  0.29428741732033636  0.30411773632071704  0.31427954055557777  0.32521057074063109
  0.33608464712813441  0.34688278637477099  0.35760474700193656  0.36831486803766983
  0.37896217480195604  0.38972065376592746  0.40035470358656083  0.41088844183500284
  0.42131643972505983  0.43190293966070942  0.44262118426850572  0.45318586385937693
  0.46371601095039738  0.47425045066366522  0.48500331358910043  0.49583790044320947
  0.50675469824748776  0.51759597146083280  0.52841316409376382  0.53925665763292929
  0.55019492637914169  0.56115274908514701  0.57199533135305258  0.58272982870000278
  0.59340725178369491  0.60407465117431591  0.61471161603483271  0.62512135705843830
  0.63518744344315869  0.64531524096038506  0.65560875562885734  0.66572894256114912
  0.67536377664418745  0.68475904154719058  0.69475984379167577  0.70489499012628565
  0.71505776235331953  0.72507960750992839  0.73573399070992407  0.74631202759634574
  0.75693171403117110  0.76775124224722902  0.77803922398500280  0.78817813360949540
  0.79824928948108576  0.80848375491547475  0.81876097595006381  0.82895812167142058
  0.83934617402243372  0.85013718856217002  0.86094794691703047  0.87169103872681564
  0.88241459523276533  0.89304990283745722  0.90374663784327025  0.91462560036409535
  0.92542312530825110  0.93624157362263150  0.94687057760547033  0.95755527286414521
  0.96819708951983185  0.97883224108616063  0.98943384920836686  1.00000000000000000
 -0.00233840389036131  0.00975871665898792  0.02013716306395755  0.03109300754753398
  0.04199947936375093  0.05297100859012780  0.06391551604056445  0.07487778990853858
  0.08584035057729504  0.09640946226950381  0.10690255245423420  0.11735723222102133
  0.12782491986371960  0.13839710985286036  0.14903337667965705  0.15983413599631011
  0.17056847602360092  0.18124822916999442  0.19197823203869507  0.20274672697067350
  0.21349395358729145  0.22424734812242331  0.23501975713180279  0.24589146914925286
  0.25682193634331701  0.26777404081196010  0.27878114651429092  0.28964896214867475
  0.30038417772689674  0.31102714455319502  0.32163465274442160  0.33230507667805642
  0.34297528119354437  0.35377423758870019  0.36453617781894371  0.37536235070283669
  0.38608303762614826  0.39674468428586623  0.40730756788882527  0.41786311015088795
  0.42839564961720167  0.43879397188038100  0.44918969657093077  0.45970926884974445
  0.47047036808789677  0.48132383811349128  0.49222286580610530  0.50305981519498433
  0.51378749329015305  0.52444948989673212  0.53516749903297345  0.54599868350904746
  0.55689933162016236  0.56776588246376136  0.57855527126947159  0.58928186454685705
  0.60004492716001945  0.61084266204101501  0.62157915795615482  0.63220227087681935
  0.64285825400070062  0.65364629385045159  0.66457717832513397  0.67556449523824158
  0.68659767149213424  0.69755524515935663  0.70832354030360256  0.71897050596779022
  0.72961479669808837  0.74040289791397274  0.75095115199675555  0.76107648293974095
  0.77107932137656376  0.78122409536985171  0.79128160170837547  0.80081793024394654
  0.81015799871609717  0.81992082393791199  0.82977085553639118  0.83920830951770375
  0.84823630605777611  0.85762384453714535  0.86731949434583444  0.87709109392365803
  0.88682228255243389  0.89683800076384268  0.90734318626308419  0.91810636568151172
  0.92894797927326878  0.93958894278137672  0.94975494233898972  0.95990320178812605
  0.97007870255554773  0.98018736123601102  0.99005523572160059  1.00000000000000000
 -0.00257816632631887  0.01011701855952524  0.02070069301262749  0.03166417057097653
  0.04241293159485203  0.05312175432644398  0.06391548000052417  0.07480021563926735
  0.08561774950936739  0.09643646481029720  0.10715111553853955  0.11780319862577079
  0.12827593090407483  0.13874422601731379  0.14931766271536143  0.16005326314759583
  0.17085726422653752  0.18161530565014991  0.19232046185842055  0.20295349241054822
  0.21359707208741513  0.22425914163276622  0.23494863853606071  0.24562503078242345
  0.25640238891227035  0.26720071857144778  0.27797576391286677  0.28868552790496843
  0.29928189115185894  0.30982881600945356  0.32037185007540636  0.33081435483867971
  0.34090304646160896  0.35074051983847809  0.36054843789306967  0.37039681112089123
  0.38029356242736945  0.39015078055845093  0.40065781294611680  0.41154889628933616
  0.42240654701454772  0.43317947159627912  0.44393647342158510  0.45473584134588885
  0.46563674317892967  0.47661273275839455  0.48745586979704691  0.49816652755197233
  0.50892019675513533  0.51962128198865876  0.53023972963938792  0.54074588222004805
  0.55127201342174348  0.56190719482458062  0.57263885207194754  0.58345050091413075
  0.59423469710600363  0.60464548310966382  0.61473196406056918  0.62485335628554761
  0.63509874099226815  0.64523075491734871  0.65509092578795103  0.66475832368912668
  0.67486971406717577  0.68508993650010586  0.69518240800778697  0.70510813791213545
  0.71546359680390015  0.72607442672779665  0.73672810449000903  0.74765139631581645
  0.75776634193239412  0.76785249841841019  0.77791336698408353  0.78783151641545546
  0.79759484294304606  0.80741080796316633  0.81744610220754321  0.82831721707072248
  0.83902268519741208  0.84984416010437414  0.86059436684814017  0.87121197049314703
  0.88186104152812206  0.89254179085676566  0.90325976810844399  0.91389733579579413
  0.92465076067284380  0.93544721717960677  0.94620752325690216  0.95687468793087838
  0.96748703467506303  0.97820059875468113  0.98908249255498792  1.00000000000000000
   2.0152098776785867E-018  -1.0000000000000000     
 F F F F F F F F F F F F F F F F F F F F F F F F F F F F F F F F F F F F F F F F F F F F F F F F F F F F F F F F F F F F F F F F F F F F F F F F F F F F F F F F F F F F F F F F F F F F F F F F F F F F F F F F F F F F F F F F F F F F F F F F F F F F F F F F
  <DiscreteSampler_grid>
  grouped_processes
  1 # 1 for a reference and 2 for a running grid.
  10 # Attribute 'min_bin_probing_points' of the grid.
  1 # Attribute 'grid_mode' of the grid. 1=='default',2=='initialization'
  0.0000000000000000 # Attribute 'small_contrib_threshold' of the grid.
  0.5000000000000000 # Attribute 'damping_power' of the grid.
 # binID   n_entries weight   weight_sqr   abs_weight
    10   10   1.304337745229378E-007   6.042073677834164E-014   1.304337745229378E-007
    11   10   1.304337745229384E-007   6.042073677834181E-014   1.304337745229384E-007
  </DiscreteSampler_grid>
