  0.01018732193937327  0.01323801070964445  0.01951474813400599  0.02709137608291932
  0.03536761713047865  0.04378016733968504  0.05254408013158707  0.06147310593635612
  0.07063426573874532  0.07985499297994629  0.08915025354652034  0.09851540040679010
  0.10799830138388657  0.11757545172584460  0.12718857067661971  0.13678944653411756
  0.14643007885706036  0.15613813868115906  0.16591057215861288  0.17572053266074469
  0.18557373231712532  0.19549521679162432  0.20545734127797921  0.21540206328013844
  0.22531333557052613  0.23524150476335656  0.24519460581815911  0.25520086806354120
  0.26525426233673122  0.27536086908921681  0.28547694579555621  0.29556874784631065
  0.30564564363310348  0.31570830575287689  0.32576643646366815  0.33585025704653793
  0.34599546950980847  0.35619499832630175  0.36641365366989309  0.37663456663659595
  0.38684582945017454  0.39705851352795196  0.40725869086521654  0.41744346873617644
  0.42761515438287601  0.43781802712549017  0.44805602278450218  0.45831544803502655
  0.46857488825108023  0.47882712295775032  0.48907483522710821  0.49934752431419932
  0.50966712991402185  0.52001629486381151  0.53038105657496626  0.54074480129282965
  0.55111557474650541  0.56149371967373762  0.57189415730367776  0.58233070997953729
  0.59276148401121087  0.60317515728267634  0.61360544934591088  0.62407958311073919
  0.63460155240352034  0.64511821513830081  0.65562057355985448  0.66616645933464536
  0.67673777638615562  0.68728815502063345  0.69782992453317583  0.70838568457687323
  0.71894998363197860  0.72950071897968316  0.74005328917526558  0.75065862823712337
  0.76128826168937935  0.77193772771452074  0.78258220313138560  0.79324338239431558
  0.80394491142234559  0.81469678993700578  0.82547589662612642  0.83628729123194889
  0.84716396897794266  0.85810101938387073  0.86914457933820211  0.88033560024339597
  0.89163678908581634  0.90298967468841818  0.91445971167045637  0.92620403050310207
  0.93846887447586680  0.95192172901604888  0.97007650358205921  1.00000000000000000
  0.00972676730221909  0.01413851140343320  0.02138125814116312  0.03013552684837139
  0.03897362235001094  0.04810055492376427  0.05734249548789023  0.06671798050857185
  0.07615845323276071  0.08567847460337351  0.09520594380909599  0.10477540618218334
  0.11439112391197072  0.12409357964585038  0.13393476626421938  0.14385040297122451
  0.15379365307467213  0.16370391750623625  0.17365738263523237  0.18364398614899996
  0.19363021537940517  0.20358865182430164  0.21357335680336872  0.22359965387845296
  0.23361786129836618  0.24359038392305993  0.25356410914360000  0.26355227912367030
  0.27354874100110199  0.28354019077937881  0.29360059435241903  0.30374314557846055
  0.31391206225698826  0.32406015166327884  0.33423200283310289  0.34444347912186812
  0.35468177546503238  0.36489245803627035  0.37510613186111380  0.38530214321009931
  0.39551372268803686  0.40574071708564130  0.41598275807611612  0.42625381431966342
  0.43654861106324255  0.44686656292614646  0.45718203544192521  0.46748352500853085
  0.47780033336741984  0.48812747758243502  0.49845457728860659  0.50876194562115229
  0.51907821557806411  0.52943136783536004  0.53978788211551065  0.55012218546016867
  0.56043850755599367  0.57077840635316801  0.58116730165794039  0.59158855791404019
  0.60203062286971154  0.61248287451769345  0.62295907950351059  0.63346292881913768
  0.64397479815985159  0.65448921645590241  0.66502942379669649  0.67559499940393986
  0.68614913204334638  0.69669799874859661  0.70728397063107129  0.71791606669452579
  0.72854565908877000  0.73915227472668055  0.74978215493287437  0.76047157183250413
  0.77122939763313247  0.78203581381493359  0.79286309449417514  0.80369017876339177
  0.81451280898165412  0.82532810962071590  0.83616562949809048  0.84702161949488064
  0.85797647792231091  0.86904126104244572  0.88020530321665991  0.89145694552156896
  0.90288361584991861  0.91454226585270193  0.92647880758200474  0.93885258321164289
  0.95197981739945481  0.96633900443318088  0.98457381548123291  1.00000000000000000
 -0.00228205618353301  0.00981016146029886  0.02011547526660010  0.03078275623751946
  0.04140157774651711  0.05209806732048456  0.06269662605386331  0.07329401557465137
  0.08388010134272501  0.09454767468066658  0.10515781479565739  0.11574710609513263
  0.12626484764122467  0.13683065455871657  0.14736765543747335  0.15788564078514741
  0.16840194030137778  0.17893443047251473  0.18943986147836500  0.19988850381478188
  0.21041582963624084  0.22106835586043505  0.23168726160951739  0.24231799321713401
  0.25287092706423053  0.26338638763122851  0.27387424213091904  0.28439459319562127
  0.29491038542572295  0.30542317749641240  0.31585872066610310  0.32633278424531731
  0.33679783884475262  0.34732510043201886  0.35795904360932040  0.36863410040786437
  0.37927164838375965  0.38984466839689674  0.40057534698274616  0.41127159464664831
  0.42185865820831930  0.43223754260816305  0.44269455456661022  0.45317606357903495
  0.46369101991799722  0.47418690381087530  0.48469802330595407  0.49530478902009817
  0.50592526385339076  0.51657964085523322  0.52710408318448021  0.53762607893250047
  0.54811387317307214  0.55857484113546896  0.56902233893513965  0.57948985624695371
  0.59003009330098433  0.60062185601968254  0.61113075107306780  0.62165458827805553
  0.63209737565809543  0.64254654119088417  0.65304899773902181  0.66357979316498716
  0.67415745536651417  0.68459105240353468  0.69500603270908445  0.70537313354919973
  0.71586288652320285  0.72638663329570918  0.73700084152043788  0.74751086244229004
  0.75811547326821060  0.76865358508975079  0.77929230526264781  0.78983998825079182
  0.80034134598985984  0.81078652350070612  0.82122954802379400  0.83175758479727391
  0.84235107164717105  0.85295934626721992  0.86354098645561372  0.87398652458827530
  0.88436344563262737  0.89478448970280378  0.90520621355977382  0.91567524604261952
  0.92611431022259716  0.93655360263851539  0.94710795487759902  0.95758547636567581
  0.96815172342565758  0.97866259198288030  0.98935204691830292  1.00000000000000000
 -0.00247777419326558  0.00982839295608198  0.02007723002105172  0.03064737588760309
  0.04122954269924473  0.05165156164332436  0.06214487825781393  0.07245282239749315
  0.08280517018610527  0.09309210544319789  0.10344668887516632  0.11395813541483869
  0.12441374691290712  0.13497162058303386  0.14543732822412531  0.15597631631986866
  0.16639859886235231  0.17693282856258549  0.18738294178239007  0.19798494162994579
  0.20853620537414788  0.21914078123785166  0.22971513685030251  0.24020135277074850
  0.25069957545153415  0.26110746945761126  0.27158691233162063  0.28205123074453431
  0.29245956389543665  0.30292963090459818  0.31341593107094329  0.32407143602207927
  0.33466127699817338  0.34531419021509235  0.35593245572410270  0.36644916644759512
  0.37696708740755669  0.38753115455713533  0.39812666512175093  0.40871427444163411
  0.41928118562423233  0.42985122337447024  0.44036845595177432  0.45081385202315688
  0.46122153206891725  0.47156695304757273  0.48206163022499049  0.49267953677044740
  0.50333171676124044  0.51383138471094225  0.52441917208907929  0.53500948279349769
  0.54562995642504930  0.55615991427772993  0.56663934483980627  0.57720372183687130
  0.58773478768445120  0.59830698794988191  0.60889477010003867  0.61948144445596187
  0.63004826770229772  0.64056653635909144  0.65109091800659114  0.66158677785793008
  0.67205382231813793  0.68262595472849907  0.69326591998763676  0.70391287233200084
  0.71448895997732831  0.72500214311606048  0.73550120491951554  0.74600491096869381
  0.75664277295425408  0.76723954317910648  0.77794459823167217  0.78865059491045575
  0.79936049093589567  0.80995971128082889  0.82055449266523162  0.83122438119712261
  0.84182355208978510  0.85240046134970915  0.86301115836330533  0.87365623747019794
  0.88424547383757857  0.89470585617141729  0.90509927247474009  0.91557660212548042
  0.92610910246510803  0.93664999183140940  0.94716185259686303  0.95771264887957286
  0.96841321665164404  0.97901481402496138  0.98955186422793140  1.00000000000000000
 -0.00233011583980503  0.00959068604902720  0.01973190190681762  0.03026209622539123
  0.04079530750494226  0.05133738837225313  0.06188097986500287  0.07237296687032736
  0.08280245250085085  0.09311676264714933  0.10343138177295402  0.11377442938055655
  0.12417037777322268  0.13466886188410096  0.14519710878903092  0.15582025454904369
  0.16634091027218098  0.17675560815998675  0.18714625174558844  0.19757564055639384
  0.20809454022338100  0.21853398797986598  0.22893941808075519  0.23945526091335323
  0.24999673260760349  0.26065353437721561  0.27130295414224842  0.28200756162784379
  0.29262938453093157  0.30321515626841655  0.31373790888893210  0.32422788683394799
  0.33477545048536761  0.34534868770641552  0.35591050539167118  0.36629612892407259
  0.37670549558255562  0.38719505902877938  0.39779481750805235  0.40837545224225702
  0.41898543951582357  0.42959469282276147  0.44015417672517992  0.45063608875994665
  0.46106111418825546  0.47149119880707890  0.48195429951872543  0.49252756472018100
  0.50312368961665965  0.51372193804144473  0.52431067307998136  0.53504360273100005
  0.54581676957800529  0.55654140493127557  0.56710396143587938  0.57764078551471609
  0.58824122535478185  0.59884743128462359  0.60939476667158532  0.61987990721250219
  0.63035942661003030  0.64084866069718449  0.65138816603408223  0.66200107162758126
  0.67259976619110973  0.68316007463342410  0.69367647699105484  0.70419634550295551
  0.71467702399006094  0.72514639225010447  0.73565593169024501  0.74613788367772760
  0.75662867813775492  0.76714590809538097  0.77780109588587387  0.78847418788342694
  0.79911431740825878  0.80966842764877622  0.82027346147449021  0.83086533641815608
  0.84138484154549165  0.85195500540477276  0.86252719171947412  0.87310446108637818
  0.88356098473504940  0.89405523045191226  0.90459969604448931  0.91513594028037937
  0.92562273879710977  0.93612406665953318  0.94675606216877861  0.95741131367757704
  0.96809736667141799  0.97870610630993660  0.98938515695611351  1.00000000000000000
 -0.00231410248567649  0.00977056509467072  0.02023180686352699  0.03089179870488902
  0.04157688943758787  0.05226105995645954  0.06292307513060470  0.07352454401148062
  0.08411940271763646  0.09472018081356860  0.10534029256681519  0.11592514592908444
  0.12648343939410137  0.13700229344575124  0.14746413133702821  0.15792710369556329
  0.16839569556173486  0.17893206734347319  0.18951704894893989  0.20006330648661691
  0.21058650071233373  0.22110979375848713  0.23170149346893212  0.24229042386811953
  0.25287146021744777  0.26337204013898236  0.27386871308876787  0.28437508080910578
  0.29494646374468869  0.30554167993821912  0.31619168126177954  0.32676820681314550
  0.33736668696355349  0.34791674717646492  0.35857367289786080  0.36925674988531032
  0.37988330776745738  0.39053599977911935  0.40114954311884760  0.41175666214394779
  0.42224467719304354  0.43272694713280579  0.44321293166585951  0.45369250210453688
  0.46418173798932849  0.47460984861217959  0.48498635839570015  0.49533233586907860
  0.50582552689601490  0.51630393187414936  0.52677203411681484  0.53719645152729600
  0.54771350656897089  0.55827558515006159  0.56885151631448083  0.57942925667273038
  0.58996036623476467  0.60045551135151132  0.61087103450785973  0.62132502268116707
  0.63179875316423018  0.64225710819879245  0.65265848838159235  0.66300393056562501
  0.67349004196088824  0.68397761995907524  0.69448980266211913  0.70495394516183230
  0.71544485121099566  0.72587802831386228  0.73636238530178333  0.74678672606480978
  0.75737406208390390  0.76793026601915781  0.77859476454824406  0.78923164054956008
  0.79976727608372999  0.81031498671305957  0.82072327909466036  0.83122782273023488
  0.84174581658976644  0.85236095660210731  0.86297122070504717  0.87346902464077103
  0.88395603425862479  0.89442967908244120  0.90496422515707831  0.91547305994211092
  0.92597234349853752  0.93652495076854581  0.94704391668403265  0.95760402452509608
  0.96814042759748886  0.97877493619966405  0.98938114433063251  1.00000000000000000
 -0.00227121748161100  0.00985997715827659  0.02004259225649867  0.03044972092981064
  0.04089315933575406  0.05125849390868380  0.06170102986821701  0.07222864837775858
  0.08275718499657159  0.09334907429981543  0.10390272231488482  0.11440723884023428
  0.12487595068305239  0.13534549953640154  0.14575296172922664  0.15604618894143474
  0.16636224193260785  0.17680383018050794  0.18726610443657213  0.19773718566333170
  0.20821403100410329  0.21874777190790479  0.22927651234286406  0.23979558237006049
  0.25036460535329053  0.26085012629841975  0.27138602462702199  0.28189684127499770
  0.29239076222178961  0.30280076952401674  0.31336143062103089  0.32403382592181429
  0.33465066169447188  0.34527993243791494  0.35586851378749973  0.36657694778199684
  0.37719644633777660  0.38777708553067897  0.39839113241857937  0.40886459102298345
  0.41937842244423534  0.42987371475333302  0.44037656372939243  0.45089500764633084
  0.46142503467215895  0.47198245970095498  0.48256320486596593  0.49311985292426336
  0.50374595154558377  0.51433829987110025  0.52496822822869071  0.53561973179477307
  0.54620645655585809  0.55682557775296038  0.56741591958036952  0.57808322885921903
  0.58861587549033234  0.59911530797464208  0.60970396298002671  0.62035780987488076
  0.63101583972277198  0.64151958060641845  0.65203111536967617  0.66261376390796034
  0.67321011814637588  0.68382186981263138  0.69440614647180898  0.70501775682889478
  0.71556070102691949  0.72606167618211837  0.73659089905295339  0.74716978414296165
  0.75778385440603291  0.76839750326608858  0.77905564328686061  0.78964048762502081
  0.80018476736455146  0.81071416886978709  0.82121457487594629  0.83173885168395112
  0.84214968787246325  0.85254995632267050  0.86302745025522887  0.87350537551319996
  0.88402945088378482  0.89451053906550970  0.90505232408079406  0.91555668350157160
  0.92608320407063160  0.93664431099049783  0.94724826707801091  0.95791562255822482
  0.96849361541065793  0.97911426887304176  0.98955231433818247  1.00000000000000000
 -0.00234875602903253  0.00990222492015939  0.02017493098593412  0.03078392858343248
  0.04144774657723076  0.05204927403862556  0.06259411497952810  0.07302137715475097
  0.08352127873971352  0.09416704806100212  0.10476190433453224  0.11530114904166550
  0.12584780351309779  0.13645394059552426  0.14709769240510098  0.15755182221470118
  0.16800055058969313  0.17854847817140773  0.18920373065372292  0.19989456705062894
  0.21056749422810950  0.22109590058268119  0.23160851882570008  0.24207511503776019
  0.25248083427570411  0.26282201957744733  0.27312585058134081  0.28359607872799103
  0.29408594816434863  0.30465510228598164  0.31516326868125033  0.32575337696048867
  0.33628460892087625  0.34688559603097735  0.35737416513530168  0.36795363791945357
  0.37851625676300427  0.38912325763897321  0.39975436460955793  0.41038973466149353
  0.42095143335590168  0.43140259760892297  0.44185346680185528  0.45235598244868308
  0.46286657986058088  0.47339192237491218  0.48394462182657755  0.49448385852275156
  0.50502792139430219  0.51560232560180597  0.52617821491195060  0.53663670241456762
  0.54719065571399583  0.55777512618457314  0.56842595138197782  0.57908566654406768
  0.58986821758009722  0.60058515896374987  0.61108970427624454  0.62144039324587930
  0.63185103735170312  0.64220047250360734  0.65249702296410206  0.66278716746040700
  0.67318982453041776  0.68363942120919263  0.69411097088760143  0.70466657347796324
  0.71522271198524856  0.72585285349142192  0.73649494191293641  0.74718446585285558
  0.75776588569599013  0.76834940729440915  0.77885488252937096  0.78946061704670434
  0.79998806266113398  0.81056288208169769  0.82103786655975663  0.83155262845952471
  0.84207627315647415  0.85261185001578355  0.86314623001363633  0.87367028260802881
  0.88415738869035154  0.89464715927661354  0.90509249975891370  0.91561246088080439
  0.92614352344817630  0.93677613094667689  0.94742655850341950  0.95809577752142527
  0.96862988268608186  0.97916121201625883  0.98955749262235715  1.00000000000000000
   1.0275631221988121E-017  -1.0000000000000000     
 F F F F F F F F F F F F F F F F F F F F F F F F F F F F F F F F F F F F F F F F F F F F F F F F F F F F F F F F F F F F F F F F F F F F F F F F F F F F F F F F F F F F F F F F F F F F F F F F F F F F F F F F F F F F F F F F F F F F F F F F F F F F F F F F
  <DiscreteSampler_grid>
  grouped_processes
  1 # 1 for a reference and 2 for a running grid.
  10 # Attribute 'min_bin_probing_points' of the grid.
  1 # Attribute 'grid_mode' of the grid. 1=='default',2=='initialization'
  0.0000000000000000 # Attribute 'small_contrib_threshold' of the grid.
  0.5000000000000000 # Attribute 'damping_power' of the grid.
 # binID   n_entries weight   weight_sqr   abs_weight
    10   10   2.942117421099486E-005   2.210503105313205E-009   2.942117421099486E-005
    11   10   2.942117421099485E-005   2.210503105313204E-009   2.942117421099485E-005
  </DiscreteSampler_grid>
