  0.01055459422746061  0.01114345787888018  0.01233068097173049  0.01452856794010622
  0.01731616118970752  0.02512894588345501  0.03640950168608437  0.04713136903733885
  0.05790613818082761  0.06868200075541361  0.07947795347112480  0.09028878037483143
  0.10108192300972094  0.11185242895535032  0.12257320799226129  0.13335538592130960
  0.14411880375311403  0.15483987115339376  0.16550937411216499  0.17615699398753429
  0.18684554659255803  0.19752770284232260  0.20819980224578263  0.21890217411007154
  0.22963595386599273  0.24042636699292880  0.25121551015149785  0.26196250838630458
  0.27268240533961602  0.28334796419559310  0.29404915222803552  0.30472338071336924
  0.31547688794474360  0.32622462411694875  0.33701856291491927  0.34783049984738462
  0.35865305868261688  0.36946103781113238  0.38024222628197041  0.39100500974713998
  0.40175078887406718  0.41250049658779803  0.42327813432436767  0.43406474415737589
  0.44487959125143151  0.45564318290979355  0.46643322944834015  0.47720073248289946
  0.48802544976171353  0.49883189482410134  0.50960450231252874  0.52033048604898713
  0.53100607354197971  0.54166480514443771  0.55232957521765280  0.56301564688527628
  0.57372005758137978  0.58440504990654119  0.59505888606349810  0.60570633380973449
  0.61635362289679985  0.62704323476714008  0.63770392281810406  0.64835965601612688
  0.65902131235996309  0.66972147042849595  0.68046842881797587  0.69117498090788676
  0.70185924812406120  0.71251800658284870  0.72316749458788621  0.73383479763252590
  0.74454427411351221  0.75528459395535219  0.76600514045490609  0.77668387538792760
  0.78735734596984275  0.79805934176002280  0.80883156335430473  0.81959370226067374
  0.83039241390435503  0.84113121807663216  0.85188880143497814  0.86267725704851683
  0.87344786223697701  0.88417403787890214  0.89484264631597188  0.90551412810953025
  0.91620136517220507  0.92686279198129551  0.93751093224542592  0.94818784553304691
  0.95889686881611280  0.96962137661287351  0.98038149327433821  1.00000000000000000
  0.00956877922312294  0.01590183222993600  0.02543399488612993  0.03640736529101354
  0.04692917710104171  0.05749044395367009  0.06798524130878913  0.07852730685066270
  0.08894088080112238  0.09936259925773158  0.10971230966938764  0.12008573549977711
  0.13046257758494284  0.14086406177014771  0.15127442840515543  0.16168738191206189
  0.17203873776449494  0.18242694735970272  0.19281435977251093  0.20324620728906806
  0.21365161863845075  0.22407940431562970  0.23448794934717682  0.24495252137156784
  0.25545496962694358  0.26592676423851536  0.27632523862843505  0.28669737771542325
  0.29719861474661680  0.30776648570168441  0.31832517978138147  0.32883071012848147
  0.33931160151056200  0.34978327371446377  0.36017530857766156  0.37058192593944994
  0.38108340076568969  0.39168815936830881  0.40232108953116680  0.41283022675172770
  0.42324286862015481  0.43358151326441036  0.44392409980369990  0.45431536997751643
  0.46477992465711931  0.47545799312144860  0.48535353168206447  0.49392151681106305
  0.50210264372628211  0.51024832914477392  0.51946738579919360  0.52985663729086496
  0.54037634034473359  0.55084442767102981  0.56133936219266956  0.57181773724938922
  0.58228364364616803  0.59271316385344275  0.60315252855499224  0.61357339340288719
  0.62400263929226429  0.63446284397900254  0.64491713009763529  0.65530687274234012
  0.66563250224544945  0.67594329562840239  0.68629885421781478  0.69668099063440103
  0.70707441441878049  0.71747837160811267  0.72786149421470636  0.73827326554182549
  0.74869279163374003  0.75923610108954864  0.76987488832513684  0.78062429727371618
  0.79134824230403211  0.80201426917237706  0.81260727922046050  0.82318016113447046
  0.83371339142754775  0.84424476778476387  0.85476713867972720  0.86528596764318921
  0.87571809528212352  0.88611164152721367  0.89646562085622061  0.90687212344069923
  0.91726814005397861  0.92767949623893864  0.93805774992296864  0.94851055827088648
  0.95897154335844237  0.96962536222765694  0.98018399908147436  1.00000000000000000
 -0.00226318527286400  0.00988301713223370  0.02019011972493149  0.03104207061853597
  0.04169537307873308  0.05234501019967708  0.06293553891087890  0.07366327747266556
  0.08436719734700457  0.09508719437793879  0.10576486292585430  0.11651839948086277
  0.12712017961414801  0.13776905214207630  0.14839203258002023  0.15910675711000785
  0.16977217626422211  0.18043760759005739  0.19109734641031492  0.20174438189519425
  0.21244356780013540  0.22317190260271469  0.23381769863642493  0.24444118574108342
  0.25499119371658541  0.26559674086371893  0.27611126214478782  0.28662823977899821
  0.29714666932827838  0.30766186361109771  0.31816013041769037  0.32870679154685095
  0.33926915899765336  0.34980922441471768  0.36030267674014788  0.37082883218712476
  0.38143001899132678  0.39205329456233906  0.40265138266980172  0.41329181906675183
  0.42398089410565565  0.43471594955215354  0.44539255038430542  0.45595375540349781
  0.46642032996612914  0.47689047953430114  0.48739666455250513  0.49794665104285085
  0.50846767307241225  0.51897501535584623  0.52953320578169083  0.54014637279240574
  0.55074371454229065  0.56127086462572595  0.57176170340412347  0.58232819489825893
  0.59289107687879494  0.60345354595241429  0.61401661416260711  0.62464519840745780
  0.63522132557561806  0.64573442674875059  0.65622265304687666  0.66682445399325418
  0.67749163593977746  0.68820377846753877  0.69893085154211065  0.70965475793984545
  0.72036042951442192  0.73105809179360803  0.74173801381210158  0.75238345292463060
  0.76300615785608505  0.77362789556321454  0.78430811346373308  0.79501281893501130
  0.80574004284566070  0.81644318470205202  0.82711122724265562  0.83775863552562868
  0.84844112327951238  0.85917023859723329  0.86995946617022624  0.88074504883459592
  0.89156383354971436  0.90063376982730992  0.90891890841187506  0.91723407346967623
  0.92521343931535360  0.93570212249538443  0.94635542372250825  0.95712605721341615
  0.96802293035911569  0.97880949456661015  0.98947761736201145  1.00000000000000000
 -0.00233113303016897  0.00980873442163225  0.02020275822129582  0.03105395670497131
  0.04192104755695408  0.05269326917430990  0.06338858096990437  0.07412303389589735
  0.08479993797260287  0.09550153720792885  0.10605705991695560  0.11664169766632901
  0.12723274154919517  0.13784689001200662  0.14840158316424035  0.15893418731593659
  0.16945659816829328  0.18007099469079990  0.19069643754374724  0.20130662125266027
  0.21188185441541382  0.22241993929891513  0.23311381091850925  0.24383380511634742
  0.25454561413237564  0.26511808443313784  0.27567431085804994  0.28628880495367731
  0.29685383325592496  0.30739730763750367  0.31792793944894987  0.32859666795944342
  0.33922680449519632  0.34975571203924749  0.36023041872903994  0.37082098218554360
  0.38145164979396234  0.39209076133487009  0.40275487266660925  0.41354753633498453
  0.42436356709723227  0.43509543866173978  0.44574276907334753  0.45634585741661399
  0.46695910119642192  0.47754840561349654  0.48818825285161349  0.49880571490030168
  0.50951440345311172  0.52018367517227160  0.53081691455273750  0.54143022010340391
  0.55210389848163910  0.56272303585545280  0.57329602954147330  0.58389884989409035
  0.59463857416373145  0.60546890317755453  0.61613912143159333  0.62679194312355901
  0.63737917295429380  0.64809513860004608  0.65880308022713086  0.66951082734180545
  0.68016171686762639  0.69074971714584643  0.70128735248202423  0.71181084451186549
  0.72241029859909422  0.73308138970393344  0.74376547018077299  0.75441288973601606
  0.76502481105724807  0.77560289924291814  0.78615290348929268  0.79670984897628050
  0.80729966584931767  0.81793203418666993  0.82851940115039358  0.83906298225957399
  0.84960818174515784  0.86018333670848413  0.87074760051784217  0.88128150941096750
  0.89180630788447757  0.90235990618851314  0.91293839405911303  0.92356910808606807
  0.93428952134744381  0.94502895313609592  0.95575923552444653  0.96632705736272995
  0.97537108711771647  0.98386469843621993  0.99213025365033680  1.00000000000000000
 -0.00243946164434895  0.00977666917619342  0.02005710056489056  0.03069135631757130
  0.04136466175566811  0.05193183135751831  0.06246760840347929  0.07303145845372531
  0.08365659358549447  0.09432402138282590  0.10498391102703299  0.11569193156849543
  0.12629696975449339  0.13688240346223449  0.14743591684291582  0.15800571523044837
  0.16862751450706059  0.17929383384454989  0.19011135596008660  0.20092486384558916
  0.21172957438298645  0.22244232276343134  0.23315515107579601  0.24382727329405890
  0.25452501764234647  0.26522261982028744  0.27593096910896681  0.28669102534352980
  0.29746204065105397  0.30820986696605734  0.31876972101512918  0.32921341357476880
  0.33964005812160269  0.35009210117197542  0.36060781161014532  0.37107712259922426
  0.38160994962353112  0.39212446936692819  0.40276208893923332  0.41339025824708570
  0.42398798179105368  0.43455854868923671  0.44511317095193892  0.45574130058304019
  0.46634619498828411  0.47698699261420979  0.48766303487672730  0.49834056554052120
  0.50899695410318047  0.51957879551053077  0.53012095351601063  0.54066944919128856
  0.55127866432109729  0.56194898838397700  0.57258979652599840  0.58315980654343946
  0.59367721108225624  0.60413696452449528  0.61459035545359120  0.62507758550615777
  0.63562446100016512  0.64626204475623006  0.65699511481752404  0.66783707998909603
  0.67867506444075898  0.68939723272161046  0.70002511511645149  0.71064060571760623
  0.72130603791415926  0.73198294860175062  0.74265332810393536  0.75328716890495195
  0.76392336163669394  0.77451650819698303  0.78514585955354266  0.79574449326754437
  0.80627696558584050  0.81682198807167439  0.82768223772439953  0.83687934459320490
  0.84532489018787682  0.85378093983447423  0.86197418525777603  0.87236451001905368
  0.88293436126576097  0.89349314101481492  0.90407906110641634  0.91470153901129203
  0.92541090567095452  0.93614442633581774  0.94676565142351765  0.95736803381271407
  0.96801624277915310  0.97877034420700937  0.98942052357730637  1.00000000000000000
 -0.00216436688243570  0.01018344198823901  0.02055754469671015  0.03112841144210581
  0.04173779876221598  0.05244790567279948  0.06324707379004153  0.07403897319783145
  0.08477587677172700  0.09539632025191683  0.10600708430040068  0.11658948383811422
  0.12734964340175581  0.13813250014900588  0.14896102248816329  0.15964745720112819
  0.17033049104173401  0.18099732798565649  0.19164378186490688  0.20222158415263039
  0.21277077280588960  0.22334690695910636  0.23390196331448343  0.24443261557172294
  0.25500006423519156  0.26562938578221768  0.27622021996682466  0.28671396315582215
  0.29716661844582676  0.30761849895426191  0.31812575361693224  0.32865549621408985
  0.33925155529677692  0.34989252607034166  0.36057143069600156  0.37132054635056766
  0.38207583735850681  0.39280101997514921  0.40343679721684750  0.41408751744935585
  0.42472405156130622  0.43535698826931413  0.44594455801966015  0.45654625741116450
  0.46723137913443602  0.47794107660297958  0.48867622330799693  0.49937824886453624
  0.51004848227419020  0.52069249022115072  0.53134016200733536  0.54204279142067957
  0.55276363360588776  0.56345586390348879  0.57409702780520344  0.58477974056419058
  0.59542750157222768  0.60612810389592775  0.61675639209570898  0.62766936852715938
  0.63651228753210365  0.64460436387736764  0.65270133041454026  0.66091353713893020
  0.67071351068241214  0.68157494886865910  0.69233188713892746  0.70314881681854657
  0.71385130174797962  0.72438348153021170  0.73483709656481255  0.74534866176681080
  0.75586555658835075  0.76638013060840848  0.77686753447737789  0.78736634280878781
  0.79794303939078748  0.80854438669709272  0.81919287147935038  0.82977177748918252
  0.84034094613546728  0.85089162770126259  0.86152056661683374  0.87216429248601612
  0.88279714205793025  0.89344597751529353  0.90420340160544677  0.91499558233786771
  0.92563184356823780  0.93619952326503053  0.94682830951304231  0.95748455157863788
  0.96808187895645303  0.97865124442196028  0.98929318419517598  1.00000000000000000
 -0.00242755695375603  0.01002034868305772  0.02027945232820488  0.03082360124947873
  0.04137228115981901  0.05192313327915739  0.06253622419142399  0.07309674232132671
  0.08370764805970772  0.09424717572479528  0.10480065137248049  0.11541789386586911
  0.12609010106524859  0.13668966847928410  0.14725034351356622  0.15776642791762693
  0.16830284326251863  0.17895294432737555  0.18968292440185533  0.20043569333249928
  0.21111307928961520  0.22164940882221898  0.23226246629566535  0.24288686314634675
  0.25361013611969146  0.26426943221495691  0.27494953684722906  0.28558075642042369
  0.29623393090013911  0.30676581948375803  0.31728708108485842  0.32781457257814972
  0.33834581143495318  0.34888924739684141  0.35940297497747442  0.36993260367511294
  0.38055734634249716  0.39124852061988508  0.40201078888919856  0.41273812863961723
  0.42346326076809188  0.43416714266825857  0.44487099610519704  0.45554034241901359
  0.46616128419607750  0.47672799299275631  0.48726109924720540  0.49780055276951818
  0.50834936229850824  0.51898817145619147  0.52970054306620351  0.54045813999250736
  0.55109737514607227  0.56165537479403438  0.57210773496331235  0.58253556422961672
  0.59287902986535568  0.60323970507389058  0.61367374655357854  0.62429468901352236
  0.63498537686864298  0.64562791111273499  0.65618036847209293  0.66665311763988555
  0.67716659737764107  0.68773172892852352  0.69847199840268204  0.70922666533525025
  0.71995111482703500  0.73056749368445628  0.74120737785694024  0.75189413563723784
  0.76257864668218733  0.77317924241807634  0.78373719513351014  0.79427779835460510
  0.80490319164884450  0.81548615856510620  0.82606284066388647  0.83656889819221492
  0.84708162060002978  0.85760154270344602  0.86819519445164817  0.87884087680452994
  0.88953013641848844  0.90018481808074857  0.91079155968360137  0.92134408236425902
  0.93187831851123104  0.94240979703392691  0.95293071462777124  0.96342902941962838
  0.97412913543682522  0.98348270670004256  0.99192590526403390  1.00000000000000000
 -0.00246573490100760  0.00963603321806852  0.01984211154610429  0.03044011024875125
  0.04110385772154754  0.05174654913340297  0.06229093717538760  0.07276763538524654
  0.08325817748045508  0.09380387016776748  0.10438012762675707  0.11498915461175073
  0.12552020356443250  0.13617421883895803  0.14683809720147067  0.15753209424299142
  0.16820792924429331  0.17891887983891377  0.18968244076427340  0.20041516090838218
  0.21111570106200400  0.22174317553859310  0.23229777566097087  0.24276425108972446
  0.25333313373256711  0.26394003822154527  0.27464788972524312  0.28529097950189680
  0.29591362494021445  0.30654939890995431  0.31722854140325729  0.32791437252518324
  0.33845563127755596  0.34894740124652041  0.35947858527916982  0.37013805197833971
  0.38083415786646091  0.39152024982381556  0.40210081821678995  0.41263334991597156
  0.42309608966991158  0.43363955844659041  0.44425879159167764  0.45491909602420816
  0.46551510055039630  0.47604162106930514  0.48660452663998383  0.49726551590301665
  0.50801050855355434  0.51870196844663308  0.52938501442184316  0.54006766604899381
  0.55080516858337003  0.56146616978639252  0.57204407543817670  0.58260364556330257
  0.59321567553932164  0.60386726585471284  0.61449613342538278  0.62509330194487367
  0.63575963160925786  0.64521918660584154  0.65368186276710039  0.66217515378237157
  0.67059195703471219  0.68040848585933000  0.69104694185329574  0.70155553611177512
  0.71220947571315862  0.72300499968407084  0.73385713927141372  0.74453951300431365
  0.75517781906497772  0.76582084987971533  0.77653966557518495  0.78721216590868259
  0.79788935911874359  0.80851573319438796  0.81913007177451658  0.82968898776685440
  0.84034041423973971  0.85100626496314336  0.86166464290078326  0.87235642019619408
  0.88303622729996245  0.89371114355308168  0.90425747078831176  0.91482156371821333
  0.92533857824758881  0.93592896923123314  0.94648234067761305  0.95713135296787311
  0.96773444928035801  0.97846241104889597  0.98918089778090845  1.00000000000000000
   1.0145861462694486E-011  -1.0000000000000000     
 F F F F F F F F F F F F F F F F F F F F F F F F F F F F F F F F F F F F F F F F F F F F F F F F F F F F F F F F F F F F F F F F F F F F F F F F F F F F F F F F F F F F F F F F F F F F F F F F F F F F F F F F F F F F F F F F F F F F F F F F F F F F F F F F
  <DiscreteSampler_grid>
  grouped_processes
  1 # 1 for a reference and 2 for a running grid.
  10 # Attribute 'min_bin_probing_points' of the grid.
  1 # Attribute 'grid_mode' of the grid. 1=='default',2=='initialization'
  0.0000000000000000 # Attribute 'small_contrib_threshold' of the grid.
  0.5000000000000000 # Attribute 'damping_power' of the grid.
 # binID   n_entries weight   weight_sqr   abs_weight
    10   10   9.915229560414958E+002   2.213944163738142E+006   9.915229560414958E+002
    11   10   9.915229560414958E+002   2.213944163738142E+006   9.915229560414958E+002
  </DiscreteSampler_grid>
