  0.00966651452442713  0.01587012574020829  0.02501947203096162  0.03587808481333210
  0.04626781434879228  0.05665934097114672  0.06703805222094700  0.07741752122335033
  0.08778810263040975  0.09809863055414797  0.10843502307787378  0.11878643579740607
  0.12920298568214514  0.13957041681062360  0.14994547545637418  0.16030122213084944
  0.17064857557427393  0.18099690687772044  0.19137121344662728  0.20179065300701660
  0.21221496152562280  0.22260232167109367  0.23295564099653340  0.24331011264438027
  0.25365284105821739  0.26403741246407020  0.27444062714490242  0.28487909743991968
  0.29532977019403961  0.30575451804552906  0.31616875896685248  0.32654603882664929
  0.33692111273467212  0.34727879931289068  0.35766602383067003  0.36808827252311227
  0.37854060200248330  0.38894233296048791  0.39931072822187835  0.40965759944110586
  0.42002838992430930  0.43039690227006772  0.44079129222828367  0.45119713806159878
  0.46161360687517372  0.47203203007182820  0.48245785431627297  0.49287327928634656
  0.50324518602221591  0.51358118362750760  0.52390447420916209  0.53421690415859924
  0.54454093044649765  0.55488530923669566  0.56526539198586256  0.57566617200370251
  0.58606843989848834  0.59648187354101967  0.60687476521258577  0.61725245378889460
  0.62764409650706354  0.63806577295366285  0.64849993928792993  0.65889913638756414
  0.66928118243680768  0.67967374611862019  0.69007301358396211  0.70048140376142953
  0.71089285360299148  0.72130042645735759  0.73169340851563558  0.74207603978167447
  0.75246198154321120  0.76281611982765940  0.77314360078384048  0.78343482609720316
  0.79376727122899904  0.80412807856524160  0.81452172648566945  0.82491353992153460
  0.83531875662441624  0.84573231755528666  0.85612060742403373  0.86647720145337415
  0.87684822777978555  0.88726528688534512  0.89768773488819953  0.90811063412173143
  0.91847640270083852  0.92885052221297648  0.93920341073666735  0.94954916935338596
  0.95987738091650310  0.97017053179909440  0.98050836251337781  1.00000000000000000
  0.00951438503513470  0.01549858414053357  0.02474624239783778  0.03544276188528801
  0.04576650103896028  0.05610836246669112  0.06652435397230817  0.07693323328414543
  0.08736852907430294  0.09779420508504486  0.10820863834175028  0.11862281122559738
  0.12900020009400157  0.13937297259944939  0.14972776868285415  0.16010071092626144
  0.17047478087436177  0.18086535043647528  0.19122041240071197  0.20158798540158557
  0.21194436647626841  0.22235419050650637  0.23274455682207112  0.24311066762168840
  0.25347704504280427  0.26382872653228623  0.27421423195954636  0.28456013397578711
  0.29493275438940131  0.30531091439772290  0.31569837746656970  0.32603740367738587
  0.33638025856721254  0.34676036577629321  0.35717880938986052  0.36758710717337878
  0.37797204767792014  0.38833981874842571  0.39871666429945724  0.40908137917544285
  0.41948327364301180  0.42986753943796002  0.44026221916366842  0.45063481909231590
  0.46100958599815184  0.47137362238197272  0.48169892710094575  0.49202035684644846
  0.50236790554868926  0.51276818258751189  0.52322137281035197  0.53368892438079452
  0.54414305439452060  0.55457957099257504  0.56500549262678212  0.57543562365139866
  0.58586731404806869  0.59629736368522623  0.60672949921247443  0.61713948110654748
  0.62752630681128052  0.63791468043931643  0.64831013103571444  0.65870694595427948
  0.66908833378911148  0.67945569444475284  0.68984103033627731  0.70026302422326070
  0.71070167899217707  0.72112469514259148  0.73152426598397435  0.74191078870120186
  0.75229601235291921  0.76268756425682804  0.77306667159994413  0.78346017491769315
  0.79382709955834141  0.80422356877232415  0.81461707617998180  0.82503109943451347
  0.83542431043449672  0.84576828325413322  0.85611953666386953  0.86648713854820214
  0.87690976735586901  0.88731136713333691  0.89770014922314412  0.90806645989539636
  0.91841761627922225  0.92876255459494095  0.93911801700454445  0.94949957871134172
  0.95989548591540774  0.97027551934514411  0.98057323098809590  1.00000000000000000
 -0.00249833787702327  0.00934992190359933  0.01946741382017857  0.02995609098220989
  0.04053893338883620  0.05110096619924592  0.06167930923855205  0.07219682661480743
  0.08271292567943350  0.09321114710512107  0.10374181367904747  0.11427180591985560
  0.12482604139368413  0.13540239406740540  0.14600375028559220  0.15657602154315042
  0.16713540482529035  0.17767723798027357  0.18820951097899044  0.19874726150999070
  0.20929834126147745  0.21986805220445996  0.23039947789468251  0.24094453858694551
  0.25148020027096130  0.26206062070518038  0.27264391612528099  0.28319520472349163
  0.29373275293097428  0.30427647172628447  0.31488130399364167  0.32549988349414044
  0.33609286936038713  0.34663605034212730  0.35714854118524658  0.36763273523905843
  0.37812144658052216  0.38865767601684303  0.39921096576477771  0.40972991857605884
  0.42020950322996026  0.43068339185003385  0.44121162447992190  0.45172673084761267
  0.46225810983767540  0.47278168175721214  0.48332204469805684  0.49385318349673929
  0.50443754671861973  0.51501771739876512  0.52564062549872448  0.53623587421685426
  0.54683112413328894  0.55742286039336553  0.56798136741928540  0.57856503161177886
  0.58911473836197015  0.59963602607964983  0.61014367249530488  0.62063299134230066
  0.63116080812881659  0.64170863343723605  0.65228496248147672  0.66283346390853148
  0.67337604429875209  0.68389486124125221  0.69446138637930288  0.70503266979258106
  0.71556133760655005  0.72609017886212701  0.73656606020604176  0.74710032618292266
  0.75757664421534765  0.76812171567387943  0.77866338209731945  0.78923974050879286
  0.79977374041309934  0.81028214279750688  0.82078710016974266  0.83129291893566160
  0.84184997259330208  0.85239715965605123  0.86296082919574513  0.87346160697632025
  0.88399153804693320  0.89451734585161091  0.90508791709129632  0.91561737374484353
  0.92616398680351042  0.93670964147382063  0.94725120268314233  0.95777610641893862
  0.96830690110891904  0.97885197353711917  0.98942593461409933  1.00000000000000000
 -0.00251391908401746  0.00957871946482307  0.01976880808042663  0.03032211633474624
  0.04088510480757242  0.05146077902408423  0.06202989553689212  0.07258652811205070
  0.08314836727054792  0.09369461985290146  0.10424626296592451  0.11474580899918542
  0.12520059512053319  0.13567030121974036  0.14617361350489694  0.15669006409710109
  0.16717536507224745  0.17764045326437566  0.18816287871218551  0.19871847530094722
  0.20928797436336188  0.21983552125157751  0.23033489152824582  0.24089296656375694
  0.25141173123953359  0.26199412614409845  0.27251184081245600  0.28305310234684367
  0.29361506942203014  0.30412316539977285  0.31463422062783464  0.32510650955772491
  0.33565057409315574  0.34616393616884111  0.35670501323698539  0.36728661094454496
  0.37785346356605104  0.38842176062267214  0.39894379846714845  0.40955988037311547
  0.42012096663225740  0.43068280268547315  0.44116338306662961  0.45166851385216389
  0.46216809534281017  0.47272046175022864  0.48325045328357791  0.49384407338897501
  0.50440377944101344  0.51499187809008795  0.52550872782863245  0.53608023559285256
  0.54663023801536526  0.55720017481478967  0.56776246362025928  0.57829955473557348
  0.58882663279053016  0.59934634944305465  0.60993529928128654  0.62051828960199096
  0.63105512189586788  0.64156776306107910  0.65208536152269980  0.66266067081711477
  0.67324301631647410  0.68378095925167071  0.69428314586069728  0.70477464865350148
  0.71533237862025223  0.72593193703399128  0.73649602562005090  0.74709288743682967
  0.75766132007218956  0.76826771009876660  0.77878734192114252  0.78927292079442002
  0.79976331308700044  0.81026926554358658  0.82076843697816515  0.83128667575704585
  0.84183648006052048  0.85240953696566590  0.86296235360382545  0.87350109098245676
  0.88402653437897372  0.89455586557207900  0.90506384374283277  0.91561556739982097
  0.92616886073973881  0.93671643566490814  0.94720671459135530  0.95772154722000657
  0.96827824162321119  0.97887496500320936  0.98944141137414710  1.00000000000000000
 -0.00230659070803815  0.00977493830588223  0.01999970553535747  0.03053264798446665
  0.04105389770759909  0.05156031563985860  0.06206093688453979  0.07257294588534552
  0.08309535745953835  0.09365660397954211  0.10418814862605881  0.11469067453600734
  0.12520622997548506  0.13559199044385947  0.14599900009584779  0.15639594060379408
  0.16693028039560462  0.17741510098551524  0.18792432471098683  0.19845638124718559
  0.20908389036462249  0.21969725882005375  0.23029303188228872  0.24086529798600639
  0.25143085915021096  0.26195493781473173  0.27243974829852186  0.28292005300574036
  0.29341429957932585  0.30394098826676591  0.31443572074988391  0.32495624570746900
  0.33547992457194131  0.34602406777914080  0.35655356692195406  0.36711933672304464
  0.37772039239980820  0.38832932703942769  0.39892051834428977  0.40948976020430905
  0.42008573919376058  0.43064551691853120  0.44124870630141189  0.45184463894058252
  0.46241558425856011  0.47291329029681944  0.48340505157995511  0.49393981769097561
  0.50452006657571336  0.51509656459962927  0.52566117934464152  0.53619804520587144
  0.54671834211374937  0.55728090129767549  0.56787709535215336  0.57853541002917108
  0.58910373667053206  0.59965614306205761  0.61017601025272139  0.62073566602204044
  0.63123798904994599  0.64175285324498188  0.65233943965290753  0.66295326187474146
  0.67352061962803367  0.68402971979972449  0.69456870246036029  0.70506487260507500
  0.71556860820578516  0.72608509868408888  0.73664482429125933  0.74722882902741394
  0.75777321669240671  0.76833530516868143  0.77887487484445184  0.78945317344912147
  0.79999313382251747  0.81052426382174481  0.82103285020115890  0.83155900814824379
  0.84209262787809114  0.85260382020908243  0.86310918816034832  0.87362398772874883
  0.88414572907404421  0.89468479459001649  0.90522063460174718  0.91579758727463501
  0.92636111547166089  0.93691157643190015  0.94741403144513392  0.95791812839258750
  0.96838728941241758  0.97887884308825890  0.98941643293888248  1.00000000000000000
 -0.00238545221810923  0.00957225799904503  0.01971221853589403  0.03021568830143445
  0.04071985104257726  0.05123702091714822  0.06176358185267524  0.07229887546806799
  0.08284999690787406  0.09339405408249915  0.10393414918623760  0.11442980129153263
  0.12495284178807370  0.13549081469626256  0.14599454426626532  0.15649035708739603
  0.16695828573087404  0.17750942243421006  0.18805092571397988  0.19859357938330677
  0.20908302051273916  0.21959365350950519  0.23012498109961105  0.24069023917149079
  0.25124270683909583  0.26176070287062980  0.27229050858085935  0.28282319131312883
  0.29339342758667381  0.30395102739204838  0.31450691362450278  0.32503618088515079
  0.33558019456765981  0.34613567869664175  0.35670063330759333  0.36722462989218230
  0.37774846814925062  0.38827414934379323  0.39879908698712491  0.40930955902617577
  0.41983459254961547  0.43038102412996326  0.44091932172576664  0.45142727195666488
  0.46196111873874474  0.47256277870645158  0.48318146430690118  0.49378031667500671
  0.50433306921932297  0.51487683565168707  0.52539786817608991  0.53589819859480048
  0.54640571649055281  0.55690380179075860  0.56740858485314760  0.57794648970882267
  0.58847889940048381  0.59902120661805436  0.60953587688564526  0.62012016201313025
  0.63068784005451584  0.64125767960501912  0.65179248214750951  0.66234258974572524
  0.67287939907063377  0.68339162398110220  0.69390032353854247  0.70441928855351477
  0.71498703858574042  0.72557524812968754  0.73617011255845710  0.74672961552644346
  0.75728439882869736  0.76782102640047722  0.77838895306580824  0.78894262813559324
  0.79950196687530872  0.81010964775532690  0.82065646496111799  0.83122224809614043
  0.84173072320051445  0.85228380846617979  0.86280287126351707  0.87332343936981294
  0.88381994813162157  0.89430588886807694  0.90485446814882309  0.91545590739524951
  0.92612070013436154  0.93667396325390406  0.94720027595165512  0.95771194760397049
  0.96825801107881970  0.97885493947877422  0.98941981197403173  1.00000000000000000
 -0.00238544271210454  0.00955064280172432  0.01967999825412939  0.03016980946195524
  0.04064478427176581  0.05112352928319404  0.06159716781245266  0.07212001870923873
  0.08270391766611583  0.09327608923995140  0.10380563114396515  0.11433847553482640
  0.12488500997006477  0.13550135538631553  0.14607925953906578  0.15662432308664218
  0.16710399157143682  0.17755906830084703  0.18807764613750416  0.19858588942571384
  0.20914619843043544  0.21968288205536704  0.23025480756562464  0.24081473288941704
  0.25137879970690541  0.26189243469745199  0.27241232401031362  0.28293138167569692
  0.29351098621066002  0.30404678137053343  0.31453698939896774  0.32500820950222670
  0.33551573570180182  0.34604404880509171  0.35659337264474916  0.36709903994917642
  0.37764217894946034  0.38816464172975351  0.39871824274015000  0.40923172580115658
  0.41977474664663417  0.43035298441491132  0.44097172232249054  0.45155885079898961
  0.46210477184493609  0.47261580577651624  0.48313588224505105  0.49368450704332517
  0.50421468444470596  0.51475847131000141  0.52521506617007718  0.53573158488625716
  0.54626742412340024  0.55685152567181373  0.56744118100652052  0.57803457423751792
  0.58867099638930032  0.59927908514425543  0.60984797448269668  0.62034893020589132
  0.63085393786193256  0.64134689116004706  0.65191201780251906  0.66248488093513602
  0.67306989001806150  0.68362580733045442  0.69412761085553154  0.70463848099073667
  0.71516512843609292  0.72573769587389081  0.73627133667187328  0.74679599377606831
  0.75734292101706591  0.76789965835415541  0.77845192277163811  0.78898771532018264
  0.79953464054894874  0.81006271055160284  0.82056862553528043  0.83108669378707112
  0.84163048015603936  0.85216626970841802  0.86271113568589930  0.87321831897730973
  0.88376542804573588  0.89433448892027123  0.90487851990122758  0.91542435409271072
  0.92594710855909201  0.93649884971680353  0.94705077987702468  0.95763779838308383
  0.96822006300507446  0.97879042866500887  0.98936441552001086  1.00000000000000000
 -0.00226092763996419  0.00967273718021974  0.01985355511678721  0.03035730534012016
  0.04088741082216868  0.05142611188843969  0.06200265830350714  0.07255532620971961
  0.08309789399820226  0.09359124514821590  0.10408846503126752  0.11461271257534723
  0.12518696855723577  0.13572924296880179  0.14624028446904386  0.15676616296930770
  0.16731897491062128  0.17787165278011455  0.18843145700035974  0.19898925160981723
  0.20955440032485600  0.22008017950695233  0.23063687140320449  0.24122021862531334
  0.25182653386099696  0.26239983218434521  0.27299771393513922  0.28358526845999454
  0.29417053106606345  0.30466372183149665  0.31512246693699819  0.32562303686052152
  0.33619081712432380  0.34678914186852505  0.35735982162592739  0.36794753919806050
  0.37852477150506264  0.38908937420106965  0.39962743645794907  0.41015974582576498
  0.42073362543640297  0.43124488657893595  0.44176947252730853  0.45223623317353617
  0.46278423332380642  0.47334479809628166  0.48390124915032229  0.49441381155774627
  0.50489049158326682  0.51539797602352144  0.52590234211824660  0.53643563185279308
  0.54694852373880753  0.55750587328543566  0.56805855477179334  0.57863193719325257
  0.58916011270921753  0.59968743706750083  0.61020533703604263  0.62073075622832119
  0.63127651091129966  0.64183923766621631  0.65238058749493433  0.66287371112467275
  0.67339100180955702  0.68390680851237484  0.69444186702270394  0.70492279779031453
  0.71543346664099017  0.72595501609397339  0.73650631768086305  0.74702049240191470
  0.75751550311625204  0.76802812863041114  0.77859789705838667  0.78922521566983139
  0.79982844908458428  0.81041201757633119  0.82094250858428286  0.83148805901746459
  0.84198785818148492  0.85249373941361095  0.86301848148350535  0.87358851780809010
  0.88416950753930446  0.89471023044247677  0.90519631062033923  0.91570112666051928
  0.92618678563217083  0.93672030517096938  0.94724451368029017  0.95777116665554307
  0.96832059437011642  0.97885962284498329  0.98943389326878850  1.00000000000000000
   7.9393000222729415E-024  -1.0000000000000000     
 F F F F F F F F F F F F F F F F F F F F F F F F F F F F F F F F F F F F F F F F F F F F F F F F F F F F F F F F F F F F F F F F F F F F F F F F F F F F F F F F F F F F F F F F F F F F F F F F F F F F F F F F F F F F F F F F F F F F F F F F F F F F F F F F
  <DiscreteSampler_grid>
  grouped_processes
  1 # 1 for a reference and 2 for a running grid.
  10 # Attribute 'min_bin_probing_points' of the grid.
  1 # Attribute 'grid_mode' of the grid. 1=='default',2=='initialization'
  0.0000000000000000 # Attribute 'small_contrib_threshold' of the grid.
  0.5000000000000000 # Attribute 'damping_power' of the grid.
 # binID   n_entries weight   weight_sqr   abs_weight
    10   10   8.353030063827219E-013   1.189946518249000E-024   8.353030063827219E-013
    11   10   8.353030063827217E-013   1.189946518248999E-024   8.353030063827217E-013
  </DiscreteSampler_grid>
