  0.00955667687961733  0.01572968347969421  0.02490378164829543  0.03564908061449407
  0.04597349744897564  0.05635170992068565  0.06671760126681694  0.07706888405474899
  0.08742149250969283  0.09782284481502604  0.10824275820463868  0.11865040891091402
  0.12901775954282643  0.13936352226894416  0.14972510231530656  0.16011100461298186
  0.17052996044575006  0.18093093341940342  0.19132291394549178  0.20167421684098133
  0.21203135991513139  0.22238877185581599  0.23276003191538178  0.24315506012844584
  0.25355819328716361  0.26397715688158385  0.27438850981718937  0.28479227087235148
  0.29516557493531531  0.30552845615091390  0.31590593085741348  0.32630942970475968
  0.33673161661767426  0.34716059521973436  0.35760240975717572  0.36804126009017452
  0.37846489043991177  0.38886278882348652  0.39925040551634006  0.40963680314451362
  0.42001574080973741  0.43038636348600234  0.44077765906134153  0.45119800580551200
  0.46163797334387924  0.47206409863804383  0.48247542606549498  0.49287379686043020
  0.50327096285672512  0.51366678581905445  0.52406795179566046  0.53445150376869166
  0.54482616516812310  0.55519391346122005  0.56555481858070888  0.57591205764826703
  0.58626829734083508  0.59664065276296607  0.60703119496890012  0.61744382135538123
  0.62786705250985841  0.63828125560111693  0.64867616859038957  0.65906248543255219
  0.66946228642482708  0.67986365222597334  0.69024964810304246  0.70061860014411848
  0.71098303062130486  0.72135609815508717  0.73172547820068801  0.74208648225036877
  0.75244879118498720  0.76282880613568527  0.77322036715883657  0.78360749244610628
  0.79398170307353721  0.80435124976317784  0.81472244571156027  0.82509660157217057
  0.83546849397448819  0.84584424631444743  0.85621749959258886  0.86658697780995819
  0.87694558622030039  0.88729560516318151  0.89765820123645956  0.90802535896194581
  0.91839107286589228  0.92875140428892000  0.93910652751581414  0.94949888334253696
  0.95988983351156687  0.97026167828405752  0.98060452431232725  1.00000000000000000
  0.00966531540745864  0.01564148753605815  0.02491275212791733  0.03571722337046430
  0.04609191294477603  0.05647878557058945  0.06686771337700406  0.07726416014103131
  0.08768530288981370  0.09810816811613901  0.10854847616749287  0.11897170096999303
  0.12938885050155927  0.13978660261031581  0.15017844211366224  0.16058646895339376
  0.17098504218754981  0.18139830822571129  0.19180340361976669  0.20221462126878556
  0.21262219268777566  0.22301510110227596  0.23341024852509457  0.24379596273003262
  0.25418102433266659  0.26452628031762060  0.27486507628747336  0.28519404480682425
  0.29553656801067257  0.30589232496233409  0.31628062261880918  0.32668351246817606
  0.33708403889427591  0.34746256873712128  0.35783645724164492  0.36820874160270733
  0.37858837055717981  0.38896421942773607  0.39934419466761784  0.40973433448124152
  0.42012658821168014  0.43051001688652801  0.44087275314439567  0.45124237643076015
  0.46162162017880004  0.47200738520012658  0.48238850420213936  0.49276181292808069
  0.50314525440501456  0.51353939782501068  0.52394179550407183  0.53435075517189912
  0.54477003423825898  0.55518937238952959  0.56558790766228983  0.57597062506899654
  0.58635134835913039  0.59674047684673792  0.60713712139653064  0.61753313766479934
  0.62792698541580028  0.63831085677885646  0.64868918796396957  0.65907127245587127
  0.66945679892143550  0.67984508091786044  0.69022695109304799  0.70060314317001804
  0.71098258836922301  0.72136194827174471  0.73172610060255405  0.74207881089344829
  0.75244286865512622  0.76284193618478913  0.77325818929240231  0.78367208181405845
  0.79406928726259463  0.80443348138511350  0.81477080277629577  0.82510647499060463
  0.83545575314740816  0.84580355524706141  0.85613121536590786  0.86648057909831844
  0.87686082212130823  0.88725055452976564  0.89761978855045921  0.90797613840251012
  0.91834441720129645  0.92872603065678527  0.93910974482485798  0.94948958921331705
  0.95986355989052563  0.97021324052215563  0.98055867447974998  1.00000000000000000
 -0.00241141714036612  0.00948736780638460  0.01965220207437641  0.03021434380634791
  0.04077525758652429  0.05132048096323250  0.06184433166104134  0.07238166231593032
  0.08292887547410230  0.09346287478127174  0.10401936172024098  0.11454498413524419
  0.12509400188625927  0.13562785330209592  0.14618625202895169  0.15673135326786883
  0.16725663724978396  0.17776802246771534  0.18829285402931467  0.19880949076762619
  0.20933241147072082  0.21984723441307499  0.23037370846611102  0.24090451742146182
  0.25144975481116894  0.26201263528990115  0.27255773561172297  0.28309016911090107
  0.29360367198708037  0.30412040932760220  0.31464137111362633  0.32517117895187142
  0.33569111290665327  0.34619976790906287  0.35669844147711660  0.36722284609014366
  0.37775954771603382  0.38830219551854567  0.39882804727281279  0.40937559253398875
  0.41994103855986248  0.43053159835136917  0.44111186175788081  0.45170877880689891
  0.46226014380007330  0.47278245099931776  0.48331721623019425  0.49386299124703009
  0.50439853103215881  0.51491212383178153  0.52544182726578181  0.53599000134662511
  0.54654745842173802  0.55710367436195551  0.56769206311105258  0.57823522334903155
  0.58877019608781356  0.59927593150777225  0.60982128704889982  0.62037087030644389
  0.63091931605622431  0.64144477625012297  0.65195685527865332  0.66248400504924720
  0.67302280376433077  0.68356842594982936  0.69411303987962381  0.70464848568110328
  0.71519731972699219  0.72574608190568513  0.73629852276296925  0.74685534923183372
  0.75742335662459315  0.76799951227024021  0.77856413567159743  0.78911466812807629
  0.79967500786023193  0.81024436216480800  0.82082178695820662  0.83135640371932307
  0.84190261678865574  0.85242616538861149  0.86299290515365445  0.87353766206607530
  0.88411049820144327  0.89467154326010989  0.90521539419959873  0.91575759258069012
  0.92628261059950712  0.93680964339149742  0.94732127653053333  0.95786756913760074
  0.96839789318466940  0.97894216567716352  0.98945917602018507  1.00000000000000000
 -0.00245580420519173  0.00950481639748150  0.01965043890520310  0.03018019359254976
  0.04074386961044536  0.05129916334447290  0.06179838519411000  0.07228100751475905
  0.08276753772005685  0.09332077698537396  0.10389639366993797  0.11445567178223788
  0.12499906181742464  0.13550189825247164  0.14602933469541921  0.15652608584632538
  0.16707037011134421  0.17762084462379829  0.18817628900503228  0.19869014256172762
  0.20920304567772310  0.21972281625083284  0.23026342438848532  0.24080430845165623
  0.25132811818099932  0.26185913302229979  0.27240221606172016  0.28298239969354988
  0.29355111942752493  0.30410440749298367  0.31463064271882518  0.32515244685148981
  0.33569446910678163  0.34622868018907921  0.35679094701573233  0.36732099661835876
  0.37787474244500519  0.38839227546302957  0.39891917236576824  0.40944702755443119
  0.42000143219536917  0.43054969138017207  0.44108776263618382  0.45161736740504915
  0.46215764847662877  0.47271408491339406  0.48325665804252010  0.49381180636328997
  0.50435600430066807  0.51492749432768981  0.52549513843483198  0.53604439441958507
  0.54658416059103276  0.55710730977668854  0.56764870973964177  0.57816722842697854
  0.58869290210333847  0.59923534321373906  0.60980955262816905  0.62036000605932162
  0.63085523661337528  0.64133602465957906  0.65182033239279569  0.66235411878709516
  0.67289348021385498  0.68346282949795822  0.69401407884229005  0.70458613943179516
  0.71514813244152431  0.72571924967102042  0.73627991282521266  0.74683934984241185
  0.75737833229765339  0.76791945110194548  0.77845763065641271  0.78899091412727707
  0.79951097078063782  0.81002694040816836  0.82054682913368282  0.83106524095809831
  0.84157985482868714  0.85211649832889902  0.86267165053109585  0.87325751551116093
  0.88383618741900072  0.89440811382389185  0.90495679818909303  0.91550021879128995
  0.92604807009024392  0.93662749397256839  0.94720143919696287  0.95777207340060577
  0.96831016393707570  0.97887242895539783  0.98943048338856987  1.00000000000000000
 -0.00236742182660673  0.00964765688746244  0.01984975005991068  0.03038240519086912
  0.04090798830675607  0.05144126843544095  0.06195703627776295  0.07248369628657354
  0.08297917836507840  0.09348608116920458  0.10402146272518330  0.11456400762404512
  0.12508511768234290  0.13557916239455731  0.14609526591857985  0.15663481988203901
  0.16718472699958264  0.17772590256112208  0.18826289536267396  0.19879582718470903
  0.20933624001529241  0.21988841561343897  0.23046707279624851  0.24104488166411359
  0.25159312878843759  0.26213251449520780  0.27267532925823001  0.28323299284189929
  0.29378454132416565  0.30432866227952771  0.31487183437419142  0.32540169764213001
  0.33592550050032177  0.34645727580572716  0.35699622967241312  0.36754357739232257
  0.37807030885475118  0.38861000414497826  0.39914046852486001  0.40970212183374843
  0.42023329332244580  0.43078785621259652  0.44134946962889260  0.45191727604266285
  0.46240869052575528  0.47287698251294114  0.48334865520728926  0.49388681359874037
  0.50445397262274005  0.51501904821102162  0.52558959458573484  0.53614158226516950
  0.54669976384151464  0.55722543371465350  0.56773773389583881  0.57825550524029645
  0.58878253916834333  0.59931086492514951  0.60984963460937625  0.62039010709955489
  0.63092841414703515  0.64147208450028881  0.65202095748591482  0.66255409750679328
  0.67306239815963220  0.68357319891005874  0.69411144250478862  0.70465606162491834
  0.71519948021636948  0.72572838649911176  0.73626161079104213  0.74677686048731340
  0.75730002834582733  0.76783279976658392  0.77839265917402978  0.78895296274932347
  0.79953433253333428  0.81010657604241754  0.82070290998965656  0.83127371496658964
  0.84184109227376047  0.85239676315469681  0.86295558848812026  0.87350544407351194
  0.88405323518217360  0.89459162990164653  0.90514267866234732  0.91569827893895339
  0.92625215638789726  0.93679822926071643  0.94734111176171176  0.95787426927714281
  0.96840651866442184  0.97893706392154134  0.98946785413519633  1.00000000000000000
 -0.00248163106264077  0.00948168379502789  0.01960886176338931  0.03008593917737547
  0.04062259898573446  0.05116020876216346  0.06173394461504349  0.07230837407274256
  0.08290014146217752  0.09350032646188662  0.10408967080924195  0.11469141320059305
  0.12526948709097824  0.13582370839452473  0.14636700655013477  0.15693321339098149
  0.16753190415952843  0.17813182099674935  0.18867551725471080  0.19921117512470699
  0.20975794988970492  0.22030807245237366  0.23085989615209221  0.24140902483286922
  0.25197655900310401  0.26252950644269846  0.27308251638502801  0.28365056249771908
  0.29423937484224644  0.30480646776372544  0.31536157168516504  0.32590811659214147
  0.33647621198005662  0.34703336653730316  0.35756783128211722  0.36807780832220555
  0.37862166335448066  0.38918821801286313  0.39976142245911828  0.41030011707486791
  0.42084657760603189  0.43137323650640691  0.44192357110678160  0.45245890570473668
  0.46301107404611719  0.47353291519518981  0.48402516595064238  0.49451131167500090
  0.50504570828241602  0.51561917961185422  0.52619678710619122  0.53673752087964022
  0.54724098607307559  0.55774823885352254  0.56823990345834796  0.57876814124358367
  0.58927839951353844  0.59982510442195835  0.61035572719296671  0.62087396378906856
  0.63135167549384630  0.64184513880995564  0.65237988347361142  0.66293449828922402
  0.67349420564558093  0.68405791639528024  0.69460641200104178  0.70515202931375309
  0.71569650854643574  0.72622718840739342  0.73675286122360661  0.74727096012185856
  0.75781197505291709  0.76835603045577450  0.77889575306593950  0.78943847201852158
  0.79996529393655080  0.81048815323312029  0.82101182962292574  0.83153312946206592
  0.84206464768922551  0.85259054597678285  0.86314705424917659  0.87368334813954673
  0.88421994740805165  0.89475605090933541  0.90527821854575996  0.91579656341278071
  0.92631105849187922  0.93681611463662129  0.94733790397841633  0.95783712344587690
  0.96837727860031353  0.97892311895124684  0.98946535441296846  1.00000000000000000
 -0.00242672293267762  0.00953657806225683  0.01970723568953332  0.03024772512156573
  0.04080560918661954  0.05134817617868846  0.06188521522184408  0.07243926637624737
  0.08298419984196556  0.09352723953196118  0.10405817399003674  0.11461282685771640
  0.12515080323198208  0.13569272166542642  0.14624207115392429  0.15678299389994635
  0.16732069839444338  0.17784118503067411  0.18836713290721493  0.19890540744499247
  0.20944818611670077  0.22000349735641178  0.23056346907310005  0.24114543389797763
  0.25170072041228003  0.26225367823927320  0.27278373547895912  0.28332720302774778
  0.29386681508385776  0.30441760150360031  0.31499043254687364  0.32554835276926741
  0.33610243695857861  0.34662793382641338  0.35717748591623799  0.36770163580176424
  0.37823158275318086  0.38875025969184518  0.39928601146801718  0.40983606119547505
  0.42038123190630811  0.43092560985433020  0.44145159084468655  0.45197512596701639
  0.46250351935078832  0.47302982332552240  0.48353983411924978  0.49406788479429059
  0.50461797994618751  0.51519651286821544  0.52573687279795978  0.53626615676219158
  0.54680859198192322  0.55737322062786054  0.56792851972424285  0.57846395870028744
  0.58898608599364433  0.59948516467032431  0.60998401072464770  0.62048244898973615
  0.63101628218082051  0.64154754143234749  0.65209017822974313  0.66260945151973694
  0.67313158258260286  0.68366469381650030  0.69419892438770514  0.70474777187530580
  0.71528022447804029  0.72584787207172397  0.73641184795108328  0.74697404714184434
  0.75751414658568306  0.76805378479808595  0.77857983065605307  0.78911326211450183
  0.79961805761379834  0.81014660806835470  0.82069093511104341  0.83124894479262501
  0.84178065957820425  0.85230767265805862  0.86283734583229987  0.87342860071087181
  0.88401747110667517  0.89458953983856859  0.90513644815389793  0.91567488008692000
  0.92622159573591889  0.93675895272206533  0.94727885272855106  0.95781298394136072
  0.96835043540263921  0.97890594173378542  0.98945687365340806  1.00000000000000000
 -0.00240823823349598  0.00958992533863203  0.01977499700862480  0.03029914127498316
  0.04086356418750822  0.05141710649572865  0.06194255355125956  0.07247905425580077
  0.08300578650426192  0.09357461326914809  0.10412604664081940  0.11467566398686749
  0.12519463389802959  0.13571515357700698  0.14625126991711790  0.15681493075757733
  0.16739737407720617  0.17797504367662151  0.18851359894030251  0.19905166913756667
  0.20959144045384598  0.22013906331566846  0.23064450433055730  0.24116708849014515
  0.25169488269246104  0.26224133020060347  0.27278756826651812  0.28336238369255284
  0.29392549654390282  0.30448118636381288  0.31499652112882498  0.32553245834980810
  0.33604990779381250  0.34656860989832700  0.35709730002289136  0.36762685818227264
  0.37817954154541317  0.38874031111731111  0.39929784938673196  0.40983074221389754
  0.42035801632570036  0.43090189664399509  0.44145990150909553  0.45201114909811968
  0.46253172352667299  0.47307510431359118  0.48361248723658179  0.49415930076204145
  0.50471492856272637  0.51527834530022876  0.52584597092363894  0.53639047931025863
  0.54692869389497312  0.55748955959754609  0.56803663237861424  0.57856265439658827
  0.58906386185366733  0.59957936475396112  0.61010575809788059  0.62063703042837326
  0.63116842659540584  0.64171071785504252  0.65230278830187982  0.66285568421194918
  0.67340681941961089  0.68391475952629743  0.69445743281877692  0.70496911663193806
  0.71548882394227165  0.72602491663148550  0.73661098404127723  0.74717048897655025
  0.75769182176754946  0.76817923717281233  0.77866443595762724  0.78916531652243171
  0.79969050204559156  0.81026311310922272  0.82083286885815809  0.83139682736251952
  0.84191085723359593  0.85243651790477881  0.86296887839268033  0.87352334958395617
  0.88404925916257671  0.89457172641085980  0.90509930350498324  0.91566046970202142
  0.92621375314448462  0.93674407975512097  0.94727974770250178  0.95780412658157033
  0.96831985923480612  0.97883496363129585  0.98939277167222506  1.00000000000000000
   1.5461237256843296E-002  -1.0000000000000000     
 F F F F F F F F F F F F F F F F F F F F F F F F F F F F F F F F F F F F F F F F F F F F F F F F F F F F F F F F F F F F F F F F F F F F F F F F F F F F F F F F F F F F F F F F F F F F F F F F F F F F F F F F F F F F F F F F F F F F F F F F F F F F F F F F
  <DiscreteSampler_grid>
  grouped_processes
  1 # 1 for a reference and 2 for a running grid.
  10 # Attribute 'min_bin_probing_points' of the grid.
  1 # Attribute 'grid_mode' of the grid. 1=='default',2=='initialization'
  0.0000000000000000 # Attribute 'small_contrib_threshold' of the grid.
  0.5000000000000000 # Attribute 'damping_power' of the grid.
 # binID   n_entries weight   weight_sqr   abs_weight
    10   10   3.381458871165349E+013   2.208250123521162E+027   3.381458871165349E+013
    11   10   3.381458871165349E+013   2.208250123521159E+027   3.381458871165349E+013
  </DiscreteSampler_grid>
