  0.00954939730624122  0.01563190566081385  0.02496059613981972  0.03580606077277912
  0.04621082650539332  0.05661870262159613  0.06699082065657522  0.07735104582655136
  0.08772320074240689  0.09810477215756712  0.10848416864742812  0.11882601833536700
  0.12919825407247490  0.13964219034423647  0.15013202728983355  0.16057722385731174
  0.17096163454892543  0.18134879632254727  0.19175157554752564  0.20217346256486185
  0.21254958425589504  0.22293777205975873  0.23330719427785690  0.24372193148468846
  0.25411749965276176  0.26455448915767454  0.27498686491796531  0.28540770381387365
  0.29581086123394673  0.30622854858875814  0.31665121664259194  0.32706955550306888
  0.33747136061097521  0.34788034944705215  0.35827816619046660  0.36864137734065944
  0.37898072116065795  0.38931525824340091  0.39966983914530502  0.41004891753452394
  0.42045150670002457  0.43085187200625019  0.44123392822147478  0.45159635090547107
  0.46198576134273922  0.47240470944214968  0.48283520700788929  0.49323888856260584
  0.50363212666681201  0.51402124332034094  0.52439947353207195  0.53475746881564812
  0.54510378275048865  0.55547054384872996  0.56585541012648299  0.57623661430278095
  0.58660470963073164  0.59696179530841298  0.60733057328248130  0.61772074543653688
  0.62812712067351628  0.63854177648792398  0.64894824630266046  0.65933993609256702
  0.66969380558266867  0.67999355586622867  0.69026753536245156  0.70054982484666573
  0.71084624200276969  0.72114223388449372  0.73145723009259767  0.74181743704141823
  0.75221604391756458  0.76260292686516185  0.77296516215310673  0.78331045831722601
  0.79364945955168575  0.80400011978002894  0.81437494340522409  0.82476599987171417
  0.83514380325567772  0.84550801642719264  0.85588181959490250  0.86626990746274890
  0.87665703493408509  0.88704437931915614  0.89742777589811717  0.90779841469546219
  0.91814998501106382  0.92852924839732354  0.93891656895766296  0.94929077981757748
  0.95962126159946293  0.96997588401358670  0.98038013657927858  1.00000000000000000
  0.00968573662620777  0.01559684099630121  0.02478445910388789  0.03556924092226702
  0.04592923433524158  0.05631673927405682  0.06669910315657376  0.07709840210804211
  0.08749340797409211  0.09788286531517923  0.10825980625444009  0.11863713026327100
  0.12903061755390008  0.13941287151932852  0.14977758659822230  0.16013021794787757
  0.17047513246760029  0.18086263624739690  0.19123405559168369  0.20163590376230611
  0.21200982786059253  0.22242795855174621  0.23283612239302953  0.24323930296399041
  0.25363080113053166  0.26400157705419108  0.27437592857497528  0.28471890631587965
  0.29506513894442477  0.30541419676324677  0.31579745027500794  0.32619149306973738
  0.33659783681315908  0.34700061576875124  0.35740962306783053  0.36781903903147201
  0.37821829958711822  0.38862118106977844  0.39901608126725946  0.40940727522460157
  0.41978852210698808  0.43017831456676042  0.44057353351623518  0.45094996412465510
  0.46130749349925571  0.47165931130797245  0.48206478221787263  0.49251091297261818
  0.50297622891929317  0.51341158060299485  0.52382140930242382  0.53421157933637486
  0.54455516571098994  0.55488291117292177  0.56521943944767983  0.57559219509186899
  0.58596118328903646  0.59631716392608269  0.60666754985807125  0.61700489719220564
  0.62731596892049701  0.63762674183482992  0.64798443653482896  0.65838598585140051
  0.66881018255750502  0.67922918863843917  0.68964229765279650  0.70005226208793936
  0.71046614381880124  0.72089863458874714  0.73133711818627489  0.74174675556953040
  0.75211679228303074  0.76248657630164662  0.77288571381121707  0.78330793154139278
  0.79371633568592537  0.80411288489294497  0.81451232516179428  0.82490254199585289
  0.83526777759111781  0.84563775093030535  0.85601807482202197  0.86639303739276885
  0.87671729715318847  0.88704213867403237  0.89737370340959743  0.90777346032321904
  0.91817162279700393  0.92857304206981195  0.93896518858078570  0.94936202453211682
  0.95975708411409577  0.97010838649763220  0.98041261297848281  1.00000000000000000
 -0.00226813274537438  0.00985451217548789  0.02012873247339517  0.03068865348119325
  0.04125828285024217  0.05177040385997748  0.06226025975079156  0.07272391756674451
  0.08321459678089738  0.09371574495255319  0.10421975083436168  0.11471061986814718
  0.12523209941377655  0.13575261804810188  0.14627593618003501  0.15681064845182999
  0.16734860966548584  0.17791179903306906  0.18847639237643632  0.19904201041139083
  0.20955909036638382  0.22005956685967262  0.23055677552732765  0.24108725497306643
  0.25160074885467570  0.26217917004159014  0.27278692446836894  0.28341309445238350
  0.29396983834133344  0.30449020341951183  0.31499314719291038  0.32553248693535419
  0.33606198595094727  0.34664060624836801  0.35720370420594838  0.36779457717315583
  0.37836947369234436  0.38894981030689540  0.39952725579933029  0.41007798382054195
  0.42060484668851206  0.43114218614583344  0.44169243350363180  0.45222736647137024
  0.46274040760833268  0.47324709825490269  0.48377086610595099  0.49428724116546657
  0.50482851522991290  0.51537334917492506  0.52594424828719388  0.53648048434772255
  0.54699935244297726  0.55750910507894824  0.56801382389798727  0.57857312223218127
  0.58909855018881729  0.59964554706618878  0.61015918676266279  0.62071080382215194
  0.63128856275594003  0.64185536587959580  0.65240237970920656  0.66291431684973345
  0.67343416022505487  0.68397632793230567  0.69451734249221808  0.70508254362126666
  0.71565851794760194  0.72622260735805988  0.73679876734007610  0.74735486744115387
  0.75791577318700654  0.76843554958797944  0.77895093330437293  0.78944748588223068
  0.79997515309872236  0.81048229614666489  0.82100936658779178  0.83148282380744620
  0.84199846726659977  0.85248999989716345  0.86298231214565690  0.87343150436871542
  0.88391781105811773  0.89443001707394743  0.90497017500364274  0.91550802269986842
  0.92606776692765480  0.93658749415841014  0.94712052039508698  0.95764035464980291
  0.96818667926539581  0.97878288926253110  0.98937120151184144  1.00000000000000000
 -0.00226317118184562  0.00965766355960553  0.01982717117579356  0.03035208123916720
  0.04086918367851210  0.05143101237109118  0.06204553694574254  0.07266901548933594
  0.08326397839618024  0.09380418774135561  0.10429434861313262  0.11477581274414075
  0.12527606948733128  0.13578539406187720  0.14631685825340979  0.15689054333688668
  0.16748550008628613  0.17806873712349006  0.18857712819481798  0.19909559935116805
  0.20963100415978977  0.22018572914157214  0.23075283223218693  0.24133777502188322
  0.25191197770172974  0.26247728203760495  0.27298420469555346  0.28348029637306355
  0.29396757425221576  0.30445998566680754  0.31500044213775957  0.32551753899718366
  0.33606011554751591  0.34657701435562999  0.35709708763070197  0.36763130828941626
  0.37815086100405249  0.38870820446015186  0.39923881315025467  0.40977711616511847
  0.42029436448737417  0.43080146433330413  0.44128539847852133  0.45180848733102474
  0.46232571989682736  0.47286939156549296  0.48336560298346204  0.49392898382979300
  0.50446763745018475  0.51500614567166181  0.52551665618475230  0.53604210811850950
  0.54655823233125378  0.55705716808049988  0.56757151464572053  0.57809716155684754
  0.58863027804118051  0.59914023180922726  0.60965404902921072  0.62016413099433931
  0.63069283939087895  0.64120917979869363  0.65173884488173350  0.66224760613622446
  0.67278889933280495  0.68331691808853923  0.69383376432434307  0.70432688889658512
  0.71484082098784196  0.72538510073406004  0.73593190158674748  0.74644801295552565
  0.75698950601672643  0.76756246957029539  0.77816474326246265  0.78874665525478416
  0.79932838926773375  0.80989315148699004  0.82047872824759316  0.83102026282562180
  0.84160637073334998  0.85213505858008221  0.86269202929937061  0.87316751271058535
  0.88371671696719711  0.89424960515715091  0.90480279802331709  0.91531276082488799
  0.92587211488203325  0.93641145139132020  0.94702318985225420  0.95760239166136407
  0.96826102270291148  0.97882409522291081  0.98942497161187948  1.00000000000000000
 -0.00187166790362131  0.00982488778295691  0.02005858865367898  0.03063441564988276
  0.04118421348309857  0.05171758911176508  0.06227992811888990  0.07280837829663016
  0.08334227149507127  0.09384912193211560  0.10439695379472323  0.11496876246412774
  0.12556081221307960  0.13610953038110946  0.14663587972830133  0.15715282728559973
  0.16765316297851293  0.17812871233724650  0.18859569200425610  0.19908893153935667
  0.20958732196545890  0.22008757055290853  0.23059158902258775  0.24115014272192462
  0.25173316484986064  0.26230511062456274  0.27284894465180520  0.28338593259283701
  0.29393930732829732  0.30451304473487500  0.31508729709802785  0.32565444857984360
  0.33618264672905473  0.34669430959124303  0.35722047191456746  0.36777247154495823
  0.37832967357300457  0.38888736911799793  0.39944229499607409  0.41001725607628242
  0.42059199841555234  0.43113722598062426  0.44168601559798554  0.45221747564227399
  0.46278649771291203  0.47331510833248641  0.48386001585998117  0.49439622176433012
  0.50492089819778430  0.51541327150875926  0.52592902667414865  0.53647880392632141
  0.54709012081922515  0.55770094412095583  0.56829946621729455  0.57885222596721853
  0.58936656976168844  0.59988287377467209  0.61041764315862235  0.62098272884422590
  0.63154256304842005  0.64206586125280196  0.65259440173145100  0.66312545465165029
  0.67368848755968858  0.68421354289690572  0.69472409576131866  0.70517556591525066
  0.71565554360676675  0.72614940375776693  0.73667753440708994  0.74717150067671600
  0.75767004675751592  0.76823442572137968  0.77883640298551637  0.78947471461465912
  0.80005333645585308  0.81059802459380370  0.82110984442157964  0.83161170515981497
  0.84214085710923281  0.85267340134892755  0.86320306471138053  0.87374810122260860
  0.88424476675500940  0.89475898865277914  0.90519782933558068  0.91569423959560514
  0.92618816970185380  0.93674841467179470  0.94732733592919549  0.95788619740703496
  0.96843304458782442  0.97894885504782048  0.98947927940891389  1.00000000000000000
 -0.00212402193981641  0.00991957490184228  0.02014853795448647  0.03064008715099698
  0.04119232957978119  0.05176567237446835  0.06235205321282774  0.07290453391309268
  0.08344840724822172  0.09398898399912740  0.10451443426157481  0.11505048673553474
  0.12559081403541070  0.13613585778273754  0.14668910957155204  0.15721749641130167
  0.16772112530874628  0.17821959101273882  0.18873513464425123  0.19925537364799675
  0.20976440920079972  0.22030025012435367  0.23085571407542910  0.24143837385778935
  0.25198884106282887  0.26255338827172264  0.27314340504158280  0.28375632774003251
  0.29439732265708485  0.30493659547230945  0.31547392805519686  0.32600514645871292
  0.33659153195812230  0.34710673196650321  0.35760299217332275  0.36807442660724460
  0.37858233233320759  0.38909432373913078  0.39962984482351327  0.41018709424910604
  0.42067402309756435  0.43108535818724442  0.44148426778398475  0.45191518969842476
  0.46238325980293926  0.47289881345897872  0.48347404260379795  0.49407628078896076
  0.50467386224664446  0.51523828286434803  0.52580996778116729  0.53638003211853069
  0.54694143713088772  0.55753308986378503  0.56811155862188589  0.57868668849176086
  0.58923059618054319  0.59975902514202883  0.61024153945894433  0.62071943650184280
  0.63128891439199530  0.64188413670548405  0.65248248644732376  0.66297719593420901
  0.67350222607561350  0.68401927861008238  0.69457022905031340  0.70513071946722605
  0.71568539521630536  0.72622740337809955  0.73677630481389067  0.74733596738138630
  0.75789128168219644  0.76842219403790035  0.77894612447447975  0.78948323581679070
  0.80004385825413360  0.81060996017331144  0.82117051599455104  0.83173237942399902
  0.84227523418345018  0.85278455049220536  0.86325797131038873  0.87377923548423397
  0.88432833421255841  0.89487520942168663  0.90538257675628964  0.91592138588231353
  0.92644920315647172  0.93698035920739275  0.94747648161876497  0.95799112205429926
  0.96850805846181964  0.97900970743601068  0.98951015562118427  1.00000000000000000
 -0.00244752778972537  0.00945291350442307  0.01958048474510212  0.03006640249198211
  0.04058298125860787  0.05109843150546643  0.06160646061721463  0.07212313023144386
  0.08266763898236075  0.09320622178833828  0.10376652038691081  0.11434993320590396
  0.12492123583179281  0.13547091086289850  0.14596368509840488  0.15647679528124586
  0.16702222852719792  0.17757735202356340  0.18812354549397903  0.19864916626882664
  0.20914806865806204  0.21965623281204699  0.23015128067552418  0.24067233253557133
  0.25120890665950790  0.26176406705898786  0.27235619419396834  0.28292623277007506
  0.29349113543357247  0.30402581125695977  0.31458210482022353  0.32513055542038938
  0.33564815126764019  0.34616232202318836  0.35666509207853614  0.36720118467311169
  0.37772175003988723  0.38825274274763677  0.39877890512799380  0.40932723791604897
  0.41987974432311526  0.43044725308075293  0.44099944421287085  0.45156744366878354
  0.46212457837184806  0.47267894076091627  0.48323183773815614  0.49376331243262683
  0.50430677952853431  0.51483291385823005  0.52539810422112421  0.53593194927339183
  0.54645282706074427  0.55694231517251913  0.56745534639343198  0.57799765794851488
  0.58857072218683593  0.59913629716258543  0.60971605805953766  0.62030329807237339
  0.63087179924372627  0.64143047600459602  0.65196518392015035  0.66253170998336641
  0.67306248150708492  0.68359573320483236  0.69416100177249762  0.70474073454660036
  0.71530767238283310  0.72582683830341954  0.73634478038089579  0.74688980678987993
  0.75743225207483600  0.76796215674604307  0.77846350638745765  0.78897601605293444
  0.79949765118316451  0.81006022719159609  0.82061889708327618  0.83120375674734226
  0.84174334352798741  0.85230190341187939  0.86288238808935869  0.87344726978838105
  0.88402104273726589  0.89455356817884879  0.90512112631453390  0.91563229182949157
  0.92616783698633376  0.93667419306136956  0.94722653437741100  0.95776289840672613
  0.96834827243424593  0.97891438899549732  0.98947162911984310  1.00000000000000000
 -0.00250839458642881  0.00968896674250324  0.01989959118778939  0.03046282982208329
  0.04100153335214068  0.05157410343135232  0.06211936156015679  0.07267690422383287
  0.08318307090152731  0.09367628575835273  0.10416602646864576  0.11468872885099267
  0.12521436100578895  0.13577046740583915  0.14634109219082281  0.15692714207824443
  0.16749106104119363  0.17803711919727080  0.18859270027614361  0.19917531730224264
  0.20976197163174717  0.22036847264961570  0.23092874688326823  0.24153058339328429
  0.25211087772683993  0.26268650745205346  0.27324487557569721  0.28379983316169083
  0.29440564457036450  0.30497671989341640  0.31555225783241903  0.32607854419282006
  0.33659036077636167  0.34711943801713563  0.35764756471603271  0.36819384178766135
  0.37870984358647231  0.38926845539271993  0.39978872364240442  0.41033182579623240
  0.42088524518989978  0.43144691946241315  0.44195520683347267  0.45239183726019983
  0.46286462640453846  0.47336134220819909  0.48390369510538306  0.49440016081696014
  0.50490031103344535  0.51536917216053224  0.52588519053259664  0.53641328576983760
  0.54697052155110604  0.55750951554058115  0.56805562539947552  0.57859775770696098
  0.58916423273588936  0.59973645036109635  0.61029941694695056  0.62084067795442910
  0.63139451978290417  0.64198471146226044  0.65260162420817958  0.66313016250825485
  0.67363758412150287  0.68415422759282207  0.69470896548105887  0.70526652560319725
  0.71579679344332159  0.72635057457782637  0.73689083688926760  0.74742554214628498
  0.75792306064233161  0.76842120913275558  0.77894373330699729  0.78949508256085998
  0.80006407331973839  0.81060459240658878  0.82114739764572375  0.83168062152342270
  0.84222095811858100  0.85276565497566703  0.86332444798943520  0.87390028162854316
  0.88445528471985491  0.89497999501477277  0.90547878168257268  0.91596605040420853
  0.92649381156171395  0.93703623689643212  0.94757666994401435  0.95805850570660533
  0.96854451850913381  0.97899620419753286  0.98950914202845841  1.00000000000000000
   1.8011349140149221E-026  -1.0000000000000000     
 F F F F F F F F F F F F F F F F F F F F F F F F F F F F F F F F F F F F F F F F F F F F F F F F F F F F F F F F F F F F F F F F F F F F F F F F F F F F F F F F F F F F F F F F F F F F F F F F F F F F F F F F F F F F F F F F F F F F F F F F F F F F F F F F
  <DiscreteSampler_grid>
  grouped_processes
  1 # 1 for a reference and 2 for a running grid.
  10 # Attribute 'min_bin_probing_points' of the grid.
  1 # Attribute 'grid_mode' of the grid. 1=='default',2=='initialization'
  0.0000000000000000 # Attribute 'small_contrib_threshold' of the grid.
  0.5000000000000000 # Attribute 'damping_power' of the grid.
 # binID   n_entries weight   weight_sqr   abs_weight
    10   10   1.483388075260712E-015   4.293449780434957E-030   1.483388075260712E-015
    11   10   1.483388075260712E-015   4.293449780434958E-030   1.483388075260712E-015
  </DiscreteSampler_grid>
