  0.01047092154475789  0.01155994580952325  0.01453903238751972  0.01809973421250417
  0.02199248524824774  0.02692436734401634  0.03255633553087709  0.03857459201012842
  0.04503544353427222  0.05194152261335515  0.05903461928664539  0.06687507560569504
  0.07532873519702939  0.08400315329823188  0.09278148739059225  0.10184808575340623
  0.11144702252627552  0.12142963456382408  0.13175785548761218  0.14275578471928141
  0.15406616422973213  0.16451388781117685  0.17470958166728778  0.18473930634922767
  0.19486673325606979  0.20441579011386454  0.21449771807226425  0.22454913043700273
  0.23550435960891539  0.24613317359633685  0.25634289118323617  0.26571495445419807
  0.27417218210270677  0.28224164981546568  0.29031810464946373  0.29896788815144271
  0.30867453528466826  0.31925729726062507  0.33043074749176199  0.34198709610253009
  0.35399769396417419  0.36608913753079281  0.37773361372160663  0.38933925486307469
  0.39998525767165188  0.41017888765449101  0.42034567132662193  0.43070328382001433
  0.44140195235695490  0.45211080283173100  0.46272134067791321  0.47392774577965324
  0.48456061876819007  0.49568243028604064  0.50573830783165685  0.51607580015636845
  0.52571103673362485  0.53648906980697719  0.54736783415037082  0.55814493986298985
  0.56893605279778170  0.57944546313727296  0.59007428614489155  0.60053063605333046
  0.61068640129124863  0.62053485977823797  0.62991685955927157  0.63978241659499280
  0.65004870480476862  0.66142927087523429  0.67260316248844743  0.68296443925802863
  0.68747090568696612  0.69250006333266534  0.69742507197593218  0.70254442986896604
  0.70755941137229927  0.71244739718608618  0.72342220120914924  0.73752697391858713
  0.75037866512324480  0.76307312990325515  0.77577656333450651  0.78873577745163403
  0.80284410429925979  0.81764678094924048  0.83235566280578976  0.84713558352811191
  0.86239883827738328  0.87734963338067207  0.89184660015341288  0.90649176642491403
  0.92183045436792022  0.93865098036051464  0.95992782394437415  1.00000000000000000
  0.01029649479719351  0.01201595839244868  0.01524917794724498  0.01881114864533991
  0.02362975603974465  0.03017162758341588  0.03739633746720825  0.04441887399450108
  0.05171197050572389  0.05848981799801910  0.06565879834176952  0.07336127860259060
  0.08141208242687459  0.09028736961945602  0.09942414237970894  0.10877284621765762
  0.11867686400891647  0.12827011042819847  0.13858869865352089  0.14947715564660927
  0.16046840989136221  0.17037557990315455  0.17973141634443413  0.18899819689601835
  0.19866609127093551  0.20913377220668988  0.22010519424476296  0.23116083710438606
  0.24230477213818974  0.25396097797609096  0.26681723915237709  0.27972537374990208
  0.29223826534656450  0.30348100946794621  0.31337260352445390  0.32245125118993212
  0.33137178371887877  0.34066427296767510  0.35003058192145908  0.35939864687678913
  0.36883163215991593  0.37878589364294224  0.38977163888808830  0.40039821681513899
  0.41119582997626103  0.42145739326697679  0.42685003453966330  0.43143850880801177
  0.43609543452628469  0.44076385205003032  0.44511635129228450  0.44938134412783354
  0.45781346507603798  0.46895758492248013  0.48044519117430767  0.49011791389111126
  0.49945523163401900  0.50882072110636467  0.51854468180014246  0.52889862664964060
  0.54006363505489230  0.55235034821697249  0.56542223880402820  0.57753611877273325
  0.58926657129585525  0.60102647171666423  0.61289269308649807  0.62455160207120464
  0.63649391829354141  0.64840366632650204  0.66090013962147853  0.67310906450393659
  0.68499968570723402  0.69660510294606115  0.70879165101588848  0.72136977346441056
  0.73376793383218919  0.74489069540579345  0.75612953346542577  0.76807354842350595
  0.77992176710408356  0.79186939090946085  0.80342175601423571  0.81624662296754269
  0.82862159248103340  0.84131808507712769  0.85404564806865557  0.86678761909885149
  0.87981308789757240  0.89328028852585251  0.90813167799603267  0.92546828097287814
  0.94419011938662734  0.96855184373579750  0.98433167201915406  1.00000000000000000
 -0.00006309070100636  0.00001017553844796  0.00003340724322681  0.00005663894800566
  0.00007775316828017  0.00007884920816372  0.00007994524804726  0.00008104128793081
  0.00008357018792400  0.00008643731600131  0.00008931883816458  0.00009219639054201
  0.00009507238169331  0.00009800190549090  0.00010098650973677  0.00010401332296609
  0.00010706419907228  0.00011013484318177  0.00011324835853105  0.00011640726079619
  0.00011962106121988  0.00012285961326654  0.00012614176278184  0.00012947453483650
  0.00013287386412278  0.00013634332594426  0.00013983205282615  0.00014337632556842
  0.00014674662354902  0.00015095382224661  0.00017732072055336  0.00020509210234354
  0.00023247457093265  0.00025810475170172  0.00028074887938594  0.00030254042215874
  0.00031800419386568  0.00033336719879391  0.00034745133285172  0.00036124435731312
  0.00037382583887102  0.00038457371603732  0.00039532159320363  0.00040583025767687
  0.00041619488355506  0.00042655950943326  0.00043629221250213  0.00044588432151826
  0.00045547643053438  0.00046487500139126  0.00047423417194671  0.00048359334250215
  0.00049262525228393  0.00050162430506878  0.00051062335785362  0.00051955911812993
  0.00052848539841775  0.00053741167870558  0.00054625037432030  0.00055508107708010
  0.00056392488695868  0.00057307737012038  0.00058222985328209  0.00059133679404800
  0.00060031819003310  0.00060929958601820  0.00061827816129948  0.00062725380580789
  0.00063622945031631  0.00064501042859211  0.00065372834938709  0.00066244627018208
  0.00067194814499641  0.00068150061827114  0.00069054311605911  0.00069896547177304
  0.00070738782748696  0.00071539549118052  0.00072324598358424  0.00073109647598795
  0.00073823478604402  0.00074519558342753  0.00075215638081103  0.00075950902734713
  0.00076720076090405  0.00077489249446098  0.00078443125686876  0.00079480236112184
  0.00080740011003448  0.00082147863869949  0.00083195519840188  0.00084150625490011
  0.00086990646984160  0.00086990646992616  0.00086990646998360  1.00000000000000000
 -0.00190009925457548  0.00785318236679145  0.01679749656308425  0.02631926882361861
  0.03554877171772146  0.04424985481962766  0.05368260445987526  0.06406140825778707
  0.07567277762900967  0.08787500642200589  0.09937492495329184  0.11101824191301034
  0.12234635463104222  0.13387253756580192  0.14522749383941633  0.15644434250196584
  0.16766097555013001  0.17894905222160315  0.18975914029625801  0.20002690391839636
  0.21026875842747564  0.22052578761546784  0.23106578552416787  0.24172266058155498
  0.25190364356343131  0.26263027144523959  0.27419044289955014  0.28636743982487667
  0.29670994114631638  0.30658830321102226  0.31656838569709128  0.32804371850792774
  0.33679838311296556  0.34137247721670455  0.34613668722080565  0.35044775950265611
  0.35457482953055575  0.35891661247545648  0.36338405636172133  0.36729145711761146
  0.37987226425901777  0.39189078958731599  0.40511005083682472  0.41934567722931093
  0.43236960785336009  0.44402906821375276  0.45521282976182564  0.46662959133750848
  0.47848589000353980  0.49064242253021423  0.50219188306533813  0.51267959837767030
  0.52261970929636670  0.53249020044011253  0.54319944802879605  0.55524762816223217
  0.56728601006424118  0.57914820181412929  0.59089384769126208  0.60310713066318666
  0.61440248797139518  0.62604966859107392  0.63799617811510811  0.65072983913186078
  0.66244106225114097  0.67260937206376492  0.68269367628304822  0.69269548749642396
  0.70340349855184736  0.71336876182317477  0.72291259700264665  0.73233104036095986
  0.74232205833511034  0.75352315578202034  0.76511386486968036  0.77641540064049086
  0.78760273472948217  0.79918742072406523  0.81112684542415647  0.82282290383747325
  0.83392889031431827  0.84558210850743187  0.85631513865798181  0.86638578245165132
  0.87623893806185527  0.88643465488570938  0.89762657923950728  0.91029846383648083
  0.92346635641887087  0.93670178880812704  0.94924433263365737  0.96060144420007443
  0.97112994626299320  0.98101621169494990  0.99061163055483648  1.00000000000000000
 -0.00247768213378602  0.01085834581165107  0.02190284739944677  0.03365313300527502
  0.04513937835270005  0.05579460253700571  0.06119480590325962  0.06627769234660666
  0.07104638958552568  0.07588751527101659  0.08111401250099139  0.08579098574631856
  0.09348598809985588  0.10256163807582326  0.11179145700675330  0.12121155499013619
  0.13091412734236091  0.14059700469633438  0.15065888599725505  0.16163214546442153
  0.17267143522088410  0.18394674464314070  0.19538044712784708  0.20704146807401663
  0.21839596296238184  0.22999696122743093  0.24241242424243964  0.25451243961763781
  0.26531896046298376  0.27542655172878050  0.28552934362705357  0.29581550455905320
  0.30616106357053546  0.31703610631745655  0.32829029882956368  0.33995806520798982
  0.35219680211652427  0.36401203432857071  0.37525176888605261  0.38584008597493669
  0.39668524909394737  0.40723528057687153  0.41718095565404639  0.42693011617889870
  0.43747117302622551  0.44903868819914450  0.46131129907410173  0.47140181290347782
  0.48023011868720816  0.48877448215325614  0.49773930550383394  0.50788621040997040
  0.51895591132828001  0.53016693264652404  0.54207742822656024  0.55460374265438817
  0.56732115067144162  0.57910723312369639  0.59042029899276638  0.60239260106923320
  0.61469495811868169  0.62687544605320433  0.63744806407872179  0.64830689889333393
  0.65873267658150214  0.67030828776363882  0.68230440136134518  0.69369688885994751
  0.70410721680120492  0.71413478567353950  0.72431614080289730  0.73466906055373415
  0.74523053097724967  0.75606567502592614  0.76871920050346876  0.78205163040833237
  0.79424983014989115  0.80474557081433706  0.81517540686207501  0.82522701247610486
  0.83647429582820410  0.84852923450287765  0.85987713624583550  0.87055523570465854
  0.88071006190444712  0.89074251118298331  0.90083586541548200  0.91078204268593399
  0.92067145015892571  0.93112688815263933  0.94177072652541838  0.95251520205426565
  0.96415382777166891  0.97583208007007649  0.98799991982294144  1.00000000000000000
 -0.00202493767681198  0.00936191016444186  0.01889457106079239  0.02852255502899681
  0.03807087753011812  0.04821107544257378  0.05889444733613224  0.07025074823415373
  0.08163457047808496  0.09357819425658204  0.10488479516463051  0.11565664447692506
  0.12636033130952118  0.13753033643463963  0.14919773805810224  0.16118108650860891
  0.17284347545034934  0.18430223607269280  0.19566137903677863  0.20646413961135052
  0.21726859629399117  0.22808204370000626  0.23917907615727677  0.24994707530891086
  0.25997183188092149  0.27013981965697392  0.28069402265376692  0.29261433939512477
  0.30451232536277212  0.31615935758006564  0.32762340864991446  0.33856476223254250
  0.34888185603230398  0.35928275531058196  0.37019446584897997  0.38114498305092781
  0.39145748432639355  0.40148924031528987  0.41175067525789188  0.42230511912965185
  0.43269064149630398  0.44238540219744338  0.45202775710359477  0.46196226587140343
  0.47150422327547470  0.48086611279050462  0.49029575327698444  0.50078307545580092
  0.51259915081197394  0.52392806461025265  0.53516844023437005  0.54687687004501784
  0.55984180004648698  0.57221091633911203  0.58342492447869143  0.59419170256730203
  0.60528781937610809  0.61735600306288618  0.62912784641617558  0.64061292952642745
  0.65124055603025532  0.66185152129632829  0.67249775379914867  0.68326170851166912
  0.69456745561513877  0.70564492330360273  0.71607003056319807  0.72633835605050001
  0.73400169328846021  0.73910475820201171  0.74402975807341043  0.74886932953229601
  0.75390427923620140  0.75880700384486688  0.76375418393873817  0.77272351012299345
  0.78431923442133944  0.79595784804663239  0.80791718883238473  0.81970377396011940
  0.83091242231609874  0.84140317209019844  0.85151843018672901  0.86173690405351333
  0.87225680615994472  0.88329103986998070  0.89467461609573151  0.90573342024267545
  0.91639308828484778  0.92656369068785827  0.93643798026187541  0.94742057561620963
  0.95860758049289096  0.97123313794409283  0.98467310550358189  1.00000000000000000
 -0.00199690238400800  0.00999960911826207  0.01950377888699489  0.02966918372973482
  0.03925623380153579  0.04965866465833465  0.05959130293735783  0.06954739970482900
  0.08000590842164594  0.09151923314433510  0.10366163322788083  0.11499777386195827
  0.12627894361974412  0.13715091895682158  0.14767389205297082  0.15825310519691821
  0.16967848436464578  0.18118255053549515  0.19191223989756404  0.20221231165978618
  0.21242758305166493  0.22279631920193455  0.23376201081314441  0.24543574260704226
  0.25703242003422877  0.26794727321960005  0.27801293426852208  0.28791834545530581
  0.29784938854432269  0.30801875262113509  0.31940538723256329  0.33150278615764306
  0.34378153486332630  0.35484290866472862  0.36527413445532964  0.37685214914961590
  0.38899739341586387  0.40351895800706999  0.41574519935425847  0.42614372414396334
  0.43637269407994661  0.44795150363975755  0.46092649370859540  0.47351623190909103
  0.48615743042889609  0.49838518040145818  0.50864996244525640  0.51825327855751324
  0.52798794795032766  0.53830648624761934  0.54962198794080586  0.56132225511898703
  0.57258639472683637  0.58349957368728522  0.59316024321795291  0.59908251005993962
  0.60381426002913796  0.60900536430496621  0.61446880769161583  0.61944552672921405
  0.62412136069111623  0.63010786414003461  0.63946233418904208  0.64998192285005441
  0.66081804231452013  0.67166000275806759  0.68199921078724990  0.69260033986820801
  0.70360603601371019  0.71643051609327268  0.72828131600518786  0.73868559383356103
  0.74852513907443752  0.75821082024126574  0.76785379314003588  0.77755199478865267
  0.78751524464996092  0.79812278082267041  0.80965203580098533  0.82105163395914293
  0.83160524600939001  0.84291862403688866  0.85384537478734346  0.86565557254573156
  0.87677467252999164  0.88764060685281310  0.89774644021343863  0.90809453929808459
  0.91922148774860524  0.93134038713976486  0.94419509539913415  0.95668992018928611
  0.96869537178622811  0.97947656876211531  0.98993296645464124  1.00000000000000000
 -0.00259490061651216  0.01023801400917273  0.02108753110966707  0.03211116251691577
  0.04370831020528426  0.05547455887429075  0.06700912595076113  0.07817012627106801
  0.08833474281602968  0.09849922617494068  0.10938732061256286  0.12100688135406300
  0.13289021010226762  0.14476948172448820  0.15630016759691392  0.16810554230361655
  0.17899469437005697  0.18999996880827777  0.20103555852144520  0.21291349130280240
  0.22596783817941465  0.23982590975297438  0.25244878167362111  0.26321708390377530
  0.27351573208686403  0.28381008959365345  0.29447007768040534  0.30441688682268980
  0.31448302459512817  0.32507708826359427  0.33596545068698402  0.34784693571630038
  0.35949512322471383  0.37072306927998522  0.38099157661575517  0.39088610194787665
  0.40124456535064462  0.41330461791923900  0.42634656201368465  0.43798762019540688
  0.44864742741084412  0.45938078782253361  0.47087658755482903  0.48343783612043589
  0.49589005295971006  0.50720983163980693  0.51755955534462017  0.52756671679890654
  0.53781507011238416  0.54832584764654468  0.55829149782095389  0.56816307603222027
  0.57269251398049759  0.57732230378742844  0.58219464624200912  0.58712788066562827
  0.59221929767434223  0.59727866421276277  0.60702312519492452  0.61852315550687376
  0.62923808039470130  0.63882109258704933  0.64886734153215309  0.65916904660915632
  0.66941962214371487  0.67966384717034201  0.68999158510738456  0.70030059251737153
  0.71034845893783749  0.71989528613326659  0.72917586807725188  0.73835928053607047
  0.74777598267252932  0.75722769050922156  0.76652763903713306  0.77589109316876359
  0.78478486242678547  0.79522342632599885  0.80590307218047064  0.81679600546059661
  0.82698266118554931  0.83686016036282207  0.84701771117804026  0.85696902639815797
  0.86743380228144140  0.87851831723550078  0.88999427548790822  0.90133318199261137
  0.91256827646162697  0.92449074247087704  0.93722156609116558  0.94969561644716616
  0.96190785840637816  0.97406870921359912  0.98697744365876283  1.00000000000000000
   1.0287018936500267E-019  -1.0000000000000000     
 F F F F F F F F F F F F F F F F F F F F F F F F F F F F F F F F F F F F F F F F F F F F F F F F F F F F F F F F F F F F F F F F F F F F F F F F F F F F F F F F F F F F F F F F F F F F F F F F F F F F F F F F F F F F F F F F F F F F F F F F F F F F F F F F
  <DiscreteSampler_grid>
  grouped_processes
  1 # 1 for a reference and 2 for a running grid.
  10 # Attribute 'min_bin_probing_points' of the grid.
  1 # Attribute 'grid_mode' of the grid. 1=='default',2=='initialization'
  0.0000000000000000 # Attribute 'small_contrib_threshold' of the grid.
  0.5000000000000000 # Attribute 'damping_power' of the grid.
 # binID   n_entries weight   weight_sqr   abs_weight
    10   10   1.595675629745139E-007   6.777040192689434E-014   1.595675629745139E-007
    16   10   1.595675629745139E-007   6.777040192689434E-014   1.595675629745139E-007
  </DiscreteSampler_grid>
