  0.00952000517691486  0.01573514136764923  0.02492593717352283  0.03570615549354862
  0.04605812872923415  0.05644879520800820  0.06685231769192874  0.07726359539394174
  0.08766579017657360  0.09805744543109085  0.10846014240978920  0.11886958068331074
  0.12927599930136568  0.13966415871105278  0.15002923970006946  0.16040748090419280
  0.17080178335573706  0.18122312071320709  0.19164161556071643  0.20206468524160986
  0.21247894713532739  0.22290086987387464  0.23330044371758393  0.24368440758726953
  0.25404444975700002  0.26439442650184686  0.27473682390255694  0.28507738060379195
  0.29542571032492959  0.30577640347800128  0.31614014525512907  0.32649301992416591
  0.33685040165038532  0.34719351231664941  0.35754559489933246  0.36790255932130095
  0.37827886041356512  0.38867462950985476  0.39908939664313298  0.40950522000635869
  0.41990969436493475  0.43030777058047126  0.44070504725122150  0.45109170205837512
  0.46146238040686310  0.47182525993148389  0.48219792794212163  0.49257752118286358
  0.50295546382199474  0.51332407619550890  0.52369225854002088  0.53407215157092935
  0.54446092344913044  0.55485082480843495  0.56523822175149774  0.57562476807240748
  0.58599539642355880  0.59636145594216372  0.60674494494298126  0.61714137034419292
  0.62752273682670323  0.63787617639088745  0.64823929686284099  0.65863581408466354
  0.66904855169789057  0.67946056196320037  0.68986205171980575  0.70025046337696994
  0.71063012825557392  0.72100441233579404  0.73138184621030322  0.74176091082983286
  0.75213608272004118  0.76250082939053976  0.77287077863608833  0.78324339994178516
  0.79364267996623206  0.80403519497235831  0.81444140094832007  0.82484993326799094
  0.83526813037272518  0.84567300343222362  0.85605593991058759  0.86642330282319757
  0.87679843122527035  0.88717598216154891  0.89755272531373986  0.90793320250822862
  0.91833292880697004  0.92874153494741385  0.93913122913685398  0.94951052614342046
  0.95989587257574782  0.97024344410334729  0.98060114620343020  1.00000000000000000
  0.00951921718067097  0.01571021260648438  0.02483393624800343  0.03561786943685883
  0.04595800396341383  0.05633871210514861  0.06674413506381091  0.07715616210551850
  0.08755346998552191  0.09794543482705266  0.10835635761771567  0.11877218058872996
  0.12915877067150999  0.13951888633799966  0.14984788337922084  0.16019975299188255
  0.17058247570004972  0.18099605854910578  0.19141124385557146  0.20179955045789172
  0.21218026634311607  0.22252510868030106  0.23283376360943447  0.24314260923690681
  0.25348865017547206  0.26387029743603285  0.27425285433053198  0.28462393937678149
  0.29499919495619958  0.30538011783277041  0.31577389117441296  0.32619288302841715
  0.33663190008846949  0.34708115135404854  0.35750690984932343  0.36793159606970199
  0.37833679437714196  0.38871861051219631  0.39908064259675169  0.40944017016324974
  0.41983561901311700  0.43022845607980054  0.44061553189207098  0.45099566121504381
  0.46138647523964305  0.47178899417145403  0.48218008671310386  0.49256613032724655
  0.50295123245203688  0.51334205444279057  0.52371575625558564  0.53407470142373192
  0.54443333178192244  0.55481632073095410  0.56521120163235206  0.57560273799826944
  0.58598858092114403  0.59637940085240626  0.60678178596124732  0.61718148598444067
  0.62756509660637305  0.63793669876369785  0.64830119390365593  0.65866929948623132
  0.66904860319978399  0.67943952659126050  0.68983968142297158  0.70023355239674290
  0.71061672426432343  0.72099485178999922  0.73138469402603679  0.74178295980557285
  0.75216742112921942  0.76254440222428788  0.77293038897356636  0.78334579662418335
  0.79375540807673384  0.80416715701236097  0.81456408932890145  0.82494943359167483
  0.83531088191070857  0.84569721770809603  0.85609076647389948  0.86647878600856676
  0.87682832733691374  0.88716412044308046  0.89750834822139203  0.90785826965246885
  0.91823853647724685  0.92859871446338127  0.93898186583812115  0.94934759534434499
  0.95974386944660683  0.97011752496015879  0.98047632847493160  1.00000000000000000
 -0.00246365440768355  0.00946414463894388  0.01960671980433987  0.03009084844470489
  0.04060981045807404  0.05113713543763714  0.06169519297510936  0.07224618634494168
  0.08278903479100730  0.09333627116494614  0.10387475904302723  0.11440238583243703
  0.12492126941766898  0.13545039718045054  0.14598620531447237  0.15652542503021674
  0.16707216289822430  0.17763977010090196  0.18820739909778486  0.19873997446431346
  0.20926911243983704  0.21976883044124829  0.23028166233744288  0.24076179195184813
  0.25125270969137636  0.26175614618605636  0.27227014382079295  0.28280573602707526
  0.29334285026432738  0.30387685083889271  0.31442733530655836  0.32496908851385725
  0.33553117982229108  0.34607031038279351  0.35663160851999326  0.36719067670164085
  0.37776537438885732  0.38832579355844277  0.39888900317407455  0.40944599450089997
  0.42001229457281980  0.43055139172419188  0.44107836175937193  0.45160734144009446
  0.46216312653358743  0.47271463670075858  0.48320958401091774  0.49369951049337552
  0.50418075027224241  0.51470283425861352  0.52524337056874082  0.53579712412081182
  0.54637919043785310  0.55692839133928007  0.56749667761159017  0.57804477286302625
  0.58862184535981510  0.59918330741189851  0.60972180293153144  0.62023738284874819
  0.63074461566348328  0.64126076259858267  0.65175578767704301  0.66227730751689906
  0.67279608497345489  0.68334257542633903  0.69387567016752350  0.70444126061979273
  0.71498518643232023  0.72553044820300172  0.73605939044833590  0.74661125827216035
  0.75718048691918860  0.76773883397977638  0.77829380752248944  0.78884622791932679
  0.79939799255998589  0.80996108331539340  0.82050274213057883  0.83106012946473951
  0.84161120430477920  0.85217610317854542  0.86274478439542068  0.87331429524161142
  0.88387427456835210  0.89442471592363959  0.90497254710563890  0.91552846757890693
  0.92608471859210628  0.93664298766607224  0.94719732661652634  0.95776354090465610
  0.96833278016391533  0.97892048768443252  0.98946572395990562  1.00000000000000000
 -0.00246451807198959  0.00945627566028924  0.01961940214740895  0.03015570578442091
  0.04072311418885589  0.05126569606183131  0.06180302154044268  0.07233292895872190
  0.08287895971575858  0.09340763089757649  0.10392368688746967  0.11441124042989845
  0.12492817010997705  0.13546648896892682  0.14601124255624365  0.15655616670323885
  0.16709270226862757  0.17764522341895381  0.18819721874726644  0.19876764224804686
  0.20932842929095594  0.21987553620276343  0.23041333853060539  0.24094664469034263
  0.25151028948524234  0.26204913490584753  0.27261673765024463  0.28315923360979212
  0.29374121540378256  0.30430481590333752  0.31485669475763023  0.32538572411183297
  0.33590455402916325  0.34644438390011884  0.35700504104193892  0.36758567709899775
  0.37813863758430855  0.38867510979439546  0.39918465693084310  0.40970003149779965
  0.42022877303510436  0.43075471815968858  0.44126280942176965  0.45173789282983462
  0.46220773897620238  0.47271478274198070  0.48322483429636554  0.49376138367113165
  0.50431015531591616  0.51489342650003078  0.52548048377681666  0.53609006863275976
  0.54667959818377621  0.55726628449870164  0.56780171702731719  0.57835787101816394
  0.58890496501814327  0.59947919406937500  0.61004402778933331  0.62060838937704121
  0.63114577901997315  0.64166754955695704  0.65218991243485558  0.66271116465593793
  0.67324443795639943  0.68377502514332444  0.69430151738950208  0.70480255727811036
  0.71531161225183926  0.72582460405699989  0.73637027574085101  0.74690290972115325
  0.75742894174459030  0.76796918302201977  0.77850523543780370  0.78905747561108841
  0.79959046165912029  0.81015317901348582  0.82071178576675585  0.83125549548561062
  0.84179290763866088  0.85233721973912202  0.86287780934844804  0.87341716393322677
  0.88395028246002727  0.89450775913769742  0.90506385452531279  0.91563459317966445
  0.92618975480116283  0.93675605935290296  0.94729188993313607  0.95781571886676198
  0.96832507214660879  0.97885798344006569  0.98942623523634254  1.00000000000000000
 -0.00251664647395555  0.00948603155818718  0.01965611063627640  0.03017608486127986
  0.04072894330645255  0.05127761997921308  0.06182774803849312  0.07235785493227559
  0.08287607397505369  0.09338306007008418  0.10392231056094769  0.11443447506572263
  0.12496884155881134  0.13550146552536280  0.14604392184654402  0.15660463996849971
  0.16715610531622813  0.17771157718803593  0.18822934707553238  0.19874813840484595
  0.20929106512904788  0.21985369379207159  0.23042405869350396  0.24098701311077753
  0.25153606239575210  0.26205920176449005  0.27259492849375183  0.28312314583685322
  0.29366576616792528  0.30420009312014262  0.31474282798389014  0.32528544582590030
  0.33581736573149001  0.34635280963704057  0.35689353603319141  0.36743788761898982
  0.37798679486388126  0.38848089411874343  0.39897655276923766  0.40945194214027492
  0.41998700515925291  0.43051712720338797  0.44106046144893368  0.45159830680860663
  0.46212637471813794  0.47265309639841058  0.48317156606065670  0.49369696023977699
  0.50422391650722997  0.51474576282732665  0.52529248739732637  0.53585967871658247
  0.54643392406587321  0.55699298091496763  0.56756294186268808  0.57812532637755298
  0.58868685063355453  0.59920516668163071  0.60971585838458420  0.62024056761704438
  0.63080989157712897  0.64140495463424818  0.65197023569246981  0.66252308930458403
  0.67306242134896599  0.68362419537077923  0.69413712924078741  0.70464045204874537
  0.71514996479956106  0.72571234613919400  0.73628614090251221  0.74684067270419896
  0.75738072233282749  0.76793431155638736  0.77849638123607401  0.78904772282241209
  0.79959828622009121  0.81015343175647536  0.82072800052145134  0.83127887326266070
  0.84180811585959570  0.85232523119884307  0.86285511097603529  0.87340762184316378
  0.88396441506332601  0.89451738512990264  0.90506294869192128  0.91560863938531656
  0.92617112572584881  0.93672172300333756  0.94728155802150371  0.95782983424575097
  0.96837418898650562  0.97892096825313946  0.98945207962993054  1.00000000000000000
 -0.00249517741761427  0.00948954169122713  0.01965497653720929  0.03022103895870170
  0.04078687452381034  0.05136184494666820  0.06193598830644231  0.07253222989326438
  0.08308744883666321  0.09364482476104984  0.10417232202276235  0.11471650091153764
  0.12528042699017819  0.13585185297957161  0.14640717174242435  0.15691527233530100
  0.16742061424222135  0.17795348294473531  0.18849990262386640  0.19902758839130685
  0.20953293610056231  0.22004538241782581  0.23055705219278994  0.24106646214299152
  0.25156846757789258  0.26208627479879337  0.27258488139313519  0.28308913603784958
  0.29359061086882304  0.30413088527408488  0.31467724307428807  0.32522197040015827
  0.33577289478885081  0.34632385349724365  0.35688072535091847  0.36744765848669075
  0.37799369469480987  0.38855067895825135  0.39905642896302623  0.40959614697749297
  0.42013481223820576  0.43070074181046353  0.44125797984927712  0.45180452053288650
  0.46235218254703586  0.47291020914507603  0.48346728597141347  0.49402999899599226
  0.50457615938548528  0.51514125637640296  0.52567912795035177  0.53622437435369563
  0.54675853225707716  0.55733156536726070  0.56787831810827283  0.57844235513908315
  0.58899421102958160  0.59956737891126421  0.61007856063291011  0.62059175285219637
  0.63110714856823713  0.64164063026458351  0.65216486046910438  0.66266580479717252
  0.67320845675270236  0.68376009578264108  0.69431392852845508  0.70486131932145923
  0.71540600808357646  0.72596204786360352  0.73651305946782464  0.74707211494492676
  0.75765102736495882  0.76821253580173110  0.77876938104701432  0.78931745581900692
  0.79985471736225200  0.81040073312752747  0.82095391355794134  0.83148962958633943
  0.84201214196583474  0.85254469173513159  0.86309062031746220  0.87364570508268413
  0.88417101244548102  0.89470792171529023  0.90519100409352216  0.91569903694901422
  0.92619574912352065  0.93676406932943790  0.94730957630304158  0.95787475136615641
  0.96841123517692329  0.97893290533384014  0.98946715066678426  1.00000000000000000
 -0.00234694149492506  0.00977041296939833  0.01996456594428545  0.03052175150544673
  0.04107414655758065  0.05165359164493823  0.06219604928283815  0.07273164868913516
  0.08327189743217843  0.09381394885488845  0.10433379882241890  0.11485718654973767
  0.12542088088338338  0.13600396762442254  0.14656303495038384  0.15708906953444149
  0.16763402139083752  0.17820559909886202  0.18878147196449171  0.19933118341252215
  0.20983816525569196  0.22033024783529237  0.23082687127392068  0.24134018009643637
  0.25185300921514153  0.26237251680750662  0.27289528075201192  0.28342153390997871
  0.29394012973780004  0.30444510594912449  0.31494479727836538  0.32543163667451419
  0.33596011720959218  0.34650837458924433  0.35708997452646690  0.36764799983006025
  0.37818826849707521  0.38871122774416017  0.39923982050317325  0.40977074442698885
  0.42032202036491084  0.43086085728218321  0.44140679218001821  0.45194357334760599
  0.46247104364455405  0.47301881920871180  0.48356122580149002  0.49409651426247209
  0.50461911468143250  0.51516194576050744  0.52571892973961820  0.53625650529638336
  0.54679173094906020  0.55733488648998541  0.56789580202405310  0.57843427335191833
  0.58897766033718579  0.59954192243368754  0.61010671280698225  0.62066209155173435
  0.63118715496750921  0.64173000078184239  0.65225437012063714  0.66278970211536414
  0.67330639510090562  0.68382277511248601  0.69434488132307626  0.70489045440285947
  0.71546164860907813  0.72601433838069351  0.73655227750907692  0.74706122401845576
  0.75757535819312849  0.76809342103883771  0.77860332007625987  0.78911626967833126
  0.79962217446546757  0.81015365934909955  0.82069224126713491  0.83124987496895497
  0.84178008126464798  0.85231004156118051  0.86279938384692489  0.87333592546446359
  0.88385863233699080  0.89442647136718723  0.90497748792431654  0.91554245962121172
  0.92610907347565274  0.93664565094627905  0.94722401445068083  0.95777315197027746
  0.96836120429740435  0.97889600936844490  0.98945107850040459  1.00000000000000000
 -0.00245622586150933  0.00958341448542890  0.01977725553443774  0.03029362610011059
  0.04082609280040304  0.05134901619981373  0.06187204028820121  0.07239051921335612
  0.08291408767043565  0.09342005038240939  0.10392465554605970  0.11441837853402864
  0.12495457712303726  0.13553981993591024  0.14611842646733081  0.15667665172216355
  0.16718944393454266  0.17772694434948808  0.18826260567024430  0.19880283179435837
  0.20935233579547563  0.21990126142682342  0.23045259891806497  0.24096254316642365
  0.25144654740336425  0.26195089394833410  0.27248447879756321  0.28305419735634707
  0.29360314550708821  0.30415745058493293  0.31468991140275848  0.32525835415932375
  0.33581933888337218  0.34641632344475137  0.35699673990631459  0.36758870995235449
  0.37819029168667728  0.38877834175276382  0.39935927795915344  0.40990490438517641
  0.42046013363154533  0.43100861169814814  0.44156766326094254  0.45211589401844332
  0.46264566199231044  0.47316504880551175  0.48370074201212127  0.49426310426881692
  0.50480418943092487  0.51532123845247635  0.52584263327534442  0.53638206472178007
  0.54688247453377292  0.55738870482983360  0.56788642777074738  0.57843690644682755
  0.58893470971725936  0.59944364398639416  0.60993490546025553  0.62045737869800366
  0.63100196690204191  0.64156974281537793  0.65212316229568679  0.66265691417466766
  0.67316575889746977  0.68367930698600654  0.69420421412526434  0.70473080643084995
  0.71529561537654973  0.72584942618225379  0.73639402360003925  0.74690910788639508
  0.75743500622798943  0.76797352428889565  0.77851859343310881  0.78904146368161676
  0.79958198406663250  0.81010325437444586  0.82067055685881762  0.83123258820785795
  0.84181727231678161  0.85236397973628442  0.86290408167558075  0.87342521162692599
  0.88396260909100866  0.89450209398399894  0.90504917327283463  0.91560351046428401
  0.92617641617196234  0.93676025462403067  0.94733190218266328  0.95786136406131961
  0.96839400219739913  0.97891575539799425  0.98946215585659669  1.00000000000000000
   1.5469064301368910E-002  -1.0000000000000000     
 F F F F F F F F F F F F F F F F F F F F F F F F F F F F F F F F F F F F F F F F F F F F F F F F F F F F F F F F F F F F F F F F F F F F F F F F F F F F F F F F F F F F F F F F F F F F F F F F F F F F F F F F F F F F F F F F F F F F F F F F F F F F F F F F
  <DiscreteSampler_grid>
  grouped_processes
  1 # 1 for a reference and 2 for a running grid.
  10 # Attribute 'min_bin_probing_points' of the grid.
  1 # Attribute 'grid_mode' of the grid. 1=='default',2=='initialization'
  0.0000000000000000 # Attribute 'small_contrib_threshold' of the grid.
  0.5000000000000000 # Attribute 'damping_power' of the grid.
 # binID   n_entries weight   weight_sqr   abs_weight
    10   10   3.230059127517626E+013   2.221450111803151E+027   3.230059127517626E+013
    11   10   3.230059127517627E+013   2.221450111803153E+027   3.230059127517627E+013
  </DiscreteSampler_grid>
