  0.00956906504737765  0.01571748285374336  0.02495874461836897  0.03581365404607585
  0.04619398748386322  0.05656285352881928  0.06693204471931591  0.07731311304950504
  0.08769796664065239  0.09810884696339353  0.10852087091436810  0.11893112564147905
  0.12929237995958526  0.13964433648882241  0.14999317000750231  0.16036252957856945
  0.17075137445676822  0.18115251589877135  0.19156525930033996  0.20198480443217359
  0.21236828765294660  0.22269345217344755  0.23302381956740276  0.24339276266283796
  0.25381023511818512  0.26422569947231200  0.27463773034925787  0.28505103234916168
  0.29544627841569560  0.30584012859713960  0.31621677203836829  0.32660161970834028
  0.33699199744324265  0.34739020076951788  0.35777820246202002  0.36815170285616938
  0.37849904383025418  0.38886163906558030  0.39923664880446286  0.40964797500443656
  0.42005590436487572  0.43045694767612469  0.44082734758529168  0.45117075785004690
  0.46151468023666053  0.47188501069778072  0.48229241659425887  0.49270482311691288
  0.50311770081077811  0.51353267828853999  0.52394455733238132  0.53434713122185418
  0.54474266604896782  0.55512339703476898  0.56547080230199609  0.57579428192720905
  0.58612625670613572  0.59648855741954088  0.60686480781484486  0.61724439795880115
  0.62763099565430813  0.63802267913848076  0.64842190780317377  0.65883172375995924
  0.66926679949190626  0.67970922054911143  0.69012075218148172  0.70048931280813531
  0.71083139123533889  0.72118496533942744  0.73155251227426765  0.74194509706098588
  0.75235950036012700  0.76277531354730699  0.77314755720893080  0.78346061359845642
  0.79375136421233994  0.80404756095935437  0.81440818887500510  0.82482936894377668
  0.83527057521080528  0.84568790027704654  0.85605774211098296  0.86644989626768043
  0.87683085524205329  0.88721850490858423  0.89758732508938732  0.90795366778375464
  0.91833313693365737  0.92870496156752913  0.93907424242040538  0.94944055428211194
  0.95981034484556749  0.97019175817212155  0.98054017413824968  1.00000000000000000
  0.00945504276705290  0.01646329897368681  0.02528033299904202  0.03615309945112013
  0.04648239472515016  0.05682340439754284  0.06715885671919503  0.07755147805782223
  0.08794607190502769  0.09833349820336357  0.10872049624174719  0.11911573208507097
  0.12954921528413926  0.13995443514719322  0.15034763028671214  0.16072669425128963
  0.17111472294293767  0.18149143239525783  0.19187602101989432  0.20227430410979444
  0.21271616933742130  0.22313568241979001  0.23354171899554058  0.24394792176228994
  0.25435603514411376  0.26475830193167471  0.27514284940967393  0.28553485396103739
  0.29591055227336671  0.30625937807769610  0.31659376492164382  0.32694675568359322
  0.33731098356439387  0.34767703289295487  0.35803304313625794  0.36837077980178151
  0.37868716066666008  0.38901565354370671  0.39938639571614776  0.40978484832698270
  0.42016601441151963  0.43052075185105554  0.44086069111633724  0.45119061652023107
  0.46153264383271825  0.47187849296608037  0.48223573298753930  0.49259676912355216
  0.50295966930372848  0.51331711925333301  0.52365716959296971  0.53400581759860632
  0.54438237192055694  0.55478589794436928  0.56519354183333048  0.57560326210004320
  0.58600837258467342  0.59640238014811620  0.60679223767937651  0.61718583789169656
  0.62759380620532990  0.63799581810940376  0.64836755150564607  0.65871630121671720
  0.66907090702726335  0.67943547575895025  0.68979961340181939  0.70016381750772128
  0.71051133072966710  0.72086710759313000  0.73124266372770330  0.74163688587342858
  0.75203356531201382  0.76242577522079258  0.77284619844486169  0.78326482016045373
  0.79365090256599413  0.80397825983629623  0.81431545854688003  0.82468661220859407
  0.83509838590051977  0.84551319944049219  0.85591326544541280  0.86630188416910736
  0.87669763047792160  0.88708280577104126  0.89746413882901543  0.90782930144597729
  0.91820335438926604  0.92859975961437902  0.93900441695561498  0.94939206826576306
  0.95978014365208131  0.97017331893320746  0.98053337199703383  1.00000000000000000
 -0.00249473368069928  0.00975986500366960  0.01999201612748752  0.03048247915476111
  0.04097392466007195  0.05147418042598185  0.06198675424653426  0.07249674620835220
  0.08306009894439734  0.09363360240938921  0.10424917385695716  0.11478330538666338
  0.12533125654482336  0.13584114430440855  0.14636348383625725  0.15688225608182005
  0.16741298349327940  0.17796240639498997  0.18849394371966660  0.19904494343130821
  0.20958533659823883  0.22013300761049881  0.23065889359985456  0.24121179162228859
  0.25173340642938130  0.26224479255861471  0.27275849163988164  0.28332051143008702
  0.29390876056878684  0.30450599094653152  0.31508770348419118  0.32561126823262226
  0.33612061759542999  0.34659111387841546  0.35714039511054368  0.36766862197901140
  0.37825670000427691  0.38877778956462788  0.39931137798406463  0.40984011394142261
  0.42034111225060056  0.43083501966538795  0.44132515060599603  0.45186980521896458
  0.46242781610818590  0.47298280420664385  0.48353593971256503  0.49406914904817062
  0.50458129118676731  0.51515310958020077  0.52571934385880581  0.53629548050105735
  0.54678091438831466  0.55729149390343047  0.56781301942964568  0.57837108869977238
  0.58893535717347867  0.59948511176562713  0.61000509900499944  0.62051516019534603
  0.63105812041273901  0.64162396493284091  0.65223057008990071  0.66277473513995366
  0.67333748772387070  0.68385694773848693  0.69438864680815959  0.70491105069324156
  0.71545131177529731  0.72604147811205055  0.73663725131185420  0.74719342405317757
  0.75773662051522150  0.76826350261721188  0.77877885449751438  0.78927874612570370
  0.79980779486563236  0.81035453341600461  0.82091278334008189  0.83143955283672444
  0.84198250172401123  0.85251948955835188  0.86306411021435525  0.87358989433265166
  0.88407996118498500  0.89456782235478416  0.90505089819753282  0.91556877003837800
  0.92610988356242119  0.93663718193251477  0.94718876103276461  0.95771340132343485
  0.96828800106394530  0.97884802305726160  0.98942944554859824  1.00000000000000000
 -0.00251480026033616  0.00950094452613642  0.01966176978229311  0.03026671742991530
  0.04083738045981248  0.05144031251749876  0.06200928635798500  0.07259311289190037
  0.08315875136017781  0.09374140697247239  0.10435299995023345  0.11489264836468537
  0.12542057924491543  0.13591608572731143  0.14647529338011617  0.15703773079409811
  0.16758928568106324  0.17812888537803068  0.18865939606674451  0.19921900512300728
  0.20976785371323442  0.22030569298192548  0.23080246962701911  0.24129551061884272
  0.25182372624854221  0.26238931414981204  0.27297438267070534  0.28350899160527121
  0.29401697077168099  0.30452317500381393  0.31512204101164443  0.32574995888630992
  0.33638300490143541  0.34696957876606327  0.35753942546777334  0.36812659581691948
  0.37866544050061485  0.38918892046996206  0.39969507613380223  0.41023231555022444
  0.42079196646344263  0.43135734418577443  0.44189636976283508  0.45246982823324178
  0.46303457602287151  0.47360626824968777  0.48416679520826772  0.49468835907739894
  0.50521441756549290  0.51570485761141360  0.52625686096487834  0.53682875351303050
  0.54737986848964182  0.55790585413189464  0.56845748726759493  0.57904579805075629
  0.58957911988997391  0.60004814596924250  0.61053238432309709  0.62107937358734078
  0.63165654464238730  0.64221218911582956  0.65272951797718093  0.66325375072790227
  0.67376684690118804  0.68429918133750334  0.69478965595868425  0.70527474399079570
  0.71577045612497869  0.72627793994420686  0.73677742531952528  0.74724680718688219
  0.75772394154054634  0.76824616970140647  0.77878086123526358  0.78932138904626425
  0.79986171412150542  0.81039304330274131  0.82093965731517327  0.83147641711115350
  0.84203184067734083  0.85257854877197192  0.86312594762925898  0.87369421890408383
  0.88425381135043801  0.89480711172826488  0.90534259345299783  0.91585451163164855
  0.92636399953922277  0.93688326775846020  0.94740669112949483  0.95793070933273172
  0.96845492853508630  0.97897292368786770  0.98949462304661984  1.00000000000000000
 -0.00211013104569165  0.00980649224284199  0.02005881015383470  0.03061099650489022
  0.04114258689164380  0.05165781083220929  0.06219910802658873  0.07274854038331867
  0.08333491074949952  0.09389608417746920  0.10452559918886704  0.11509404011737073
  0.12568616248189832  0.13619434566063834  0.14671241215954881  0.15722540009757269
  0.16777299925779993  0.17833909758846009  0.18891242136209951  0.19945100325070012
  0.21000284775377870  0.22049776884115216  0.23105058203650597  0.24157995587013731
  0.25214505043036650  0.26265195799243363  0.27316002988843829  0.28363595406025838
  0.29414395227014145  0.30465776333849520  0.31518348151140230  0.32566219649042177
  0.33615311665802255  0.34664676964714580  0.35717100219261827  0.36765649258616895
  0.37815845180315272  0.38865400106488840  0.39917862530906911  0.40969398695336029
  0.42024962281666656  0.43080073522254414  0.44139158524066596  0.45194112955282839
  0.46249931782137427  0.47301411358699030  0.48356441193084770  0.49412310631693895
  0.50470861180400894  0.51526989192101169  0.52581176966006948  0.53634156050538928
  0.54689762035036960  0.55744720540779535  0.56798578014335332  0.57848498289109784
  0.58900184918992249  0.59953366361544358  0.61006254747817190  0.62058207225114514
  0.63108362704478105  0.64161967103492257  0.65218631796052506  0.66277228720377046
  0.67331257969619673  0.68380001058777296  0.69429248876908856  0.70480942722866657
  0.71534215054790673  0.72585794873948639  0.73640058583874546  0.74694869959676857
  0.75755803997071425  0.76812198151275146  0.77871054817916274  0.78926431661438856
  0.79984303803670764  0.81038413485286520  0.82090234096859804  0.83144344157016259
  0.84200707844176870  0.85258277947056360  0.86315323566283320  0.87370861443160952
  0.88423510241907088  0.89475907712982417  0.90525764061690361  0.91575597929784835
  0.92622292565935171  0.93675527694487803  0.94730835808968117  0.95786530058961061
  0.96837656142685269  0.97889359553585764  0.98943145451390968  1.00000000000000000
 -0.00212887210580046  0.00978179738257287  0.01999046199285382  0.03057704015311441
  0.04118029294485612  0.05175069953738456  0.06225563427182757  0.07275353987856474
  0.08332731295119562  0.09391583227469563  0.10451078980131907  0.11507675243715135
  0.12558945585014628  0.13608439248766691  0.14652485710809166  0.15701665226690961
  0.16753469282441810  0.17807164044379278  0.18866136479467749  0.19919710477051822
  0.20973587879529368  0.22023250298258584  0.23075777779037401  0.24134445388985146
  0.25192632773421608  0.26253347128972609  0.27306752166611842  0.28361568976057150
  0.29413159677117401  0.30467612263365407  0.31518104471522884  0.32572611896622772
  0.33625586868277318  0.34680171969534362  0.35733367396634208  0.36785770584929528
  0.37837373272049019  0.38889182718977788  0.39942866383932368  0.40995283036512215
  0.42045088523267998  0.43094593946272380  0.44149759735149052  0.45207894989674624
  0.46266101029302698  0.47319602409794165  0.48370878548253227  0.49420498796912776
  0.50476140830623106  0.51533840900023598  0.52590501560417047  0.53645397133829398
  0.54696435169905511  0.55755211577225428  0.56812995397935828  0.57871133020022780
  0.58925868273921356  0.59981215841024971  0.61037057896599911  0.62093250886572249
  0.63146860516263370  0.64198917289742130  0.65250125780939749  0.66301025017149140
  0.67356577016252639  0.68410485850505265  0.69463796295458813  0.70519122717288318
  0.71573534019832663  0.72629253188889864  0.73678642265552430  0.74729051546925385
  0.75776632017954315  0.76831002940086601  0.77881402000887523  0.78934814184887336
  0.79983591131810672  0.81037366629862728  0.82089641745240338  0.83144019219601617
  0.84198947448632555  0.85254094325316288  0.86308861950801430  0.87362307773841885
  0.88419767498088997  0.89475221264152049  0.90531047310601265  0.91582142098611174
  0.92633945961185138  0.93684382477835260  0.94735529543167218  0.95787376238110755
  0.96839444371451733  0.97892110941384602  0.98945269233554090  1.00000000000000000
 -0.00234843355839897  0.00973458746960370  0.01994361148275455  0.03050119426943282
  0.04103296628154627  0.05157970893267391  0.06214563332040290  0.07270468475258053
  0.08325830018462139  0.09379306500512261  0.10434099690137454  0.11487621987907576
  0.12541024324540948  0.13595444916535537  0.14650231103884565  0.15706349764425498
  0.16759275335712162  0.17812299712595045  0.18865363178079822  0.19921488489999500
  0.20975684239182202  0.22030160787339553  0.23079450709928870  0.24129737381215038
  0.25177850478649622  0.26231255357035721  0.27284868355753944  0.28342293334533220
  0.29396507895227364  0.30454899912553623  0.31509653514055086  0.32564824369206896
  0.33616568588407258  0.34668066187727820  0.35722351193810681  0.36774695016647030
  0.37828246575441887  0.38881639495489023  0.39938299544348549  0.40993288200112799
  0.42047409358889876  0.43100793094579126  0.44157616427977242  0.45213921559074921
  0.46271806632554285  0.47329255303402573  0.48388375501580611  0.49446412688563762
  0.50501087405231471  0.51556569061372715  0.52608373082362370  0.53663260811062041
  0.54715863742607351  0.55770970470236392  0.56821840430572867  0.57873088875312273
  0.58920495812697837  0.59972189481136440  0.61023730450197600  0.62082438282244390
  0.63139886089292629  0.64197943766367493  0.65246850352111863  0.66292592707124076
  0.67338993190994889  0.68390208474070335  0.69442049848582987  0.70495088116299609
  0.71549442790639706  0.72606482617161539  0.73663476004718020  0.74721920592066138
  0.75779256910655368  0.76829230584675168  0.77878202217584080  0.78928669377986138
  0.79984855963156998  0.81039973687462652  0.82095523769840029  0.83148409568217396
  0.84200723033525060  0.85251536284386220  0.86301306408265566  0.87351067320136888
  0.88402523426646240  0.89455751951097739  0.90509430418830206  0.91562187211099355
  0.92617597184998557  0.93674136275978470  0.94731350444627482  0.95786883346587948
  0.96840044402122805  0.97892875562887804  0.98945575049830814  1.00000000000000000
 -0.00243737000674725  0.01038746100917991  0.02077160059341160  0.03134823999852167
  0.04188178035870505  0.05237114446008846  0.06290086159344459  0.07342133927112077
  0.08393851634644726  0.09442053879847458  0.10493552765925099  0.11545233818520630
  0.12596335300318912  0.13647501983535507  0.14700331051698184  0.15756208641532807
  0.16811036062457491  0.17865366373675659  0.18916257017706339  0.19966560178822301
  0.21018018790766346  0.22071760544044627  0.23125497029152478  0.24179829184479965
  0.25234614959314811  0.26288410389623779  0.27343016811496462  0.28392867220855872
  0.29444670125245093  0.30495149732459281  0.31549347100124792  0.32602842916741748
  0.33658773177260254  0.34713328693352186  0.35770496052367812  0.36823941188157805
  0.37877909062220311  0.38926317750103306  0.39970537354532909  0.41011608686892959
  0.42058570897455805  0.43109702578725334  0.44166977117975931  0.45220399128451394
  0.46273262792911496  0.47324260368579601  0.48376679729790240  0.49429597434641914
  0.50484109279651601  0.51538959676961593  0.52595252438671192  0.53647479189975389
  0.54698596965430424  0.55747900091284674  0.56796797854059722  0.57845934599538307
  0.58894412031336363  0.59943706004232944  0.60994696370632884  0.62048401733722813
  0.63101215256427623  0.64153475482044131  0.65206176362382362  0.66260848981972242
  0.67314602118759082  0.68365746983439191  0.69418800276238812  0.70472963999573435
  0.71535709792061530  0.72594318462436713  0.73650805462093216  0.74703784541154505
  0.75761057775363516  0.76817702483946970  0.77871591768085480  0.78925930080142037
  0.79982874481534094  0.81038703011167845  0.82091699038006150  0.83141469192934647
  0.84191528985999320  0.85244801489292865  0.86300593426352168  0.87354034453049556
  0.88404008707638404  0.89455576995102271  0.90501723203843898  0.91551816574271150
  0.92598331704120729  0.93650789149774816  0.94704243137583732  0.95762314684979788
  0.96824503470952961  0.97885887572378238  0.98943722185086835  1.00000000000000000
   2.6277868145960172E-016  -1.0000000000000000     
 F F F F F F F F F F F F F F F F F F F F F F F F F F F F F F F F F F F F F F F F F F F F F F F F F F F F F F F F F F F F F F F F F F F F F F F F F F F F F F F F F F F F F F F F F F F F F F F F F F F F F F F F F F F F F F F F F F F F F F F F F F F F F F F F
  <DiscreteSampler_grid>
  grouped_processes
  1 # 1 for a reference and 2 for a running grid.
  10 # Attribute 'min_bin_probing_points' of the grid.
  1 # Attribute 'grid_mode' of the grid. 1=='default',2=='initialization'
  0.0000000000000000 # Attribute 'small_contrib_threshold' of the grid.
  0.5000000000000000 # Attribute 'damping_power' of the grid.
 # binID   n_entries weight   weight_sqr   abs_weight
    10   10   8.807032391072648E-001   1.141842103828024E+000   8.807032391072648E-001
    11   10   8.807032391072660E-001   1.141842103828027E+000   8.807032391072660E-001
  </DiscreteSampler_grid>
