  0.00997220417492077  0.01362800136983783  0.01976681386270067  0.02740037826183738
  0.03570585482982821  0.04419700275205718  0.05304140083525839  0.06200804832328387
  0.07115943833980541  0.08035765855546534  0.08972876216983430  0.09919581103236662
  0.10878485326182637  0.11843541926191843  0.12810909640432733  0.13780172948711716
  0.14752029150469798  0.15726649721368111  0.16704959402471695  0.17685912410091986
  0.18672196646635802  0.19661091964274677  0.20652040295836191  0.21649315102949132
  0.22650971030569092  0.23653341406760725  0.24653496448235299  0.25653626065281243
  0.26656944108815545  0.27661057822123913  0.28667020565789397  0.29674635228311846
  0.30685002313952064  0.31697752815952118  0.32708892785416549  0.33717077946780194
  0.34725037733898456  0.35739435481227882  0.36760532745502383  0.37782426104924027
  0.38801821192092900  0.39822446724427496  0.40847444012933887  0.41873759386795739
  0.42899704462263016  0.43927510697881889  0.44958115540469284  0.45989498057491296
  0.47018173136167651  0.48044606848790294  0.49070853317143048  0.50098975596093687
  0.51127219122094447  0.52155386474361076  0.53182978723029162  0.54211396862234551
  0.55243300620107283  0.56275829582514403  0.57310100732884017  0.58345745497300194
  0.59380680906329486  0.60413202720634029  0.61446389383999489  0.62485750661588979
  0.63534460159493134  0.64588517859891148  0.65641065611997751  0.66690804800126624
  0.67739086678304661  0.68787807832062742  0.69836560897199451  0.70884747331462983
  0.71931752859875364  0.72976901221119095  0.74023093384134719  0.75073527981810539
  0.76129761142521868  0.77193117415097567  0.78263476538892041  0.79337336047010498
  0.80410582542940923  0.81481928634156420  0.82551048785107728  0.83622562529189859
  0.84707519859169855  0.85811465888975480  0.86927943225638904  0.88047265906463490
  0.89175766190235750  0.90321389430010390  0.91488533613983314  0.92682914915913639
  0.93922803371008989  0.95277672474254105  0.97067753481885743  1.00000000000000000
  0.00987729893391507  0.01337520437150242  0.02004535493047596  0.02835205259591306
  0.03706936236579933  0.04610903745810679  0.05537746630184424  0.06478787762691013
  0.07428798794348569  0.08384780997116673  0.09350545807061912  0.10326630976700417
  0.11308010736916468  0.12289206132209035  0.13267774207031618  0.14247379898572665
  0.15231830624043702  0.16215789689866453  0.17206376398218726  0.18203288121496003
  0.19208282505020380  0.20217270010993088  0.21223616700785736  0.22229840129970563
  0.23237751397036760  0.24246231019465875  0.25254241337376027  0.26262069256246967
  0.27270940753377443  0.28281092668318508  0.29293021450488510  0.30307252483652020
  0.31319576103458130  0.32330898838432365  0.33344056290212865  0.34362669425177339
  0.35382545372098889  0.36403410330495134  0.37426830549684548  0.38452074320631185
  0.39478348804571095  0.40504032434050846  0.41529929247750308  0.42557502957117033
  0.43588289349373310  0.44620130806447300  0.45647903087436881  0.46672371088595549
  0.47697748152397418  0.48728082344469570  0.49760778050076226  0.50793626199271680
  0.51832861870945046  0.52876065673985539  0.53916459248349136  0.54948482611719018
  0.55980346617382881  0.57019566891567963  0.58064969225202645  0.59112960449921936
  0.60160479611287621  0.61208673726289420  0.62259538601766162  0.63314402874111664
  0.64369552403013697  0.65421578430610916  0.66472191169571404  0.67522557332212008
  0.68573170724785049  0.69624614559378206  0.70678009296276711  0.71731945073917514
  0.72786727046856659  0.73844339647796531  0.74904428909771370  0.75966462194641993
  0.77031261427146247  0.78099345242258089  0.79174023609118982  0.80257570445526527
  0.81345168940383927  0.82431713103629145  0.83520320567844764  0.84616242337780445
  0.85717182168679618  0.86822712741012031  0.87937951883550103  0.89068291266376631
  0.90212003880926805  0.91375778931433926  0.92563592922927107  0.93794015981329515
  0.95095173469282523  0.96562179638845447  0.98306593606177983  1.00000000000000000
 -0.00220793897720527  0.00956648212278690  0.01976272776795129  0.03040576806059174
  0.04107118942984528  0.05165398568146964  0.06222930608284674  0.07284060897244207
  0.08341794338671026  0.09394369099309351  0.10443988797719206  0.11497577018083052
  0.12553443455289523  0.13612432626586002  0.14669900278946957  0.15723942252721693
  0.16771421240850165  0.17820868188259431  0.18872556301117493  0.19931019162717362
  0.20987233648479794  0.22040749758404082  0.23088362591838138  0.24133048338752941
  0.25184548136236201  0.26238100954551430  0.27292011380202208  0.28343223374942816
  0.29406099159526261  0.30474738007510682  0.31537692988949362  0.32583501754810434
  0.33634655646826539  0.34687607014278216  0.35743568413651877  0.36793249404090872
  0.37844212985880810  0.38887611833158259  0.39926352557932365  0.40955342588803895
  0.41994375381434040  0.43047929503408194  0.44100202217931928  0.45149782537601862
  0.46194208146178256  0.47254244451635075  0.48313598350676368  0.49372542923623480
  0.50420436626480214  0.51471077471537063  0.52524535381658044  0.53589692590026594
  0.54653465940996560  0.55714248297775681  0.56781741842766720  0.57847799197604943
  0.58900609601661269  0.59943718256384626  0.60988348439556361  0.62037558944287441
  0.63084902083244954  0.64132279868464481  0.65186358664863442  0.66245378794595999
  0.67308888281171109  0.68368587099062328  0.69422883927887613  0.70471342492008016
  0.71524879665156638  0.72584891798499374  0.73641117905887266  0.74696898506563847
  0.75751491546715555  0.76812311995107263  0.77868524623219848  0.78916050755429779
  0.79966438975243115  0.81031146954053590  0.82099101491356219  0.83171119503513036
  0.84234682046621789  0.85299985377947685  0.86355747669751448  0.87410058807832780
  0.88469366089763490  0.89529666462484891  0.90577520780430354  0.91629273350542684
  0.92673279805425313  0.93730385736508748  0.94773337557707282  0.95826133567388738
  0.96875875546765411  0.97923628233192805  0.98965652677970084  1.00000000000000000
 -0.00202778622469960  0.00968502259641334  0.01998476026690045  0.03054789099511682
  0.04112613444623770  0.05165733465613941  0.06225500169194745  0.07277451976765992
  0.08331925690485270  0.09374895195588706  0.10415036577791249  0.11461776385111518
  0.12515719185918001  0.13579741122294306  0.14634272767300410  0.15687959272788990
  0.16743538478347594  0.17800690231827968  0.18862537402391741  0.19920228893969791
  0.20979495527161693  0.22039849431741612  0.23100711979790195  0.24156702296050778
  0.25213069978314273  0.26265863573880793  0.27314425766719080  0.28360439511418967
  0.29406330263619074  0.30459178764539147  0.31508192791260720  0.32561463645709093
  0.33614385261316165  0.34666067610756213  0.35707936973523030  0.36749207915675070
  0.37791333546132216  0.38848636868551695  0.39907522918201760  0.40978469869986317
  0.42047329590057780  0.43117546376106308  0.44182943738313130  0.45237054411010896
  0.46287595132341847  0.47333910222651271  0.48376259264905846  0.49422865422003803
  0.50476835574697709  0.51544360528788835  0.52605692850480334  0.53655557831645229
  0.54700265777490253  0.55749369055433762  0.56798833715895525  0.57852867811293518
  0.58904014246946512  0.59952044345662492  0.60996228612665571  0.62035589292058502
  0.63086625139789332  0.64141335523007548  0.65205296385607658  0.66261955204379930
  0.67315542089136104  0.68365738271386034  0.69414939353468419  0.70465321429495587
  0.71516956440188284  0.72574269297862326  0.73632401655984336  0.74688162656758161
  0.75739314008679415  0.76794513925397823  0.77847687896821083  0.78897513873796954
  0.79946835497967550  0.80998360328002239  0.82051780217093206  0.83105243128166673
  0.84164523115652068  0.85217147468821641  0.86267869195697233  0.87311085284462386
  0.88373515264893998  0.89432267567237023  0.90499093387537355  0.91566132904608921
  0.92627756174345877  0.93691152551622536  0.94732501721989348  0.95776896734420225
  0.96824666531997416  0.97875729120898469  0.98936709749369933  1.00000000000000000
 -0.00251903734245831  0.00993960338223581  0.02021381147236998  0.03072272774616371
  0.04116144438398286  0.05162841713176428  0.06216321657225704  0.07280187095469982
  0.08343130961574026  0.09404669806351212  0.10482271306438984  0.11547190472473498
  0.12615317805196258  0.13680348840762874  0.14743468700712314  0.15794565832378396
  0.16844546705566082  0.17892119111071178  0.18941697088462384  0.19980484442216748
  0.21034211716061280  0.22095523659859342  0.23158080613572199  0.24217228836092244
  0.25266653316401544  0.26317661364797229  0.27367984413946694  0.28422396038318992
  0.29474915711653915  0.30528416402984138  0.31579625644605386  0.32626537044223430
  0.33686727694452950  0.34750258314194094  0.35815145890989286  0.36864424033610754
  0.37914496783863144  0.38969639361756198  0.40028640959162942  0.41086266467069466
  0.42141540403702799  0.43194747101323777  0.44241874637082396  0.45280599675851485
  0.46327021552304276  0.47371235782239551  0.48421316171611123  0.49463204434368585
  0.50514898759590787  0.51568215597023659  0.52624663918524606  0.53673966619518754
  0.54725290524187764  0.55774503732027081  0.56832873781463988  0.57897177111922504
  0.58963427407229008  0.60029857104455009  0.61091984529164689  0.62155821738509487
  0.63212479863970394  0.64272428087850186  0.65334973842727651  0.66402754458629798
  0.67459122513322034  0.68510106461225373  0.69556555516017970  0.70607512224952629
  0.71661403668103707  0.72721393956464309  0.73785173525736680  0.74846755699510703
  0.75898465383473201  0.76948499945743354  0.77991199981668824  0.79032611517804285
  0.80067560681954830  0.81108518314323608  0.82151684018745286  0.83201408221191442
  0.84256869478791119  0.85313544182818368  0.86362035871494147  0.87403780301516276
  0.88447995049777639  0.89496515847230429  0.90545928204028747  0.91599121818365903
  0.92643777958523088  0.93690637864460591  0.94743067076962206  0.95796971401606268
  0.96849023720381944  0.97895667361190197  0.98947636480094736  1.00000000000000000
 -0.00224842205592780  0.00955546014885420  0.01958990658756897  0.03003294744220034
  0.04046430058596576  0.05103324140116159  0.06161963291738382  0.07221026463575621
  0.08271647547427195  0.09315128740146868  0.10351059807165496  0.11395809692133931
  0.12451772835938865  0.13522841351855383  0.14588416828159373  0.15633939917367234
  0.16680704490950982  0.17723445886559491  0.18783057495530528  0.19834107347646951
  0.20894153091695972  0.21951144449112847  0.23010967711429831  0.24075451655120111
  0.25137923960989333  0.26195838898880697  0.27257305652910002  0.28314286939806438
  0.29381484786139428  0.30439710754038762  0.31501581450138733  0.32550220991892764
  0.33599907064767892  0.34650504677514954  0.35697456222742074  0.36738480937088647
  0.37773654942958618  0.38824342461178274  0.39877150799813604  0.40943187270119530
  0.41994043236266149  0.43049037075262486  0.44105042451921539  0.45165561390713160
  0.46219872896991748  0.47269403837999163  0.48329636385857877  0.49396022238205495
  0.50459608333716899  0.51526311863222241  0.52592921832845285  0.53669167118324690
  0.54739918151222822  0.55813170051313332  0.56886090940570266  0.57951156008144000
  0.59011563166794567  0.60069019625834497  0.61129095748508566  0.62183035861704694
  0.63233298465610066  0.64285050920754383  0.65334221959186067  0.66381245010317003
  0.67424065405292966  0.68473357872814677  0.69522751762184865  0.70576511927867058
  0.71632820272859421  0.72688615883734342  0.73746120053849684  0.74805152179189338
  0.75859257841599326  0.76909172057483133  0.77949415450190285  0.78996836654419611
  0.80045477882838656  0.81093962227376193  0.82134210515657180  0.83166958689735226
  0.84205427376424258  0.85247661757718374  0.86296368521784883  0.87344626418045812
  0.88404824934146586  0.89473905188572989  0.90536206435905320  0.91598374292803697
  0.92654192462142992  0.93709829441190651  0.94755689967455847  0.95807993413567238
  0.96867353308430204  0.97918262536212286  0.98960194947455737  1.00000000000000000
 -0.00213971750970901  0.01009738644366991  0.02042870980991490  0.03092707645085389
  0.04158360936720887  0.05224587571084176  0.06292133653106922  0.07338221453780970
  0.08392854352444028  0.09443270610827068  0.10492172561156365  0.11542966412356989
  0.12591347570227301  0.13652482069393782  0.14709293813846652  0.15779617421493392
  0.16843833234048547  0.17909938569383885  0.18962568737276550  0.20017639650651209
  0.21069694506052999  0.22123332152064704  0.23176060445271471  0.24223974553708405
  0.25284735072975933  0.26340867311684690  0.27395017974081259  0.28443130236327702
  0.29489431991641851  0.30554530971000593  0.31607737603112346  0.32675843298844093
  0.33729938786505581  0.34787108747095569  0.35835593443960212  0.36882855784338081
  0.37930505477799586  0.38984583245696819  0.40040391959844429  0.41089504076901734
  0.42132846934706986  0.43184704511416860  0.44236313973611963  0.45288965313559121
  0.46341427012723890  0.47400815549813913  0.48457463728710182  0.49507655067349687
  0.50561602669576644  0.51615494052669797  0.52670935287794673  0.53722045996813483
  0.54771372539434915  0.55819948727718538  0.56871938419930446  0.57924003638574761
  0.58980632658064558  0.60027484986155721  0.61074967666619262  0.62123131963774947
  0.63175966266936368  0.64229780535497494  0.65275790657127242  0.66333338203071301
  0.67385233612065620  0.68440655456634780  0.69490046572877684  0.70540209159818079
  0.71593912947946514  0.72640907492373630  0.73688128591052071  0.74731630046987751
  0.75779859920989623  0.76832202037697617  0.77882946561418720  0.78938335908677559
  0.79992640782660285  0.81045902543189197  0.82099718424711865  0.83146770795936398
  0.84194235742524415  0.85240388162716418  0.86298995401942169  0.87359456832338223
  0.88421192687153949  0.89482378683903496  0.90550197197115079  0.91613659403396264
  0.92665995541959700  0.93713955242084779  0.94758493478255523  0.95802970112883468
  0.96848051945680969  0.97898023692929392  0.98951212910681641  1.00000000000000000
 -0.00251908457590683  0.00959816811058556  0.01973434589859718  0.03021837499688754
  0.04068272366074096  0.05115118453388282  0.06169269719271149  0.07225661829946201
  0.08279547103317819  0.09321418287929883  0.10362206510430964  0.11404245416176087
  0.12450767147561119  0.13495078240623845  0.14548585839643841  0.15593613836646117
  0.16645825503027500  0.17696782916071679  0.18742134039119265  0.19793545521636996
  0.20840454636305322  0.21900494469367979  0.22960945590309462  0.24021266288190840
  0.25085466553795227  0.26146973213974839  0.27207378622839873  0.28267295322302488
  0.29314758240010041  0.30367697230144725  0.31420062418132344  0.32478089757180234
  0.33538769183477596  0.34602085478908906  0.35663993846465675  0.36725268537460648
  0.37791226410798429  0.38860401868544137  0.39915545360766630  0.40961306076350756
  0.42013171193723081  0.43064484001524428  0.44122228909464745  0.45163062557738898
  0.46215891016122757  0.47264269706302314  0.48315236448036181  0.49364401691880044
  0.50412958779531802  0.51460582922090425  0.52505467347469259  0.53555528944583519
  0.54618530773172180  0.55686701952378670  0.56747781626350358  0.57815539517684089
  0.58876276529564531  0.59940123460718508  0.60992357966769450  0.62048879009213309
  0.63108012374981903  0.64168933333354850  0.65226825738542693  0.66282144500376616
  0.67339444500216405  0.68394041840935393  0.69450338062256267  0.70498099250670465
  0.71539012832544702  0.72569326415499591  0.73598096552828740  0.74636613126269280
  0.75679736935241604  0.76719523868974104  0.77762637092339715  0.78812595293378818
  0.79865435907254079  0.80928268353899757  0.81992728334372300  0.83067656243720966
  0.84129028345915235  0.85188724879136868  0.86237457317045740  0.87284286660237542
  0.88338744927359292  0.89394585632664636  0.90447563936834352  0.91494581466384983
  0.92549896292533751  0.93606146782765465  0.94663999794846787  0.95718311605743911
  0.96782291184186431  0.97851814395925418  0.98923703677685648  1.00000000000000000
   4.3370374748164497E-016  -1.0000000000000000     
 F F F F F F F F F F F F F F F F F F F F F F F F F F F F F F F F F F F F F F F F F F F F F F F F F F F F F F F F F F F F F F F F F F F F F F F F F F F F F F F F F F F F F F F F F F F F F F F F F F F F F F F F F F F F F F F F F F F F F F F F F F F F F F F F
  <DiscreteSampler_grid>
  grouped_processes
  1 # 1 for a reference and 2 for a running grid.
  10 # Attribute 'min_bin_probing_points' of the grid.
  1 # Attribute 'grid_mode' of the grid. 1=='default',2=='initialization'
  0.0000000000000000 # Attribute 'small_contrib_threshold' of the grid.
  0.5000000000000000 # Attribute 'damping_power' of the grid.
 # binID   n_entries weight   weight_sqr   abs_weight
    10   10   1.422445467697689E-003   2.458589946579997E-006   1.422445467697689E-003
    11   10   1.422445467697689E-003   2.458589946579993E-006   1.422445467697689E-003
  </DiscreteSampler_grid>
