  0.00958201238133149  0.01606053941397397  0.02506097300754170  0.03585259235760774
  0.04618268124544048  0.05657425770307662  0.06703663733273804  0.07751594799323311
  0.08796945895925178  0.09839485124050960  0.10880448325933784  0.11921722621702555
  0.12960205719568851  0.13996949430733061  0.15030608103375842  0.16065589182272855
  0.17099609481686590  0.18134402435849870  0.19168530057684607  0.20204013901161802
  0.21235250547330087  0.22269071632702506  0.23300789612017869  0.24341432303390878
  0.25379208324398672  0.26421574783241220  0.27461253336743685  0.28500828785850346
  0.29537773613043428  0.30576270413834794  0.31614251896917456  0.32652167239253943
  0.33687786481828069  0.34724213752831479  0.35762822784732401  0.36803591730372115
  0.37844691690089682  0.38886299332425472  0.39923872290599399  0.40960776618862882
  0.41997492907483375  0.43036015994278704  0.44073089164727891  0.45107687941728486
  0.46144551842197173  0.47183720150301173  0.48223580249003339  0.49262871428682820
  0.50303124339696348  0.51343496433927782  0.52381093014582680  0.53415591603849621
  0.54449728786112939  0.55486046779211917  0.56525068035342663  0.57566623648799287
  0.58607629882672585  0.59646616584335022  0.60682369056947350  0.61717007491463649
  0.62753907151822819  0.63794449499023864  0.64838258235067203  0.65881596217448246
  0.66920998784548202  0.67956535465562218  0.68991923394512378  0.70031209210166356
  0.71073237943153156  0.72114302995566026  0.73153720227419272  0.74191600826643922
  0.75229980748406156  0.76268383609107171  0.77306275410940584  0.78343981719408107
  0.79382839260883786  0.80419431101588634  0.81455813655421749  0.82489910454844140
  0.83527016764877626  0.84566588890122107  0.85606503700395531  0.86647345275262044
  0.87685497110809840  0.88724863044830671  0.89762634303227651  0.90799346010877158
  0.91834383758791238  0.92866582904029593  0.93902654725787327  0.94936883908125036
  0.95971688575356662  0.97004875164971427  0.98041593553055928  1.00000000000000000
  0.00965634278005941  0.01624912339440241  0.02535023172902289  0.03618244399479994
  0.04653480066414363  0.05689757046138432  0.06727768403617937  0.07767065053513703
  0.08805515492267825  0.09840783158768307  0.10878356544750944  0.11919255607329339
  0.12963064199673299  0.14006424471092749  0.15047737318879889  0.16088658477553333
  0.17130686709355136  0.18173835492829210  0.19215443056157863  0.20252954860834990
  0.21287253682407301  0.22320302088058019  0.23358931545502851  0.24397861513616631
  0.25439381380074966  0.26476134709249000  0.27514892465231772  0.28552364941779901
  0.29588497684455400  0.30621512508781668  0.31656532701040674  0.32693198377763905
  0.33733609223979349  0.34772705389662828  0.35811475018393601  0.36849804752434268
  0.37887566414512436  0.38928621527098822  0.39969912392739643  0.41010570503027283
  0.42047265328066408  0.43080066363681807  0.44114788131857702  0.45150572073323897
  0.46187997014021026  0.47225037358629834  0.48262966911981875  0.49300960686042156
  0.50337966049249649  0.51374431387124286  0.52411260846581775  0.53449445663066897
  0.54487950984935263  0.55526575777957643  0.56564146216328914  0.57599252269399981
  0.58634731604462043  0.59670981330904338  0.60710086493800164  0.61752019742813513
  0.62794759813044421  0.63834023333367851  0.64868575897863801  0.65902912578258255
  0.66942219385115875  0.67987649659021887  0.69033179131513012  0.70075209133409821
  0.71113495209705502  0.72151603137329245  0.73191742028143336  0.74231396834372210
  0.75268086562698744  0.76299696426812236  0.77328857685774521  0.78360267950068863
  0.79395367139487849  0.80434195876464221  0.81470824584594714  0.82508029526393178
  0.83545127642942096  0.84585593841876150  0.85624998715439715  0.86660356421880669
  0.87693364356865633  0.88728598339361997  0.89766275817424412  0.90801439340055867
  0.91835557910829058  0.92871245427979721  0.93909953928224188  0.94948613446849794
  0.95986343636365945  0.97020378187564627  0.98055883464803650  1.00000000000000000
 -0.00251007052766579  0.00945591591490752  0.01960802359391247  0.03013028125765008
  0.04066541645319951  0.05120873126754337  0.06172475916046512  0.07221303360333332
  0.08270849237517165  0.09322754612731403  0.10382508067410232  0.11437872490609566
  0.12497760301738646  0.13555957757700146  0.14619223738671255  0.15675998179274420
  0.16732119460243386  0.17785110048216915  0.18840465658917813  0.19894653806471260
  0.20948973689250458  0.22003084828581579  0.23056065307488949  0.24109872951319750
  0.25162016275341320  0.26213730098249194  0.27264902006034381  0.28315420284039167
  0.29366054301878830  0.30420588807835897  0.31474508453927064  0.32530812794518638
  0.33585372179170786  0.34638321739032729  0.35691530759758638  0.36743420344901689
  0.37800034363158064  0.38860421604854684  0.39919045069674053  0.40976276387110661
  0.42028590001802041  0.43080624983177157  0.44130936913162394  0.45179247736444911
  0.46227949152706632  0.47281073104084731  0.48337731451952870  0.49393139450257217
  0.50446728304271216  0.51499600999156980  0.52551223971074223  0.53606173062408169
  0.54658638817935512  0.55718463519549055  0.56773830836502270  0.57832734599829294
  0.58886435933514958  0.59939680529556227  0.60991649496958433  0.62040320506943525
  0.63088380931818966  0.64137065418165307  0.65189305892242710  0.66246898338751381
  0.67305674830380890  0.68363060977107837  0.69419061609898336  0.70475838007429115
  0.71533830502769036  0.72593546373898843  0.73648310900570335  0.74704418386914606
  0.75757718869007729  0.76810696091756725  0.77860604234354591  0.78907577506589310
  0.79958308849771509  0.81012231075898378  0.82068026946371209  0.83124027739873751
  0.84184500153461761  0.85246232832868452  0.86305381567259876  0.87360186414082108
  0.88413421314992680  0.89468547591184477  0.90523366539440264  0.91578577666613403
  0.92629635040366265  0.93681307605182795  0.94730733321337579  0.95785791335546122
  0.96840006389940436  0.97894843253461628  0.98947646093062347  1.00000000000000000
 -0.00245964360524265  0.00947846058238627  0.01957697976062121  0.03003734065411774
  0.04054761519523453  0.05113488712600493  0.06169733528875759  0.07228294732347719
  0.08285451739702199  0.09345509228506299  0.10404084670585255  0.11459006129397897
  0.12511395318558455  0.13557260487383485  0.14605456946203471  0.15655886542148686
  0.16712442434521974  0.17770955888669318  0.18826810843412309  0.19879347852926676
  0.20931147279720083  0.21985098463052261  0.23039210751311301  0.24093452989504049
  0.25146273485216530  0.26201638467415189  0.27254553576465784  0.28309680477674093
  0.29366463044425600  0.30422926235324660  0.31479331708298069  0.32537157538485395
  0.33597892642356064  0.34659860745027282  0.35718107308235569  0.36779416937084686
  0.37837326999576765  0.38890351974730841  0.39941576442967291  0.40995255762173161
  0.42053965061335047  0.43111261687301383  0.44167207716103452  0.45220767379608390
  0.46272569375147338  0.47322405674764900  0.48374844360612168  0.49427732156656456
  0.50484162342630645  0.51538092145842851  0.52592589944938528  0.53646714331630341
  0.54702426102883772  0.55756139949396399  0.56808475489420107  0.57859137151583795
  0.58913601339761945  0.59971621761088989  0.61030491679421095  0.62085997851428965
  0.63137872186349453  0.64188900587151076  0.65241740437605167  0.66293243885145592
  0.67349286076185599  0.68403408827922296  0.69462927454717294  0.70519412421929428
  0.71584876164110112  0.72649130944829932  0.73711032366970142  0.74761390599192656
  0.75810091885035968  0.76862918707489403  0.77916238530626403  0.78970928775226479
  0.80018251668176898  0.81065828593932943  0.82107501771942681  0.83154810328113637
  0.84207794614196951  0.85262996351074238  0.86319149858467537  0.87370223969964422
  0.88424461761557938  0.89477394888720629  0.90528912907175696  0.91581372340693024
  0.92634355720339778  0.93687988786463616  0.94741074801583891  0.95792019234168180
  0.96846609643868620  0.97899521016018964  0.98950818925817063  1.00000000000000000
 -0.00229860741798070  0.00959827507517350  0.01978748596527538  0.03026207984971405
  0.04079698320211312  0.05132487319511392  0.06185544485669143  0.07238770150098979
  0.08290127064141010  0.09345701780447710  0.10398287628091914  0.11455754377338274
  0.12507961352304620  0.13561562613109326  0.14611387713863669  0.15662326249659816
  0.16713271655118012  0.17766750630297670  0.18820322373984244  0.19874813304578753
  0.20926453034339434  0.21976261668678571  0.23029071456541841  0.24079191248675585
  0.25133049061102364  0.26186813337374254  0.27240433228788929  0.28295321221967534
  0.29349277055300843  0.30406985016385424  0.31462963361082169  0.32525156784841658
  0.33585246323393253  0.34645308360499388  0.35697140222235296  0.36748086717465878
  0.37800459542799947  0.38852563759115638  0.39909408694641463  0.40966476307138872
  0.42019054880885837  0.43068989333997260  0.44112274555693176  0.45159144284044145
  0.46204356378123779  0.47256405597162682  0.48309125918295931  0.49365956548507067
  0.50419456603002466  0.51474672123266951  0.52530531739176667  0.53589876659585656
  0.54644764742209073  0.55700946153615749  0.56753897720644275  0.57807841441284136
  0.58857736057826371  0.59911262168841906  0.60967597213367741  0.62024995337738198
  0.63079574354108991  0.64134473241088819  0.65189031659806107  0.66243360401832407
  0.67297165145483473  0.68348474943738824  0.69400574877529286  0.70454850237036404
  0.71509679629919520  0.72568150356420280  0.73624075447155279  0.74679985182181219
  0.75731229988587323  0.76780938161906187  0.77833521764742264  0.78887880436987678
  0.79943481002650407  0.80997428974446561  0.82053492388615890  0.83109848967296951
  0.84169240422163194  0.85222304131766746  0.86274041257587997  0.87322240909953897
  0.88371761702046003  0.89425286933034920  0.90483766925563769  0.91546240830524117
  0.92606680142664333  0.93666490723616858  0.94727275825302015  0.95788581905083936
  0.96847137601348177  0.97902328088345103  0.98952314787815754  1.00000000000000000
 -0.00196576504267616  0.00965551443516660  0.01980931794234540  0.03027928909490472
  0.04077711255130812  0.05128328761614464  0.06180384982186343  0.07231009788478257
  0.08282941606163072  0.09335126218019714  0.10387988838186835  0.11442002764767106
  0.12500108041633462  0.13555563977300011  0.14609232980074835  0.15660653454725867
  0.16713662671409152  0.17769402218244049  0.18827081727922682  0.19882067914362622
  0.20935885147015557  0.21986066832514572  0.23040787052163625  0.24093727177606705
  0.25145886223139241  0.26196727061694192  0.27248581911122277  0.28302977541371349
  0.29362819396533291  0.30421652309019048  0.31484558318984573  0.32541019058900889
  0.33603019241473020  0.34660122749313538  0.35717802530546883  0.36770427769237318
  0.37819886337498859  0.38867726717200735  0.39916505952960440  0.40966896567405514
  0.42017915276981238  0.43070047283778290  0.44124035791913185  0.45180326324755576
  0.46236995722888380  0.47294555795034160  0.48350421352905804  0.49411146704481690
  0.50470369727682074  0.51531952013299653  0.52587534032975591  0.53641151871798465
  0.54695117403324600  0.55748297922042245  0.56806435529372656  0.57863329643111072
  0.58919046164628452  0.59972726946562604  0.61023595634441496  0.62072766765081810
  0.63119187803908960  0.64167998742066823  0.65217189414146570  0.66271349881096486
  0.67323045490430033  0.68379670651103575  0.69433971807076456  0.70485300727939604
  0.71534870816332130  0.72582801136168351  0.73637137777954753  0.74696191930391798
  0.75756350532530936  0.76813716920097486  0.77868178869357985  0.78921154661705917
  0.79978499148239646  0.81033064941023214  0.82089133983020068  0.83144602029510262
  0.84200092388742287  0.85256933887144204  0.86308055632280423  0.87360833726551723
  0.88412409434428574  0.89468736707279206  0.90523136883703137  0.91573278473647568
  0.92622771321623609  0.93670659020112446  0.94722239887293769  0.95771210603662349
  0.96822676831360721  0.97879849510265871  0.98939153709961247  1.00000000000000000
 -0.00238814562648434  0.00979018877789714  0.02001767653785111  0.03056430907080352
  0.04115102822302145  0.05175422347219019  0.06233148231667886  0.07289051602304493
  0.08338358888900421  0.09386766315525556  0.10431441663183036  0.11481272304840694
  0.12530283866534209  0.13584646552722837  0.14634726838666975  0.15686972757099699
  0.16735205691451940  0.17784884587910740  0.18835121497454257  0.19890019197996747
  0.20944123692724351  0.21997053337230171  0.23046843056274857  0.24094890796544016
  0.25145374499015249  0.26197036814907321  0.27254054496887775  0.28305915488314604
  0.29359132043356789  0.30413356877547165  0.31471793099875023  0.32528364640032403
  0.33585840003548117  0.34639808090083068  0.35695818168912458  0.36747827310124287
  0.37796221039867339  0.38844875019550190  0.39894725872397840  0.40951439839529380
  0.42006368331324723  0.43060131585772077  0.44111097967124518  0.45162066084047214
  0.46216536575683193  0.47268551422212812  0.48317037732475815  0.49363086270885970
  0.50413405334089978  0.51467116159778870  0.52518367506441666  0.53572278721170363
  0.54626540236788623  0.55682358170256663  0.56742523887717422  0.57803063457566684
  0.58865900548503003  0.59922957066243954  0.60982198286276446  0.62036065265049778
  0.63089721380796160  0.64138855570718323  0.65187985846166485  0.66236394403120091
  0.67287518977317562  0.68346937928664786  0.69403837810766755  0.70463450622792878
  0.71518969391774201  0.72575657010943972  0.73630421839316784  0.74683777133025919
  0.75739444261498756  0.76791336114373954  0.77842886978210035  0.78891247011076615
  0.79945023890280231  0.80999856270076875  0.82054526109883041  0.83105623564247544
  0.84157051897120572  0.85208784333228427  0.86264171853721827  0.87320209783117475
  0.88377534475777408  0.89431292910391669  0.90489769034499723  0.91547527892193004
  0.92605441955214407  0.93658209231845047  0.94714724054379562  0.95770431403079781
  0.96824200259834459  0.97878328025694605  0.98936944915383573  1.00000000000000000
 -0.00243691431169644  0.00946174200823187  0.01963656586131409  0.03019746770007456
  0.04078969134190139  0.05136080217050131  0.06193494159168510  0.07247058401599854
  0.08302158656316515  0.09355892129466720  0.10410481059110814  0.11461330652254323
  0.12514369600497299  0.13568930200718654  0.14623829614896761  0.15680564762499169
  0.16737293008395457  0.17794440330337538  0.18850762384720743  0.19904985265078035
  0.20957557701816998  0.22011379797784406  0.23065701704074718  0.24118658017800060
  0.25167735892121679  0.26218952568517667  0.27274371372250905  0.28329166256288146
  0.29382806938691730  0.30431326421873056  0.31480560325695750  0.32528713512315999
  0.33575678933915087  0.34628656008092978  0.35680389512101324  0.36738727791102616
  0.37788683836649650  0.38841862748775929  0.39891349945129029  0.40941521585870527
  0.41994185539098361  0.43049676270956627  0.44108320224643710  0.45162333421659590
  0.46218916626869183  0.47274341987807555  0.48329322364977034  0.49380790953436360
  0.50439461612635839  0.51499771110844861  0.52564378893698749  0.53624213655817787
  0.54684281528936340  0.55737948564019879  0.56784851558548499  0.57833400793401180
  0.58884760280515080  0.59944761164211324  0.61004311611063489  0.62060895833375318
  0.63111247250271474  0.64157698744203373  0.65206930258308937  0.66258734337771008
  0.67311279814797020  0.68364028787435138  0.69418137030044724  0.70472516329538804
  0.71524060540304957  0.72573983772961692  0.73622111281332703  0.74668354495637312
  0.75716577022819032  0.76765761572691038  0.77816814795013678  0.78865613310495031
  0.79921968998236470  0.80979703779758339  0.82039790103191390  0.83095425511869558
  0.84153079683776855  0.85210195272950107  0.86266777521389293  0.87323167241870669
  0.88378011049125860  0.89432010490039349  0.90486431695139669  0.91543298739392720
  0.92604141080581637  0.93663372963166003  0.94719593625017440  0.95777608581504137
  0.96839290339343465  0.97898998193691344  0.98952526269351926  1.00000000000000000
   5.9267298854453721E-013  -1.0000000000000000     
 F F F F F F F F F F F F F F F F F F F F F F F F F F F F F F F F F F F F F F F F F F F F F F F F F F F F F F F F F F F F F F F F F F F F F F F F F F F F F F F F F F F F F F F F F F F F F F F F F F F F F F F F F F F F F F F F F F F F F F F F F F F F F F F F
  <DiscreteSampler_grid>
  grouped_processes
  1 # 1 for a reference and 2 for a running grid.
  10 # Attribute 'min_bin_probing_points' of the grid.
  1 # Attribute 'grid_mode' of the grid. 1=='default',2=='initialization'
  0.0000000000000000 # Attribute 'small_contrib_threshold' of the grid.
  0.5000000000000000 # Attribute 'damping_power' of the grid.
 # binID   n_entries weight   weight_sqr   abs_weight
    10   10   1.323408776872734E+002   2.938952089354969E+004   1.323408776872734E+002
    11   10   1.323408776872734E+002   2.938952089354968E+004   1.323408776872734E+002
  </DiscreteSampler_grid>
