  0.01052142414972785  0.01217780773316748  0.01484970236309473  0.01788469551720436
  0.02177514563165984  0.02694708278626200  0.03264561404334457  0.03858489400324563
  0.04472147863428216  0.05089420151289838  0.05758692149844916  0.06462241091640694
  0.07333550901104037  0.08264304357894288  0.09038238172743826  0.09767283871230907
  0.10492864964130916  0.11250903946746774  0.12116389922775106  0.13097946710847058
  0.14078372669672545  0.15154134498726454  0.16202484607461604  0.17152957886276643
  0.18142486153110582  0.19118013467484798  0.20085510291148409  0.20997783008850593
  0.21874141486036405  0.22782127968572249  0.23717634735977153  0.24704683237097322
  0.25714716918665081  0.26708675684083100  0.27686762471757176  0.28645498681968534
  0.29670534686936328  0.30846979518712414  0.32046439098129142  0.33242784935059894
  0.34499052703797561  0.35822089629153325  0.36995013911695512  0.37990334125585706
  0.38929676606181457  0.39811588627029404  0.40847937539874069  0.41948526619263343
  0.43250673119555455  0.44591976778367343  0.45903021849248221  0.46885233899270756
  0.47799251292236961  0.48676742725598582  0.49686091556224238  0.50937226410623759
  0.52254247783752972  0.53433920658761203  0.54564278033337443  0.55733377626860547
  0.57028006546592680  0.58514976237564487  0.59824706042317366  0.61124381806215289
  0.62415190909532814  0.63828348988101158  0.65007270398168160  0.66019731554829242
  0.66995471236354986  0.67991363004170002  0.69064754775704973  0.70267540753104563
  0.71440465252545471  0.72410896264661329  0.73410559923946372  0.74489210131053618
  0.75406825133956512  0.75851356824515792  0.76276216324597679  0.76721349191153676
  0.77216317646829680  0.77766270187920117  0.78234955983109167  0.78624286784421660
  0.79778441061485383  0.81092992083790805  0.82543932345922777  0.84024452882229017
  0.85356221870407456  0.86707569671514495  0.88105256247690056  0.89796740024370225
  0.91359605473387329  0.93142157246040114  0.95606771631094556  1.00000000000000000
  0.01036829917326917  0.01130632180615106  0.01512166076544295  0.01920737997926568
  0.02451637745981691  0.03070099761567318  0.03707242591200317  0.04434585301515474
  0.05301790950665537  0.06198522194928251  0.07103259341478792  0.07933700384032921
  0.08714674217585948  0.09535802863800953  0.10411324644388419  0.11375737066355893
  0.12369963950342665  0.13348207470153678  0.14370372306095644  0.15485139398005507
  0.16703374845971819  0.17996092349890239  0.19305691073326819  0.20513785110345450
  0.21666271719502955  0.22659902529110856  0.23702672127440089  0.24736652610412921
  0.25962407664543818  0.27180970041529801  0.28353225126847709  0.29482623882282405
  0.30613797638608242  0.31818640129532572  0.33110404342645144  0.34450420466105103
  0.35807619546232045  0.37134446884817984  0.38372297026457464  0.39525407131958074
  0.40606591283467020  0.41721845656261319  0.42884679506035522  0.44022440636086679
  0.45021841986543820  0.45977329284427793  0.46945573130695611  0.47911652751873107
  0.48816586194081268  0.49670404615469693  0.50511865822545055  0.51418175658928877
  0.52322663849957562  0.53339498715344280  0.54060421699413075  0.54474248913007950
  0.54956858519635399  0.55385993590338389  0.55784362258812981  0.56238489892944732
  0.56659555643816895  0.57252593183331968  0.58261412512571586  0.59391687589599340
  0.60548860743612687  0.61778903578040922  0.63082671489303965  0.64235582972563032
  0.65195194871699180  0.66100329872699681  0.67024307511493586  0.68023692190908325
  0.69205121819487181  0.70439811661369256  0.71588346565239924  0.72722973265756385
  0.73887341949716512  0.75074330791430011  0.76298643711332637  0.77592860111214401
  0.78829930012233140  0.79922636651696433  0.81004919022306821  0.82064703529630734
  0.83230705007080696  0.84518335276818868  0.85776787532897891  0.87146227848040059
  0.88505520261189619  0.90061139552830161  0.91723750592336206  0.93810435346473142
  0.96014474163688479  0.97831186742594212  0.98973910623572758  1.00000000000000000
 -0.00005966872847299 -0.00003924370251028 -0.00001881867654758  0.00000160634941512
  0.00002203137537783  0.00004245640134053  0.00006288142730324  0.00007808457209379
  0.00007873222914118  0.00007937988618857  0.00008002754323595  0.00008067520028334
  0.00008132285733073  0.00008382921742917  0.00008666627841718  0.00008952564950312
  0.00009241247460306  0.00009532851499273  0.00009824611926581  0.00010118168553987
  0.00010414785084873  0.00010715214962526  0.00011018804923591  0.00011323519797459
  0.00011632192633521  0.00011947455685178  0.00012271933266168  0.00012600781324936
  0.00012931280159097  0.00013263598916276  0.00013598138550899  0.00013936354568960
  0.00014281558499240  0.00014637369090294  0.00014990712594697  0.00015458369705281
  0.00016776031009421  0.00019904395181061  0.00022809653335346  0.00025496727760232
  0.00028015766842552  0.00030022776916627  0.00031983299229832  0.00033465748390508
  0.00034948197551184  0.00036291402037305  0.00037597720966754  0.00038857273632938
  0.00039937659538912  0.00041018045444887  0.00042091939713982  0.00043155755049606
  0.00044219570385230  0.00045268009703661  0.00046303112918325  0.00047338216132990
  0.00048409645480288  0.00049498631918068  0.00050589379436842  0.00051720434562190
  0.00052851489687537  0.00053958548573088  0.00055042317334178  0.00056126086095267
  0.00057096063146683  0.00058061503478923  0.00059024092336797  0.00059969345019433
  0.00060914597702070  0.00061876897611518  0.00062887565145469  0.00063898232679420
  0.00064979169306672  0.00066089883601394  0.00067138892400138  0.00068090163994871
  0.00069041435589605  0.00069859340891700  0.00070615511399264  0.00071371681906828
  0.00072154609316111  0.00072964976893364  0.00073775344470617  0.00074660610231901
  0.00075610029052018  0.00076557077653149  0.00077361742226902  0.00078052832244825
  0.00078511450631765  0.00079054944949120  0.00079667498762578  0.00080098967236757
  0.00080163557839029  0.00080163557845720  0.00080163557851889  1.00000000000000000
 -0.00281200987085966  0.01270302961712599  0.02576144473068238  0.03914178082393305
  0.05171932654756355  0.06221628798532184  0.07145991501545099  0.08048834035548257
  0.08982979238884164  0.10033747435064116  0.11223402023044352  0.12343883265780727
  0.13455448765360464  0.14551740176560882  0.15615138995966676  0.16703759559243786
  0.17912159431329783  0.19304255109843529  0.20664960577229075  0.22005540356286715
  0.23094573058954179  0.24076472998294768  0.24984133776021170  0.25845071857268942
  0.26878491302427304  0.27873586310379284  0.29021347180761448  0.29999745407536543
  0.31006338348006873  0.32015048137624552  0.33192383838738065  0.34211432189543695
  0.35160787911066355  0.36064813556210679  0.36988457026393046  0.38091477325379675
  0.39263024241057798  0.40611040735537013  0.42002444105870279  0.43230356079047594
  0.44285464220954873  0.45341900371929306  0.46539922220838753  0.48022183678726071
  0.49363304013143350  0.50467014052777592  0.51429022258654911  0.52353393198633680
  0.53324649452868411  0.54404349269880570  0.55554966463482469  0.56640050323602753
  0.57773502139972366  0.58978182710694682  0.60274059154675241  0.61575604214870427
  0.62747510007986729  0.63766575709705930  0.64705868013153667  0.65607277503936434
  0.66598709515762644  0.67624717006693136  0.68780362715144028  0.69886659369327198
  0.70909628335700892  0.71935653702846347  0.73033577692148510  0.74330160335299844
  0.75636634378174994  0.76891414630912847  0.78109056811193800  0.79219196244541901
  0.80259892085904994  0.81260998143737784  0.82238467028335038  0.83254575688217525
  0.84175526616475027  0.85045156459538618  0.85942301856893399  0.86907664365922122
  0.87982485351144191  0.89072121549497285  0.90232311839679946  0.91582743879251893
  0.92872119434929379  0.93777979367503939  0.94249830495941245  0.94713204127870443
  0.95153017972256415  0.95589721190494814  0.96021169124614847  0.96351043089054755
  0.97032107097320508  0.97860087275718632  0.98846216512388485  1.00000000000000000
 -0.00280147183539983  0.01035862269056731  0.02148230145982469  0.03186841562937359
  0.04241386925121449  0.05478761581368668  0.06754280670958647  0.07982009285746897
  0.09241405217593145  0.10488393002737942  0.11648884068041070  0.12683471479981379
  0.13715482972164644  0.14689653159524219  0.15699519301744216  0.16868576959864917
  0.18199351884083742  0.19197536231929690  0.20015633218305751  0.20577289632898030
  0.20895516632886196  0.21345710659848272  0.21760520602751579  0.22180826729185554
  0.22618975331436572  0.23050248490705785  0.23492412457382633  0.24465260707476089
  0.25716642730960676  0.26812308093552412  0.27827007842649348  0.28799671980822672
  0.29812143421667370  0.30943604072210107  0.32173535666249703  0.33442162514733759
  0.34464530123219950  0.35321611251194507  0.36095809271482948  0.36921545213171858
  0.37795875110895882  0.38788297886368006  0.40085421101287905  0.41474983588611608
  0.42770014278187279  0.43986448167938641  0.45250457923538800  0.46527279848814235
  0.47742580762588999  0.48902836330207455  0.50069939865059576  0.51207998907492813
  0.52413950930062003  0.53612841495475816  0.54789568792471055  0.55705757702460568
  0.56714644598357544  0.57766709494554591  0.59069116728134141  0.60453958995909174
  0.61663482156975036  0.62799943491864740  0.63936646492266558  0.65247619145513058
  0.66543916629970923  0.67719070298134965  0.68815735401365985  0.69934791173764499
  0.71131314155457659  0.72253550880657758  0.73279507653614695  0.74329440648732592
  0.75576092685624907  0.77006257295914071  0.78349517060815843  0.79440207304269339
  0.80463618994656427  0.81539957667356666  0.82707156650820146  0.84004362566320323
  0.85129435555861865  0.86115940608345143  0.87045609742884922  0.87980074431219790
  0.89028667586580135  0.90243433358075131  0.91260666063445106  0.92190242040665471
  0.93077410804337213  0.94041391460108426  0.95037653550581491  0.95998273147787072
  0.96949869332491689  0.97939873030699809  0.98925711512631953  1.00000000000000000
 -0.00239774085695130  0.01100453813482671  0.02244746961887666  0.03473855708851552
  0.04700749109757814  0.05906032842597765  0.07050216383760996  0.08166300407170234
  0.09274029024723225  0.10360200548299497  0.11301345295100464  0.12262509823949615
  0.13317710661034490  0.14655325544413342  0.16021620520546903  0.17409396619968454
  0.18620562061149870  0.19651945914742502  0.20643623048812648  0.21550200766248961
  0.22477184258289531  0.23413481845793552  0.24359653391561045  0.25524048336125549
  0.26603854367269653  0.27612165773207609  0.28591136389404520  0.29712894034947257
  0.31027525191378014  0.32129335850705809  0.33064843807600913  0.33959484168813781
  0.34876116967660126  0.35915512625940027  0.37185387580055373  0.38466601608242545
  0.39651767200515653  0.40719977736713003  0.41639910146135117  0.42523859916688522
  0.43366767903680098  0.44275455391049473  0.45303568825074753  0.46480920846715185
  0.47790594054327029  0.49135890263770238  0.50458019714159918  0.51723409025425859
  0.52868328535444642  0.54063134385423273  0.55204958372997948  0.56463061748734544
  0.57509878656681335  0.58594606836751761  0.59694791050089946  0.60914671745478144
  0.62130255034218029  0.63246879854233862  0.64346875418725102  0.65452694817651225
  0.66643596760566182  0.67803411856987494  0.68946642633472199  0.69873050113992086
  0.70795097582521938  0.71753404748724969  0.72747891923633901  0.74021685354498801
  0.75222875150062962  0.76442480976757010  0.77464824537397214  0.78561065277701780
  0.79690541535802339  0.80891015963405766  0.82015183790143431  0.83025195108127781
  0.84203236636172052  0.85418738277524375  0.86475806052086468  0.87511636827688932
  0.88540266283652147  0.89720208761665654  0.90844517615968601  0.92046115722007116
  0.92783793467299414  0.93247177906757484  0.93719548029572397  0.94185596773213509
  0.94631255555851124  0.95086888853913976  0.95504066048860525  0.95884685841125450
  0.96762637143976782  0.97973702757126868  0.99007461949009956  1.00000000000000000
 -0.00276616754249707  0.00612301170824120  0.01452399337796565  0.02196675352242225
  0.02984013809915284  0.03831696308433671  0.04817298435702631  0.05884510024385720
  0.07113112557457332  0.08407439111164144  0.09733979845564600  0.11066740182574028
  0.12387165479536960  0.13727170286081683  0.14999509954159906  0.16098001797789105
  0.17098875428906204  0.18069716414866055  0.19097899407728372  0.20204179677071968
  0.21399799634727287  0.22752068806672149  0.24076818814620440  0.25224481070192373
  0.26276186890435310  0.27337033184504356  0.28605971080294462  0.29651141235663880
  0.30675612906113775  0.31664836311488803  0.32797385962022013  0.34150286111999106
  0.35576784706605225  0.36682542966667886  0.37144964284716447  0.37548962423220061
  0.37998604535923836  0.38496062305247986  0.39013863054707631  0.39532503062768942
  0.40052650379365434  0.41366841724549958  0.42894476061604048  0.44344134626643650
  0.45724748806255378  0.47053417904450556  0.48360938560484618  0.49433450595834144
  0.50413643271980935  0.51355674406740381  0.52255871785996566  0.53162611926707759
  0.54077652285546152  0.55008327792104372  0.56036261235282192  0.57144571727173876
  0.58313014208319758  0.59504589544319841  0.60657038368239447  0.61840503371834865
  0.62979642607313635  0.63933188456377910  0.64862684816657223  0.65757187569089426
  0.66641715680149471  0.67648478539285195  0.68683418465221335  0.69905933406255971
  0.71094545830357980  0.72219933222924282  0.73454609309283136  0.74690885895671844
  0.75915005228642563  0.77064668273020243  0.78155823556124526  0.79178978418874635
  0.80225019080247717  0.81305700087181254  0.82392072821421114  0.83403051118131721
  0.84146107823597771  0.84926582252600702  0.85725265310723964  0.86547422629008230
  0.87566273499336600  0.88609147735454208  0.89812108322324746  0.90987883985649665
  0.92061252349071154  0.93096683464621866  0.94191611964068378  0.95314419864778221
  0.96364215175012125  0.97471828104020775  0.98642254819669384  1.00000000000000000
 -0.00286882048757797  0.01297638027300047  0.02542307636988277  0.03754495450364904
  0.04943206751689120  0.06135887864410899  0.07217768969376084  0.08146608168885777
  0.09081855672590378  0.10006111847981486  0.11058515729967643  0.12071705610779246
  0.13143592350740488  0.14342952500747702  0.15598831281954723  0.16864749955687491
  0.18117899407493726  0.19389845801258293  0.20647079705246138  0.21761217561421720
  0.22676833715068495  0.23601826315069133  0.24564175075895939  0.25683074036772674
  0.26853637202406366  0.27892916865343420  0.28850575583326815  0.29760911398352730
  0.30597288475598494  0.31543947493352009  0.32612372708985599  0.33882019813470016
  0.35131606064376569  0.36161361246957868  0.37134922278119525  0.38164698104557770
  0.39328054015005537  0.40536346436049980  0.41576983767894421  0.42578258020826559
  0.43635871461712689  0.44806622571807053  0.46118346359777362  0.47476169888706860
  0.48794640800597644  0.49975886266757430  0.51083467090100454  0.52177476848575599
  0.53322778456608644  0.54435667323599513  0.55448414491774900  0.56466713009629388
  0.57539485095558007  0.58643195192177433  0.59682795203412720  0.60625532768331569
  0.61498801280113657  0.62436088063606854  0.63439894150967158  0.64701768573974849
  0.65994897926784368  0.67130328002997053  0.68278243718355358  0.69288878045142788
  0.70376439104617727  0.71464373412672755  0.72686595079768423  0.73896986746854409
  0.75100004025399336  0.76131670131074203  0.77150964253614018  0.78182953273313327
  0.79415698152638448  0.80434695816773238  0.81384449204342890  0.82347221682764360
  0.83418735362507757  0.84622276100132487  0.85326860834708695  0.85782692656370829
  0.86289455958952976  0.86855025991325119  0.87399329716836904  0.87912549483945024
  0.88430068085234370  0.89402845938679243  0.90458560791235609  0.91459293111899931
  0.92413422975161719  0.93399227039058319  0.94568239001285093  0.95534157389694807
  0.96457965559170988  0.97414192965735547  0.98630633449024585  1.00000000000000000
   4.8349658362880693E-022  -1.0000000000000000     
 F F F F F F F F F F F F F F F F F F F F F F F F F F F F F F F F F F F F F F F F F F F F F F F F F F F F F F F F F F F F F F F F F F F F F F F F F F F F F F F F F F F F F F F F F F F F F F F F F F F F F F F F F F F F F F F F F F F F F F F F F F F F F F F F
  <DiscreteSampler_grid>
  grouped_processes
  1 # 1 for a reference and 2 for a running grid.
  10 # Attribute 'min_bin_probing_points' of the grid.
  1 # Attribute 'grid_mode' of the grid. 1=='default',2=='initialization'
  0.0000000000000000 # Attribute 'small_contrib_threshold' of the grid.
  0.5000000000000000 # Attribute 'damping_power' of the grid.
 # binID   n_entries weight   weight_sqr   abs_weight
    10   10   5.832505067030087E-010   1.705751668456742E-018   5.832505067030087E-010
    11   10   5.832505067030107E-010   1.705751668456757E-018   5.832505067030107E-010
    16   10   5.832505067030089E-010   1.705751668456742E-018   5.832505067030089E-010
    17   10   5.832505067030107E-010   1.705751668456757E-018   5.832505067030107E-010
  </DiscreteSampler_grid>
