  0.01045364632953759  0.01125135145535646  0.01386311492565674  0.01670779000982480
  0.02003274742753919  0.02417972678970983  0.02905669364254265  0.03415526993173853
  0.03968948340018004  0.04590379795455449  0.05253846401282681  0.05959342967336023
  0.06695050509648144  0.07451090256589794  0.08237788797264552  0.09047279403953259
  0.09861006008972738  0.10689660611869979  0.11519411563544686  0.12379951543854796
  0.13278927363596116  0.14070411054215665  0.14687536353211256  0.15355202614367425
  0.16013623164835386  0.16674537737846637  0.17567380565887181  0.18533275252536444
  0.19463834478623046  0.20155355916489587  0.20813596139174081  0.21461711165399838
  0.22066609924930336  0.22766338447023401  0.23762281417128769  0.24813518012838243
  0.25814170499961187  0.26809659299769872  0.27808442399286687  0.28815073399894225
  0.29813495984125787  0.30803652448432178  0.31827675887702001  0.32883985639850488
  0.33940545878376926  0.35022272076360117  0.36118545506509142  0.37253016350489754
  0.38365593638699946  0.39507562758871068  0.40590957346645751  0.41660543500211017
  0.42735018506019423  0.43790507042021065  0.44846852170774310  0.45900582175551724
  0.46983607856027987  0.48011538756734617  0.49027363100890647  0.50055067047811508
  0.51113412381238521  0.52178561413225233  0.53260029013537014  0.54364461968834599
  0.55520526202789933  0.56689879991236691  0.57842419310316096  0.59037395686951177
  0.60244224632311261  0.61416157631673463  0.62636929334784308  0.63868644749736025
  0.65138648400694810  0.66344586360911140  0.67521380390088370  0.68686993981077293
  0.69806466625799080  0.70970266114642711  0.72184753928584355  0.73488258613143487
  0.74752810217530929  0.76002116634298456  0.77283579910328626  0.78552456669468118
  0.79820677306646015  0.81107885852513195  0.82404244925616221  0.83747506772950753
  0.85090353796022467  0.86441325019156479  0.87886160456794060  0.89405108845587844
  0.91007780277140715  0.92756645338472576  0.95197443026816586  1.00000000000000000
  0.01042137958589366  0.01148636908583660  0.01407178887706053  0.01713041133663598
  0.02074323391287873  0.02519230010063368  0.03024556887296839  0.03584603194584551
  0.04198255885634355  0.04872998185243854  0.05594046923713467  0.06356272368927902
  0.07181442513670772  0.08054398157640262  0.08925462619069753  0.09800421985645022
  0.10662333834564269  0.11538992432260757  0.12419162323945294  0.13316640668087074
  0.14243686635212413  0.15213021354016143  0.16119970191254851  0.16999696034234438
  0.17868079674738463  0.18781856646996367  0.19812031275812028  0.20830522151846861
  0.21821093661459398  0.22796803085430037  0.23820260092055870  0.24864861888623521
  0.25918247223317992  0.26958956792998823  0.27982297014569524  0.28990110954321102
  0.30006000742546807  0.31038971507150570  0.31884366946608633  0.32502856994180335
  0.33128225043978199  0.33747843368028330  0.34340377095648006  0.35088907380736956
  0.36160207438307745  0.37317494663628209  0.38461827353359368  0.39633553356394935
  0.40811143889611323  0.41954050399344450  0.43053573453462030  0.44151314371623301
  0.45246241512924312  0.46347794430321798  0.47480375295947680  0.48651213018555078
  0.49823237064999859  0.51014627678750868  0.52211363631885099  0.53443708595632133
  0.54625644906030335  0.55762229548643016  0.56859184453335532  0.58003585261264035
  0.59173993246451884  0.60406749196211940  0.61601254221935930  0.62817009487646081
  0.64010247135279086  0.65192144752686398  0.66315325068682351  0.67441846747826151
  0.68588391118952374  0.69745475634534160  0.70919067446143702  0.72121981081632458
  0.73340796318257917  0.74554947987542397  0.75793264435968832  0.77054584923331015
  0.78318756004166745  0.79564021703106502  0.80818636543415945  0.82018123791962749
  0.82949187250323819  0.83747326365801478  0.84556364145739060  0.85387803901488502
  0.86502726112358641  0.88063438652799797  0.89593836199926991  0.91171214091430386
  0.92923130422977307  0.95231008247410598  0.97971804860275302  1.00000000000000000
 -0.00000214233438333  0.00000244181745774  0.00001323077934011  0.00002904186103477
  0.00004939710733602  0.00007131935479892  0.00009189286344998  0.00009758595483314
  0.00010124612754116  0.00010633861212496  0.00011161476092871  0.00011853250997407
  0.00014200986914632  0.00017480019726563  0.00021956233182272  0.00026496056476154
  0.00029656007852359  0.00031846949967336  0.00033561349216197  0.00035073320879820
  0.00036418725904650  0.00037609318742533  0.00038663351086384  0.00039633258367870
  0.00040564468094419  0.00041468442728653  0.00042344474003410  0.00043193220331591
  0.00044023686721448  0.00044830032251756  0.00045606515477398  0.00046358002517333
  0.00047096478305261  0.00047831059313088  0.00048570890723548  0.00049320231418154
  0.00050068929117667  0.00050797611227448  0.00051520309063656  0.00052272230910418
  0.00052997378215239  0.00053714168062976  0.00054418003802562  0.00055094894055727
  0.00055754142033562  0.00056400401762238  0.00057041183059581  0.00057692284273178
  0.00058352567089328  0.00059001565793927  0.00059654556046289  0.00060303665892862
  0.00060936174271608  0.00061550039905277  0.00062161659904388  0.00062706638882825
  0.00063270377049215  0.00063845072650814  0.00064454706164857  0.00065073462766192
  0.00065653915145963  0.00066195968557179  0.00066739366361078  0.00067289010751188
  0.00067813911705298  0.00068304745836286  0.00068788362478214  0.00069321135178930
  0.00069886726639355  0.00070457481716613  0.00071005270700785  0.00071531573656988
  0.00072064381879446  0.00072591261677234  0.00073151395906185  0.00073731926525112
  0.00074301855849600  0.00074881359246345  0.00075481034950989  0.00076078129368093
  0.00076690972016942  0.00077260121993167  0.00077791479469674  0.00078290687572787
  0.00078811236500952  0.00079358646551708  0.00079915984942438  0.00080492023855726
  0.00081052703279929  0.00081900262562356  0.00083195322612029  0.00084896678714046
  0.00086954873721314  0.00087615203166836  0.00097621852323947  1.00000000000000000
 -0.00255151721853243  0.00978251063894473  0.02020716926181480  0.03111511789901828
  0.04232139517326937  0.05364847765956087  0.06495823012368260  0.07549296870302058
  0.08614656996738564  0.09718270497135807  0.10839530272145177  0.11933442308006333
  0.13051417735488705  0.14121500061040071  0.15112350973340599  0.16070963260790277
  0.17068550061123483  0.18175180042220379  0.19365196183732394  0.20550911543610678
  0.21724592857006614  0.22889639244243781  0.24012417477687648  0.25097734126979854
  0.26175547722367226  0.27252831171519537  0.28322959711606216  0.29375676847294735
  0.30389895093455416  0.31405716203435091  0.32456952717394888  0.33570119066537929
  0.34752911985689350  0.35918494662232564  0.37044460076536689  0.38172144847298584
  0.39304063088866437  0.40456300188955602  0.41614762737263017  0.42717896521288784
  0.43806896140761725  0.44915945253765482  0.46058254777578200  0.47220574937993454
  0.48361486093869716  0.49311871838848137  0.50000563020481670  0.50717740883703888
  0.51424992404584946  0.52138121950965532  0.53103061372600047  0.54255145690275852
  0.55363142018408851  0.56430386792018639  0.57472596453760372  0.58563317876113441
  0.59712821769705193  0.60874107610038619  0.61990889695512386  0.63088704263305895
  0.64153461876977247  0.65207718760274336  0.66319662679141389  0.67476708847258349
  0.68382652736872207  0.69077799633903170  0.69740974128380961  0.70419477637619143
  0.71156471214039518  0.72238150734676432  0.73413207736082198  0.74482572376991851
  0.75509586628857361  0.76559195968547711  0.77601478930015577  0.78684288486453535
  0.79747900410609440  0.80804369901893403  0.81862994991686711  0.82938313229222149
  0.84015133161110112  0.85097452817568986  0.86157284017743130  0.87221234213504961
  0.88281973472585018  0.89341830169173619  0.90376847843338148  0.91388580867269376
  0.92388400863098141  0.93409525725010112  0.94467959019753722  0.95586233436204149
  0.96701208434700681  0.97830448029310380  0.98911023716702307  1.00000000000000000
 -0.00276266230936964  0.01021395011564705  0.02173012383137790  0.03302005689830899
  0.04444299085214499  0.05544031408771497  0.06628651390303125  0.07718740923920415
  0.08605356996724947  0.09226167700027436  0.09858994963775616  0.10505855009912896
  0.11114619313697041  0.11863445947233395  0.12921423403652293  0.13993380074008116
  0.15085958706698596  0.16189094922683855  0.17278424379976004  0.18379314441141054
  0.19481358551856937  0.20577199356394280  0.21644290864043089  0.22707573324357611
  0.23795293778626730  0.24912429459901067  0.26057603779103217  0.27227247284692546
  0.28394354380855957  0.29555220193275528  0.30706836580376151  0.31851571771291004
  0.32991703869853090  0.34110393299658048  0.35203428190595548  0.36271554415691182
  0.37341924543775451  0.38448468948098963  0.39606918748177061  0.40780570208592931
  0.41893034925177047  0.42915223671180036  0.43915814037823742  0.44919901566803799
  0.46031258097517008  0.47119068297260563  0.48259799918084362  0.49455236902068417
  0.50648973209061854  0.51802994338259978  0.52823730653242118  0.53839664088984363
  0.54826847346354335  0.55831864868658609  0.56904937343432049  0.57992228952067026
  0.59060637872404231  0.60139595526296508  0.61098406150314966  0.61853622863699143
  0.62592685488130950  0.63354865742396649  0.64047900728336882  0.65025397237089722
  0.66118428946057872  0.67254782516715672  0.68382134262609184  0.69474279503436909
  0.70579886959159832  0.71694190568810334  0.72778635541497594  0.73830485622815856
  0.74908536967791806  0.76075153827324116  0.77242192887220784  0.78368673834811686
  0.79499785241527998  0.80632043783239482  0.81738733044162748  0.82780457950915087
  0.83798579875437196  0.84829535134509571  0.85882573012991881  0.86969583879889500
  0.88044141270432885  0.89160377667490043  0.90305957031798834  0.91417113582738796
  0.92490797800191382  0.93515863947993139  0.94519759776366874  0.95562779415468890
  0.96649939964086251  0.97794372166366783  0.98934463492152158  1.00000000000000000
 -0.00242388384607916  0.00941578651351016  0.01988331249559548  0.03029753698872549
  0.04101734829605749  0.05177928268187594  0.06326069503728853  0.07454676366265425
  0.08567435798252103  0.09625123499883140  0.10644696281135056  0.11648168090517662
  0.12671239252079983  0.13732697526068360  0.14820676301891655  0.15925376194495383
  0.17058906317620565  0.18206362544199997  0.19398978215193100  0.20540579900046432
  0.21633499198756692  0.22688716670499251  0.23755796632607940  0.24811858018826599
  0.25853641590135501  0.26893404090796202  0.27976428717870105  0.29064598855221613
  0.30179903263627306  0.31288097113993618  0.32387996116755136  0.33510234528872507
  0.34681121869416448  0.35767483285035195  0.36577714008710921  0.37322404286523470
  0.38116415189814756  0.38848880346483355  0.39860060263684111  0.40933640655047787
  0.41969566817612142  0.43054546901132068  0.44216338451945181  0.45393192012519196
  0.46501295972973922  0.47565119994122912  0.48613710806903848  0.49642047715478915
  0.50647528447340873  0.51659862710891191  0.52752898919397062  0.53907256822338123
  0.55003639535652338  0.56035137805273139  0.57089954539014443  0.58063337780823587
  0.58725752766337680  0.59357567439225201  0.59986427091823646  0.60626241656354829
  0.61299973754213988  0.62333044303935869  0.63450552439359365  0.64564536030120123
  0.65705400871823827  0.66814343198249149  0.67915406939734246  0.68996157752090059
  0.70085038265967903  0.71183529392022216  0.72281939542044771  0.73413848481728106
  0.74528816125942898  0.75618132785810444  0.76710601268977652  0.77796102435773262
  0.78896159855230763  0.80000482101282022  0.81102889301537950  0.82210402469527244
  0.83320326916946941  0.84445163733870776  0.85539713238030135  0.86637011816192522
  0.87727038681754543  0.88835538371683198  0.89938929114459887  0.91066176547788669
  0.92240387139239255  0.93451046241114843  0.94571420919192950  0.95662525861358216
  0.96757030395604404  0.97863130108080865  0.98940931808985710  1.00000000000000000
 -0.00211903873485895  0.00906889930219636  0.01998294377639056  0.03111860902838669
  0.04270918114437518  0.05405154474830879  0.06527363824772645  0.07618626157134524
  0.08642151550415310  0.09660191629231854  0.10684491898821079  0.11725357957556899
  0.12809983769717370  0.13881722411434888  0.15036124766993247  0.16189303989852830
  0.17350024886501664  0.18463689878016465  0.19560188829647998  0.20365937738311113
  0.21018963539120417  0.21710543912666397  0.22357825345771490  0.22937465488405900
  0.23747223719964164  0.24880774627945085  0.26006692567721307  0.27099413332879929
  0.28184583688819498  0.29265952403247442  0.30348573365705156  0.31475071231040097
  0.32456387119775182  0.33199175698406841  0.33908798275626956  0.34619380358784563
  0.35370244551971208  0.36352261809485009  0.37436738010732440  0.38517355212182297
  0.39628250735441867  0.40750527661317021  0.41857721019355570  0.42942757068925624
  0.44030091334236648  0.45151588243157076  0.46308803077662558  0.47452968638940318
  0.48527987077119950  0.49548295149942245  0.50565205825924497  0.51582550194907184
  0.52610379333389479  0.53606408854971821  0.54684225537964470  0.55770060947533240
  0.56871967154422631  0.57958610959505097  0.59099957309658391  0.60317413711473888
  0.61500832768601932  0.62649742437379052  0.63775993868283765  0.64825411731239813
  0.65838588959890920  0.66859714674279946  0.67971125454396264  0.69081202411029952
  0.70171312444133593  0.71238414468445654  0.72342296774368453  0.73432895909486218
  0.74499129546229137  0.75533628887890358  0.76574581761284299  0.77662212443650558
  0.78791190684111978  0.79959255337657886  0.81133304467131817  0.82308628427281338
  0.83472359498907278  0.84608958787049282  0.85724350212773270  0.86825019543734405
  0.87921692002873419  0.89036842761730817  0.90167900222120045  0.91337185051278225
  0.92442525831870981  0.93475547404748360  0.94469648489750746  0.95480487194446406
  0.96600737082418131  0.97788788320486142  0.98910912394307748  1.00000000000000000
 -0.00278633495844548  0.01012228467264433  0.02100004910900875  0.03161869844167493
  0.04178454610812035  0.05195286121051852  0.06244335889695849  0.07288779347080096
  0.08334140580161041  0.09448594047915747  0.10588821347411585  0.11752621340102122
  0.12856190900805509  0.13951196961592827  0.15081205494595276  0.16219314139458318
  0.17298832834184971  0.18316639776329463  0.19343042623883472  0.20440265278238365
  0.21613202108679641  0.22763745948178421  0.23891424812586251  0.25046807002488480
  0.26195287107305409  0.27358003046605844  0.28525999528152174  0.29605976872603768
  0.30676733803557271  0.31785976492443369  0.32945906782011353  0.34083201189936163
  0.35184066231686684  0.36298858885444657  0.37441073900829441  0.38552212278455567
  0.39579243605163233  0.40633880529500299  0.41657354162464177  0.42731143116305742
  0.43788735439026871  0.44863902831073738  0.45995516140543985  0.47146182891093968
  0.48301998124779255  0.49410411823927758  0.50473144183115204  0.51518828360717828
  0.52588382728158434  0.53718275082215949  0.54894444945154786  0.55890953585600489
  0.56568801037396055  0.57212657499376141  0.57882486199283922  0.58509029142295388
  0.59239804080388336  0.60290982004262150  0.61452533510415452  0.62605292938044055
  0.63763423313996781  0.64884714444730629  0.65985252977100861  0.67074515925376677
  0.68153027761615714  0.69230930493416520  0.70321738253552502  0.71457192756102061
  0.72578182058850249  0.73659989607463972  0.74711085240407005  0.75781565963959752
  0.76896069160459968  0.78036275357479068  0.79176211877765201  0.80269468644323216
  0.81306629239196948  0.82352905414256172  0.83425155141004337  0.84512792573302420
  0.85544554071053447  0.86346657360442247  0.87026619092176472  0.87756634246491350
  0.88448431402216321  0.89374493208098971  0.90443931553528878  0.91556748399174970
  0.92670773243891991  0.93756720157085738  0.94798048235173971  0.95789709855909477
  0.96760135030899841  0.97747143773524936  0.98823010648134502  1.00000000000000000
   2.3514833927413377E-021  -1.0000000000000000     
 F F F F F F F F F F F F F F F F F F F F F F F F F F F F F F F F F F F F F F F F F F F F F F F F F F F F F F F F F F F F F F F F F F F F F F F F F F F F F F F F F F F F F F F F F F F F F F F F F F F F F F F F F F F F F F F F F F F F F F F F F F F F F F F F
  <DiscreteSampler_grid>
  grouped_processes
  1 # 1 for a reference and 2 for a running grid.
  10 # Attribute 'min_bin_probing_points' of the grid.
  1 # Attribute 'grid_mode' of the grid. 1=='default',2=='initialization'
  0.0000000000000000 # Attribute 'small_contrib_threshold' of the grid.
  0.5000000000000000 # Attribute 'damping_power' of the grid.
 # binID   n_entries weight   weight_sqr   abs_weight
    10   10   1.660870526169111E-008   8.314137277642059E-016   1.660870526169111E-008
    11   10   1.660870526169085E-008   8.314137277641731E-016   1.660870526169085E-008
  </DiscreteSampler_grid>
