  0.00946613557249261  0.01591425897362089  0.02495077971912515  0.03576104990726374
  0.04614275105299410  0.05657749474890909  0.06699812919210071  0.07738444647708247
  0.08775031762192124  0.09811813941179039  0.10848911974356852  0.11887851493268715
  0.12924845210609195  0.13962124196238865  0.14998925523322090  0.16036326254549613
  0.17076463659505947  0.18117557656971767  0.19158182257915657  0.20199618588648782
  0.21238221106026198  0.22274299799424652  0.23309360424170572  0.24347626195925848
  0.25389223423176877  0.26429756950084560  0.27468510883031588  0.28508551505372853
  0.29548054333400975  0.30588344535625767  0.31626148985395763  0.32664111307738747
  0.33701716728797593  0.34740204464056518  0.35778680890179526  0.36816892879801622
  0.37856188300574983  0.38894372656853365  0.39932483138915548  0.40969491597058361
  0.42007122171737477  0.43044338222401168  0.44081661566914709  0.45121714385881445
  0.46163374348313829  0.47206696469953735  0.48247578624029264  0.49287392113417361
  0.50325841663491977  0.51363634590075413  0.52400346417428101  0.53436178918183952
  0.54472143841443532  0.55508301353647194  0.56544143485228382  0.57580113126653076
  0.58616136597447654  0.59653513972034167  0.60692070536286269  0.61731145590845726
  0.62769741227005282  0.63808529491951238  0.64847505274881889  0.65885404931691249
  0.66922328588934143  0.67958430504831369  0.68995751146886974  0.70034643776117234
  0.71074857760085286  0.72115864253017037  0.73155436553124020  0.74194046489338228
  0.75232594651146889  0.76272035136628424  0.77312456622519665  0.78352521003485043
  0.79391182187958598  0.80430170254675171  0.81469275966453336  0.82508416381925731
  0.83547148066005972  0.84584879746282204  0.85622239596909810  0.86657804941788474
  0.87694519862083964  0.88732883060012835  0.89771343532179326  0.90809286377215848
  0.91847486830693037  0.92884284001212836  0.93922136246259613  0.94956182897368890
  0.95992352994088104  0.97025105557762537  0.98057703943234986  1.00000000000000000
  0.00954923819087557  0.01555687971083007  0.02477386582088444  0.03551990024886132
  0.04585097832611015  0.05621718510254957  0.06658879854781384  0.07694981675169603
  0.08729653380629390  0.09765572336285994  0.10802668080403199  0.11840238595101933
  0.12878409108047045  0.13916171841457889  0.14957308030243333  0.15996420413247023
  0.17036697563517814  0.18074886315724767  0.19113737867362449  0.20150867680999321
  0.21188704589664539  0.22226381553088359  0.23264636040515865  0.24303818507785674
  0.25341855436798860  0.26379159398298502  0.27415490931301395  0.28454828403540749
  0.29495751956425614  0.30535223113740573  0.31574574192372573  0.32613971632129651
  0.33655666367837328  0.34695333421260099  0.35734796444408123  0.36773141621582334
  0.37813565420592837  0.38853712459385170  0.39893496030882425  0.40930777363488136
  0.41967943568336341  0.43005170422619537  0.44042173004235574  0.45077347970571635
  0.46112269194095873  0.47147926443972632  0.48185857935618859  0.49225471964937006
  0.50264723314871185  0.51302394931175432  0.52338217290904188  0.53373535001980177
  0.54408556668675967  0.55444785870584423  0.56483024902379431  0.57523972064085527
  0.58565284278568375  0.59605306431464211  0.60644099056647294  0.61680868433992064
  0.62716644893606310  0.63753350174602319  0.64792742371297529  0.65833750962476612
  0.66872980507057933  0.67910030209741656  0.68947201992674623  0.69986583360097498
  0.71026736931326040  0.72065916456880785  0.73105767785451270  0.74146536453547318
  0.75187711591236805  0.76227165827189913  0.77266480365472101  0.78307022428615036
  0.79348058391950937  0.80389724716470745  0.81432989892046770  0.82477111011663518
  0.83519908186234426  0.84559667197236377  0.85598206672731714  0.86635779152750547
  0.87674214036786691  0.88713566250277232  0.89753802909096192  0.90792533851576751
  0.91829917811107453  0.92867027200140595  0.93905631072086138  0.94942726833215008
  0.95979938861076841  0.97015962466400907  0.98051818120133505  1.00000000000000000
 -0.00252494528686911  0.00954513469394481  0.01973286771102670  0.03028952896951525
  0.04085736319301316  0.05141037996163249  0.06194826534200313  0.07248211006668319
  0.08301340864258291  0.09358458728922574  0.10413806578768481  0.11467035370146135
  0.12519182423301295  0.13571492175707947  0.14626954708417519  0.15681119523999759
  0.16737401266496449  0.17791595870123983  0.18848680889366229  0.19903421527752568
  0.20956915664762849  0.22008035684616423  0.23058022719935981  0.24109455088178661
  0.25162514171407813  0.26218264232927085  0.27272818590177927  0.28324669583366019
  0.29374945772859873  0.30426247573137616  0.31480820368721485  0.32536836851333795
  0.33597519468171888  0.34654346720756052  0.35713268122410430  0.36767436037299078
  0.37821475601690963  0.38872753752611477  0.39924337378290770  0.40975557173104094
  0.42023347151414714  0.43073291537856745  0.44126006329301298  0.45181189775490915
  0.46234170324648127  0.47287656095353486  0.48341918990564609  0.49395198321377437
  0.50448328231322914  0.51500810889756077  0.52554203404590893  0.53604743652661602
  0.54657784132419585  0.55711070787671380  0.56766485350802365  0.57820637163429245
  0.58877425376208548  0.59933774418387842  0.60991761125717092  0.62048645720141415
  0.63105959006577528  0.64162193388118516  0.65218752022762649  0.66274611769178471
  0.67329372736884308  0.68381660402882039  0.69434172686244744  0.70490416589583438
  0.71548099964510292  0.72608047603334569  0.73663091256242363  0.74718451816603093
  0.75773403518047255  0.76828462222602545  0.77882977926365571  0.78934427211944036
  0.79987695655530444  0.81042569104778250  0.82099430000001083  0.83154221811172546
  0.84208716873055078  0.85261031121808473  0.86312556404531349  0.87363771889576980
  0.88415705594260607  0.89469027922687505  0.90521083643333999  0.91576050727048719
  0.92631749069224267  0.93684915642605093  0.94733487090337232  0.95783900764651630
  0.96836849388999147  0.97893513475933180  0.98946670589907959  1.00000000000000000
 -0.00228502733933634  0.00964751516471923  0.01981709786750905  0.03034510831688214
  0.04088554324056402  0.05144210949424441  0.06198592096978923  0.07252331488211373
  0.08305730879140147  0.09358611317901046  0.10409810429479641  0.11461395788161184
  0.12517309556591669  0.13576519470347764  0.14632107910118186  0.15684328067277856
  0.16733768997801696  0.17787025658875885  0.18841933821182150  0.19893445541116803
  0.20944605543258740  0.21993975529154400  0.23047165835217850  0.24102568513407122
  0.25159109870010660  0.26214223808860820  0.27268305203449411  0.28323585923009792
  0.29380605587042891  0.30437403790717055  0.31493078164963040  0.32548892796838153
  0.33602713474397256  0.34654249812118904  0.35706009719759707  0.36759796246855708
  0.37813255100392690  0.38865499030183509  0.39920517154745394  0.40976174055402592
  0.42031486684129449  0.43084763163155554  0.44139576790017393  0.45193776375724182
  0.46248613073084516  0.47302245616544292  0.48356982485482880  0.49411479560734756
  0.50468851067605069  0.51525354723499062  0.52579264258669622  0.53633851565869672
  0.54686989290174326  0.55743314624162543  0.56796894272397469  0.57852182842059163
  0.58903862657668515  0.59956054450368279  0.61008215792141829  0.62064737203396902
  0.63121113591749145  0.64180252811985616  0.65237209074953428  0.66296318208507565
  0.67353239408612731  0.68408838097417102  0.69464071036078290  0.70517928806282648
  0.71569707841443497  0.72619218776962402  0.73670059703920676  0.74724527714334521
  0.75780019980116675  0.76834973288075148  0.77888225352428786  0.78938884842355617
  0.79988690447039767  0.81039836727002179  0.82091931272254726  0.83147191223290196
  0.84198669092408429  0.85252836522052111  0.86305584774086819  0.87360982231319573
  0.88412366923440899  0.89462370865361129  0.90511188026102662  0.91562305057333193
  0.92613837550123046  0.93666822836329677  0.94720848868792118  0.95775074947498928
  0.96830155707287158  0.97885983675175481  0.98942780750790427  1.00000000000000000
 -0.00233000027374745  0.00962232502736360  0.01981265421038364  0.03037792529228453
  0.04093275589478527  0.05149018635606818  0.06199350424060166  0.07251843726485893
  0.08303211106273697  0.09357742946226280  0.10411262305683242  0.11465194335984502
  0.12519458240130088  0.13577641155329664  0.14635726503929936  0.15693410733879692
  0.16747418629760705  0.17801223553577755  0.18852646083152813  0.19904629806637800
  0.20956515471969747  0.22010898044938818  0.23067953316625855  0.24126119148139419
  0.25182750642418228  0.26234641943256010  0.27286296888280259  0.28339061982287789
  0.29395471574075516  0.30449629361199793  0.31505288646629565  0.32557697809033365
  0.33610493632161398  0.34663892644337119  0.35719017937747577  0.36775192209900359
  0.37828204409720773  0.38881168872144661  0.39934238756006923  0.40988018908062013
  0.42038904528122550  0.43089175517893580  0.44138937015592700  0.45191015784708982
  0.46243061965136528  0.47295598391316346  0.48347709259362487  0.49400655513097325
  0.50454817722097145  0.51511691528146475  0.52566685993213025  0.53619650313646916
  0.54670183327621658  0.55720150447245143  0.56770382245767803  0.57819385623748398
  0.58871600567819182  0.59925454272852863  0.60982665220559995  0.62037409605553162
  0.63092920336674785  0.64150598298307038  0.65211676230346949  0.66271137002686542
  0.67325526838386596  0.68377301346500630  0.69430435497748155  0.70484517639115385
  0.71538950608126106  0.72593363170940384  0.73647354905201579  0.74699576617184016
  0.75754078686763282  0.76811144473971282  0.77871567840725842  0.78926910954777618
  0.79981329973180693  0.81032988328590072  0.82089173645508473  0.83145744636030583
  0.84202396955426639  0.85258181531822974  0.86311920511341234  0.87365550419568805
  0.88417064351470287  0.89470273236122755  0.90521141377201775  0.91572687943808506
  0.92626268269310352  0.93681440932982207  0.94736702335168688  0.95788714172054557
  0.96841477768955986  0.97893241359620942  0.98946009284792935  1.00000000000000000
 -0.00249568749080169  0.00955143758566696  0.01972333382754256  0.03025555019253953
  0.04079749818223589  0.05133586196204272  0.06188989702403628  0.07243698953881655
  0.08297238371059722  0.09348332453655925  0.10397973324121788  0.11450980924248529
  0.12507431806230790  0.13566398089461193  0.14625221493864937  0.15680269550211220
  0.16734155786789529  0.17788628547637644  0.18846484004956129  0.19905144798956118
  0.20960398111879652  0.22012461756526805  0.23064855206936705  0.24117886515132178
  0.25171805729295793  0.26227089310380969  0.27284033174062311  0.28339099935305073
  0.29392012135422207  0.30445618176784667  0.31499407593302919  0.32554815756614769
  0.33609963645292179  0.34666119392233635  0.35721615901804654  0.36775209573417628
  0.37826642456515958  0.38878478119634741  0.39930046472686148  0.40983359305271577
  0.42034860149842335  0.43086146146515553  0.44139503584591128  0.45193471366962723
  0.46247203439803652  0.47299861986834923  0.48350154243269977  0.49401828446071216
  0.50453446112843803  0.51508245260534880  0.52564559313455883  0.53623587613922863
  0.54681943486074613  0.55738388001475114  0.56790116043364380  0.57842839901983323
  0.58894201559853898  0.59949755338671307  0.61006537201364675  0.62067275854311654
  0.63123840290684563  0.64177550092676638  0.65230172855145130  0.66285097706754015
  0.67343596743754708  0.68400550730959986  0.69460073282877588  0.70514968951236345
  0.71571137870850488  0.72622354588749427  0.73675290703663654  0.74728104506440141
  0.75780909001721519  0.76834276424726144  0.77885557855573351  0.78935268321138108
  0.79985555608978998  0.81038218561619879  0.82095785332887672  0.83150732230395941
  0.84203127206865580  0.85255111247907955  0.86307615370061408  0.87362011682764296
  0.88414689879930330  0.89467732184015225  0.90520610103987276  0.91573547100239394
  0.92625545874706094  0.93678873857474632  0.94736880479086572  0.95795057422501062
  0.96849035906883318  0.97900302846011811  0.98949580055916364  1.00000000000000000
 -0.00250683297417596  0.00950591536216582  0.01967263595694615  0.03018910706843547
  0.04072620198141758  0.05124990031671432  0.06176400346818039  0.07229269124258363
  0.08283633011044565  0.09338325428585881  0.10393021052374980  0.11444452252818829
  0.12498098207981359  0.13551241263103098  0.14608453086407919  0.15664515756856442
  0.16721711688055113  0.17778599975532297  0.18831742933653831  0.19882752627485448
  0.20932198439098881  0.21982107738639181  0.23034111212104613  0.24083692974002685
  0.25135269231945573  0.26185405717372284  0.27240650545323059  0.28296263809583139
  0.29352948968294384  0.30408719320512084  0.31461210573042808  0.32513188270933302
  0.33566614101922942  0.34623801837428952  0.35679615575959317  0.36733287611394538
  0.37786115028610973  0.38840663462038211  0.39892678012942928  0.40943810567072403
  0.41995265857397068  0.43051017079028098  0.44110031817778211  0.45171735128953161
  0.46232704668120395  0.47288449334247046  0.48341845641470171  0.49395940016652773
  0.50453623980900419  0.51510430688457032  0.52565137867422751  0.53620673917636863
  0.54675832155255466  0.55732171208393566  0.56787212375148810  0.57841929775116574
  0.58897474976368047  0.59955521875955586  0.61012694050802374  0.62069815453481303
  0.63125217296552416  0.64179172563654596  0.65232347350325015  0.66284226340328356
  0.67339435374017609  0.68394773832261657  0.69448384968649679  0.70501689966649272
  0.71553043461563481  0.72602769122707278  0.73651353484135829  0.74700094639074122
  0.75750754683002375  0.76802954853508520  0.77856136650210950  0.78910487288829601
  0.79963930838322661  0.81016237700913318  0.82069626218929093  0.83125821178188020
  0.84181728736822359  0.85237165282054961  0.86289969021599877  0.87343071475830825
  0.88395793255717448  0.89450309294765185  0.90503107246527292  0.91557969322949806
  0.92612649190177454  0.93670185806560202  0.94724822408165121  0.95778788542196491
  0.96833833253809376  0.97888838087292340  0.98944984350824017  1.00000000000000000
 -0.00226271613610348  0.00959196981546572  0.01976591814808691  0.03027025557771244
  0.04079215065961106  0.05129754395507619  0.06182503635920161  0.07236354308399022
  0.08291688547489931  0.09345029029650509  0.10399494709306613  0.11452117257733369
  0.12507063725628678  0.13560095757723326  0.14614114529346758  0.15666321462632396
  0.16717367786982981  0.17769495547050396  0.18822294061342468  0.19876624959863165
  0.20930053906265328  0.21984406936468653  0.23040311348800610  0.24097214592974012
  0.25152628364585106  0.26207382104026206  0.27259809846474170  0.28313204191005398
  0.29366423910834732  0.30422156230400149  0.31474745798381576  0.32524497610440323
  0.33573117327039087  0.34623882322717708  0.35679378213795354  0.36734180250696213
  0.37788335239123927  0.38839515630249583  0.39892079030657673  0.40947398257140771
  0.42003476899728642  0.43059468338118762  0.44113705588817748  0.45168606314565507
  0.46224494195695920  0.47279159241670055  0.48334528357768797  0.49386635088096859
  0.50440232011838115  0.51493258658601782  0.52550032745296071  0.53605464657821311
  0.54659670851143549  0.55714050477652899  0.56769024618999042  0.57826999240252308
  0.58882014516176284  0.59937544208393190  0.60990275494504098  0.62046034430832819
  0.63101038536726828  0.64156263309290196  0.65210072503929772  0.66264686618490609
  0.67318818827137872  0.68373679052260439  0.69427537434734554  0.70482231830368436
  0.71531289873720638  0.72581812146248159  0.73630242660440215  0.74684220602094509
  0.75739192012603818  0.76797935165650788  0.77856423145314158  0.78912506368489788
  0.79966154547377721  0.81017982093091212  0.82070021050894681  0.83124167227738788
  0.84181219446061339  0.85236866853161009  0.86290838586981289  0.87346322887105909
  0.88404774501115957  0.89462655483491760  0.90514791088921065  0.91565373233952485
  0.92614331696050012  0.93665220071168509  0.94716173225969003  0.95768840136425504
  0.96826257748325795  0.97884266841118905  0.98944023378594959  1.00000000000000000
   1.5473026005070226E-002  -1.0000000000000000     
 F F F F F F F F F F F F F F F F F F F F F F F F F F F F F F F F F F F F F F F F F F F F F F F F F F F F F F F F F F F F F F F F F F F F F F F F F F F F F F F F F F F F F F F F F F F F F F F F F F F F F F F F F F F F F F F F F F F F F F F F F F F F F F F F
  <DiscreteSampler_grid>
  grouped_processes
  1 # 1 for a reference and 2 for a running grid.
  10 # Attribute 'min_bin_probing_points' of the grid.
  1 # Attribute 'grid_mode' of the grid. 1=='default',2=='initialization'
  0.0000000000000000 # Attribute 'small_contrib_threshold' of the grid.
  0.5000000000000000 # Attribute 'damping_power' of the grid.
 # binID   n_entries weight   weight_sqr   abs_weight
    10   10   3.773547401330516E+013   2.589566015432681E+027   3.773547401330516E+013
    11   10   3.773547401330515E+013   2.589566015432681E+027   3.773547401330515E+013
  </DiscreteSampler_grid>
