  0.00955360337821801  0.01556739987583357  0.02485015159800539  0.03561738239324008
  0.04596685846175719  0.05634979686266299  0.06672153952669094  0.07709957561357561
  0.08745735037656020  0.09780915642170918  0.10817621548226061  0.11856717093466047
  0.12896212688593989  0.13936177817989523  0.14975521115043192  0.16015873532814476
  0.17057981124353461  0.18098727281066571  0.19138457693536584  0.20175704411494530
  0.21215485215746646  0.22256016473123735  0.23295769854606641  0.24334549127326555
  0.25370663796693699  0.26408866004759923  0.27446723509578730  0.28488198107337603
  0.29527903061467270  0.30564998650500225  0.31601223778179471  0.32638979727068074
  0.33678589510902607  0.34718113184604127  0.35754390694720994  0.36788582034326078
  0.37823063951972158  0.38859876650067893  0.39898510766864498  0.40935684486806395
  0.41970852884846083  0.43006147084835272  0.44043719935206455  0.45082295920466525
  0.46121163068374954  0.47158723994189267  0.48196998921790535  0.49237597974133512
  0.50279065380793886  0.51319902711252763  0.52359186425041226  0.53396122822955683
  0.54431684540822667  0.55466205573181471  0.56502139693184672  0.57540394353321966
  0.58578641848077007  0.59615437755290968  0.60651650128081858  0.61688104770456798
  0.62725390585502028  0.63762684204902387  0.64800151608325451  0.65837968048454210
  0.66875553100306884  0.67913588844314265  0.68952564253872206  0.69993066385414893
  0.71034116086135657  0.72075870853428237  0.73117744406930074  0.74158531783190051
  0.75197039457714754  0.76233816742181393  0.77271521894549478  0.78311032852066720
  0.79351486735669308  0.80392214365913317  0.81432852582236603  0.82475021047066333
  0.83517016399316646  0.84558140523148639  0.85596504917423921  0.86633000544813221
  0.87668311942059818  0.88704526982782628  0.89740337390354541  0.90776541137195121
  0.91812850497767495  0.92851924821849274  0.93892297451625273  0.94933690987914943
  0.95974335016220114  0.97013602493712403  0.98050111657508843  1.00000000000000000
  0.00956080256714607  0.01552147607097462  0.02479372906524677  0.03558032226399131
  0.04595045571060324  0.05633501696860121  0.06673584209464675  0.07712305069127164
  0.08751925208889171  0.09790361825446618  0.10828109292222145  0.11866069668843456
  0.12905776863181478  0.13948428046850822  0.14989883955370761  0.16030786798744534
  0.17069033067649633  0.18106758200372033  0.19144651037986132  0.20184194789414425
  0.21224360023972308  0.22261402116723880  0.23296253572541617  0.24331938867328792
  0.25368088230035202  0.26406879814720302  0.27446014324976264  0.28487536948228420
  0.29530626350800998  0.30571637583986377  0.31611287510983760  0.32647108101693345
  0.33683296020531395  0.34719828064562480  0.35757278869420156  0.36795667354138428
  0.37833851179225414  0.38872086414997231  0.39909244543413924  0.40947622518412091
  0.41988098981993038  0.43028661968723148  0.44066880813195486  0.45102997149944418
  0.46139088426987668  0.47177353188533150  0.48216625421736675  0.49256954875546050
  0.50296442528107110  0.51334900241454573  0.52372197644528340  0.53409579433122123
  0.54447778598206065  0.55486488434705561  0.56524740633931114  0.57561775965693507
  0.58596259346190005  0.59628736282845429  0.60661746745614276  0.61697151257290739
  0.62735065609757079  0.63773982229076376  0.64812940244032380  0.65851967782017018
  0.66890446392989333  0.67927962010539711  0.68965892018952113  0.70005462250029116
  0.71045460250626769  0.72083733716694276  0.73119764625451500  0.74155889956024168
  0.75194415649210467  0.76233056681493994  0.77270466297064344  0.78309194303465357
  0.79350375773161552  0.80394649812264696  0.81436737857155317  0.82476538062242455
  0.83515511535414311  0.84555153931688476  0.85595277733793251  0.86635044575175613
  0.87674205508785774  0.88712834561507770  0.89749016346767874  0.90785104162628771
  0.91819974500616952  0.92855522197125018  0.93892902029564485  0.94932420456643218
  0.95975514991428412  0.97014930256784493  0.98052210747451074  1.00000000000000000
 -0.00247591089542031  0.00960732575659289  0.01979811939675413  0.03030581732586799
  0.04085382375468309  0.05140568699012001  0.06196730802815039  0.07251809940120046
  0.08307162230793556  0.09360939073484136  0.10414794337118106  0.11467443158707824
  0.12520751238662353  0.13575404482491862  0.14629126031919062  0.15680888275963989
  0.16731589090508545  0.17783896076492273  0.18835484979607978  0.19885097812355559
  0.20935974965173029  0.21990937164481417  0.23049810276326205  0.24106866601586552
  0.25161479282889182  0.26212840643279978  0.27265846295916574  0.28319434519794578
  0.29374076607965038  0.30424233562293879  0.31475397584781545  0.32526534169169463
  0.33582248181901569  0.34638410379777756  0.35695889807970371  0.36751229732616364
  0.37805833309341630  0.38858707896821187  0.39912640279059430  0.40963541682059479
  0.42016050709476110  0.43068016483396282  0.44122364847015610  0.45175620580525550
  0.46230728955790790  0.47288088116200283  0.48346193214641847  0.49406136529851147
  0.50463440305340179  0.51519490751578556  0.52573297716713896  0.53625093313383754
  0.54675985238070279  0.55724423837318693  0.56774940073349045  0.57827370916012366
  0.58881055736688814  0.59934569852055630  0.60988095151032562  0.62040651116817103
  0.63093546340174389  0.64146221138425086  0.65200026023302593  0.66254065887797842
  0.67307961324768617  0.68361609858741113  0.69417058442916346  0.70472397533406816
  0.71526593027089092  0.72577863284920940  0.73631494170568201  0.74685367579869733
  0.75741907228599825  0.76795638331736682  0.77850720550136010  0.78904608742771098
  0.79958455741866841  0.81013715086539728  0.82067494643220262  0.83122461327846753
  0.84173635379482159  0.85226685164372140  0.86278064452553638  0.87331403502307026
  0.88386355590390742  0.89440500652972887  0.90496162077584330  0.91547869775772694
  0.92602076131858313  0.93653453186793645  0.94711534664264674  0.95770699229062684
  0.96831794144850880  0.97889386403920964  0.98944657533608438  1.00000000000000000
 -0.00252594088744274  0.00952212120596474  0.01969362712084576  0.03020525751047730
  0.04074033237864587  0.05126656384887864  0.06179647988276064  0.07230781445077333
  0.08283145439194087  0.09334946731472216  0.10389268877320694  0.11444403607426488
  0.12501294578353331  0.13559331324168944  0.14616315777265063  0.15673361126562849
  0.16730575931539846  0.17789551995810174  0.18847466785362116  0.19902667788640396
  0.20956637546987636  0.22010245618475632  0.23063354108279915  0.24118299885556235
  0.25173916121961193  0.26231300137862729  0.27287061611858837  0.28342933041105772
  0.29399491393697647  0.30454226969404136  0.31508450589371956  0.32557987263405708
  0.33608459601747875  0.34660256599381906  0.35717240759124591  0.36774376415792331
  0.37830063503867944  0.38885056529947015  0.39939076104463961  0.40993536964960398
  0.42046076336611443  0.43100166629332398  0.44155405558878053  0.45211339369458298
  0.46266299812155764  0.47320709591759169  0.48375955772386009  0.49431585583901583
  0.50488792526603254  0.51543332866344604  0.52595914302046776  0.53646111125506957
  0.54698578358230954  0.55755895064022964  0.56814021083057786  0.57871190082738688
  0.58924884036198122  0.59978152819931918  0.61031577357435185  0.62083795898968841
  0.63136490178772320  0.64189199315500101  0.65244129705851628  0.66298082214242660
  0.67353285218749404  0.68408234495347242  0.69460388494400294  0.70507891528377409
  0.71556100169795578  0.72605144511159325  0.73657455716172759  0.74705552129535524
  0.75756799616523218  0.76808325619388174  0.77862908849610390  0.78913828248930162
  0.79965449204698069  0.81014399452003183  0.82067461371727712  0.83119585661429995
  0.84172355479631711  0.85226400698368132  0.86281000207426428  0.87339875727760741
  0.88394376528966412  0.89450174869804688  0.90502647734158781  0.91556596111954047
  0.92608948508492039  0.93663472944241133  0.94719960223828092  0.95776430920756583
  0.96832503444586893  0.97887095776129462  0.98943437355903452  1.00000000000000000
 -0.00239326160406254  0.00955979640427802  0.01974296887484533  0.03027684136176179
  0.04083584745804864  0.05137437477443022  0.06189971572674903  0.07243791434468427
  0.08299919855274317  0.09355195675166651  0.10408273086664899  0.11460306557151773
  0.12510431692423310  0.13561303352029763  0.14612409626149511  0.15667842190721168
  0.16724074933396973  0.17779272342641742  0.18832100851926689  0.19884517761569612
  0.20937737636545881  0.21991682981796895  0.23044892715726253  0.24095564995878729
  0.25145270515721679  0.26195146036262912  0.27246678570411764  0.28301070249822990
  0.29357055418122857  0.30413595213830102  0.31471577067115769  0.32529894219381850
  0.33587687069874833  0.34644493494582701  0.35703838780971087  0.36762798484367665
  0.37818460620733113  0.38869190255541347  0.39916842048445345  0.40965539656113348
  0.42017684799996058  0.43075137069200281  0.44133342608918774  0.45190405761438651
  0.46245097390415940  0.47299143627182411  0.48353071605592529  0.49406915334785489
  0.50460837151051363  0.51514748194185223  0.52568893411007267  0.53623756170044301
  0.54676855827802051  0.55733029745443774  0.56788878003582088  0.57844232437719501
  0.58898942179788549  0.59952683178429467  0.61008657721398152  0.62064432924144275
  0.63117633561520670  0.64170640352438746  0.65222532519006671  0.66275582474541372
  0.67325492263298448  0.68376182206578850  0.69429162499400432  0.70485048603843847
  0.71541171857644248  0.72597865179087018  0.73652233906576170  0.74703559158811650
  0.75755957397417684  0.76810019171981625  0.77865981848788990  0.78919669991543351
  0.79971536409732091  0.81023539450193638  0.82074341635246439  0.83126557753830921
  0.84177982164480558  0.85232838951697887  0.86289018530742201  0.87344907907417801
  0.88397607714046600  0.89451985991511473  0.90507954659865664  0.91565641931376973
  0.92620765937032201  0.93672333816802233  0.94723989418423382  0.95775473463904837
  0.96830423246667741  0.97885327071476114  0.98942417587495501  1.00000000000000000
 -0.00249556475964342  0.00947097946404514  0.01961881046146854  0.03010705991379608
  0.04064059603443136  0.05117864375516670  0.06171607387477967  0.07227429210615210
  0.08284041761087506  0.09341765708969305  0.10397764920728148  0.11452937401502319
  0.12506339044186893  0.13562169838869567  0.14615830738743624  0.15669908654504824
  0.16721968211384852  0.17776676370086028  0.18831818893160604  0.19889077031942753
  0.20945339725912149  0.22000873037658511  0.23055505317675826  0.24110871364971229
  0.25165970257192832  0.26221099350452076  0.27274979171016811  0.28333012864695140
  0.29386997517307989  0.30442764031161784  0.31495858042315272  0.32552429400502081
  0.33606456579833610  0.34659759002459040  0.35710939330579433  0.36763067399264238
  0.37813966073138405  0.38866523846224260  0.39919320135435427  0.40971164768669033
  0.42022337257708098  0.43073805471496163  0.44128235129627436  0.45182816017145611
  0.46237746813219849  0.47293845201524964  0.48351669552426368  0.49406780251849208
  0.50461282019022979  0.51513004605708568  0.52566274298911830  0.53617164319036603
  0.54671126114874191  0.55724831965216981  0.56779116651858219  0.57835445304382183
  0.58891795229406452  0.59948801292861775  0.61003071915578755  0.62056883522370343
  0.63111542907951290  0.64166144669255798  0.65222889064467116  0.66277459097414693
  0.67330524661608182  0.68382161232491889  0.69436769593271364  0.70490806933184535
  0.71545555583485376  0.72598768768633704  0.73650515273765094  0.74702707678088931
  0.75755290217607407  0.76812036863507283  0.77869481420523201  0.78923410003141681
  0.79977003640279709  0.81028854204241985  0.82086005552582075  0.83142142299122723
  0.84196245600021880  0.85248587764008887  0.86302327969627879  0.87360065704329126
  0.88413688855734573  0.89470025537465159  0.90525254476530626  0.91583847530622342
  0.92636438538091248  0.93689368897046188  0.94741653009732030  0.95794515570508110
  0.96843020625368592  0.97895193465082808  0.98946947858509537  1.00000000000000000
 -0.00253679953093244  0.00963757513597352  0.01985709602117136  0.03044491491294483
  0.04102516111237992  0.05155831013506161  0.06205825073470805  0.07254427611201031
  0.08304081954483601  0.09354676173204970  0.10404691762603191  0.11456530387045336
  0.12510902536698046  0.13566482232209215  0.14622283774506373  0.15674393730534147
  0.16727403622772608  0.17780064392553971  0.18836888213386324  0.19891799204080576
  0.20946999935843494  0.21999121450918699  0.23052721061109974  0.24105421916992112
  0.25160991571856317  0.26214324265809485  0.27264761430993462  0.28313359240783909
  0.29363186434188926  0.30415121523133554  0.31467089480791793  0.32517602779970756
  0.33570377502910193  0.34622950920908852  0.35677111596837557  0.36732437805106982
  0.37788083381945492  0.38844110751984356  0.39899791118566080  0.40955792779195405
  0.42011381480795496  0.43063102563184436  0.44114242002898463  0.45163690494775266
  0.46214441460112021  0.47264505807193746  0.48316352075757202  0.49370806600468398
  0.50426752726437207  0.51478688933159411  0.52530338298611678  0.53580196496687371
  0.54633122816295687  0.55687704166338403  0.56743275872120602  0.57797501323287426
  0.58847669594294894  0.59900318039488232  0.60955650271984740  0.62013075000183981
  0.63070289949440173  0.64127301988950181  0.65183765335428179  0.66241980877274709
  0.67298506961739191  0.68355058347695408  0.69409467349257481  0.70465264270880390
  0.71523347562028405  0.72580175379392775  0.73635759230074627  0.74689392438434254
  0.75745492844720030  0.76799075987276633  0.77853865278981282  0.78908466612443395
  0.79964900692759389  0.81019539707277033  0.82070624104307599  0.83123696040528028
  0.84178014125087908  0.85231724737916881  0.86283990062145544  0.87336810104907203
  0.88391568403658849  0.89449026521628827  0.90506282475074562  0.91566103262277732
  0.92622471135648177  0.93673804645773928  0.94722423181774307  0.95772887186964717
  0.96828892195027927  0.97883105116858637  0.98941958917548101  1.00000000000000000
 -0.00246939259957971  0.00954077246866790  0.01972864645444592  0.03024407926078873
  0.04077386287456456  0.05125798217167625  0.06175463209353947  0.07226602884849678
  0.08281799888608639  0.09337913485966980  0.10395011549327166  0.11449019297155599
  0.12502224779541510  0.13553409393448621  0.14605892102952495  0.15660276483489097
  0.16715894818037977  0.17770486042935760  0.18821581067694548  0.19871940884968961
  0.20923334657798276  0.21975093155199038  0.23029541617497237  0.24082690754263364
  0.25138292920882999  0.26193405695468053  0.27251483763281775  0.28305893295270851
  0.29359117967751663  0.30410448220882769  0.31464736226170470  0.32519585231734499
  0.33575493024800568  0.34632356365215128  0.35686984252808762  0.36742641161978395
  0.37796641251998198  0.38854445335479748  0.39910775831918421  0.40968437044128631
  0.42023221830142071  0.43078999031464688  0.44133864271382484  0.45187606666496632
  0.46241537631658097  0.47295420748892775  0.48350817571437771  0.49407638034432294
  0.50465017966679671  0.51522610148176862  0.52577055070095546  0.53631632507694538
  0.54686253150715802  0.55740658974298418  0.56795901774685342  0.57849904873672997
  0.58903333443539319  0.59956179732469062  0.61009366007965093  0.62064850814936157
  0.63120914705731457  0.64175730614134063  0.65228405696067193  0.66280126419324636
  0.67333114964284846  0.68387497792473217  0.69441502017536605  0.70493998019061543
  0.71545875789052582  0.72598211447219585  0.73653336705145145  0.74704834134570430
  0.75754675112511072  0.76805139180569160  0.77858553825127830  0.78913683146823199
  0.79964366179363644  0.81016390734801969  0.82071089500963201  0.83129877658921070
  0.84188627735992105  0.85245174474167829  0.86298890235811632  0.87352757300941342
  0.88406467832811053  0.89461246800544714  0.90517748499398465  0.91573007968423936
  0.92626087655763567  0.93677205578005251  0.94727778581219368  0.95780447713620664
  0.96834782889711046  0.97889986443553600  0.98945934606738073  1.00000000000000000
   1.5478521965650371E-002  -1.0000000000000000     
 F F F F F F F F F F F F F F F F F F F F F F F F F F F F F F F F F F F F F F F F F F F F F F F F F F F F F F F F F F F F F F F F F F F F F F F F F F F F F F F F F F F F F F F F F F F F F F F F F F F F F F F F F F F F F F F F F F F F F F F F F F F F F F F F
  <DiscreteSampler_grid>
  grouped_processes
  1 # 1 for a reference and 2 for a running grid.
  10 # Attribute 'min_bin_probing_points' of the grid.
  1 # Attribute 'grid_mode' of the grid. 1=='default',2=='initialization'
  0.0000000000000000 # Attribute 'small_contrib_threshold' of the grid.
  0.5000000000000000 # Attribute 'damping_power' of the grid.
 # binID   n_entries weight   weight_sqr   abs_weight
    10   10   3.391038940956465E+013   2.805801018833198E+027   3.391038940956465E+013
    11   10   3.391038940956464E+013   2.805801018833197E+027   3.391038940956464E+013
  </DiscreteSampler_grid>
