  0.00942858249956723  0.01613305865782419  0.02507888949433058  0.03588672136331739
  0.04621655607262544  0.05657616573946522  0.06693591307247981  0.07731489689005282
  0.08771520964939995  0.09811867763001393  0.10850804684941365  0.11888727414927451
  0.12925677488543191  0.13963519441104741  0.15002001633102086  0.16040643796293061
  0.17078031107060299  0.18114185373629266  0.19151979758687812  0.20190803068503896
  0.21229581164699171  0.22268739544988850  0.23305839694324393  0.24343155841514644
  0.25380700162952413  0.26420910059815345  0.27460890416173661  0.28500195496478209
  0.29538304518164715  0.30576135336340704  0.31614847192481366  0.32652171978704009
  0.33689157410879195  0.34723481477813906  0.35760132072196460  0.36796837692179746
  0.37834085330819645  0.38870886049092540  0.39908766678467450  0.40948337535560114
  0.41986759593529033  0.43024547465008689  0.44063229602058207  0.45103148829939582
  0.46143662110067823  0.47182288768422842  0.48219538657531841  0.49254979536286458
  0.50291118408483149  0.51329012142430386  0.52368310040168731  0.53405381193295609
  0.54441377236924471  0.55477458403069535  0.56514503416998230  0.57551746119055402
  0.58589987082700001  0.59629797530144391  0.60670042918017342  0.61709733585196058
  0.62748944959081443  0.63788343503432121  0.64827514321151325  0.65866748120724650
  0.66905331486777064  0.67942483541179866  0.68978725578374445  0.70014002604984249
  0.71050109185877797  0.72088062902300187  0.73127895637418627  0.74168669699466916
  0.75207476569090703  0.76244431197721096  0.77280339709374501  0.78317620927555232
  0.79356287124482339  0.80396105500531934  0.81436416844559012  0.82475389247086384
  0.83513770474547266  0.84548846126377508  0.85583991804184123  0.86619675118312678
  0.87659004195982282  0.88700774355478351  0.89743246451476100  0.90785161998413044
  0.91824163396682701  0.92863094888387998  0.93901359505809656  0.94941006265100991
  0.95980096427779960  0.97017103560516860  0.98051875490171181  1.00000000000000000
  0.00953745857043556  0.01555836019238235  0.02483562708072557  0.03559543485661015
  0.04595210866279026  0.05633630857837681  0.06674670448525791  0.07716516224735002
  0.08757854152681360  0.09797829069748537  0.10835733378482777  0.11873788541455428
  0.12912902605450874  0.13952442600787249  0.14992199798389338  0.16031333179086976
  0.17070923037500463  0.18111533761758372  0.19149986348382825  0.20186917428242818
  0.21223824854848755  0.22262167969604893  0.23301441898031811  0.24339796354454571
  0.25377937944556134  0.26415250224080078  0.27452306579649433  0.28489472675921096
  0.29526651027583189  0.30564091186686759  0.31602592745828068  0.32641510249399264
  0.33679798984061832  0.34718567001933115  0.35756185081893682  0.36793056610815245
  0.37830007215705186  0.38868432275921094  0.39908321775947969  0.40947130057384723
  0.41985958590302491  0.43024787772847828  0.44063386456787162  0.45101500901146052
  0.46138527341360608  0.47175060041217115  0.48211698239516099  0.49248992162670518
  0.50286604401269464  0.51323971643317645  0.52361540166326526  0.53399492963153294
  0.54437343616128642  0.55474923574720647  0.56512761506408005  0.57550696035848969
  0.58588136997961970  0.59624379662028648  0.60660214410032920  0.61697147491533044
  0.62735732217294138  0.63775420471782551  0.64814828034447369  0.65854040597545704
  0.66893135193414299  0.67931114245625268  0.68968045104594533  0.70004806495648697
  0.71042003963429179  0.72078606487025210  0.73114451054691054  0.74151558251356897
  0.75191355506689950  0.76233188253545014  0.77273745756834289  0.78312190484301636
  0.79349962459779921  0.80389130713168078  0.81430551292333075  0.82470611565645202
  0.83510184830214929  0.84548899768527530  0.85590307413063194  0.86632031895834694
  0.87672811379934668  0.88712916360592553  0.89751902667420236  0.90790828820931702
  0.91826071833428724  0.92863276619735169  0.93903046937519197  0.94945541217329421
  0.95986168201903344  0.97021875163719429  0.98055025679993812  1.00000000000000000
 -0.00244625390317488  0.00951874786325130  0.01964932937671646  0.03013297208011706
  0.04067341923495967  0.05125584309326765  0.06182583529668376  0.07238665185686900
  0.08294123278688732  0.09350809600913469  0.10407231402303938  0.11463003341946007
  0.12519021534116767  0.13574637388886995  0.14632725258513019  0.15689481967582031
  0.16745381775038412  0.17799707160273473  0.18852338711081504  0.19906556225798547
  0.20958556462195133  0.22013551107527343  0.23069238450661550  0.24127189722353456
  0.25180944395378496  0.26232554739288455  0.27278658612117784  0.28327270746306188
  0.29375601763226977  0.30430161306061770  0.31484292179445411  0.32540751747127283
  0.33594840911684531  0.34647676586726323  0.35699142481786078  0.36750439005648089
  0.37802718664613244  0.38856621193550506  0.39911753415904333  0.40966250052354902
  0.42018776238703726  0.43070650041828035  0.44124089757525947  0.45178539294566838
  0.46232267240272923  0.47285841404034951  0.48336982345071694  0.49390986798413794
  0.50446693556863442  0.51501727878887127  0.52555380852006128  0.53607589538200529
  0.54661124002704908  0.55716346538146411  0.56770612338751136  0.57825130757861143
  0.58877668334622013  0.59929779151024654  0.60982128831705573  0.62033634942603200
  0.63087075935233261  0.64141342094893794  0.65196768262012350  0.66250183599173340
  0.67303430366759942  0.68357167481266046  0.69412946902953387  0.70469723101224213
  0.71524619647357901  0.72577153364500224  0.73629386636968464  0.74682227183769578
  0.75738763901090489  0.76794093548664510  0.77852626347509668  0.78910021918650863
  0.79969650417820948  0.81025571671519103  0.82079845863510781  0.83130963764501897
  0.84182216203952909  0.85234546844336900  0.86289181326289466  0.87347239783226582
  0.88402625207146490  0.89457572432759658  0.90510529993577093  0.91566335502599283
  0.92621791835001133  0.93679550131502842  0.94734866374684523  0.95789210736731045
  0.96841515725311600  0.97894393188900175  0.98947721110183018  1.00000000000000000
 -0.00243156043602878  0.00962786372160726  0.01980915057288966  0.03031887638296061
  0.04083582128885194  0.05135716541062189  0.06189269340607665  0.07244249383198163
  0.08296702513578387  0.09349545580554604  0.10403055294089390  0.11457204574871664
  0.12510873145506998  0.13565971866534440  0.14622789344218245  0.15680088496529893
  0.16735228105166267  0.17791640491862659  0.18845002989774923  0.19898036177054995
  0.20950880660844987  0.22003752232260032  0.23055837511569216  0.24107813408195944
  0.25161489795981618  0.26215289758419652  0.27267453599652064  0.28320417521936903
  0.29374216331768005  0.30425423506909788  0.31477120211603926  0.32529356589381325
  0.33585487657818119  0.34637705293616150  0.35689705835182506  0.36740287442461744
  0.37796195055713899  0.38852753511775001  0.39908561661110264  0.40958117525776577
  0.42006184743726066  0.43056522165338157  0.44112320194572824  0.45167102535338161
  0.46222631685299270  0.47275367514518879  0.48330473425336518  0.49385645834806985
  0.50442489332076978  0.51501877412125885  0.52557428829500596  0.53610843451036150
  0.54661835576896056  0.55715879262402868  0.56772824806766653  0.57826254014223977
  0.58878947927786751  0.59929055950263477  0.60981139571365039  0.62033202631020468
  0.63084748056194095  0.64136887667918108  0.65189989335838372  0.66246321915812556
  0.67301293811185303  0.68356814274553934  0.69409526597622362  0.70464797589000849
  0.71518570640301604  0.72574267667180958  0.73628269731333440  0.74683121875744951
  0.75737036647939437  0.76791166267480648  0.77845901750288715  0.78900648957449337
  0.79953962148899971  0.81004726562048057  0.82055925320414613  0.83110239734577818
  0.84167253478431814  0.85224772999797505  0.86280072914033079  0.87334178109289529
  0.88386771843386425  0.89441592069334130  0.90495915013675066  0.91552597516882073
  0.92606224386742297  0.93660988841848936  0.94714110938058738  0.95769432999770998
  0.96825344938318025  0.97883814132954539  0.98942126721674761  1.00000000000000000
 -0.00247475931106346  0.00949721183731185  0.01967769921860734  0.03022055544824385
  0.04075971673213245  0.05127141044371573  0.06177952976326827  0.07231682277553350
  0.08283531599168563  0.09336288863945379  0.10387832825804036  0.11440242093969565
  0.12492162535654833  0.13546900976500093  0.14603030545605034  0.15658265070175625
  0.16710550034328869  0.17762394109112128  0.18815723935085635  0.19871200292770519
  0.20927709527543134  0.21983667608273863  0.23039994928863158  0.24093871021626465
  0.25147181156327875  0.26198892659289585  0.27250640689857503  0.28301904123075095
  0.29353025317839715  0.30406040443749871  0.31460004794114427  0.32516729596210570
  0.33573872030700513  0.34632041463411617  0.35687904981342805  0.36742261125885695
  0.37796519319192545  0.38847932869825935  0.39905234950490603  0.40959646881780032
  0.42017849745765079  0.43068394391521653  0.44121337470198080  0.45172321546740118
  0.46225064099191671  0.47276926570046784  0.48329668210118026  0.49385387672926478
  0.50441445606209279  0.51498513409180358  0.52553473257359407  0.53612190164586770
  0.54669729362711716  0.55726267254805473  0.56775973700669502  0.57826875511608977
  0.58877895033012861  0.59931341496629209  0.60986184104186436  0.62040947850279615
  0.63098255877898701  0.64155973367481156  0.65216251947660098  0.66273463162761692
  0.67326947946784088  0.68380077477043544  0.69434674224626058  0.70491498083182302
  0.71544459799405313  0.72595264796420289  0.73645362345924059  0.74697155354112865
  0.75749744263811314  0.76801144175940661  0.77852534771399862  0.78904020933561625
  0.79958089835392665  0.81012221039279397  0.82066790294596659  0.83119782473607129
  0.84174742061701813  0.85229418402053370  0.86283430312572873  0.87337000660297071
  0.88391027086892426  0.89444965685755462  0.90499154151273509  0.91554002648594057
  0.92611393841649148  0.93666044639825752  0.94719585638091552  0.95772605193903937
  0.96828001020370469  0.97886671190742702  0.98943255965385368  1.00000000000000000
 -0.00246148498124891  0.00950215039672276  0.01966729145182076  0.03016764582011216
  0.04073148003562942  0.05129448333434601  0.06188691924637781  0.07244296823310459
  0.08298049323328963  0.09349333438730685  0.10400901582357765  0.11454945082631247
  0.12512052713662156  0.13568066533570977  0.14625365174377974  0.15678388440271165
  0.16735221963083730  0.17788176847457909  0.18843873674598238  0.19899172091588901
  0.20956487365928395  0.22012385874506826  0.23067846775848613  0.24120496606343361
  0.25172934052619916  0.26222988666244440  0.27273749270637265  0.28324100083699144
  0.29375320369734548  0.30426535053972381  0.31479369349594000  0.32535024127241297
  0.33593413528338634  0.34651929221645600  0.35710003523578049  0.36763530148076035
  0.37817676889634716  0.38872191240897941  0.39928174420181606  0.40983259326239302
  0.42034352659469565  0.43084571066395849  0.44134418633680977  0.45185440706679036
  0.46238892391631636  0.47292822447823230  0.48347675696979125  0.49401595382495694
  0.50455523247851941  0.51510457807264520  0.52565810024739845  0.53619696840137876
  0.54673043512840147  0.55726892986691068  0.56781992428153116  0.57836487642559853
  0.58892074444974529  0.59948445521067328  0.61005354867674344  0.62059967582553477
  0.63114847587309775  0.64168353110774901  0.65225503773481708  0.66280520235624873
  0.67338046777121507  0.68391834075563518  0.69446880724085192  0.70499590055706340
  0.71552602876003157  0.72607652219949526  0.73661968917232046  0.74716441987345028
  0.75766052351576207  0.76816750832116343  0.77870941145023631  0.78926996562354701
  0.79986149431785747  0.81041869540754463  0.82095778136981556  0.83147050516694643
  0.84199681892491840  0.85253387279612847  0.86308396773732021  0.87361070902492066
  0.88414562255955487  0.89467650830936307  0.90521808879158261  0.91576503758482752
  0.92629456067103322  0.93684361640672320  0.94737325726501709  0.95791919650990220
  0.96845260764015362  0.97898932922872128  0.98950309253378432  1.00000000000000000
 -0.00251056673540005  0.00942989199568867  0.01957950778840805  0.03008691033019277
  0.04066758632285821  0.05121706895950305  0.06172766414864242  0.07221534011263035
  0.08275185039494073  0.09334310158830762  0.10393184886157948  0.11448654943733540
  0.12503457629674278  0.13559121634588955  0.14615605788495720  0.15669420149156499
  0.16726053945409114  0.17781351797616904  0.18837756009141360  0.19890541839395298
  0.20943573921945030  0.21998157409669969  0.23055249750593204  0.24115108392480061
  0.25171454088896966  0.26227400381496868  0.27282254209467999  0.28338246242663373
  0.29390486746126049  0.30438852200954203  0.31490535721052243  0.32545367912849232
  0.33603679750760629  0.34658232120021265  0.35713808934472241  0.36767918546052825
  0.37821430921663518  0.38873252646473494  0.39922494411335957  0.40973670370748910
  0.42024316353035068  0.43077838928055656  0.44132145086852248  0.45184732061238464
  0.46235660610712614  0.47286924542379455  0.48337544392283927  0.49390950738695782
  0.50443429149520169  0.51499816189333647  0.52555720417753848  0.53611985859703404
  0.54667927152285400  0.55725043453459999  0.56782657183356655  0.57839417667697723
  0.58895342849338961  0.59950139092358423  0.61006828141011971  0.62063380434561188
  0.63118065924054367  0.64170462665905226  0.65221009571084509  0.66272147054725250
  0.67323760190378079  0.68376572004703529  0.69430246069431889  0.70485873294807533
  0.71541888335225823  0.72596223121038850  0.73648440934541748  0.74698951447475281
  0.75752508452321499  0.76804305212442692  0.77859331437137203  0.78911321382871402
  0.79965793098060678  0.81018664157822107  0.82071413294769924  0.83123857879368590
  0.84176242709476390  0.85233001747841131  0.86290086485305439  0.87348727659733139
  0.88401809649174434  0.89455939360760450  0.90510627222661277  0.91569934743902248
  0.92628909865396458  0.93684758812741120  0.94738319113958003  0.95789828335020877
  0.96839403474745978  0.97890964323363361  0.98944512839893362  1.00000000000000000
 -0.00248062301674584  0.00952335607969742  0.01969111835732103  0.03023019252849078
  0.04076195580086332  0.05128453384402150  0.06180680567335179  0.07235422609680260
  0.08291312520721249  0.09346776812318813  0.10401570272157300  0.11455192826490601
  0.12508766956391956  0.13562761203260182  0.14619302696515829  0.15678872041228473
  0.16736780574713120  0.17789580707641747  0.18842068691800198  0.19896054947867722
  0.20949823965176356  0.22003907422714936  0.23057761999165433  0.24115448284722518
  0.25169352921715410  0.26223413277940377  0.27278228309566727  0.28333356244477004
  0.29386462384864709  0.30439737680919798  0.31494216138651188  0.32551400465768859
  0.33606948147660831  0.34660897810001290  0.35712956941200830  0.36767351534990195
  0.37822694131550239  0.38877014889936645  0.39929924294304203  0.40985167856272109
  0.42042367388210078  0.43098548950253979  0.44152734614690631  0.45205570215798679
  0.46259450181185607  0.47313178212845597  0.48370155261759396  0.49425720836709186
  0.50479629274568860  0.51532923705570510  0.52587100499468509  0.53643462296408617
  0.54699045917060052  0.55756990093033121  0.56817904208046355  0.57877080557942928
  0.58930755741117569  0.59980080526275570  0.61031256965575575  0.62083572484074379
  0.63134773691915202  0.64184742891749480  0.65236949908284547  0.66289998606303435
  0.67343516835343076  0.68397690430873626  0.69451408856774455  0.70507121531712746
  0.71561443953045489  0.72617939845103774  0.73672573030940591  0.74729813958661140
  0.75788098586143970  0.76844391768357123  0.77900191941590013  0.78952582522987580
  0.80005502740815049  0.81056688786579967  0.82109397761890934  0.83164863146467027
  0.84220439658610668  0.85274312684458120  0.86328617001504970  0.87380738703881911
  0.88434003201799827  0.89484876392109314  0.90535581493155604  0.91585608005599284
  0.92635256657657017  0.93687314147889911  0.94740750262042506  0.95793090381179002
  0.96844676710023980  0.97897977055920471  0.98949401793520941  1.00000000000000000
   1.5452023503091555E-002  -1.0000000000000000     
 F F F F F F F F F F F F F F F F F F F F F F F F F F F F F F F F F F F F F F F F F F F F F F F F F F F F F F F F F F F F F F F F F F F F F F F F F F F F F F F F F F F F F F F F F F F F F F F F F F F F F F F F F F F F F F F F F F F F F F F F F F F F F F F F
  <DiscreteSampler_grid>
  grouped_processes
  1 # 1 for a reference and 2 for a running grid.
  10 # Attribute 'min_bin_probing_points' of the grid.
  1 # Attribute 'grid_mode' of the grid. 1=='default',2=='initialization'
  0.0000000000000000 # Attribute 'small_contrib_threshold' of the grid.
  0.5000000000000000 # Attribute 'damping_power' of the grid.
 # binID   n_entries weight   weight_sqr   abs_weight
    10   10   4.267294125861112E+013   3.787770003210313E+027   4.267294125861112E+013
    11   10   4.267294125861112E+013   3.787770003210315E+027   4.267294125861112E+013
  </DiscreteSampler_grid>
