  0.00951832206558585  0.01575844285452228  0.02488069198711521  0.03566839684576829
  0.04601251913917373  0.05639390109794277  0.06677413316220934  0.07716326833117984
  0.08754133909364741  0.09791542296914429  0.10826751014851579  0.11862556632427242
  0.12899012162090198  0.13939207656981925  0.14981903083277995  0.16024405231856498
  0.17065879587674185  0.18104823590634656  0.19143984359610627  0.20183076106236383
  0.21224173269512420  0.22263368319376015  0.23300876130839029  0.24338265109109364
  0.25376767940797879  0.26416574673181653  0.27455506107048105  0.28494557768013851
  0.29532403943219609  0.30571058777381654  0.31609851326157440  0.32650096750040025
  0.33687500715020607  0.34724340628485573  0.35759526051071838  0.36795904998836459
  0.37830973962726921  0.38866912434961320  0.39902855478515170  0.40939110080917251
  0.41974482695771242  0.43012077444721480  0.44050806745254761  0.45090643204935105
  0.46128443452076889  0.47166554831769780  0.48205703926795490  0.49244461692512953
  0.50282737740815697  0.51320049430654946  0.52358029612592050  0.53395963525341306
  0.54434924126633344  0.55474965404236254  0.56516115849600690  0.57556865418509151
  0.58595852782458346  0.59633763686975250  0.60671652486231786  0.61710228891702423
  0.62748448323334338  0.63785590533567083  0.64822483586108492  0.65859376180154117
  0.66896096630472901  0.67932649626167074  0.68969371291357140  0.70005980341836693
  0.71042891357241922  0.72080454895952573  0.73117753886442816  0.74155665014614036
  0.75193672270172551  0.76234047723665421  0.77274877272181419  0.78314050502511667
  0.79350523557927810  0.80387592828657994  0.81426654087598882  0.82468568965173594
  0.83510899220768764  0.84553691755175531  0.85595960288169337  0.86636186403723470
  0.87674129992286043  0.88711681620756244  0.89749884781991718  0.90789495892642935
  0.91827243324946839  0.92863098156694635  0.93898140053807044  0.94933609611182368
  0.95971123125048918  0.97009023835960584  0.98047035779136082  1.00000000000000000
  0.00952074676758315  0.01565446697643348  0.02490838907118684  0.03570202544351795
  0.04604367187609351  0.05640389648665473  0.06675766599886813  0.07713025879205219
  0.08750588185938785  0.09788801693453100  0.10826912895858960  0.11864902507036522
  0.12902826432709999  0.13943094769659686  0.14982743136067805  0.16020240564995600
  0.17054207478679087  0.18088492333034140  0.19126443257401196  0.20165219270278884
  0.21205444485706698  0.22244462073187457  0.23282868072334631  0.24322209889851495
  0.25362144788531804  0.26404518447658687  0.27445126088298782  0.28482005556962947
  0.29518143002007824  0.30552527969235255  0.31590375196645382  0.32627960551399515
  0.33667882370622182  0.34707484827548080  0.35746320842624607  0.36783193628292360
  0.37819998292722617  0.38858163069207879  0.39897426782161605  0.40936835964713675
  0.41976806752727841  0.43016511883513342  0.44057285861578016  0.45097813069750892
  0.46137833264345257  0.47175837786488772  0.48212968134568956  0.49250219050305505
  0.50288346521532223  0.51327256381381203  0.52365642182577699  0.53403330223540746
  0.54439241518916393  0.55475993884074160  0.56512947889948462  0.57549359570654590
  0.58586577236949910  0.59626443291496756  0.60667681711611010  0.61707360811451606
  0.62745673374713928  0.63784276932304185  0.64823632455304325  0.65862409010618661
  0.66899892790180637  0.67937121917473242  0.68974533712874520  0.70013106367211875
  0.71053090118490725  0.72093045192241334  0.73132739702865568  0.74170459991862114
  0.75206698818092665  0.76243044108969782  0.77279802107434636  0.78317129791501372
  0.79354151284520658  0.80391126320944339  0.81427156011433843  0.82463531608404039
  0.83500635728940598  0.84540379300612467  0.85579620506515430  0.86620101021995177
  0.87659043691434846  0.88696686087623644  0.89733890542358896  0.90771276612121987
  0.91811356621051865  0.92851722158877814  0.93891041332664305  0.94928915537511949
  0.95966343568210255  0.97004494168272504  0.98042907488571240  1.00000000000000000
 -0.00245366638727857  0.00956629021866839  0.01974515008247103  0.03027364770650599
  0.04083176504164750  0.05138044683741161  0.06196261700713315  0.07254824051518087
  0.08314923434583162  0.09372182029532664  0.10428665177516401  0.11486337280996821
  0.12542141532007026  0.13596706995426383  0.14649059200091130  0.15704007110667303
  0.16758625043312478  0.17813403558265067  0.18867936261623572  0.19923653959347062
  0.20977820142397544  0.22035049703118847  0.23090808363588078  0.24147432126934892
  0.25199396634980697  0.26250303028297850  0.27297845574828550  0.28347397266296154
  0.29396553996074393  0.30449918861448677  0.31500676660962573  0.32555000594483474
  0.33606960785694556  0.34661208551034040  0.35713534666912067  0.36766707668519499
  0.37821461647708970  0.38877676146367585  0.39935000665638209  0.40988711796371785
  0.42039361101351425  0.43089521840358858  0.44139251214437181  0.45194246782653680
  0.46249901023786522  0.47309732223412476  0.48366633997535802  0.49423455704754538
  0.50478213909831560  0.51532165230204829  0.52582614500756564  0.53631334957769061
  0.54680162199203630  0.55732292027181152  0.56785116877817610  0.57840612641924305
  0.58893837960435069  0.59946567202789780  0.60995443341048317  0.62048704959589596
  0.63100127479345380  0.64154044478734162  0.65205490487542583  0.66262374602428553
  0.67320415155220503  0.68378163006207426  0.69432864861405963  0.70485017435301545
  0.71538234677549073  0.72595602197623588  0.73654736964732659  0.74713553532001153
  0.75767741563882940  0.76820637189981089  0.77872182127684708  0.78924041454321581
  0.79974942291386564  0.81028425430640572  0.82083629307179939  0.83142713572079496
  0.84197656444605862  0.85251601518585030  0.86303598801179349  0.87357668190276050
  0.88412626619505386  0.89466738206136021  0.90521402088372716  0.91574754895760990
  0.92627237638976589  0.93678604310531899  0.94732585702907202  0.95786562622726112
  0.96841849186607909  0.97896218976369065  0.98948697902435845  1.00000000000000000
 -0.00235158363320132  0.00951903689701727  0.01967468206511629  0.03017190151069347
  0.04071872172233775  0.05127347024046429  0.06184062742667338  0.07239261434467721
  0.08294855081368083  0.09353406505598220  0.10411737545685894  0.11468025704634047
  0.12523110903555748  0.13579678717306864  0.14634638572718475  0.15689651857366460
  0.16742777277577001  0.17797301443365121  0.18849354625832157  0.19900579144489186
  0.20952368988529829  0.22004577628857483  0.23057852488926067  0.24110717084033079
  0.25165120748678521  0.26216530073390099  0.27268031665975695  0.28318988250950916
  0.29373638941908875  0.30431870718451015  0.31491867813510549  0.32550733324478798
  0.33609021951741508  0.34666223361830995  0.35723407677723529  0.36777598922600568
  0.37831260198604882  0.38885032724158952  0.39939399903293971  0.40992252980920307
  0.42044920406225766  0.43094579794088622  0.44145993104289077  0.45197238719066291
  0.46251365884119860  0.47306346204866373  0.48361632694008494  0.49417463346994839
  0.50472153377423690  0.51527156470458990  0.52580055283920957  0.53632014648884363
  0.54683430623005702  0.55736453907906092  0.56791182640143822  0.57848553222937926
  0.58908012383127084  0.59963379227907143  0.61015653952098370  0.62065731935728374
  0.63118491460056614  0.64172737971418803  0.65226935488164894  0.66280306675389289
  0.67331060008042931  0.68380069695057266  0.69429531992642513  0.70481020487750301
  0.71533702002348665  0.72584719875783887  0.73639139321404123  0.74694549083185902
  0.75750408414999248  0.76805195628316958  0.77858639591739887  0.78911363191295814
  0.79961931229787220  0.81013039904558815  0.82067194030089119  0.83120437248312351
  0.84177017227209039  0.85234083188372056  0.86290984268161908  0.87346129628709790
  0.88401062199068914  0.89456415547995938  0.90510936339372450  0.91564955335794984
  0.92618867840981856  0.93670382768166838  0.94721640650780903  0.95773329104386495
  0.96828376460419063  0.97884667669913106  0.98942304407917825  1.00000000000000000
 -0.00248589647822053  0.00957257904084416  0.01976734092963228  0.03029600726348919
  0.04086079125203802  0.05141022902727076  0.06194388196983217  0.07247597417187043
  0.08301378088518396  0.09354103503791228  0.10409582056370022  0.11463936507082553
  0.12520277842115282  0.13574649883635870  0.14626439387712206  0.15678205462035252
  0.16729642981481019  0.17784891536301262  0.18838823554172987  0.19893680834863042
  0.20948844463978700  0.22005099595524324  0.23060619762129989  0.24116203644943077
  0.25169869743256912  0.26220236991387758  0.27269599460132238  0.28320120068931909
  0.29371857551611186  0.30425524240189794  0.31481348229450962  0.32538503536994778
  0.33593133915112283  0.34648373686060674  0.35702453328697159  0.36756317870720218
  0.37808733705434255  0.38861509037815961  0.39914548532371918  0.40967809265689720
  0.42019527592156836  0.43072709619415023  0.44125526924551500  0.45180530518518502
  0.46234603028532217  0.47288027769290708  0.48341969172282523  0.49394563359546367
  0.50448148212855248  0.51502826145211844  0.52559714948444591  0.53615954799278953
  0.54670977884196570  0.55727422804759319  0.56783751538269167  0.57840245783372768
  0.58892623222012497  0.59944659690513857  0.60994460515855620  0.62047938079598086
  0.63102425872294388  0.64160542809743459  0.65214387523260620  0.66269682821435716
  0.67323513490157127  0.68381325587492470  0.69438054004496608  0.70492691283208619
  0.71544301943419952  0.72595768166851193  0.73647989989290930  0.74704058204872570
  0.75757316523443019  0.76812825932666873  0.77869542028988536  0.78926137112052164
  0.79981208566844686  0.81033703424429326  0.82090471873632032  0.83148384616095072
  0.84205500242791198  0.85260470075111283  0.86314259022598527  0.87370828746413287
  0.88424449703770958  0.89480518858065716  0.90530798918479993  0.91583329138224945
  0.92632034599159530  0.93683535129310702  0.94736607590064725  0.95790681987610260
  0.96846348218277911  0.97901868836520090  0.98952867526999100  1.00000000000000000
 -0.00249810963612852  0.00953114628556886  0.01967565044796167  0.03020039284935437
  0.04071989771254823  0.05127605536281909  0.06184085486366312  0.07241453787489445
  0.08298217127611404  0.09352464580407860  0.10404959196656420  0.11456523005742285
  0.12505106989630763  0.13556537589443435  0.14610796397714082  0.15668351764852137
  0.16724560597281932  0.17778518350015965  0.18831959062081149  0.19887249380458893
  0.20942057170770387  0.21995690884862004  0.23049135084140945  0.24104695409772367
  0.25160771016218253  0.26215387899835080  0.27268254289409360  0.28320582862858834
  0.29374204907218404  0.30428249067502461  0.31482110810527147  0.32535647220403074
  0.33586597993812806  0.34638880023693525  0.35688719397683716  0.36741416706665958
  0.37796468866831839  0.38853905625139062  0.39910379770038862  0.40964422213536639
  0.42019243885466667  0.43073770008013906  0.44125418378152048  0.45176322319401463
  0.46228060840231827  0.47284163298408632  0.48339954339870178  0.49395567416032699
  0.50450351715258734  0.51503849530213996  0.52557658442518262  0.53610070727825221
  0.54667268691334581  0.55722132338314978  0.56777231164859665  0.57827190949937213
  0.58879690660556860  0.59932446487021640  0.60987965938288291  0.62041904723562458
  0.63096908316348421  0.64151589528671993  0.65208359866824461  0.66263766692457893
  0.67317856572867485  0.68371501415396785  0.69426598124934125  0.70483018134753195
  0.71540153130512729  0.72596045016134747  0.73651771347520401  0.74707671490333294
  0.75761562335617727  0.76815160135974880  0.77867946578176395  0.78924209555722569
  0.79980478094762686  0.81035460027698636  0.82090286377945731  0.83145199547433613
  0.84198005866479209  0.85250155284260964  0.86303126563021193  0.87357681847318147
  0.88411135524699180  0.89462756748347783  0.90515558397981200  0.91568854778024233
  0.92619440244786866  0.93670611743804633  0.94721973927188918  0.95777207362235361
  0.96832682594804143  0.97890819758848036  0.98945978951423019  1.00000000000000000
 -0.00249218576695279  0.00951964514006117  0.01966157219426908  0.03015671516489307
  0.04065661491282463  0.05118524157962610  0.06172139805176140  0.07227265042293363
  0.08279739441600846  0.09335340655807564  0.10389985045192195  0.11443152384389552
  0.12494270694132295  0.13546271155097397  0.14604469965960842  0.15662482929407825
  0.16718508339337448  0.17773941159128664  0.18829532680839109  0.19885351649070468
  0.20938638528982259  0.21989535613599479  0.23042301501845044  0.24097626345496770
  0.25154728913267327  0.26209335951582968  0.27261208174954477  0.28313132418125025
  0.29366007803687338  0.30419604499220121  0.31471787447302313  0.32526341653091373
  0.33581370807761518  0.34638253090300780  0.35696174317235219  0.36755724692809788
  0.37815606510384225  0.38868874303491052  0.39919078376137040  0.40970099897063733
  0.42027237234961251  0.43085583906190422  0.44143712915481631  0.45199532295903039
  0.46253138247696918  0.47305771845057420  0.48356307663266701  0.49408893922300345
  0.50464233236437972  0.51519161966761928  0.52573981833547967  0.53626915778413120
  0.54683309744944586  0.55739238109367217  0.56796883185943392  0.57854513338827096
  0.58913693954998114  0.59968298747955784  0.61025882405285137  0.62081510533626150
  0.63141317620666082  0.64196584678866431  0.65251302689656121  0.66301056299026073
  0.67354081396613208  0.68407081483373688  0.69461403929434384  0.70513961606384423
  0.71568329892107374  0.72625896802747059  0.73681505008043613  0.74736124308419094
  0.75788833247735043  0.76840560111494127  0.77892438575220246  0.78943667430763609
  0.79996276241357167  0.81048569076292698  0.82098728320614223  0.83148685695855007
  0.84199645847785531  0.85254558870986685  0.86309239282314565  0.87363791982280425
  0.88417693627800453  0.89472195551534606  0.90525246398579251  0.91577099519133753
  0.92630347233488963  0.93683620924702249  0.94738497064757943  0.95791800000926441
  0.96844299057252814  0.97896542506501605  0.98948353725112903  1.00000000000000000
 -0.00250874160487727  0.00945809898425939  0.01957973485592254  0.03009656978861993
  0.04063538684496227  0.05118862399099317  0.06171768846255168  0.07223120912027810
  0.08275688694903585  0.09329446791155852  0.10383306647228481  0.11436799580847269
  0.12488120601279659  0.13541265860708440  0.14592617443004277  0.15645208457517368
  0.16697279006344112  0.17751540833884458  0.18808165039812008  0.19864763192919785
  0.20920529360306561  0.21974275861874631  0.23026151094052608  0.24078431483311555
  0.25131436024813791  0.26185783057712181  0.27241254779448965  0.28296953090795701
  0.29355575170647608  0.30414052303496270  0.31470329781269019  0.32525916184525877
  0.33578780090053578  0.34633131458498140  0.35687379769308047  0.36743909323354268
  0.37798207364635000  0.38850012145122814  0.39900258415605544  0.40952504609406043
  0.42006264395554060  0.43061297590910919  0.44115960917951019  0.45170419084454433
  0.46225704128269290  0.47280806396046016  0.48337483972974593  0.49392405982664944
  0.50448036222482007  0.51504156203826101  0.52560237285391398  0.53615027800276982
  0.54666521177231231  0.55718890703093504  0.56770964242291788  0.57826269043678957
  0.58880631847602205  0.59936957053329909  0.60990843519889981  0.62047114188650565
  0.63103711993014522  0.64160674403900286  0.65214790158631297  0.66268588822149099
  0.67322618772214071  0.68379648337473709  0.69434958771228195  0.70491689092566379
  0.71545506833715922  0.72600199195276249  0.73653047881293843  0.74709280179595483
  0.75763661660506865  0.76818595023619196  0.77870821538289303  0.78923967656049976
  0.79977060004197209  0.81027154785531530  0.82078164955678012  0.83129764155783215
  0.84183918183223705  0.85238157576233742  0.86291684883392905  0.87345842625712478
  0.88399602123923526  0.89453621864794930  0.90509644537281009  0.91566642096345774
  0.92623878945822691  0.93680087738047280  0.94734017563110584  0.95789055666371570
  0.96841594789273688  0.97895838651214295  0.98948216643671538  1.00000000000000000
   1.5455574396030352E-002  -1.0000000000000000     
 F F F F F F F F F F F F F F F F F F F F F F F F F F F F F F F F F F F F F F F F F F F F F F F F F F F F F F F F F F F F F F F F F F F F F F F F F F F F F F F F F F F F F F F F F F F F F F F F F F F F F F F F F F F F F F F F F F F F F F F F F F F F F F F F
  <DiscreteSampler_grid>
  grouped_processes
  1 # 1 for a reference and 2 for a running grid.
  10 # Attribute 'min_bin_probing_points' of the grid.
  1 # Attribute 'grid_mode' of the grid. 1=='default',2=='initialization'
  0.0000000000000000 # Attribute 'small_contrib_threshold' of the grid.
  0.5000000000000000 # Attribute 'damping_power' of the grid.
 # binID   n_entries weight   weight_sqr   abs_weight
    10   10   4.327088837866569E+013   3.007180737203521E+027   4.327088837866569E+013
    11   10   4.327088837866570E+013   3.007180737203523E+027   4.327088837866570E+013
  </DiscreteSampler_grid>
