  0.00959082527794307  0.01608011507114163  0.02507740502425548  0.03589127480748687
  0.04623325016022390  0.05661687914928003  0.06700923396923482  0.07740344266012832
  0.08778559372992739  0.09817161116272692  0.10852504638982101  0.11887828789021854
  0.12920944913519011  0.13955371128320518  0.14989256933921055  0.16025971601502445
  0.17067836851457549  0.18110440230963273  0.19147657464785495  0.20182303039335786
  0.21215478928328291  0.22251553320058071  0.23286745858697880  0.24323953084808211
  0.25360024977693396  0.26397201885162974  0.27433017384992675  0.28468922549775361
  0.29506644903781004  0.30546983870150968  0.31588047752308201  0.32624096838510763
  0.33659020669520812  0.34695890255651501  0.35738013301156168  0.36779070263913394
  0.37820786020093788  0.38858541224669657  0.39893447045928560  0.40925442319245092
  0.41958450152807342  0.42994357194175770  0.44028600477612256  0.45060829335789959
  0.46094560722288230  0.47132758133431041  0.48173630678863660  0.49212346605656043
  0.50251738508563504  0.51291917378751972  0.52332891554499450  0.53371323125933490
  0.54410203104483124  0.55450791917196096  0.56493318606173315  0.57535742396168155
  0.58577158483963421  0.59617444829561561  0.60657130337137610  0.61696863499335763
  0.62734804666312660  0.63771077392340692  0.64807389056802422  0.65843780198780466
  0.66879641422665570  0.67915050876685479  0.68952486733626672  0.69993412668986710
  0.71034870154014851  0.72073719674333048  0.73108968248245165  0.74143016674954343
  0.75177648646615247  0.76214370213889093  0.77252979492974405  0.78291569576735143
  0.79330857641375974  0.80369548862636442  0.81408429076876621  0.82446977816105949
  0.83485825905426236  0.84526727450178374  0.85565683725606467  0.86601411652977478
  0.87637060763625863  0.88676302839590360  0.89717238516441056  0.90757200229988177
  0.91795976430408188  0.92835096279336571  0.93876057980486449  0.94916877582387693
  0.95958807714808403  0.96999949121284201  0.98043960005842878  1.00000000000000000
  0.00965263767804089  0.01608394060251378  0.02516789854025287  0.03599926287205508
  0.04636348168227435  0.05673811202878427  0.06711427258200189  0.07750978876222023
  0.08791834963983211  0.09832053819826851  0.10870220198330674  0.11906223230306555
  0.12938438784271425  0.13972223113385232  0.15005978475775322  0.16042694458693246
  0.17081207361086773  0.18118357357856613  0.19157006383805394  0.20195016204936636
  0.21238451956411195  0.22281963983340994  0.23324972177115871  0.24367500985716553
  0.25409165409882362  0.26448871920624584  0.27486383535432662  0.28525311690375904
  0.29563954397645992  0.30601462781252220  0.31638857755419764  0.32676166131008155
  0.33714863903545944  0.34751753366079841  0.35788424280082848  0.36825295049278056
  0.37865574190044710  0.38907496099230010  0.39946876588627711  0.40983242983181911
  0.42019261901846089  0.43055661651807686  0.44089745101251521  0.45123392829461711
  0.46160247793167059  0.47200764445779825  0.48242512394831255  0.49283721320855262
  0.50324743082010137  0.51364965779526539  0.52402499909102418  0.53436605126460546
  0.54469580070874568  0.55504628745827356  0.56543747439826386  0.57585641606849469
  0.58627203131656691  0.59667405835482945  0.60706945422176928  0.61747284860845419
  0.62787133713821253  0.63825032079007749  0.64861034694536701  0.65897022733314270
  0.66933838432066062  0.67971464484543931  0.69010408134507650  0.70050310698855833
  0.71090622278050775  0.72131724485457049  0.73174937088532244  0.74216894869945205
  0.75256561102608743  0.76293724338754065  0.77331957442174160  0.78370820811645758
  0.79409744976128971  0.80447230234019251  0.81484922853649266  0.82522200514108590
  0.83560873488380505  0.84598327618705482  0.85632497968081389  0.86664387073012583
  0.87697501637982100  0.88733019422675552  0.89769525386434323  0.90802672662912109
  0.91835953239016688  0.92869052256802453  0.93905935688503039  0.94943077644870488
  0.95980271713116616  0.97014810045409849  0.98051810895572489  1.00000000000000000
 -0.00193475343181942  0.00959258725164716  0.01974542834181926  0.03027177401982606
  0.04080471042989941  0.05135249061220323  0.06191439872838705  0.07247929448027790
  0.08304558624858718  0.09359651764838901  0.10416865877686203  0.11469624514612857
  0.12516761855203126  0.13564450718554524  0.14613933769593151  0.15667952946857214
  0.16721864406876705  0.17771791125020800  0.18824911315135537  0.19877725245763153
  0.20935144088505392  0.21988071024205508  0.23036845996557045  0.24089416329862709
  0.25148259247781235  0.26210699451933844  0.27268594360173665  0.28321379619353654
  0.29377067598212442  0.30435296675322415  0.31493225947056785  0.32546834469168734
  0.33596818897882219  0.34645086563719596  0.35691670212366333  0.36740793968914054
  0.37791276577125410  0.38843555457253687  0.39893078716798436  0.40949361939386431
  0.42006629546764507  0.43064444051976142  0.44116116865827509  0.45167987913590757
  0.46220895500368187  0.47276365335949666  0.48330688012593653  0.49384725358871157
  0.50439555754840237  0.51493317023191687  0.52551760238047052  0.53608319381775016
  0.54667235383367896  0.55722618389694745  0.56778573745582306  0.57833004850649994
  0.58884010244516383  0.59933355632401342  0.60983733066005319  0.62032769250115161
  0.63082282061205219  0.64135933186351257  0.65193829769204781  0.66252718287089540
  0.67301331036859058  0.68352452301796152  0.69403593200403779  0.70460576964678112
  0.71514627589745217  0.72570784105299557  0.73625716514227202  0.74679806014704597
  0.75733583953650496  0.76791704085642110  0.77857548002232424  0.78918175211328456
  0.79976698573906413  0.81028320943494647  0.82083303336020041  0.83140832247382268
  0.84197302644568028  0.85257237179790613  0.86313887357101038  0.87372125708871962
  0.88425930415658716  0.89477195942670351  0.90529467143770648  0.91585625405262239
  0.92644141326822305  0.93699017899496650  0.94748963792215202  0.95798433404297889
  0.96847989104679855  0.97898146970558653  0.98948632007537640  1.00000000000000000
 -0.00207128883756616  0.00968400227650035  0.01985202030933567  0.03033184691479236
  0.04084970489633007  0.05141895527574183  0.06203563269825454  0.07264478496708635
  0.08323134056131895  0.09380634541070013  0.10437517908104696  0.11495534339199891
  0.12550725352469569  0.13606287121393043  0.14658675802593654  0.15715352281796546
  0.16773280580941258  0.17829457131510459  0.18885910123501873  0.19936695629347176
  0.20988507719725952  0.22039548463850436  0.23091431683931610  0.24144249273209908
  0.25195126787973432  0.26247827439982890  0.27299106632345976  0.28348701176247965
  0.29403381202326634  0.30460247825051040  0.31515091709041743  0.32565239234950305
  0.33615266956690909  0.34666235269064383  0.35717291955170377  0.36769111891344969
  0.37822289656570435  0.38875144113705556  0.39925795140049170  0.40978287027805660
  0.42032272242235014  0.43089618686880315  0.44146026121976883  0.45202982395563124
  0.46255620222044785  0.47309933668367055  0.48363013624934309  0.49418720885446060
  0.50473218331486791  0.51529932616139973  0.52585093251339510  0.53642477643140574
  0.54699106370992079  0.55760136294441554  0.56821754950321879  0.57881025296277688
  0.58938573485602574  0.59993386102708468  0.61046983921566333  0.62095484601347195
  0.63142685949070521  0.64192980596252081  0.65242786320658086  0.66296632093040486
  0.67351128839579344  0.68410908934011938  0.69467216291178879  0.70521224633729884
  0.71571085959616332  0.72619575540475978  0.73668786713024381  0.74720668491444109
  0.75778650957143112  0.76833293382448076  0.77886344028405208  0.78938805088169683
  0.79993649240888431  0.81047879484873164  0.82101179961515169  0.83151631468545728
  0.84201959027355611  0.85249481662837423  0.86300114665925010  0.87356059979158973
  0.88408808195121191  0.89462515099364504  0.90513523035489574  0.91565810016130711
  0.92618308283281403  0.93668094111763933  0.94720108627035671  0.95774987694065450
  0.96829685360335371  0.97887783162057806  0.98942131279316747  1.00000000000000000
 -0.00205975286419059  0.00998374188014843  0.02030198551773724  0.03083352319705966
  0.04136534794770767  0.05189242566374972  0.06244512684157418  0.07296066536704861
  0.08346564049137795  0.09396117024190552  0.10443679747272333  0.11492473505702609
  0.12540682380032603  0.13592105143499655  0.14644939701012327  0.15692755243106266
  0.16744408826393656  0.17794655194759953  0.18850178366027107  0.19902295080698443
  0.20953638166309144  0.22004031630031923  0.23055087089637141  0.24107198149839654
  0.25161058316186163  0.26215962782456403  0.27267764240688935  0.28317306813588639
  0.29369905880989294  0.30426724666871502  0.31485446260474470  0.32538555972512379
  0.33591580464828219  0.34642988358982563  0.35696597937170821  0.36749000422789241
  0.37803640619284734  0.38855497020143431  0.39906625334965928  0.40957143390376921
  0.42011592482737681  0.43068194973751067  0.44124113452380681  0.45177190505231041
  0.46226897167606923  0.47275494892017805  0.48323595395931895  0.49371632904370827
  0.50423952834465691  0.51480057819832592  0.52536745410582408  0.53587243999509337
  0.54637147704831290  0.55688308471092796  0.56745382736288796  0.57805755189565733
  0.58865913303661910  0.59923753534458324  0.60975522606873456  0.62027149580465979
  0.63078542019773198  0.64129330274128382  0.65181061128568074  0.66236690766902284
  0.67300085960573774  0.68364013167593740  0.69422260701601468  0.70474380136820769
  0.71525386563253235  0.72576179798545037  0.73626756026960971  0.74677159125597503
  0.75732911030355299  0.76791548497712603  0.77851919412207327  0.78909645796282357
  0.79967029290975766  0.81025330137629981  0.82083775199965281  0.83141252326333770
  0.84196033866269004  0.85257776405943897  0.86319738144797997  0.87382826521858903
  0.88436932189155493  0.89491201079521632  0.90539144201390975  0.91591530816422162
  0.92644721293779220  0.93702475187836509  0.94756857923406768  0.95812295513376133
  0.96862819808283585  0.97907868550770727  0.98953517661254364  1.00000000000000000
 -0.00230484120752214  0.00967898766428816  0.01987026394843001  0.03040950471873683
  0.04097812422338037  0.05157178737770209  0.06219559968900122  0.07280087257035009
  0.08339580056816989  0.09393790538758458  0.10449260486288037  0.11503160663332009
  0.12559862136146863  0.13614008424393423  0.14667107469954258  0.15720995654550507
  0.16772674415991098  0.17826396349725959  0.18876440442587816  0.19925683199394986
  0.20975613388318137  0.22027531171184575  0.23085075747776357  0.24136852605091763
  0.25187862297832642  0.26234681198111820  0.27284190438742956  0.28339072839410873
  0.29394804990256379  0.30452565101130374  0.31505810936919698  0.32561331453634229
  0.33614238033843713  0.34669127146088274  0.35722271873809563  0.36775122219835898
  0.37823060511293055  0.38872491924779584  0.39922647559041474  0.40970582848367826
  0.42018509236679191  0.43067657104110146  0.44120950655822089  0.45172609021040755
  0.46228746951740934  0.47282654954637615  0.48336777407284987  0.49387181481869835
  0.50439387036573768  0.51493354438660977  0.52546945153770430  0.53599740055774348
  0.54649282830790302  0.55699282994784505  0.56754678479027065  0.57814147054175491
  0.58873098811266866  0.59930626442965051  0.60988380265778663  0.62046502004663617
  0.63103812851771268  0.64161651658359586  0.65220962206391619  0.66276913374018953
  0.67334477971597895  0.68385707687131492  0.69439197462435931  0.70484672642305468
  0.71535385733270618  0.72583871141410494  0.73635816068889648  0.74690143808678100
  0.75744002956204048  0.76798547433090814  0.77850308899636822  0.78902676811091288
  0.79953622678163638  0.81002594695535768  0.82054972637729107  0.83109221258919164
  0.84168622597414366  0.85225622390834299  0.86284843737611339  0.87338281749106517
  0.88394993017638501  0.89446754181986099  0.90500692997810794  0.91551960293789214
  0.92606320884280280  0.93663201388506512  0.94719588988022341  0.95776569202620077
  0.96832416848054326  0.97889181558112737  0.98944924602318252  1.00000000000000000
 -0.00236325573833720  0.00963346551078903  0.01981993679005134  0.03032683621763606
  0.04084841035929546  0.05136649818598702  0.06193019665381969  0.07245558706902018
  0.08300972201051821  0.09349046107939037  0.10401485297774397  0.11452731053922099
  0.12507111439618807  0.13559754314439870  0.14614831733080716  0.15669987180606532
  0.16723001758037900  0.17774469828071573  0.18822774738066431  0.19876658676902140
  0.20926317368821420  0.21980762743309437  0.23034928913315730  0.24093229687706369
  0.25150676147711382  0.26204704506619708  0.27256354486458068  0.28308811593619743
  0.29362752170640150  0.30418306342967089  0.31473006713208729  0.32526697027570201
  0.33583802917396854  0.34640820032760189  0.35696170967708346  0.36750635694918893
  0.37805140511689345  0.38861843639083249  0.39912113786431236  0.40962779641976149
  0.42011284916481778  0.43063972311141585  0.44115763356454146  0.45167804328030198
  0.46215853160925646  0.47265970495148618  0.48321025963755376  0.49378290723893509
  0.50436677623308723  0.51492623396036341  0.52549317032932286  0.53605264176923662
  0.54657841834826015  0.55711786045884770  0.56768081056144626  0.57827543401106196
  0.58886132005266856  0.59941474846089693  0.60996925557647663  0.62052759763431153
  0.63111016844172763  0.64167548222900439  0.65223977799448329  0.66279236148350651
  0.67337164447705766  0.68395600911005727  0.69453581580402579  0.70513354394671035
  0.71572397366148088  0.72628342502666843  0.73683628304204341  0.74737218592386212
  0.75793274838144886  0.76848154374124400  0.77902238713836003  0.78955952203889335
  0.80006006084823689  0.81059432648527141  0.82114265909730089  0.83167023092895964
  0.84220444662335070  0.85271326437308703  0.86329116612563250  0.87379541354617074
  0.88430226569496195  0.89479609846501362  0.90533165075981625  0.91587924758008188
  0.92640197258458246  0.93695620986967243  0.94749664835802216  0.95804305312177229
  0.96854801223070608  0.97905195817603408  0.98953984496117942  1.00000000000000000
 -0.00231286641553430  0.00988954636532524  0.02011487614347733  0.03058392239940439
  0.04103809239858343  0.05153773390138162  0.06205622984931521  0.07262241538712201
  0.08315076791059194  0.09371283402892519  0.10424582006098675  0.11482924760606973
  0.12538885616036888  0.13595747438337158  0.14646245568119229  0.15694558380551721
  0.16742744100497411  0.17797335825659122  0.18849450312897170  0.19900767761139893
  0.20950243025951631  0.21999208328773909  0.23050527939106805  0.24100201263685908
  0.25152451863134995  0.26204846884899635  0.27262971410760933  0.28321364416047917
  0.29381091300582701  0.30439801737605898  0.31498263091674178  0.32556781650336125
  0.33614033394359771  0.34672888725718165  0.35730907736571249  0.36784044240779934
  0.37840745199035952  0.38893701897139182  0.39949637746418848  0.41006276094741850
  0.42064163470712002  0.43125169077737546  0.44184844933148171  0.45242620286083279
  0.46297806509297829  0.47349124057501540  0.48401284552786261  0.49451843322008437
  0.50503367397919408  0.51555858581428016  0.52607258830597203  0.53661778774000302
  0.54717548686035444  0.55774649107455598  0.56829610113834050  0.57881776349549807
  0.58932621477742619  0.59980481470884772  0.61030715294321392  0.62084915653579864
  0.63142721552729808  0.64199414507469854  0.65256067884334568  0.66311503140932981
  0.67367323042997229  0.68419627293788732  0.69472533091892896  0.70522543336313137
  0.71570992984426307  0.72615820387575114  0.73664971959242298  0.74718978779809442
  0.75775721868952384  0.76831249895502840  0.77881059607453307  0.78933929969121885
  0.79985823978314419  0.81045685476050278  0.82103552411677150  0.83162021278310694
  0.84213734093744541  0.85263613441261843  0.86312689768219397  0.87363273977479960
  0.88415554388282946  0.89470179808808903  0.90528905641705859  0.91583454136345255
  0.92635029600059771  0.93681998299245228  0.94730493552490391  0.95784824246903999
  0.96835818367435655  0.97891555685369147  0.98944335778708203  1.00000000000000000
   2.8801601216956774E-012  -1.0000000000000000     
 F F F F F F F F F F F F F F F F F F F F F F F F F F F F F F F F F F F F F F F F F F F F F F F F F F F F F F F F F F F F F F F F F F F F F F F F F F F F F F F F F F F F F F F F F F F F F F F F F F F F F F F F F F F F F F F F F F F F F F F F F F F F F F F F
  <DiscreteSampler_grid>
  grouped_processes
  1 # 1 for a reference and 2 for a running grid.
  10 # Attribute 'min_bin_probing_points' of the grid.
  1 # Attribute 'grid_mode' of the grid. 1=='default',2=='initialization'
  0.0000000000000000 # Attribute 'small_contrib_threshold' of the grid.
  0.5000000000000000 # Attribute 'damping_power' of the grid.
 # binID   n_entries weight   weight_sqr   abs_weight
    10   10   8.023103540453370E+002   1.782290415300826E+006   8.023103540453370E+002
    11   10   8.023103540453361E+002   1.782290415300821E+006   8.023103540453361E+002
  </DiscreteSampler_grid>
