  0.00964876590262672  0.01625626934601188  0.02533609233697290  0.03612793127722393
  0.04644875788971149  0.05683384543408380  0.06725157950624910  0.07768860700416821
  0.08814197601852868  0.09859213016405505  0.10902278276741760  0.11944813808028040
  0.12986774438668716  0.14027252984801808  0.15063131554660725  0.16097359037747599
  0.17132038995396959  0.18165788331955585  0.19198438995171263  0.20232014792241243
  0.21265276520990364  0.22300737857710085  0.23338393534406907  0.24378758352512425
  0.25422027339670533  0.26462609581079605  0.27501069231990599  0.28539262669066051
  0.29581789314393686  0.30625618898834273  0.31666239344978137  0.32702979327577542
  0.33743516738124057  0.34783373518382460  0.35825232906234156  0.36863567113028278
  0.37904149439613477  0.38943774573765982  0.39983315266236835  0.41021997474619132
  0.42062976045044775  0.43105001823226707  0.44147371331391383  0.45187079587623208
  0.46225115876593320  0.47259912504891377  0.48292679035692576  0.49329244851923798
  0.50369646728112172  0.51409269904559751  0.52444898577903343  0.53475495848727006
  0.54506589903003788  0.55538909419669324  0.56574872137750054  0.57612868533584327
  0.58649757691857607  0.59686242279987944  0.60722120196005225  0.61756569242826387
  0.62791454076489450  0.63827792943819561  0.64864598016190522  0.65901365653393862
  0.66938337813402604  0.67976520982731947  0.69013397749854277  0.70046336392722763
  0.71077375027366052  0.72109628254540603  0.73145120099073235  0.74182235672215291
  0.75218620229799338  0.76253709753466759  0.77289527405495162  0.78326910486042689
  0.79366084352288924  0.80405298706859352  0.81444860858939649  0.82485281698557689
  0.83525135829183972  0.84561239447892877  0.85595567973052433  0.86629434134468430
  0.87664452472269150  0.88698836453332874  0.89735867945414127  0.90774775014359799
  0.91814611515237954  0.92852971052521704  0.93888620842466564  0.94922488270363103
  0.95958564309151118  0.96997984382014191  0.98041084666492984  1.00000000000000000
  0.00955450675013903  0.01551762640201978  0.02479462891506708  0.03556624216069276
  0.04592282730452433  0.05628431586711699  0.06665934254110337  0.07701922941215920
  0.08738438321686937  0.09775023217404386  0.10813937460278894  0.11852160396939655
  0.12889506374458040  0.13925844736905515  0.14960947922405443  0.15997017532273086
  0.17033804740190092  0.18074110608158689  0.19111993421924883  0.20147870425500725
  0.21179484900900031  0.22212938827684078  0.23248253035264438  0.24284740733470148
  0.25322273960778058  0.26360789143546803  0.27396145908041208  0.28434647340500635
  0.29472532624424047  0.30516108897941868  0.31555990623234981  0.32594536347120528
  0.33631644367087438  0.34667637757093156  0.35700615601718477  0.36732004070184959
  0.37766850552011721  0.38807827654548621  0.39849845486246316  0.40891007096407306
  0.41932880722609150  0.42978466854913694  0.44026726832964536  0.45072697806529638
  0.46114630686546942  0.47152907307303105  0.48190516812019879  0.49228662042195392
  0.50268670699518536  0.51309248179426026  0.52348802638736058  0.53388587979266322
  0.54428136599979560  0.55468011065567002  0.56507782503990700  0.57548505212427181
  0.58588377609640951  0.59626912410170385  0.60664755535500869  0.61703317421519122
  0.62739199204902973  0.63770768682267309  0.64803819619010550  0.65841165359848441
  0.66880422938293027  0.67919055926213989  0.68958470834714403  0.69999972356314455
  0.71041981253546627  0.72082654111886624  0.73122880177243388  0.74163652554800708
  0.75203803732375230  0.76242876216560995  0.77280057014297099  0.78317578099133034
  0.79359711754048423  0.80402095545129193  0.81444975924345531  0.82483024493452217
  0.83522094657687562  0.84559651539347236  0.85600875556028821  0.86640533332258163
  0.87677327237926106  0.88712830488861583  0.89751017863598226  0.90789086643199635
  0.91826628990182002  0.92861077395604585  0.93898233241737383  0.94935439264957200
  0.95974557780919378  0.97014069984658202  0.98050622360975936  1.00000000000000000
  0.13239408918681964  0.13310720764835471  0.13402856265040072  0.13501562766600203
  0.13601232639399172  0.13700774379392386  0.13801429801940643  0.13902956858363680
  0.14004836216665281  0.14107020649037288  0.14209196695248047  0.14312521488090485
  0.14416348595202461  0.14520942686492219  0.14625879858110977  0.14731750555699960
  0.14838465068383827  0.14945249431798530  0.15052542733753799  0.15160712973992516
  0.15270020267353288  0.15380321310182662  0.15490215806095575  0.15600209841898477
  0.15710689247956325  0.15823419283607584  0.15936317537762845  0.16049834783959988
  0.16163904554170552  0.16279462948840667  0.16395709383591470  0.16511138130387756
  0.16626310287487972  0.16742204536750888  0.16860890478393820  0.16980421445465643
  0.17100318015273638  0.17219920359684526  0.17340822033804726  0.17463054761984667
  0.17585883771310670  0.17709149947005676  0.17833064590049227  0.17957528393019931
  0.18083212866411796  0.18208762520098784  0.18335249926157274  0.18462779409332156
  0.18592804859020226  0.18723009309114286  0.18853639965431862  0.18984072303552293
  0.19115411362242873  0.19248253943414861  0.19381399601604177  0.19515027984196129
  0.19648944421457415  0.19785583304029045  0.19923231164436006  0.20061263315568220
  0.20199541065218898  0.20338494423432318  0.20479026949266654  0.20620600531321892
  0.20762346318505631  0.20904713395397784  0.21047982351918382  0.21194692214562197
  0.21341539277091387  0.21488415685779874  0.21635463403073288  0.21784456692682885
  0.21935634779961669  0.22087590399241464  0.22239713016246557  0.22391956026590229
  0.22546255834895346  0.22703094638234864  0.22859979845388168  0.23016868801510001
  0.23174018952850414  0.23333164141861970  0.23493295750727525  0.23654610637659149
  0.23816831525396889  0.23980630592987140  0.24147550720278718  0.24314487805154875
  0.24481921149698407  0.24649386197716752  0.24820172482223291  0.24992248128113978
  0.25164843597521130  0.25344318915819347  0.25479197971216283  1.00000000000000000
 -0.00248330884319006  0.00957531878775704  0.01975624834224402  0.03029449843401267
  0.04087149027135659  0.05144033683972996  0.06198901772030227  0.07252192483763088
  0.08313812091342943  0.09374136595465520  0.10436090296766638  0.11487490999604665
  0.12538961646358479  0.13588608766433258  0.14639829616430339  0.15693629834796849
  0.16748754894986007  0.17802907537636969  0.18857654161931967  0.19912657024551023
  0.20975831791376015  0.22036728629307611  0.23096979576877535  0.24147925191411523
  0.25197815117849659  0.26247487280854070  0.27299565198090747  0.28352076521579528
  0.29405770435376188  0.30458150519664767  0.31511406364273670  0.32565189662558708
  0.33620457141109472  0.34675499680319105  0.35727820981525932  0.36781225538340806
  0.37832757965523206  0.38884476236682608  0.39932212314088256  0.40977017593888748
  0.42022778884141082  0.43075350388881600  0.44133101194200997  0.45186134760878144
  0.46239295999109292  0.47291622407935430  0.48352467851361081  0.49409571757212029
  0.50471814961180139  0.51531457879876730  0.52589362890667168  0.53644378998562769
  0.54696272655277345  0.55750603111997354  0.56805881003787273  0.57856118511212751
  0.58906216610076623  0.59954352400958166  0.61008281409910969  0.62064474982755169
  0.63117065688386476  0.64168308746354596  0.65221369600660717  0.66281580493145542
  0.67341078237332286  0.68399954296834853  0.69454208325779776  0.70508613497167549
  0.71559573140053123  0.72606844947243099  0.73658913675420790  0.74714241585014496
  0.75772191166059732  0.76828438627113471  0.77879751913041673  0.78942302170676204
  0.80004652546414223  0.81069923122208709  0.82123354972725326  0.83178625522273320
  0.84231005667720615  0.85281074384554434  0.86328833014894957  0.87377880270450836
  0.88430244361717181  0.89481988903650156  0.90536879182109631  0.91594112607265554
  0.92648220471748943  0.93701521448931191  0.94749758802799222  0.95802454456583230
  0.96847627189264052  0.97897034646846259  0.98947456135221390  1.00000000000000000
 -0.00216991962696409  0.00987833889092601  0.02006358496914119  0.03054734343543864
  0.04108618988403944  0.05164018472540303  0.06219975225733603  0.07276018955562660
  0.08334892408085474  0.09396984260577543  0.10457959445663451  0.11517019176195790
  0.12572178758146946  0.13625535017489609  0.14676075232654096  0.15727613068579613
  0.16778261500212666  0.17835189818104069  0.18887985299443022  0.19943727462373786
  0.20993838128753345  0.22044828010036405  0.23095384101407582  0.24148327597128888
  0.25202016385733339  0.26255889071205762  0.27308679130590269  0.28359065134932049
  0.29410209605567006  0.30465563035684678  0.31522546291390685  0.32579172926567479
  0.33631985689961963  0.34683236978252513  0.35736840488104088  0.36793240012164974
  0.37850889243263458  0.38902887832485122  0.39956123702800889  0.41008165280981562
  0.42063884940509016  0.43114741037741117  0.44169605996197903  0.45223791990403195
  0.46278676920432371  0.47332876760340176  0.48387446551940311  0.49438856217874788
  0.50494238370350175  0.51543904179168154  0.52597559982357200  0.53644325514241176
  0.54693731026062198  0.55744156744574946  0.56798770908700258  0.57850790990260770
  0.58898399981862459  0.59944967814770478  0.60996856271532640  0.62049277496827138
  0.63101153068987681  0.64148173199199421  0.65197345293556497  0.66249062781000789
  0.67302628160525657  0.68363984395789923  0.69421097492618289  0.70480044775977568
  0.71534553182175264  0.72590837542007958  0.73647821175918027  0.74702661985778462
  0.75756056743222555  0.76807373060937967  0.77855816306908876  0.78904143607608668
  0.79953340399007755  0.81005740488687716  0.82062912638836916  0.83117036705376246
  0.84170998371430239  0.85227929665727820  0.86290739694441843  0.87352143407691707
  0.88411047803620502  0.89464341612300657  0.90519733825103899  0.91571677915905614
  0.92623193949484683  0.93672824279249334  0.94723177414667337  0.95778959204740888
  0.96830712502863747  0.97882966553176276  0.98937378825586930  1.00000000000000000
 -0.00227444880847329  0.00967821084242884  0.01986656544483677  0.03033178472682926
  0.04075598068674081  0.05117381901455820  0.06162111482309337  0.07212349956540419
  0.08263830619518814  0.09317240373528812  0.10369939038508552  0.11424564448818231
  0.12482163827703281  0.13543621593230268  0.14601696281271082  0.15658445155883810
  0.16712588438611015  0.17767812121438167  0.18819324378244262  0.19870454564619952
  0.20920297387666009  0.21972620744833332  0.23023205287166129  0.24071248358477385
  0.25115608651705390  0.26157916206671883  0.27204777967588095  0.28255534885673816
  0.29307804018228611  0.30357752547831118  0.31409573754394893  0.32463160923650269
  0.33520945418636539  0.34580997956101872  0.35639379765668111  0.36699421592052983
  0.37755519076196042  0.38812939525925594  0.39864351650759799  0.40912899455144436
  0.41966157486616784  0.43026290764737485  0.44090792947227225  0.45149541663997539
  0.46207492000541156  0.47266604384025923  0.48326666206874780  0.49385070220901556
  0.50443038481624780  0.51496699112966582  0.52546792165723299  0.53595352332564417
  0.54646114197331286  0.55698566425691121  0.56745992704609238  0.57796036225549052
  0.58844527584572281  0.59899454755450798  0.60953798062034514  0.62009064244680934
  0.63062553208311600  0.64112995821179675  0.65166689299360236  0.66217558015209388
  0.67274513041177997  0.68329871539337739  0.69387648105072419  0.70444221098356441
  0.71499304110034667  0.72555879292681269  0.73614176834942280  0.74670207374194442
  0.75727428938129415  0.76781474838545438  0.77837738340804308  0.78893490284676304
  0.79949627172206283  0.81005659846969580  0.82061691965436223  0.83115424131014715
  0.84170838447856622  0.85225507270108158  0.86286627663251392  0.87340773205649336
  0.88398209086928725  0.89454438680573489  0.90515962520672588  0.91575479209312116
  0.92631612804859609  0.93684514359543347  0.94738726895574599  0.95791477215487897
  0.96849978117605817  0.97903454820308000  0.98955656721052665  1.00000000000000000
 -0.00245311931458008  0.00971378088783678  0.01990372181736400  0.03042637270168017
  0.04094900597702963  0.05150462502385959  0.06210581109607261  0.07276787487436588
  0.08339698400901774  0.09396065285166154  0.10450030131861583  0.11508806620382266
  0.12568760423632078  0.13625414242137676  0.14680394367874250  0.15730125217818386
  0.16779420681059248  0.17827665666726464  0.18880054885369993  0.19934432565575771
  0.20991486842323862  0.22050442397440281  0.23106926049391469  0.24158107039848026
  0.25209014320548845  0.26260044204966687  0.27310978081019721  0.28352902733798035
  0.29398024427304204  0.30447863220288479  0.31504806509724109  0.32556070782686608
  0.33603844344395151  0.34653338473101020  0.35711071584662896  0.36773270525718088
  0.37838102293517961  0.38896881918044801  0.39952336334632371  0.41003444593332122
  0.42055729042114137  0.43108569066511265  0.44163123793835596  0.45218984515755140
  0.46275857832663425  0.47329292092683939  0.48381641989943652  0.49428442629488234
  0.50477068886632281  0.51524353542019630  0.52575730385844610  0.53630999256528267
  0.54683648227395953  0.55742640098534080  0.56797147944835191  0.57853844911572461
  0.58904442389194744  0.59954328757251019  0.61009591600374291  0.62067818665257768
  0.63122496742919743  0.64173083119695207  0.65219482004283158  0.66274564938524039
  0.67333168777348951  0.68393562633110727  0.69446236527281602  0.70497963442667611
  0.71550810796397379  0.72608066003838256  0.73660175811697981  0.74711815837461759
  0.75758233079200754  0.76809058371192129  0.77859290723963059  0.78915538120560369
  0.79968311523932201  0.81022752480539673  0.82075570962638089  0.83130705082580947
  0.84184396021241414  0.85239085725780106  0.86293174167032061  0.87346997276026617
  0.88398609080115487  0.89449477883332451  0.90504363202234939  0.91561591579609614
  0.92622049298404319  0.93679268436012209  0.94738972102520869  0.95796198035956548
  0.96854339280129298  0.97905257717904814  0.98954931713158534  1.00000000000000000
 -0.00248183918445060  0.00944811520260724  0.01954834598535143  0.03000847511269920
  0.04050928949837392  0.05104245979990774  0.06152778203540712  0.07202832761633098
  0.08254035222495236  0.09313692718022887  0.10375012700941537  0.11438757797822924
  0.12500269485419027  0.13557539123213788  0.14611654265465226  0.15665901143078953
  0.16721581273764821  0.17783160319663313  0.18842532223179728  0.19901197029830839
  0.20953214753623195  0.22008732537375586  0.23065949378172079  0.24120905087011815
  0.25171072082257157  0.26223847209388990  0.27281867336549687  0.28346127076404287
  0.29406400112835873  0.30466986750808228  0.31526481409707441  0.32585581548991538
  0.33644419421267874  0.34696799276027707  0.35746604242920049  0.36793088427353260
  0.37841851579107999  0.38891723570157577  0.39945616579430465  0.40999050367950074
  0.42059022698886278  0.43116115582573661  0.44171129406572546  0.45221584671839882
  0.46272943285948404  0.47324467833166156  0.48375778558498378  0.49431603286978582
  0.50490150685106583  0.51547037696544473  0.52601541045833111  0.53656771457838071
  0.54715336077376531  0.55770282734282550  0.56824988904683937  0.57873637946017542
  0.58924262108254621  0.59974131990025459  0.61026822254139212  0.62074118114803079
  0.63119630438060603  0.64167529607487961  0.65220401998241273  0.66271826586460680
  0.67323775017147891  0.68375962089257403  0.69429948839329070  0.70479201682072690
  0.71528794001514961  0.72577448294982760  0.73627068176664612  0.74676918501322154
  0.75729690485668055  0.76786291212305080  0.77843044495525615  0.78900319322142343
  0.79954892648059694  0.81007822907208005  0.82058620363825696  0.83112245701281739
  0.84163305956440793  0.85216210596872355  0.86266474537813909  0.87324225538390632
  0.88379805447074289  0.89436654070217592  0.90490113686413587  0.91540531354820631
  0.92595795699393080  0.93654360786509017  0.94718058641451286  0.95774511090162129
  0.96825674164041808  0.97884784837960559  0.98941806383229181  1.00000000000000000
   4.9714363647915686E-019  -1.0000000000000000     
 F F F F F F F F F F F F F F F F F F F F F F F F F F F F F F F F F F F F F F F F F F F F F F F F F F F F F F F F F F F F F F F F F F F F F F F F F F F F F F F F F F F F F F F F F F F F F F F F F F F F F F F F F F F F F F F F F F F F F F F F F F F F F F F F
  <DiscreteSampler_grid>
  grouped_processes
  1 # 1 for a reference and 2 for a running grid.
  10 # Attribute 'min_bin_probing_points' of the grid.
  1 # Attribute 'grid_mode' of the grid. 1=='default',2=='initialization'
  0.0000000000000000 # Attribute 'small_contrib_threshold' of the grid.
  0.5000000000000000 # Attribute 'damping_power' of the grid.
 # binID   n_entries weight   weight_sqr   abs_weight
    10   10   2.256238885657554E-007   9.500196080097609E-014   2.256238885657554E-007
    11   10   2.256238885657552E-007   9.500196080097593E-014   2.256238885657552E-007
    16   10   2.256238885657555E-007   9.500196080097609E-014   2.256238885657555E-007
    17   10   2.256238885657552E-007   9.500196080097593E-014   2.256238885657552E-007
  </DiscreteSampler_grid>
