  0.00967332525548440  0.01588373885143156  0.02502675345281385  0.03584510270552859
  0.04619547942179519  0.05656336603395672  0.06693547401088665  0.07735173337840504
  0.08776582927175046  0.09816588993898635  0.10853491739406272  0.11887067371385179
  0.12921177806035650  0.13956453832025004  0.14993352758361506  0.16029807998192253
  0.17065923384457704  0.18104894509360242  0.19143000631373455  0.20179941932463841
  0.21216168820700959  0.22253632261091796  0.23292361230027428  0.24327856318398783
  0.25364244365399097  0.26401348877833497  0.27439082248418722  0.28472600687802840
  0.29505146980114666  0.30538983603169167  0.31573820014280735  0.32609867444293567
  0.33646707676716747  0.34687203839557573  0.35725704616637788  0.36760780902114754
  0.37798349269441267  0.38839080483403282  0.39881190027825419  0.40918042896527851
  0.41951273692721786  0.42986119335225575  0.44021878918093876  0.45058569284806071
  0.46095795384254595  0.47134973548473180  0.48176303527556441  0.49216068098194288
  0.50251164424155670  0.51285076173966404  0.52320655978105712  0.53358176950531566
  0.54393812854055190  0.55427510823717918  0.56463817213055445  0.57503524921314320
  0.58545043522388618  0.59587341361343693  0.60630952620330425  0.61674104546652320
  0.62713196606755561  0.63749134827709242  0.64785461024821267  0.65823855783721563
  0.66863182573516644  0.67902190690904696  0.68942188335157473  0.69983635665928845
  0.71024137251727981  0.72062327597971543  0.73098747237356343  0.74136440493201761
  0.75174840790512398  0.76211936638248168  0.77250399902754263  0.78290225028943705
  0.79333394275698244  0.80373270507623618  0.81413762792374611  0.82454065782796226
  0.83497208157505709  0.84538525514736751  0.85578057535036578  0.86615446509780269
  0.87655558594687422  0.88696249376467673  0.89736934040912419  0.90772624350619568
  0.91805677422801901  0.92838193645127787  0.93874524428403416  0.94914819507901937
  0.95956041435507622  0.96997808339630487  0.98039485502067758  1.00000000000000000
  0.00964162563990957  0.01607588963280094  0.02523269885013125  0.03600650740422653
  0.04636285643344924  0.05677541552712027  0.06719660466127239  0.07761670500168225
  0.08802649981573074  0.09842287565732416  0.10879670874349370  0.11917729161168177
  0.12956706110347166  0.13997185503850870  0.15036828701063903  0.16075715347597222
  0.17113413123402427  0.18149578100739366  0.19185712960370699  0.20223048744543370
  0.21257183121617373  0.22292651685786011  0.23327691745209689  0.24368098983273478
  0.25408170049795215  0.26448951817924099  0.27488655152636932  0.28528965431962294
  0.29569761749823009  0.30608104675806902  0.31644988712057004  0.32680811850858188
  0.33719991234469499  0.34758713047874201  0.35795670933193374  0.36832319762942412
  0.37869636991600203  0.38902794636742682  0.39933027754484812  0.40965707585829542
  0.42005554770762732  0.43048732090975850  0.44086222532558833  0.45119141796703671
  0.46150465312438288  0.47185555213684816  0.48223809035424064  0.49262334752472464
  0.50298036082868669  0.51333173910855179  0.52368516133894183  0.53406097489270932
  0.54442553685176420  0.55477797896280179  0.56513045719618993  0.57549850930572943
  0.58586626710164513  0.59623250183427656  0.60661081294068908  0.61699888949489223
  0.62738469584115764  0.63776171959672201  0.64815060575440653  0.65855837850092336
  0.66897467360022822  0.67938487601640829  0.68976265141146109  0.70011348407105367
  0.71046835624125360  0.72084152468545859  0.73123028899837761  0.74160457003673852
  0.75198852668166649  0.76238160502945262  0.77277855264814599  0.78317606700238807
  0.79356891030059240  0.80396633951134511  0.81436586345705764  0.82478159964729292
  0.83519509752486754  0.84558272224149089  0.85596043686328260  0.86635291518580659
  0.87676592813892218  0.88718010104740841  0.89759180025525498  0.90800671391764309
  0.91841732420075628  0.92879264030498188  0.93912961624096525  0.94945455791698308
  0.95979632457034358  0.97017533165848979  0.98051591715228159  1.00000000000000000
 -0.00247929168403915  0.00963051520627984  0.01984056711850992  0.03035324993086247
  0.04088542374066619  0.05145124562310743  0.06200293338753553  0.07257966573963674
  0.08313091106775940  0.09371586021542401  0.10427670470254438  0.11480624557390434
  0.12532378034204997  0.13583216590148117  0.14638049010828061  0.15693474116804676
  0.16750301118818556  0.17803529424355946  0.18857745814799115  0.19913555896530089
  0.20966380053308981  0.22023181193815597  0.23073867656391595  0.24129579238396048
  0.25180620600475784  0.26234614452909305  0.27288840837393985  0.28342299334707582
  0.29397830620934096  0.30450227396342266  0.31501590192568074  0.32552283156196554
  0.33606482777310165  0.34658678435214302  0.35709500035542263  0.36757852519370304
  0.37811330416544825  0.38864738497429929  0.39920401888907325  0.40973794594643720
  0.42029322306637606  0.43081677188164558  0.44134745178216717  0.45184905738908981
  0.46233303170774143  0.47282720857454819  0.48335446098124818  0.49390400623282299
  0.50442376036230741  0.51490063117179063  0.52541655889295713  0.53593166776665901
  0.54653843478642539  0.55709087162183279  0.56765629587955502  0.57811472731936431
  0.58859011347036361  0.59911899449512285  0.60969099118098524  0.62026617699523190
  0.63078100767516410  0.64131644873533000  0.65188340434211733  0.66246822197935595
  0.67302871086024096  0.68355775460742496  0.69412477696363717  0.70469238816120217
  0.71531639323921903  0.72588205585280474  0.73645283857244792  0.74699152988184969
  0.75749670925320922  0.76797819285725155  0.77844958514206819  0.78895137883739985
  0.79954389298091133  0.81011691155177989  0.82070184971030491  0.83122433505022120
  0.84172331021233204  0.85224591761900204  0.86277447887155811  0.87335180528981848
  0.88393930764077222  0.89451870755628338  0.90508859577425371  0.91559421645870609
  0.92613450724465440  0.93668542142063071  0.94727696853048027  0.95782416382770053
  0.96836672623688802  0.97889155600345235  0.98944770392847525  1.00000000000000000
 -0.00226438385451631  0.00957361707159922  0.01973772430492551  0.03026224561312370
  0.04075992710175165  0.05123325498432992  0.06174255508422047  0.07223867413238994
  0.08278238014665430  0.09330478687595359  0.10383992178856322  0.11437963780859262
  0.12492044614222333  0.13556287477225212  0.14616827691366016  0.15678664186923921
  0.16729925889195468  0.17781552710338983  0.18831125634929252  0.19882634528228177
  0.20933826445895340  0.21983820499280640  0.23031783914024773  0.24082836055001916
  0.25137410003983179  0.26196010092526123  0.27252117492666428  0.28313951873649218
  0.29373764088860976  0.30433609791961014  0.31487611945850641  0.32542994486735388
  0.33602491009807423  0.34658641136386720  0.35719647976187191  0.36779341106949398
  0.37835224545137941  0.38885554188458687  0.39934759296117450  0.40988620856361474
  0.42043002804038970  0.43097022581197886  0.44152605199244194  0.45207782473831187
  0.46264222126927629  0.47320193764364010  0.48373737594319838  0.49423802187708327
  0.50475934874837269  0.51532245998738369  0.52594058346822314  0.53651183242412803
  0.54707833669890626  0.55764417750326556  0.56820126570068219  0.57875023483339505
  0.58929387027517488  0.59987394521879867  0.61047335310466488  0.62103705101305207
  0.63158908469894592  0.64212803836990062  0.65266034124171013  0.66319394243117746
  0.67373683627501157  0.68428783936265936  0.69483511012352650  0.70534984261148503
  0.71587760509289078  0.72639726847424102  0.73691706302801185  0.74742258137980744
  0.75793039329415113  0.76848752138116783  0.77901009409729816  0.78956439574839887
  0.80005590580418240  0.81058844598454305  0.82112342570428531  0.83167662514178897
  0.84220764144097848  0.85271512181101650  0.86319040234251476  0.87367282515134292
  0.88414766284660606  0.89473753036897041  0.90534164609870305  0.91595973580280565
  0.92649314482215805  0.93702605427357921  0.94754885909334274  0.95807671679463702
  0.96854955358792438  0.97904079928264887  0.98951417610800940  1.00000000000000000
 -0.00225126268207138  0.00964292376330519  0.01984316860008522  0.03040905763905427
  0.04100543324468128  0.05160537406855566  0.06217588683471736  0.07272332471871128
  0.08327958349829943  0.09381248566943814  0.10436745984293243  0.11491641481844116
  0.12545073320875968  0.13596352817260196  0.14647144616799385  0.15699845994412845
  0.16754508265311829  0.17809144770233429  0.18863588295489001  0.19914482206217465
  0.20964563790616808  0.22016947321218255  0.23069810482702074  0.24122017717747782
  0.25175355198373539  0.26229783164897741  0.27285244360244920  0.28335977959668507
  0.29383805654204959  0.30431482590158349  0.31484411749675023  0.32537190093983920
  0.33588116584553229  0.34637244634088049  0.35687576879270472  0.36745925979169164
  0.37804505532674709  0.38865369032906583  0.39917758001141701  0.40968555716429078
  0.42020813189988870  0.43074484828205306  0.44132132237449562  0.45183484173748056
  0.46240487445082401  0.47298095255853839  0.48362127492605944  0.49426224555139969
  0.50488582535695981  0.51546794283795605  0.52602181764263067  0.53658132752094356
  0.54715606611063616  0.55766465454045089  0.56811986834498107  0.57854111463328484
  0.58899551903479541  0.59948491768825340  0.60997893676724857  0.62044983201582338
  0.63091979976690782  0.64141875368597856  0.65196042950137911  0.66249545650131492
  0.67302220306594263  0.68350441730246259  0.69400883147703452  0.70451044325625167
  0.71502664418665773  0.72550324076327788  0.73599397390787114  0.74655755546653779
  0.75716342127973746  0.76777490347748267  0.77831724089021781  0.78888050549726962
  0.79945277374199597  0.81004491751208207  0.82059620915197462  0.83113425275570518
  0.84165977127484615  0.85213823637203701  0.86261081116857952  0.87307203465457206
  0.88358916876487281  0.89413380691809063  0.90472990331950698  0.91539954455467831
  0.92604269457202948  0.93664901900724284  0.94721348503445268  0.95781870227599530
  0.96843478863460475  0.97899429484704592  0.98950702087904752  1.00000000000000000
 -0.00214044355318602  0.00993370402464706  0.02019461469131587  0.03074819778205716
  0.04129830165193304  0.05182933868741055  0.06236652157539561  0.07289712979287716
  0.08344814161904433  0.09397692765167785  0.10450423241224256  0.11498439238822203
  0.12547852636960599  0.13594448451023894  0.14639743691334520  0.15686044958410880
  0.16733582030396871  0.17787783109082900  0.18840952865408450  0.19896688458098377
  0.20947757610718951  0.21999591247174516  0.23047745234198169  0.24099876611103657
  0.25151760982969973  0.26206184501124441  0.27263247129607915  0.28320458559366207
  0.29381014635476171  0.30438665134315612  0.31496209639680500  0.32552105262361131
  0.33610289331285720  0.34667099725772965  0.35723987092753706  0.36776018720606962
  0.37824617684384138  0.38875763171229449  0.39925866721419195  0.40982214689121033
  0.42034143777439986  0.43090637581596158  0.44141524297838591  0.45194979036041727
  0.46250919959501691  0.47307987083190073  0.48371066473158902  0.49431607650005388
  0.50496799695941896  0.51550367175649503  0.52603406728479740  0.53651370062819459
  0.54702322710790785  0.55754073224547263  0.56803165357834839  0.57851940539210733
  0.58901032686786692  0.59950668269378049  0.61001585001383818  0.62055818012221509
  0.63119314914405122  0.64180844967431316  0.65238695303791883  0.66295087403447761
  0.67354879415440816  0.68413746173823997  0.69469749850028784  0.70525860708509536
  0.71582278580498626  0.72632832629028032  0.73685114816724884  0.74732739367728473
  0.75791049235572128  0.76848086876800137  0.77907439757707453  0.78964751249830267
  0.80018689344581762  0.81074706698786292  0.82126591062958310  0.83182865069688772
  0.84236144836261417  0.85282727866086716  0.86325401034300819  0.87368887011158936
  0.88420578551257045  0.89472396784005903  0.90526491319235414  0.91579996791032858
  0.92636578973631167  0.93691303515060820  0.94744605338472732  0.95797394752826526
  0.96851186430407754  0.97904021355723614  0.98953209274047593  1.00000000000000000
 -0.00227894360539496  0.00996481909868581  0.02024685897600198  0.03078119779634248
  0.04130655154974242  0.05183292374326310  0.06231378635111529  0.07282336386198059
  0.08333071872497481  0.09383551620780470  0.10435202462319219  0.11491852806484838
  0.12552928318099224  0.13612838830832610  0.14671843380940416  0.15727522660078089
  0.16784059645374436  0.17839616533429642  0.18899192239403645  0.19957473552285648
  0.21014105995123641  0.22065555942558615  0.23119291034818354  0.24171174172064050
  0.25223045117303733  0.26272559811076418  0.27324393101306066  0.28374762673096071
  0.29425997830544570  0.30473415612994953  0.31527645679311772  0.32579568705709261
  0.33631745813888858  0.34682507796176493  0.35740480398852870  0.36806188314798743
  0.37869729058394841  0.38926252778184345  0.39979200426771394  0.41033511065015393
  0.42087360826464076  0.43141765835402379  0.44196020163923222  0.45254380874443728
  0.46305907189335255  0.47360435528277806  0.48410133569337288  0.49465262912515029
  0.50520124423378021  0.51578611224292026  0.52635883165274855  0.53686878319853426
  0.54735515097871390  0.55783029539441509  0.56834382286830809  0.57889836622607671
  0.58946105471734334  0.60000945292906960  0.61054986846357318  0.62106727142052753
  0.63156010395528805  0.64205802249720156  0.65257399533768845  0.66308296492638830
  0.67361261954848284  0.68422029297434084  0.69482409801004341  0.70538340890041840
  0.71588002781837157  0.72644474457790276  0.73700263574895453  0.74753737157499600
  0.75805662740510704  0.76855959455841738  0.77904669961277451  0.78953705664211238
  0.80006693956691943  0.81064576313707748  0.82122950657806815  0.83179271126730436
  0.84232863442274319  0.85286111068505055  0.86336850318603031  0.87387538038505386
  0.88434876845826960  0.89484472429036532  0.90536633493229590  0.91589855509706619
  0.92642699964437192  0.93691726174605849  0.94739743695088674  0.95787153441482908
  0.96841241725311211  0.97893376624643635  0.98949471274348011  1.00000000000000000
 -0.00250859344845856  0.00945070556289392  0.01959927244092485  0.03011273930607015
  0.04067568028396561  0.05126353856249900  0.06184478002981739  0.07244094307406788
  0.08298065443607142  0.09355298541466650  0.10412102301467706  0.11469967531778853
  0.12523229684547441  0.13578220134002439  0.14633904772039685  0.15690719686454149
  0.16740435378668639  0.17790760678903059  0.18844424583756655  0.19898642169155500
  0.20952304860274432  0.22002616548860865  0.23058165153973428  0.24114115827135343
  0.25173055764957425  0.26230574660664313  0.27289546250033925  0.28346788382767302
  0.29399413599521523  0.30447870692809098  0.31496799687203247  0.32550122925827818
  0.33601867651085648  0.34654003315945975  0.35704130363721714  0.36759154563911833
  0.37814624860024965  0.38870566483522861  0.39931116455931598  0.40991444224461099
  0.42053999188083624  0.43111707424622242  0.44168383598756850  0.45222712833538814
  0.46278947179560642  0.47334942195953361  0.48389597609577528  0.49440201503036418
  0.50492137902417156  0.51544643905214005  0.52597537432656949  0.53649451894011890
  0.54702665505697412  0.55753814754608400  0.56801518926026551  0.57849967604985986
  0.58902243040737023  0.59954091174671043  0.61002752174987329  0.62053715727659808
  0.63111191278040168  0.64171748844167320  0.65229897297362316  0.66285247329976416
  0.67339364173854666  0.68391841264686670  0.69443700323959101  0.70497686535508830
  0.71552923072916241  0.72611068443049642  0.73667680550707515  0.74723086644978387
  0.75779896019670590  0.76835443339276399  0.77892369208284051  0.78944229695812984
  0.79994158813882932  0.81039510313841878  0.82085865250993650  0.83134757167061579
  0.84188425239028286  0.85241972168406077  0.86291639524188568  0.87338750674201682
  0.88387086559058115  0.89435296987791546  0.90485262056114202  0.91534371507230039
  0.92588372639325789  0.93644620480303575  0.94705506443384391  0.95766864744999736
  0.96832598746889931  0.97889421469143878  0.98947946875055026  1.00000000000000000
   2.5358105636328485E-011  -1.0000000000000000     
 F F F F F F F F F F F F F F F F F F F F F F F F F F F F F F F F F F F F F F F F F F F F F F F F F F F F F F F F F F F F F F F F F F F F F F F F F F F F F F F F F F F F F F F F F F F F F F F F F F F F F F F F F F F F F F F F F F F F F F F F F F F F F F F F
  <DiscreteSampler_grid>
  grouped_processes
  1 # 1 for a reference and 2 for a running grid.
  10 # Attribute 'min_bin_probing_points' of the grid.
  1 # Attribute 'grid_mode' of the grid. 1=='default',2=='initialization'
  0.0000000000000000 # Attribute 'small_contrib_threshold' of the grid.
  0.5000000000000000 # Attribute 'damping_power' of the grid.
 # binID   n_entries weight   weight_sqr   abs_weight
    10   10   5.934214833590743E+003   8.882373434851809E+007   5.934214833590743E+003
    11   10   5.934214833590742E+003   8.882373434851810E+007   5.934214833590742E+003
  </DiscreteSampler_grid>
