  0.00950714552839047  0.01675887130980880  0.02599245314404691  0.03732159082589656
  0.04808175172547177  0.05884212246355536  0.06965807528612561  0.08050337007197098
  0.09039341367225480  0.09972300262544964  0.10914992958966295  0.11871573855081247
  0.12832913141922514  0.13802845752072398  0.14809317786942966  0.15880259273255309
  0.16971462542933957  0.18053682492278922  0.19137481067334872  0.20219578702543139
  0.21297926722421914  0.22372967870137106  0.23449843293523792  0.24526112311773404
  0.25597889974819743  0.26667044970300058  0.27726269021393291  0.28786112538797060
  0.29841060425197063  0.30907967352342147  0.31987749376200308  0.33077463003657082
  0.34170852304807803  0.35265466160733877  0.36360769133549231  0.37451069628367489
  0.38535398025752260  0.39617494048336516  0.40706434651894324  0.41779645048360975
  0.42806905648420424  0.43813455120292683  0.44820208075064583  0.45825548501677560
  0.46825775202410486  0.47852219739785634  0.48925384212884776  0.50016413542956362
  0.51100172241680930  0.52183603258091837  0.53259642341837210  0.54340126273538458
  0.55431410920562862  0.56530512659144982  0.57629569735009623  0.58714351907675166
  0.59786341763382123  0.60848592302540072  0.61905778176779713  0.62970634243515478
  0.64038238743836984  0.65112858799537843  0.66185559232734659  0.67258234774702863
  0.68331876580271533  0.69403617263293693  0.70483295363426202  0.71517898414871839
  0.72528133545957851  0.73554116620861454  0.74583906228683572  0.75624649508231911
  0.76658264693930356  0.77645023920419354  0.78611782771180316  0.79575658168197327
  0.80538354424528680  0.81494315442311205  0.82444840575479394  0.83408025214450332
  0.84494274316985307  0.85577405201952872  0.86644581382190056  0.87701926037806099
  0.88780700153065495  0.89855612833012288  0.90931291244447077  0.91984681857456452
  0.92967076190347886  0.93978913277045029  0.94999125541946772  0.96037840124573715
  0.97050138293139154  0.97992516623244497  0.99134402707771907  1.00000000000000000
  0.00960333645044465  0.01616306966169064  0.02584307039503745  0.03683189998552126
  0.04745020421097260  0.05816217120099887  0.06897195124787418  0.07990687507304869
  0.09053070829659005  0.10087665551502242  0.11110592438416257  0.12115825710353846
  0.13123972391372732  0.14133397694754493  0.15178152329511926  0.16275379160386907
  0.17360119833930870  0.18442434408980851  0.19519367748472544  0.20608599401439348
  0.21694875364163929  0.22774215329457312  0.23835750512932063  0.24921495703185731
  0.25884344286269145  0.26864866231533296  0.27855537710286593  0.28854797077379857
  0.29858373129139965  0.30859845663237495  0.31855336271318402  0.32863525688901712
  0.33856634128299806  0.34848205105738411  0.35847731718617337  0.36857220861556744
  0.37902770276046749  0.39000511248346903  0.40080463395661314  0.41160672164075812
  0.42238498201657237  0.43330124422310440  0.44422600480479246  0.45528154728440351
  0.46619290629560683  0.47714804757069773  0.48785463418063618  0.49855898240426649
  0.50929700887244600  0.52005282773698924  0.53079814745792342  0.54150498617491527
  0.55230835331462369  0.56332732281230957  0.57434289537236782  0.58525195407952046
  0.59607439081593205  0.60669090731055075  0.61732404982985700  0.62795563513118025
  0.63884723926325859  0.64973747586785391  0.66060915331431569  0.67153325442742295
  0.68248952242114891  0.69338675824943263  0.70423554759204110  0.71504000251057009
  0.72582252198916497  0.73647812954777681  0.74716069958951747  0.75811211538231749
  0.76900207518719232  0.77942541650591102  0.78947938145679764  0.79948230109288876
  0.80941646353668462  0.81925038679318285  0.82881683339788614  0.83902950537587651
  0.84959683539075714  0.86028363614722880  0.87105760931564868  0.88142034773138189
  0.89155220111003364  0.90180752049227331  0.91211096647989598  0.92230605315174974
  0.93239934408345682  0.94258232348886106  0.95275248205317919  0.96296007250381033
  0.97290173825393156  0.98269604351434792  0.99059012368309485  1.00000000000000000
  0.08414106401001804  0.08451675227973773  0.08546004090120184  0.08675765179001520
  0.08805295593512380  0.08933608199491244  0.09066381204298117  0.09206926355547128
  0.09312133017255091  0.09383704521971270  0.09434849454393106  0.09492180978954032
  0.09549208811319380  0.09606347722665698  0.09660037461656919  0.09733300910207053
  0.09828454128588192  0.09927254858803093  0.10023154579015753  0.10118361217926390
  0.10212215459975313  0.10307063751382882  0.10402956160560181  0.10499756782662890
  0.10597386929645071  0.10695504371371597  0.10793363237230481  0.10891381276388851
  0.10989291577498822  0.11087236786862757  0.11184536580323021  0.11281616645251526
  0.11378856750902792  0.11475998584630975  0.11573619449469674  0.11670769004688937
  0.11767469292554787  0.11863911383836569  0.11960473976584067  0.12058629707437396
  0.12157861126335495  0.12257909581299282  0.12358551668367181  0.12459249699979984
  0.12560257100116648  0.12663030139109130  0.12766261440885696  0.12869939669622679
  0.12974620278218499  0.13080027611021772  0.13186051145112448  0.13292902363673659
  0.13399976434563915  0.13506890098421706  0.13615529943717675  0.13724977706496541
  0.13834974564231070  0.13946314781802574  0.14058134444129947  0.14170263306126890
  0.14283040817630441  0.14396517904602840  0.14509329784340136  0.14623815814826793
  0.14739845465495785  0.14856302272193245  0.14974227256849429  0.15090928749540122
  0.15207529266949876  0.15324978793664173  0.15444108865853975  0.15565315445823455
  0.15686245841645932  0.15808909472641786  0.15931022123378680  0.16053476971972280
  0.16178339289087329  0.16304328008373689  0.16431662908769049  0.16560103542633897
  0.16689332234869630  0.16817808814780527  0.16947557870235760  0.17078090316688804
  0.17208823733256418  0.17340512892908946  0.17475754805647400  0.17611531330744998
  0.17748202094952364  0.17885256676819364  0.18021621616202893  0.18158212403099472
  0.18299308557880586  0.18450316672055603  0.18531909444466851  1.00000000000000000
 -0.00217121940897775  0.00898123132925585  0.01817428428538606  0.02761949559432437
  0.03689736144959942  0.04647822136851722  0.05617445202358289  0.06578028202198684
  0.07540524382076422  0.08526792593487330  0.09551204640508659  0.10602277067786904
  0.11686693658373581  0.12780551688196670  0.13856159167999244  0.14923986638411704
  0.15994494463616940  0.17073292685452124  0.18160266096248484  0.19248127326762984
  0.20326860297999788  0.21396999877269074  0.22466922679886286  0.23545927390838206
  0.24631828133723316  0.25704778491313085  0.26771946887429254  0.27847245007297100
  0.28941833435053399  0.30044093126160121  0.31136197221604944  0.32230099962649489
  0.33334093623213923  0.34433171527257095  0.35517706921499975  0.36576215541052109
  0.37635269095507795  0.38676574794685603  0.39742876944201955  0.40808254136472050
  0.41892328993691741  0.42970253620497650  0.44054469044160438  0.45128444271002821
  0.46200383804599060  0.47286303458749301  0.48346330876967014  0.49364270462583720
  0.50391486328159985  0.51406279373415997  0.52414773136931636  0.53403455480080009
  0.54409712008238897  0.55518306869528278  0.56621597566958848  0.57723714953838523
  0.58808714068040402  0.59888213539691137  0.60967658356876997  0.62062596855077357
  0.63152730124658985  0.64244781812037521  0.65353282563293735  0.66463134619957687
  0.67571422344163101  0.68657460877659093  0.69739246045992287  0.70809793431288881
  0.71803576392713186  0.72785621339231232  0.73759782229416870  0.74752575746865524
  0.75768634203219165  0.76800996150079059  0.77865472285875326  0.78959587931938502
  0.80051360397413984  0.81138038960415959  0.82224597068043903  0.83317358015262377
  0.84315641371013195  0.85301592337239018  0.86280588350705811  0.87268626345931433
  0.88265332436633992  0.89256608709781193  0.90300510195817751  0.91398325319811924
  0.92504863601334930  0.93593698361980882  0.94658849810230861  0.95709225394256814
  0.96759813641024617  0.97839445470508857  0.98916556416527590  1.00000000000000000
 -0.00202672605756075  0.01009150703141631  0.02074964655628416  0.03064844114687313
  0.04062034112686752  0.05062224719836937  0.06069149205159848  0.07076488366654120
  0.08064356641145241  0.09111986431450252  0.10177003436791927  0.11233651284486101
  0.12286591501443848  0.13339017184755467  0.14410467155050943  0.15500710911291418
  0.16613188490044570  0.17705078764801532  0.18784436998320780  0.19851775352335668
  0.20946132318140503  0.22045745914258161  0.23135804186487002  0.24202638823430001
  0.25263953459584920  0.26354939639363067  0.27411777879064120  0.28430941435294604
  0.29429885421259233  0.30425531092048930  0.31394865198619126  0.32330683441335689
  0.33284578094824396  0.34307845789297375  0.35336500991939879  0.36358941095434022
  0.37353571432875526  0.38442499726351836  0.39532372402328864  0.40630866883708722
  0.41724902222084742  0.42806129943367882  0.43885204958221896  0.44875678754890574
  0.45884694071464888  0.46820986218734972  0.47772561215094872  0.48733763964067672
  0.49691582052537236  0.50679548168870292  0.51703790882069278  0.52762362887083891
  0.53858085704304837  0.54939745048136956  0.56029519593766119  0.57125286263881148
  0.58225925812383783  0.59318257464998669  0.60396579302588271  0.61466211655060443
  0.62511944771300731  0.63537916848581710  0.64564930062471859  0.65596458989234607
  0.66610383041309096  0.67613624437614517  0.68624817756060197  0.69672073516676858
  0.70750920026071551  0.71835782696416672  0.72923638156949433  0.74003007145694588
  0.75075507053092005  0.76151679945553985  0.77235346397643689  0.78316764053797661
  0.79399519141033570  0.80492939698332078  0.81598641213500989  0.82705315792793943
  0.83820865388534371  0.84922550542418329  0.86013763671662069  0.87089818939037356
  0.88155983152391060  0.89216021642342025  0.90290476519964413  0.91378447529812468
  0.92466327015443228  0.93551450212923226  0.94636505298576523  0.95732268450166702
  0.96798921709891206  0.97858721027966600  0.98922325599671213  1.00000000000000000
 -0.00212888423033626  0.01042807931817114  0.02108811039184407  0.03207226527326448
  0.04287602313481541  0.05385377515458467  0.06436595391592100  0.07437343829754611
  0.08429242091742536  0.09439344452099932  0.10460845042662531  0.11487933217443171
  0.12497914174367515  0.13599422010296461  0.14701198253760731  0.15703717746422058
  0.16720423885990440  0.17725836461283573  0.18719963995991237  0.19721905207911028
  0.20739806118135856  0.21818000810903440  0.22883563801661388  0.23872587534005324
  0.24850091859524556  0.25868693319322678  0.26913782982273371  0.27941050086020008
  0.28949403136057056  0.29984095219705015  0.31063637082028783  0.32138908682948431
  0.33211927936414842  0.34252286019797129  0.35266743602357364  0.36289206114513683
  0.37312129954065049  0.38354887217270656  0.39407054571355926  0.40489828696453523
  0.41578591562037376  0.42645922623180627  0.43712785244580488  0.44771250733001061
  0.45833599359722066  0.46900789361793521  0.47975819561359417  0.49048173904214976
  0.50130646399418666  0.51220369371549190  0.52317648302356845  0.53397947420070191
  0.54475092334447661  0.55566530229809119  0.56669840876888189  0.57775182187561303
  0.58863484617635109  0.59951350757223110  0.61028209189752969  0.62109814155217258
  0.63184281497806682  0.64277085173025494  0.65358021770997221  0.66459438124028147
  0.67552427083864386  0.68633634237211294  0.69705790354971509  0.70768251672039029
  0.71821392326117994  0.72879169031370117  0.73949073774513197  0.75016712598336210
  0.76028395721963260  0.77032844072316109  0.78041322583497741  0.79047154311538992
  0.80050613044627161  0.81046364873492105  0.82151822973752242  0.83254519392879345
  0.84352427614292058  0.85431121592795134  0.86506069880638647  0.87574291724373021
  0.88647701679978985  0.89742186994971695  0.90837105130207918  0.91927351243906774
  0.93016784399305652  0.94045822850241922  0.95041211614566834  0.96042046212687204
  0.97051503077910495  0.98065558947946818  0.99034237006070003  1.00000000000000000
 -0.00210065507128094  0.00984296107910660  0.02026951780262017  0.03114175834329207
  0.04212255061334581  0.05253879324781284  0.06288945757320004  0.07308571384200510
  0.08336760435530173  0.09218878300904651  0.10139300108134676  0.11102778734077284
  0.12058683736016941  0.12983800980267432  0.13903265414629790  0.14887219465999868
  0.15966179784945048  0.17079846866993356  0.18193639970324080  0.19314978560487406
  0.20431140254610211  0.21536140951341579  0.22626592005634144  0.23711235826839894
  0.24800067663889755  0.25892643704487645  0.26987279615932203  0.28092764613629673
  0.29170681232099765  0.30179585315410790  0.31156462841454613  0.32155591988900661
  0.33162740128951501  0.34159187554972403  0.35147462724173145  0.36177117457153096
  0.37246347148448583  0.38312397373754703  0.39378953751179818  0.40449121441502828
  0.41510317059787843  0.42534634516216224  0.43549278559095794  0.44577981779791992
  0.45609806357942573  0.46639459970361397  0.47665655206180485  0.48717187984385202
  0.49778890759788580  0.50842772727665586  0.51918253041985807  0.52998539779209597
  0.54070265474422785  0.55132608273787231  0.56200931800324838  0.57279294564454664
  0.58365585415956101  0.59452389222889801  0.60547337808248014  0.61650348289447543
  0.62731179833398543  0.63765903093562293  0.64778249083120254  0.65796575892045817
  0.66821010623740307  0.67842522999309041  0.68864497026815286  0.69918423732792367
  0.70990755736170419  0.72072928919691215  0.73159109329133132  0.74228819488480924
  0.75295528831625391  0.76374051331262571  0.77455378133161268  0.78525251221122216
  0.79589602300494122  0.80653892192293553  0.81717662737462871  0.82780204153296488
  0.83851726136528382  0.84935753671329106  0.86019959191937501  0.87104695800528109
  0.88192099692862702  0.89281939246522157  0.90369819612700453  0.91449186365532364
  0.92515388587234959  0.93581479992341055  0.94654589534583999  0.95742042957753493
  0.96816609621925687  0.97887471147910632  0.98941444044792171  1.00000000000000000
 -0.00252129292242704  0.01026844715971225  0.02093698896993698  0.03097579683045401
  0.04101889570729426  0.05113963853857209  0.06118377057865319  0.07128959548638611
  0.08131228299954249  0.09213109218207172  0.10315969588269147  0.11387371259363714
  0.12469186353988415  0.13528704607024558  0.14592383902085354  0.15672156344640628
  0.16766676958567228  0.17868720257793413  0.18959550616127585  0.20041722112136257
  0.21129927272921317  0.22219319919878761  0.23321566249051781  0.24416668701075656
  0.25505443453053683  0.26599025415650551  0.27645730348466824  0.28678927291561229
  0.29707694839082321  0.30735659551011524  0.31755148823588736  0.32774574626616981
  0.33825828415478254  0.34899741377606552  0.35963201685620311  0.37038674206628119
  0.38122554100678030  0.39210261745504377  0.40290337505291185  0.41352134561681247
  0.42404527598095193  0.43465304847490793  0.44544800438933324  0.45638366264295116
  0.46734258309602411  0.47823459299435855  0.48920395944335299  0.49980185801097970
  0.50974868994973455  0.51943686526645805  0.52922907985562917  0.53924962608770632
  0.54941000794971007  0.55946099398360194  0.57000205871933529  0.58083014635580865
  0.59171744086169342  0.60271827333941419  0.61377358180446850  0.62481552609931501
  0.63574600312545626  0.64659680906430828  0.65745032999430697  0.66827049571476105
  0.67896955342617504  0.68962827342035327  0.70036226670770629  0.71125386597788243
  0.72223381820747201  0.73325852838023742  0.74420508215793935  0.75482713149395397
  0.76514225388370027  0.77541942722022317  0.78568377505394338  0.79578709186917240
  0.80557809217636167  0.81559489987332712  0.82611425844877351  0.83632690618323369
  0.84596808346778030  0.85559716688046006  0.86531885319075308  0.87506699352581219
  0.88482702878356356  0.89457500267939749  0.90531471296062471  0.91622611827364864
  0.92727043467385806  0.93836616085602875  0.94951554067303179  0.96015565881158216
  0.97023312372490234  0.98025805841790747  0.99005550666905839  1.00000000000000000
   4.1872610832737714E-017  -1.0000000000000000     
 F F F F F F F F F F F F F F F F F F F F F F F F F F F F F F F F F F F F F F F F F F F F F F F F F F F F F F F F F F F F F F F F F F F F F F F F F F F F F F F F F F F F F F F F F F F F F F F F F F F F F F F F F F F F F F F F F F F F F F F F F F F F F F F F
  <DiscreteSampler_grid>
  grouped_processes
  1 # 1 for a reference and 2 for a running grid.
  10 # Attribute 'min_bin_probing_points' of the grid.
  1 # Attribute 'grid_mode' of the grid. 1=='default',2=='initialization'
  0.0000000000000000 # Attribute 'small_contrib_threshold' of the grid.
  0.5000000000000000 # Attribute 'damping_power' of the grid.
 # binID   n_entries weight   weight_sqr   abs_weight
    10   10   1.327962762210117E-006   3.817267340143370E-012   1.327962762210117E-006
    11   10   1.327962762210117E-006   3.817267340143370E-012   1.327962762210117E-006
    16   10   1.327962762210117E-006   3.817267340143370E-012   1.327962762210117E-006
    17   10   1.327962762210117E-006   3.817267340143372E-012   1.327962762210117E-006
  </DiscreteSampler_grid>
