  0.01042828648131835  0.01062478012723022  0.01108030834382679  0.01190640536345838
  0.01288401958202999  0.01385460328191251  0.01492613006977766  0.01606587268636857
  0.01726140049414360  0.01849660073487306  0.01975202359245758  0.02140175831181810
  0.02330423439280473  0.02538058887165952  0.02757873569445004  0.02988961334643865
  0.03235295233792651  0.03499744577185810  0.03770715486981406  0.04068932045141391
  0.04405377736683586  0.04778849202832817  0.05188797469694233  0.05614324277578438
  0.06057243652812867  0.06526833250572586  0.07023003243785005  0.07535882094694521
  0.08073237512440477  0.08670677524858658  0.09318807623240977  0.09961781192663116
  0.10598013752862812  0.11245770586962908  0.11901751387021087  0.12640175113994337
  0.13416034857797890  0.14227507581684595  0.15030298508588302  0.15867355643399858
  0.16737670193341897  0.17669605063746738  0.18612485521866823  0.19556308772988179
  0.20498802445919392  0.21485279441578112  0.22516404353209343  0.23547557343500219
  0.24645161979841634  0.25808847583425298  0.26965690707065870  0.28192347093922848
  0.29409921295672459  0.30661553437775502  0.31893672656209493  0.33121887866369565
  0.34309134268086883  0.35549267116948396  0.36848300534261580  0.38182277639437762
  0.39459049897952791  0.40790469221743636  0.42150212744332599  0.43459082094924223
  0.44802592825344617  0.46118048905014464  0.47341833274083112  0.48569216960583944
  0.49850320900756562  0.51185807618286072  0.52525508890501205  0.53819862124428375
  0.55102863138604641  0.56531126219680372  0.58038921047756575  0.59473273039786556
  0.60968255537792426  0.62467843469962270  0.63982137494055180  0.65428205243710380
  0.66926721603768335  0.68416266071765675  0.69999189733054568  0.71625563437343920
  0.73321976978700687  0.75180424686700265  0.77341092715041793  0.79581372930502958
  0.81571952398072700  0.83377912341023397  0.85244751742392477  0.87245969322415895
  0.89516304289404336  0.92092728867326568  0.95221872320279699  1.00000000000000000
  0.01010084513889387  0.01155222958268229  0.01306003117617506  0.01463173079954132
  0.01638746125091890  0.01818887935240836  0.02019033572137481  0.02255061684487523
  0.02567163016685834  0.02890200064919416  0.03228193663373639  0.03587133372077050
  0.03975076374667944  0.04417366013278089  0.04950459120773445  0.05516648770230554
  0.06121604049202491  0.06792903998750867  0.07503760685221783  0.08258853491063983
  0.09066067265088536  0.09953170831622077  0.10849257802333660  0.11783791607922260
  0.12751887337691872  0.13742889059715471  0.14752173735309879  0.15758431941146459
  0.16830896525478711  0.17932451215727341  0.19001981697075410  0.20057010809774817
  0.21123507620958609  0.22211171403621027  0.23309773971912706  0.24460443177319582
  0.25703703931551247  0.26955744750707489  0.28192293442259991  0.29403685730705353
  0.30679878992664544  0.31785799244016100  0.32899406112637247  0.34005933496166302
  0.35218752490909366  0.36446362572967184  0.37728456688757922  0.39068312549799350
  0.40449512612626337  0.41872112432958036  0.43305612635563662  0.44598244698063194
  0.45806314919310731  0.47028016783798954  0.48291386374629175  0.49451208425757998
  0.50453771331012032  0.51623294341471626  0.52832271180787604  0.54257447182868113
  0.55673879506302271  0.57090921266151295  0.58413879664651303  0.59596588220759161
  0.60950180295108614  0.62555639230801485  0.64012071088066169  0.65499205532754001
  0.66875577386377649  0.68115484517932023  0.69389575143988025  0.70608493972521669
  0.71774939600762722  0.73128460820455987  0.74598399358344303  0.76155753136978233
  0.77538756790350516  0.78809514016973459  0.80085485440003390  0.81332753770861344
  0.82512753741037581  0.83639109720110050  0.84899447568715347  0.86105476182786744
  0.87291026285083595  0.88485867928150097  0.89637647667441711  0.90660847662873001
  0.91586242951458996  0.92518929599559085  0.93482603586046953  0.94735579141814563
  0.96161984510648357  0.97091457588701058  0.97692462538456526  1.00000000000000000
 -0.00076218893748688  0.00013002290893971  0.00018159032055798  0.00023235940635942
  0.00027792565986973  0.00031513973885570  0.00035045156214978  0.00038313018597787
  0.00041303575767834  0.00044199467987326  0.00046955215851614  0.00049467755735133
  0.00051964013694318  0.00054478901810174  0.00056851291682810  0.00059159397032771
  0.00061408332700794  0.00063627238595077  0.00065756535913220  0.00067801296940415
  0.00069847790483641  0.00071883496615470  0.00073947611673471  0.00075955133670099
  0.00077928191254361  0.00079885894311047  0.00081809342841712  0.00083674940642516
  0.00085482753824426  0.00087299361749277  0.00089126801192782  0.00090969088973641
  0.00092803129401508  0.00094623959581357  0.00096409528112907  0.00098141697061900
  0.00099870190073452  0.00101612391710954  0.00103415524231304  0.00105180170834036
  0.00106918132347074  0.00108663005692286  0.00110429315990947  0.00112241367396273
  0.00114020097856899  0.00115775312367714  0.00117541855646134  0.00119280856590769
  0.00120939497528773  0.00122485436151023  0.00124022618635897  0.00125582173728848
  0.00127198272831885  0.00128897008821054  0.00130589714136245  0.00132270223094476
  0.00133937990518280  0.00135566948832599  0.00137157227159298  0.00138717375367906
  0.00140182592760691  0.00141650549517614  0.00143130741852347  0.00144631374914535
  0.00146163253756774  0.00147687631950972  0.00149223361807968  0.00150757981184410
  0.00152262255472825  0.00153991895243539  0.00155706856941475  0.00157524960386629
  0.00159296049631817  0.00160970700133958  0.00162622781696944  0.00164341946087867
  0.00165946469126987  0.00167820241449541  0.00169636896048142  0.00171477364116875
  0.00173301681087687  0.00175218020130240  0.00177435623621739  0.00179826966101102
  0.00182130315468428  0.00184357530926677  0.00187250449930309  0.00190318451461920
  0.00194125952002298  0.00197353363905195  0.00200620318248056  0.00202978413337983
  0.00205005841936242  0.00206575542714128  0.00206580165049844  1.00000000000000000
 -0.00271039874821894  0.01066915355317422  0.02157868814637454  0.03235870894262338
  0.04243751899933589  0.05278758409342433  0.06349346877630513  0.07517900254587633
  0.08697122183377463  0.09858199717944724  0.10966789959429128  0.12090379797304406
  0.13203376190636476  0.14272893919171506  0.15337690489265218  0.16382085719444897
  0.17404229214177214  0.18440448936568499  0.19522676697129715  0.20631638175733749
  0.21706374396563030  0.22765407295710002  0.23819140999909100  0.24883862799389814
  0.25966385654617513  0.27010813771604986  0.27997681868529406  0.28964821830957943
  0.29989129187230740  0.31097308440687477  0.32237589967360203  0.33341277647056095
  0.34541117233311663  0.35719787056604679  0.36920814002086155  0.38055979008261809
  0.39190973013426839  0.40367866605226915  0.41560314293977857  0.42702804304576725
  0.43810100667986818  0.44960047670597647  0.46094986633563706  0.47219007203911595
  0.48289493173798242  0.49363141574632868  0.50395809821974802  0.51375220292964696
  0.52328296977806799  0.53309714298364730  0.54370922672306810  0.55457950499945974
  0.56523844143526092  0.57582976823643706  0.58621327476225527  0.59653899700230484
  0.60717536213857604  0.61809738249078772  0.62906626658998888  0.64001869986096882
  0.65129294095726920  0.66275463893147557  0.67376794381027694  0.68446991381514377
  0.69534297308570048  0.70609054031040597  0.71603399446304739  0.72544944842600723
  0.73519558014137742  0.74569405870735594  0.75629274378059830  0.76637251878364021
  0.77647602149744377  0.78677503132087767  0.79705327399629233  0.80741920080377561
  0.81798078946830588  0.82865040443262261  0.83844640388989700  0.84830911584713220
  0.85878007165847892  0.86874876150769498  0.87828146036243926  0.88753572158385818
  0.89748209346952434  0.90781510496125228  0.91820316854512796  0.92850300865265956
  0.93796135834685346  0.94659632435538144  0.95465076834341522  0.96290634058046509
  0.97170822039313620  0.98110251569504514  0.99040601952253216  1.00000000000000000
 -0.00209452283175822  0.00988569564442023  0.02026681753315288  0.02982232328337060
  0.03952568228414739  0.04873702187566958  0.05822232838842271  0.06762749288814376
  0.07745531925194789  0.08768004207987098  0.09838740336703511  0.10873260982807645
  0.11882751918347759  0.12944372812009805  0.14022229223908186  0.15112461804004496
  0.16213108378597446  0.17333782175979495  0.18537844146040994  0.19735762131474383
  0.20918334417751311  0.21997199212070218  0.23058715609319555  0.24014802658338108
  0.24915233797856043  0.25857217128810200  0.26892153338750158  0.27981500231748507
  0.29069328271671113  0.30181634670506574  0.31343712240952182  0.32506343715048824
  0.33620495271662842  0.34713670269030550  0.35809236598082311  0.36948472160468243
  0.38147228902907881  0.39299022624396163  0.40410242389929596  0.41405230479962213
  0.42366412802809089  0.43312229631369881  0.44344318412763889  0.45354024445087415
  0.46368805695836557  0.47426171261847161  0.48489728552544359  0.49520766111298870
  0.50493798438839910  0.51469146127859511  0.52486365974177729  0.53516085879934261
  0.54536098250279263  0.55536898574747484  0.56556730615438877  0.57639216559445772
  0.58762904098034052  0.59919997801105984  0.61087277296804054  0.62249884982818937
  0.63298403293532279  0.64232360301290881  0.65163670258579598  0.66110554491934026
  0.67110177540112048  0.68052428504259688  0.69007152450558829  0.70014934080734670
  0.71058854786026349  0.72071510455488097  0.73085717672918538  0.74111456955603838
  0.75202386645692165  0.76308442253378650  0.77355232009825070  0.78402583542514248
  0.79465386345617950  0.80571256872199037  0.81709714866991567  0.82789883370175377
  0.83853380569327707  0.84932659723039761  0.85941172049283365  0.86953573766099324
  0.87884228288488664  0.88831256829763050  0.89813316793396170  0.90919259213843451
  0.92045696460156168  0.93151549933617961  0.94251204067571159  0.95379519416010916
  0.96472075362462650  0.97529146090377927  0.98691646080780060  1.00000000000000000
 -0.00267706984997317  0.00786767337688897  0.01726932490493045  0.02708748034058627
  0.03811655243180737  0.04886206063528510  0.05908582407694035  0.06918315278152691
  0.07933669025375886  0.08975149952497123  0.10021716890052003  0.11048266517461076
  0.12041670038073855  0.13030062885574542  0.14020754039507208  0.15011132787768167
  0.15962195188554765  0.16899170577820150  0.17899158324385966  0.18930619652134748
  0.19981258774713409  0.21034938396931196  0.22091423176923253  0.23192771979720983
  0.24285149190069791  0.25396870551334383  0.26461418445731683  0.27599964158104012
  0.28853636798572951  0.30162630324124196  0.31427850030735671  0.32618344742631011
  0.33771839313506358  0.34937770697173492  0.36082356943969207  0.37165630963975488
  0.38237668716848022  0.39350091345850929  0.40521111837348844  0.41754266275527963
  0.42886350580288074  0.43969003756060748  0.45002537104373797  0.46049932363559415
  0.47035825943053733  0.48048578309893536  0.49136825483910362  0.50221064894065859
  0.51261622117140804  0.52278010514008522  0.53260747882410486  0.54196735588325362
  0.55127503682720169  0.56042781044360257  0.56947370035500577  0.57830113576525144
  0.58778615925405076  0.59777955696313878  0.60763403558389006  0.61736890047354431
  0.62726241105000591  0.63737545946837848  0.64733622713245820  0.65685281977909626
  0.66630154193550473  0.67584470412363085  0.68619154144401506  0.69639339961135005
  0.70740804716977557  0.71869926727904943  0.73023275289490241  0.74104841723241510
  0.75228919479673673  0.76364834940325688  0.77506672148754607  0.78657570358512574
  0.79847418666884096  0.81029640191280028  0.82113398989000741  0.83125840770243875
  0.84084896430094924  0.85074607333433361  0.86125156691278959  0.87222085849990516
  0.88302026450319770  0.89351497144531955  0.90359414462954579  0.91322190296887240
  0.92302712540771270  0.93279579113486222  0.94318173056445542  0.95424447917664346
  0.96509674103885867  0.97695642656733350  0.98835585539894311  1.00000000000000000
 -0.00279111207185507  0.01137009427102338  0.02306809874029944  0.03518792491799752
  0.04615198206369429  0.05619579672745226  0.06595437320233966  0.07618173857829331
  0.08642463851878868  0.09658894744513336  0.10646134262056087  0.11712999616332481
  0.12838519875159748  0.14021169145088216  0.15125528945373531  0.16191377400386084
  0.17151312536196356  0.18004017818198620  0.18869688511815874  0.19749731101692680
  0.20724775362877673  0.21706341127540763  0.22683918130022837  0.23743380711964077
  0.24882246587234835  0.25991572522410611  0.26996528490621552  0.28067620695397316
  0.29134306431107931  0.30150622835238738  0.31214450797905846  0.32186442158884354
  0.33152965703178278  0.34086667670670778  0.35043479261043764  0.36084209823314367
  0.37107710844302927  0.38179186549730643  0.39242001501144425  0.40344455564938153
  0.41455279253272481  0.42532168249518737  0.43599179712316150  0.44676533925672174
  0.45776036927525871  0.46877302908340196  0.47964425489548612  0.49038264731804809
  0.50105954769582806  0.51226897197846522  0.52337740885675621  0.53448505230819399
  0.54507031447880661  0.55545711173377377  0.56570166925379584  0.57615261787144989
  0.58706873814966398  0.59833212110829925  0.60970479721420190  0.62079906809530616
  0.63152050989716246  0.64229754881947676  0.65371518768104731  0.66539514777058750
  0.67706192502798712  0.68845741185657339  0.69978203683681761  0.71041080469786066
  0.72065034512595316  0.73149250811353683  0.74274152435418916  0.75318389630973015
  0.76361501182331215  0.77478092087270400  0.78584664630565360  0.79615233450665213
  0.80590757923673983  0.81586451300361940  0.82566825529277488  0.83575054731900311
  0.84592695982578281  0.85636463684826081  0.86675745505474966  0.87785386605486682
  0.88879017879222377  0.89902184243018612  0.90883173870637135  0.91977938476828902
  0.93130390160693388  0.94217113749052406  0.95135277638147753  0.96080779282761131
  0.97084903669949174  0.98103651384043467  0.99074802371584814  1.00000000000000000
 -0.00228304074931836  0.00885149932403075  0.01876278216660426  0.02855888435196941
  0.03861205468855504  0.04913989177094959  0.05912545663782178  0.06905535842938959
  0.07869805661601341  0.08869478156497725  0.09933750562006012  0.10945935421984106
  0.11979156389429987  0.13042745518869581  0.14163342405737636  0.15154937617791642
  0.16119730052115469  0.17061611641266561  0.18040690540291113  0.19071348917027658
  0.20124114690491901  0.21189446859701169  0.22268081291482705  0.23430393086136220
  0.24685303203037298  0.25942260496219688  0.27123474531820579  0.28242070021437687
  0.29290429912483873  0.30355017926308231  0.31478607158499311  0.32709336428615038
  0.33963252180029058  0.35164247408472027  0.36211950257487213  0.37167533968984445
  0.38116207470117042  0.39099852245513778  0.40088978192958347  0.41024746909928339
  0.41999382769173982  0.43032240789749121  0.44099227980702538  0.45130095431545941
  0.46198188048904915  0.47323509967345173  0.48423323988864847  0.49548707807185666
  0.50694448041952112  0.51878495073422348  0.53072921626127212  0.54217770505325025
  0.55211406701424026  0.56166509414727661  0.57152905909913077  0.58220009023454078
  0.59277235413779505  0.60291149728034543  0.61355296592111108  0.62422816916953916
  0.63450277255689935  0.64438484288777120  0.65474193291102512  0.66625031165343995
  0.67609566858693149  0.68645400743329965  0.69696807987257758  0.70714593846776830
  0.71728611302081202  0.72715289296161290  0.73805426392836837  0.74935265834692344
  0.76045835749131196  0.77132351123454290  0.78219169405174149  0.79380400374356042
  0.80575735621654965  0.81772933719326613  0.82946493848877478  0.83990824702307099
  0.84976610736288960  0.85937961132549912  0.86836961903783105  0.87715952177094336
  0.88559868330964975  0.89444293143234743  0.90431706873574680  0.91443884084201521
  0.92524104127541862  0.93610046552012871  0.94694183560568979  0.95832837003926796
  0.96908248637344296  0.97994090670845491  0.98979117563446628  1.00000000000000000
   6.0446749949657742E-022  -1.0000000000000000     
 F F F F F F F F F F F F F F F F F F F F F F F F F F F F F F F F F F F F F F F F F F F F F F F F F F F F F F F F F F F F F F F F F F F F F F F F F F F F F F F F F F F F F F F F F F F F F F F F F F F F F F F F F F F F F F F F F F F F F F F F F F F F F F F F
  <DiscreteSampler_grid>
  grouped_processes
  1 # 1 for a reference and 2 for a running grid.
  10 # Attribute 'min_bin_probing_points' of the grid.
  1 # Attribute 'grid_mode' of the grid. 1=='default',2=='initialization'
  0.0000000000000000 # Attribute 'small_contrib_threshold' of the grid.
  0.5000000000000000 # Attribute 'damping_power' of the grid.
 # binID   n_entries weight   weight_sqr   abs_weight
    10   10   5.698322962173194E-012   6.570240404280100E-023   5.698322962173194E-012
    11   10   5.698322962173174E-012   6.570240404280058E-023   5.698322962173174E-012
  </DiscreteSampler_grid>
