  0.00952023977287582  0.01579935896393473  0.02495659754453753  0.03574647918169772
  0.04608186918568178  0.05640628283491433  0.06675163187429486  0.07711614942307309
  0.08745536011477897  0.09779603477796310  0.10814843884849928  0.11856048038121086
  0.12897274447260235  0.13935988838119176  0.14975346329769601  0.16016921476715590
  0.17061026191890630  0.18102887174596041  0.19141429712422006  0.20175705313930867
  0.21209496014841661  0.22244579797402020  0.23281539054399891  0.24321590422315828
  0.25363312348900785  0.26406253131308716  0.27449477829100755  0.28490380976591956
  0.29531786231150903  0.30569943858588478  0.31611014512031904  0.32652650423248275
  0.33693918401776246  0.34731512197155900  0.35767476323054248  0.36802732144286598
  0.37839889878777200  0.38877852137023799  0.39917079541085215  0.40954988471796600
  0.41991912274094600  0.43028912414302345  0.44065409685681384  0.45101613409959368
  0.46138482497383349  0.47176143491463418  0.48215816934805611  0.49255586521409367
  0.50295253721488964  0.51332959046585258  0.52370988025640453  0.53408983912059671
  0.54445671256112327  0.55480404731279775  0.56513829146731576  0.57549608683597997
  0.58589556110403251  0.59630779822526347  0.60669204481808547  0.61704934265406719
  0.62742903201571476  0.63783997121946001  0.64824921563555971  0.65863168272400552
  0.66900138179633095  0.67938828544337582  0.68978698407710748  0.70020198573152470
  0.71061893363444117  0.72103299384821540  0.73144575962142311  0.74183051193375782
  0.75219931882501012  0.76255706093755038  0.77293583225311513  0.78336559444362253
  0.79381146266175662  0.80425013138698742  0.81464215498230030  0.82499379617996704
  0.83532459245765323  0.84566821227812305  0.85604103226859263  0.86645406532071056
  0.87685944618494516  0.88726201037678043  0.89762446257487283  0.90797642040798310
  0.91831547547928549  0.92868975614239857  0.93907746487642096  0.94946243748037895
  0.95984238493952501  0.97019396203400288  0.98053669384154762  1.00000000000000000
  0.00956863992735844  0.01648837401887695  0.02535397579031649  0.03618032120441841
  0.04646988087678214  0.05678855383479700  0.06713233358512345  0.07752466909029194
  0.08791246838581354  0.09831527441330487  0.10871669869919570  0.11910710762297329
  0.12949122769931926  0.13986292372847167  0.15025841097542986  0.16062366478247106
  0.17095830457920230  0.18131414493230391  0.19170970237697588  0.20213413753944409
  0.21252538613043742  0.22288495332721975  0.23323787491806491  0.24357758818393954
  0.25390119769783781  0.26423113474198073  0.27457656143739445  0.28496007240598531
  0.29535628160202620  0.30576874400797960  0.31618112212519778  0.32657830365130519
  0.33694173508600206  0.34730409216936392  0.35764646760465496  0.36802077969491415
  0.37839875494296732  0.38882373279241589  0.39924514647931947  0.40966094170053058
  0.42006752629047772  0.43045485915179132  0.44081116530448677  0.45112549497750182
  0.46147013097437195  0.47185686616034095  0.48227287172507088  0.49268766679077036
  0.50309318213010545  0.51349216728546154  0.52386938380000925  0.53424303253631145
  0.54462317629743062  0.55501293672358787  0.56540337641310412  0.57578662351678178
  0.58615097646024950  0.59650274674059545  0.60685091760012200  0.61720339032944360
  0.62756221538742996  0.63792486199346643  0.64828094008892412  0.65862339246042778
  0.66897139618395374  0.67933545500455317  0.68971795588603579  0.70010139301200014
  0.71046743824612346  0.72082790389696627  0.73118864140485662  0.74156285888297047
  0.75193845235987089  0.76232297538491189  0.77273032082447968  0.78315539131754508
  0.79359054951397834  0.80401404256143005  0.81443357349162260  0.82483533672801823
  0.83520684000106449  0.84556000874676118  0.85590202219116340  0.86626773346939345
  0.87664781477684239  0.88700690041071772  0.89737034261639670  0.90772152317263699
  0.91812486231275048  0.92852051371738020  0.93892365629566221  0.94928555150216010
  0.95966714293883881  0.97004534037305246  0.98042723461866876  1.00000000000000000
 -0.00239726441715038  0.00951140985325361  0.01970306842669800  0.03023487486359047
  0.04086247979586850  0.05142701504578855  0.06204980652870743  0.07259452950224740
  0.08309238480662486  0.09356250702741473  0.10404172856499336  0.11453201498073713
  0.12502483963273672  0.13552077201700313  0.14604120226282416  0.15656322991983296
  0.16707843859465418  0.17759195699671293  0.18808672209106578  0.19863381590238563
  0.20918180258868993  0.21970459316294200  0.23020591735233950  0.24069979445389714
  0.25123723293093941  0.26176742456423152  0.27238856195639077  0.28301685583359820
  0.29364997592868169  0.30424101122487324  0.31481389646972296  0.32533105960004738
  0.33587304651405109  0.34644599001382842  0.35707122191282459  0.36763777416037452
  0.37820269813322799  0.38874426936026646  0.39927942135514372  0.40977852833682132
  0.42032274132649372  0.43083200829733292  0.44132004155557303  0.45177031711571103
  0.46225212181292730  0.47276556079257165  0.48327615428072401  0.49381583626317477
  0.50434514462178237  0.51491127448843343  0.52548345214063963  0.53610904307101448
  0.54669547315942291  0.55725380251552936  0.56779108715759974  0.57833861630500683
  0.58890110845779209  0.59942378294325838  0.60993793686952469  0.62039591488214474
  0.63089263512964933  0.64138946008501452  0.65197245978128071  0.66252815219441930
  0.67306110641049266  0.68358696361204263  0.69411647744005778  0.70465455897082152
  0.71515830511510403  0.72567274697472561  0.73622446811202213  0.74678151259124359
  0.75735856756503506  0.76789595849441383  0.77842729157566204  0.78894494672801230
  0.79945972148882560  0.80998686503254558  0.82052994910875576  0.83109776816628200
  0.84169771130577520  0.85225950104835124  0.86281780056178436  0.87334808778341688
  0.88389041551030911  0.89441927424215151  0.90490710448008504  0.91542815907178887
  0.92597802922775607  0.93657837311262560  0.94718993057558631  0.95783117779237259
  0.96843032875101609  0.97897992864769445  0.98948467895738812  1.00000000000000000
 -0.00232364374579011  0.00954663364224216  0.01973552644178737  0.03028132672271272
  0.04084020948582459  0.05137712318364289  0.06195616345715485  0.07253045272599441
  0.08305292560501569  0.09354729591896535  0.10404778355610743  0.11457413170512699
  0.12508690340015766  0.13558608583156409  0.14611563886194345  0.15666843950621137
  0.16723159701644416  0.17774550842477183  0.18826556115042870  0.19877704833770080
  0.20931807016480250  0.21983734088512352  0.23036429144062215  0.24087092777990773
  0.25143553792923773  0.26196275562185029  0.27251493713475078  0.28303285427346986
  0.29359471369750711  0.30413218525911845  0.31467598872535463  0.32522833887187430
  0.33579523648835119  0.34634431829631940  0.35689424975002582  0.36747106875686386
  0.37801489809978933  0.38853079620613440  0.39903733652489304  0.40958072526091033
  0.42013467360928458  0.43068647100188351  0.44124799650329638  0.45180340297224503
  0.46234852104361529  0.47288513506495727  0.48338132994964478  0.49387177555011247
  0.50433830460431095  0.51487078694831001  0.52543649918823332  0.53601531112252343
  0.54659790085546800  0.55717461942630364  0.56777452263117245  0.57829520228390785
  0.58881238979946260  0.59933734234671654  0.60991629589460994  0.62050091806444074
  0.63104611717499604  0.64159086417509781  0.65213050880348755  0.66268550041709928
  0.67323989554868624  0.68382348945368776  0.69440508367103793  0.70497455467385628
  0.71553955577972894  0.72611933218036040  0.73670383238127446  0.74723064782749959
  0.75774593720868877  0.76825679127291380  0.77878484587540386  0.78932213852947264
  0.79986139045259830  0.81040368892721260  0.82095649367434820  0.83155673750876691
  0.84211665446661421  0.85267988350809232  0.86318448573298234  0.87376627042248034
  0.88430777746900135  0.89482818839723177  0.90527590726673535  0.91571824897424936
  0.92623704383574113  0.93680382072827950  0.94740770924983697  0.95798742591427455
  0.96852129257422737  0.97905389990141878  0.98953418962707840  1.00000000000000000
 -0.00241478431746431  0.01057013696266567  0.02088104335125591  0.03148629793628417
  0.04212432029988372  0.05275032586763226  0.06336881769841156  0.07393107224129425
  0.08448703419500540  0.09497895939029220  0.10550362554556615  0.11602537585146416
  0.12660961165987791  0.13716408578000394  0.14773771214083078  0.15827147841675837
  0.16879638902145208  0.17931452753006477  0.18985242627338159  0.20038942800790285
  0.21087144441857336  0.22134068328619624  0.23184139491073091  0.24239112738896282
  0.25297253960656862  0.26351801541904718  0.27400380924738488  0.28449768260075992
  0.29498749670838481  0.30554085191024927  0.31604932967843136  0.32658019435563057
  0.33707263623147404  0.34757711791547857  0.35810661048912318  0.36864870188783383
  0.37923483126254554  0.38975942287262960  0.40039258617133783  0.41097962239508301
  0.42162459156181020  0.43214905967951528  0.44269914619316025  0.45318461107542451
  0.46367777863250226  0.47420401146266811  0.48472173371730654  0.49525127575494049
  0.50575470266537836  0.51629509311243815  0.52680449773144478  0.53730082841908677
  0.54781291363316420  0.55836983394233042  0.56888444344032862  0.57939113691989597
  0.58987808112231843  0.60041730932318071  0.61098227056185028  0.62153306052480017
  0.63207509896692782  0.64260998888529886  0.65315901257658537  0.66367441274827832
  0.67419869707221580  0.68467982492462875  0.69518442581071638  0.70564140186176094
  0.71614645075938665  0.72664036615538341  0.73713764135401516  0.74761662540292029
  0.75812317813009966  0.76859082210939067  0.77907170564682338  0.78951579149528850
  0.80002064177337118  0.81054095912429758  0.82113748291154676  0.83169697221753824
  0.84221967709176804  0.85270308482460377  0.86322861763608394  0.87376865755044186
  0.88434467472670852  0.89487380082719958  0.90540874763058132  0.91588704870726678
  0.92640814981052422  0.93692725571863200  0.94748650299841830  0.95803451537282425
  0.96856785692150960  0.97904996250105114  0.98952649485270650  1.00000000000000000
 -0.00242795810957050  0.00952486777051576  0.01966854808348380  0.03015849761759672
  0.04067806320692778  0.05117704863473260  0.06170873617378942  0.07222450291136157
  0.08275830524246099  0.09328142323289237  0.10377456566223520  0.11426250270580712
  0.12471843671656896  0.13525161788295295  0.14581477549476490  0.15637954060674925
  0.16686816232649124  0.17734871725874782  0.18783037385486007  0.19837240953162202
  0.20891599751529108  0.21947983024500300  0.23002510175131780  0.24056584900345349
  0.25110226886853121  0.26161147707498650  0.27211979271973491  0.28266081720635811
  0.29320530741273126  0.30378339463387732  0.31435517704439353  0.32493081224674986
  0.33542533136931352  0.34594625433033777  0.35648464263254137  0.36706027087496468
  0.37762345198995273  0.38819420215968847  0.39874741262120161  0.40922513448858555
  0.41967888939990250  0.43011151493873961  0.44061112591073709  0.45111510881615385
  0.46167937241961710  0.47221195959741474  0.48275789508477512  0.49328019651435168
  0.50382058305377597  0.51436088904608734  0.52498373904748230  0.53563705300022213
  0.54626837775737302  0.55682483184100862  0.56732706851877290  0.57785567181993058
  0.58838645545615997  0.59893829808286503  0.60949673182596065  0.62006726249030020
  0.63064570722164681  0.64125086428707267  0.65186410491760893  0.66244353785813903
  0.67296097860314175  0.68350218009939356  0.69406483404669894  0.70466961820195162
  0.71522848476284495  0.72580531949871685  0.73634240422774067  0.74688309332314706
  0.75739441720543788  0.76789214563789765  0.77838889022420688  0.78890489477255532
  0.79943779833925077  0.80997395879336465  0.82050880399154713  0.83106993662549777
  0.84160453578499628  0.85219310361206269  0.86279058180698986  0.87340887356177210
  0.88397342003087731  0.89454389219566721  0.90509836187485071  0.91560157759036342
  0.92611678289968591  0.93669350535760720  0.94732391963363050  0.95788602154015834
  0.96842783938477750  0.97895324760098967  0.98949407907523290  1.00000000000000000
 -0.00212388206084361  0.00967877422059418  0.01991039642191233  0.03045793638699624
  0.04101199987165596  0.05153036784064022  0.06206680860038123  0.07262029919894414
  0.08316099606977281  0.09371469595245133  0.10425310818247978  0.11476059321991901
  0.12525547568995890  0.13573099694727253  0.14619035033566805  0.15667294535659052
  0.16719034863659932  0.17773963888829528  0.18828436538758836  0.19883645305343303
  0.20941611221774223  0.21997467205084564  0.23053282421664095  0.24110965732722775
  0.25169918955236537  0.26225615498011323  0.27277875181307831  0.28329820932440214
  0.29384117247271102  0.30437951923961076  0.31494979225679282  0.32549152035008516
  0.33606579431847278  0.34659231121689843  0.35715232103283995  0.36768167138843705
  0.37825994402037194  0.38881779890121521  0.39938729168083148  0.40992050433420352
  0.42046062598217554  0.43100616104190981  0.44155695446774906  0.45208200902886220
  0.46259084816801788  0.47308699849685631  0.48360294289869549  0.49410469642855165
  0.50460676844788965  0.51509567848768656  0.52557618723598032  0.53610356607012322
  0.54663079626398325  0.55720548188787644  0.56777314166424475  0.57833719347647672
  0.58887155757084386  0.59936574159672085  0.60991327628276959  0.62047861239552748
  0.63106790578811855  0.64162507673379099  0.65221230550815512  0.66281675485897273
  0.67342090614744843  0.68399014663009938  0.69453409210330952  0.70506510187445881
  0.71557309391364476  0.72608234219621559  0.73658057888803241  0.74714395616657991
  0.75770561719818730  0.76828820170769263  0.77884730956972759  0.78941014173976809
  0.79995725460897404  0.81045289299586976  0.82095555315511182  0.83153185016251430
  0.84210615287346302  0.85266256240937854  0.86318014174571667  0.87372508196056964
  0.88430225216812541  0.89484694015798072  0.90535730328701491  0.91584582607772080
  0.92631977523379549  0.93683113386769512  0.94732786206515829  0.95785502206772521
  0.96838737834898536  0.97891325977024313  0.98945784516255653  1.00000000000000000
 -0.00225386708623888  0.00963077561820791  0.01986151065499480  0.03046595625102698
  0.04107775327625633  0.05161138959999904  0.06213073824648398  0.07262793030537609
  0.08314808012103418  0.09368329796581287  0.10421723025469735  0.11478350140827345
  0.12533914201676283  0.13589354691724440  0.14637241583544550  0.15687776690972211
  0.16738726966305831  0.17792793524542863  0.18843946381606444  0.19894438835510764
  0.20945942964070885  0.21996694183857085  0.23049799408056856  0.24097153082802561
  0.25142084362493922  0.26189301980775792  0.27243031462879885  0.28299066615225060
  0.29351467215750543  0.30404673401786803  0.31464152597927786  0.32523106418179404
  0.33580754848834343  0.34635129682247107  0.35694041342080979  0.36751869532446646
  0.37807290894598433  0.38861562722276927  0.39920281831373433  0.40982946836677453
  0.42046172663042147  0.43103229287893763  0.44157757842874812  0.45209090163319315
  0.46264044545844291  0.47319013910252833  0.48373051860914962  0.49427335874139311
  0.50484436928897247  0.51545051460723612  0.52606598712568542  0.53663892875778951
  0.54718496030225472  0.55768740962190955  0.56820222016692656  0.57871308830751755
  0.58923448161622205  0.59975191271406691  0.61026121646323739  0.62082637057150047
  0.63144285368283271  0.64205594837721292  0.65262552881334501  0.66312910393333768
  0.67365034717137084  0.68419322377262615  0.69474298335597406  0.70528934467039672
  0.71583371346192970  0.72637549623653586  0.73691672314451595  0.74738118048038449
  0.75783974807795063  0.76826684315086136  0.77878080073565770  0.78927983476795838
  0.79978281775316107  0.81024809487384664  0.82074938561746713  0.83127696392322559
  0.84179823755477456  0.85233865967012290  0.86290883866373291  0.87348435245707823
  0.88401633502211452  0.89456922781911496  0.90510881687756806  0.91563669167440731
  0.92617507837749713  0.93676558993608450  0.94738453375427278  0.95793988622604853
  0.96843622542197372  0.97895089663798884  0.98946318038399372  1.00000000000000000
   4.5565186750151390E-016  -1.0000000000000000     
 F F F F F F F F F F F F F F F F F F F F F F F F F F F F F F F F F F F F F F F F F F F F F F F F F F F F F F F F F F F F F F F F F F F F F F F F F F F F F F F F F F F F F F F F F F F F F F F F F F F F F F F F F F F F F F F F F F F F F F F F F F F F F F F F
  <DiscreteSampler_grid>
  grouped_processes
  1 # 1 for a reference and 2 for a running grid.
  10 # Attribute 'min_bin_probing_points' of the grid.
  1 # Attribute 'grid_mode' of the grid. 1=='default',2=='initialization'
  0.0000000000000000 # Attribute 'small_contrib_threshold' of the grid.
  0.5000000000000000 # Attribute 'damping_power' of the grid.
 # binID   n_entries weight   weight_sqr   abs_weight
    10   10   7.034292543882792E-004   7.976585364906803E-007   7.034292543882792E-004
    11   10   7.034292543882795E-004   7.976585364906812E-007   7.034292543882795E-004
  </DiscreteSampler_grid>
