  0.00956914719666280  0.01564082268423815  0.02484595749795084  0.03561449446223924
  0.04597427421325719  0.05636932358557835  0.06677174433110267  0.07715489961791143
  0.08752301215999694  0.09787250127592727  0.10820766029240210  0.11855820718600055
  0.12892392361708743  0.13931769216147111  0.14970057874491211  0.16009767464035260
  0.17048870464272775  0.18089575898813556  0.19127039262404275  0.20165236323322216
  0.21202794459668445  0.22242482939859479  0.23279544468790522  0.24315390689446265
  0.25350374678984505  0.26388410149565461  0.27427995781346204  0.28468041770969987
  0.29508700100692437  0.30548117095040239  0.31588820761895542  0.32627761070566419
  0.33667471597283966  0.34706184403810786  0.35743803045549999  0.36779835203144523
  0.37817052705777549  0.38854539872847060  0.39894138769049609  0.40932896112951417
  0.41973224704346113  0.43013079278867883  0.44053351567921423  0.45094107261898847
  0.46135241174643254  0.47175457452728126  0.48214613038140286  0.49252391394724460
  0.50290401733717494  0.51329568122099922  0.52370088655865765  0.53410445600261258
  0.54449880688260854  0.55489592704509572  0.56529326942198044  0.57569145741912153
  0.58609337787611282  0.59648466348469020  0.60686148759072556  0.61723673532061663
  0.62763304057928426  0.63803988854414373  0.64842085584780274  0.65878468113182898
  0.66916052162371931  0.67955884494568353  0.68996772805069995  0.70036896551784344
  0.71075740304252844  0.72113720142813931  0.73152361462511817  0.74192016550886730
  0.75233473948310825  0.76275546116142123  0.77316299722561577  0.78356547285017930
  0.79395793090090050  0.80434322492098498  0.81471479260718016  0.82508202418831089
  0.83546835462369273  0.84585025075538411  0.85622941056631963  0.86660171606594949
  0.87698799589702980  0.88738341662918507  0.89776759092385316  0.90814662197197971
  0.91851276564124118  0.92886635496623771  0.93921482525180444  0.94957103893120631
  0.95995676056737922  0.97030078082784343  0.98062978267180512  1.00000000000000000
  0.00957550606956964  0.01553765592988299  0.02480446702108836  0.03558649685684362
  0.04596270220924493  0.05637834632707708  0.06679812269361915  0.07718937908773939
  0.08754238097001132  0.09785881574555441  0.10818593754022397  0.11853684984910266
  0.12892678696701465  0.13930749520752672  0.14969992765852261  0.16008228963703119
  0.17046946553499348  0.18084566278836339  0.19121857113204715  0.20159792452464689
  0.21197828372429578  0.22234626045319239  0.23273799924798036  0.24311947425031913
  0.25350633108261034  0.26388395612967702  0.27426313672064256  0.28464797000880704
  0.29503749879239438  0.30541457535717081  0.31580040554816019  0.32617674632662308
  0.33657507714074275  0.34697737238667659  0.35736108777745362  0.36773018767239007
  0.37809299216899800  0.38847704696737545  0.39887626683268484  0.40927896765056243
  0.41967944296570764  0.43007254770366105  0.44045518222049557  0.45083556224953236
  0.46121854562903275  0.47161248646040776  0.48201469516283729  0.49241971171141780
  0.50281196024673780  0.51318724841692642  0.52356095057949636  0.53393865428857168
  0.54433041911452107  0.55472069633251420  0.56512025142656808  0.57554021405852840
  0.58595849420124391  0.59636157393231415  0.60673524175163873  0.61710331904544713
  0.62747980198499897  0.63786889211271336  0.64827338891982700  0.65867931816498382
  0.66907242098775421  0.67944619204923273  0.68981879283984260  0.70018691453733983
  0.71055155157206495  0.72091344199294105  0.73128367371215075  0.74165372083941761
  0.75202247403154432  0.76238127882117035  0.77274736240921826  0.78311659714688198
  0.79349092657675036  0.80388774842775290  0.81429543676781702  0.82472583435601254
  0.83514957067347151  0.84555796317792176  0.85594089750171121  0.86630895928569618
  0.87667273515939248  0.88706314090611915  0.89746923593971606  0.90789122215894047
  0.91830460592216545  0.92870280069413425  0.93907395931948145  0.94946308926424372
  0.95982552569763024  0.97019609506161775  0.98052208612643643  1.00000000000000000
 -0.00252267345558337  0.00949490789762228  0.01964593026789943  0.03016624119182420
  0.04071563324631605  0.05127122473741839  0.06180244813316117  0.07233304638938706
  0.08285742244798740  0.09336184865238907  0.10385298092964293  0.11436026179554311
  0.12486643954610441  0.13539595107069965  0.14589598704103077  0.15642207757816642
  0.16696001996056217  0.17754360266402675  0.18811699678640428  0.19867028202506087
  0.20920744886338627  0.21974587295740305  0.23029544436218105  0.24085677495785149
  0.25139507199622385  0.26193493579339822  0.27246633385134239  0.28301891871451096
  0.29355617559067543  0.30411188495113894  0.31466301369861893  0.32521928528686245
  0.33576940596739430  0.34632608942796062  0.35689739731226811  0.36747042650085188
  0.37804924029752718  0.38861947481174158  0.39918139172441808  0.40974662495318787
  0.42029772899066886  0.43081729768814808  0.44133764366738104  0.45185160019415943
  0.46237725521480411  0.47287023372670228  0.48339781032358559  0.49393206462045919
  0.50450038179142809  0.51507003483348768  0.52563809883539248  0.53620998496703876
  0.54677801412985494  0.55732596864310391  0.56785677055050521  0.57835352745353075
  0.58887204318534425  0.59938253256021679  0.60990690269445480  0.62042323197618321
  0.63095049325846153  0.64145772435609283  0.65196339236948397  0.66247176410327335
  0.67301461120543382  0.68357762420052259  0.69413568698949790  0.70466575766603301
  0.71516218710808654  0.72567340224987431  0.73619939148279789  0.74674554179853769
  0.75728046441589647  0.76780688228773619  0.77833080785997466  0.78888657018164576
  0.79945181683480016  0.81003530403404578  0.82059632387163750  0.83114796432389060
  0.84167346253324393  0.85222326476060128  0.86278316969293567  0.87335031068271685
  0.88390054275264041  0.89446111655103588  0.90503397954191644  0.91559517264513723
  0.92615726298842227  0.93670766919865200  0.94723644372675753  0.95775872771890258
  0.96828269152735158  0.97885134241743010  0.98941573194967192  1.00000000000000000
 -0.00228055632444592  0.00977688290200278  0.01998667481021593  0.03050655784361800
  0.04104507479856536  0.05157812971703721  0.06210956565680165  0.07262375355207264
  0.08314502373399361  0.09366543087563087  0.10419703912898484  0.11472860632498469
  0.12526065597131070  0.13579960249795897  0.14635501256577738  0.15691925127040041
  0.16749031873438272  0.17802833496813084  0.18855912984021717  0.19908410174561350
  0.20963620473520220  0.22017959524557379  0.23073476774976417  0.24126732294429659
  0.25181539449769780  0.26233496626338981  0.27286975651201417  0.28341366244343869
  0.29395040835433744  0.30448821865969222  0.31500954048175983  0.32555649117148161
  0.33611561440315579  0.34666740752337843  0.35719313720524293  0.36771157243150443
  0.37823814326861915  0.38878655518469291  0.39934747268221077  0.40990887898030764
  0.42047680213190541  0.43104467044287093  0.44161800142262581  0.45219871261583211
  0.46274325438372793  0.47328775062900946  0.48382327821818366  0.49437545137207012
  0.50488639586792350  0.51536290352769465  0.52581961853513071  0.53629019176081694
  0.54677625209587921  0.55730456239821724  0.56785134435187823  0.57842377413453661
  0.58895554712417120  0.59950015065977424  0.61004345363092516  0.62060274395842063
  0.63116174761481292  0.64168699897909010  0.65221443257529643  0.66272858157775716
  0.67327881549668545  0.68381686171920542  0.69438345637413412  0.70491872612970019
  0.71545577518875358  0.72597221157152769  0.73651423673302507  0.74704285726828989
  0.75756698490525709  0.76807314061675447  0.77859601551693958  0.78911722565309972
  0.79964238895337203  0.81017213219592832  0.82072994104336805  0.83131009461042848
  0.84187080456580576  0.85241565793334095  0.86295937089484320  0.87352517208207214
  0.88406660538672543  0.89460360877855816  0.90512010769090911  0.91562212476916571
  0.92612287312301145  0.93666205956746007  0.94724999370278407  0.95782709696884749
  0.96839324840813634  0.97895027219847608  0.98948387095315815  1.00000000000000000
 -0.00238417502770205  0.00965600708131947  0.01984420764219176  0.03036920387173028
  0.04090577215272756  0.05141259638911171  0.06192720738491787  0.07241736212316677
  0.08295387932742435  0.09350014829925442  0.10407301373895884  0.11466564258803877
  0.12523482140395692  0.13578328388860916  0.14629561274638428  0.15679483356809104
  0.16730571336364605  0.17779746486788867  0.18832514593854782  0.19885443343568285
  0.20939050501756984  0.21989287517950085  0.23041395154992933  0.24095229990864542
  0.25148292032066866  0.26198842521798305  0.27251047671658113  0.28304564150816808
  0.29358338337029216  0.30410032116130864  0.31461268280604771  0.32513078829771264
  0.33564175141667091  0.34616626236175074  0.35669249846914819  0.36721129562624405
  0.37775244020561771  0.38830352121112388  0.39885122678869028  0.40937601805609020
  0.41989697534866383  0.43043521217903769  0.44098694436185570  0.45153291469474910
  0.46206503623960399  0.47259218316658325  0.48312966834494597  0.49369787081180427
  0.50427150910172547  0.51484795843298325  0.52541264068238325  0.53598944311620278
  0.54656257175390532  0.55712397173058892  0.56765872609321955  0.57819794550207115
  0.58875025209022458  0.59930384235998080  0.60983127846721330  0.62036271114436981
  0.63090120999363319  0.64144056299227181  0.65198144842617767  0.66248628850637303
  0.67302268888295202  0.68353822948561704  0.69409465739075538  0.70463304367199642
  0.71518038211327961  0.72572421741382032  0.73628474506983799  0.74686139133185070
  0.75743559617002998  0.76801012112047617  0.77856896969810896  0.78911638088366520
  0.79964759544235009  0.81017122249887075  0.82069108438627436  0.83121825505628588
  0.84176741771612573  0.85232975435674851  0.86288691238159454  0.87341636938401734
  0.88393397123529849  0.89447364430134946  0.90502071459545885  0.91555159810109266
  0.92609995110672505  0.93665818695611736  0.94724295868440456  0.95781589171969861
  0.96837886015613617  0.97894314980419439  0.98947066060626609  1.00000000000000000
 -0.00241667953826114  0.00968732578265334  0.01987740209945812  0.03040604360616175
  0.04094198769713862  0.05147836960292464  0.06202144440319756  0.07256776735423850
  0.08310613360249321  0.09362819638072126  0.10416317014983628  0.11469307891689112
  0.12525268388172797  0.13580133062657807  0.14637372829396869  0.15692413875826131
  0.16747293569862223  0.17799885680484198  0.18852941310834845  0.19906042203711463
  0.20965151134662222  0.22025537955883356  0.23087145059678155  0.24144799609021531
  0.25199807254783280  0.26253174474539270  0.27303759175198494  0.28352423661487763
  0.29401689731808811  0.30452971923048944  0.31507964927026816  0.32562127653323614
  0.33615198320279815  0.34667223430241828  0.35719337880500002  0.36772956880993440
  0.37826595719555750  0.38879070353282530  0.39930548707407792  0.40983501770428965
  0.42037904244102597  0.43094395982323319  0.44149843440593167  0.45202264054392505
  0.46253752700431322  0.47304445487227642  0.48356781626184631  0.49407813704336540
  0.50459505858090958  0.51513773164335375  0.52570167748200769  0.53627474564642175
  0.54682886368495875  0.55735412897063974  0.56787789230742713  0.57841854610924492
  0.58894827485253332  0.59944099160381159  0.60994088945724101  0.62046849325689035
  0.63102848190174132  0.64159164767401000  0.65217901916160836  0.66276206381640745
  0.67333171153697879  0.68388217043024280  0.69444391715261022  0.70498713208839081
  0.71551174238851623  0.72603225983384234  0.73656611202238653  0.74708574295468277
  0.75758851636967395  0.76809062383425253  0.77860282286281368  0.78913229485809910
  0.79966819465077343  0.81021254534295706  0.82075450913535120  0.83128782772473486
  0.84181443051860383  0.85233168341907339  0.86286186674877186  0.87342408977071684
  0.88401312400551157  0.89457441946585203  0.90513906995128934  0.91567148314735214
  0.92621780530650966  0.93673074575867532  0.94726770719837372  0.95780067129378432
  0.96835467885863846  0.97889476522753804  0.98945180955038625  1.00000000000000000
 -0.00250323122056528  0.00958452515574528  0.01978248054219043  0.03029804180776202
  0.04084377845508026  0.05138376774553799  0.06194459762005716  0.07250433825271094
  0.08303718320862727  0.09354795796293196  0.10404752830784984  0.11456149878281033
  0.12509475381033761  0.13563974312740099  0.14618738457959621  0.15674897506537513
  0.16732632337151776  0.17787801159368319  0.18842225199349474  0.19895041437244118
  0.20952568985738737  0.22007546250518140  0.23063079270563183  0.24113104557833526
  0.25165051811163308  0.26216765289749666  0.27271062787277511  0.28326183173462932
  0.29380543827028666  0.30436586138539456  0.31491459885779266  0.32547139832996536
  0.33602062250250531  0.34657476872489151  0.35714217142753762  0.36769319946123052
  0.37823467937528299  0.38873520722292015  0.39925240637928405  0.40976114046667472
  0.42031739767026055  0.43085608026894134  0.44139808819445503  0.45192403533116265
  0.46245163340790885  0.47299241703192252  0.48352024924534637  0.49408511297962127
  0.50465791782376435  0.51521304606710983  0.52573024427959636  0.53625769151959579
  0.54680399421538761  0.55737068302275994  0.56794007310145966  0.57850579762134036
  0.58907474895246348  0.59959786004008708  0.61011467920363072  0.62064189759479349
  0.63117212063886552  0.64170206714722833  0.65222317168437227  0.66275582418795376
  0.67330494856821577  0.68383682659905187  0.69437332379923900  0.70491352563646903
  0.71545216566381220  0.72597684545456920  0.73649037090737890  0.74703222746318665
  0.75757724272734317  0.76811417532858883  0.77863139576202434  0.78915704721880542
  0.79969124296460559  0.81024809481295912  0.82077693308835076  0.83131630794006661
  0.84183653912203038  0.85240255887153860  0.86296391972160869  0.87353578113685060
  0.88408326924586578  0.89462917413267096  0.90513927860219356  0.91564452266207452
  0.92617234678952043  0.93671063507642394  0.94726437629877402  0.95780288296555105
  0.96834715309110142  0.97889411489575029  0.98943896814074039  1.00000000000000000
 -0.00244643914139147  0.00953723326074011  0.01967153434254826  0.03013904956195741
  0.04063887457343664  0.05118378149166260  0.06172895750509462  0.07228224213161674
  0.08280533288274632  0.09331020675435324  0.10382051565755869  0.11435517223409795
  0.12490230721787875  0.13543707875701058  0.14598982277514666  0.15654112397456024
  0.16708434057501173  0.17761370615714075  0.18812439401220718  0.19867107955958757
  0.20921874319406944  0.21978405624790773  0.23033348444591822  0.24088457107520650
  0.25142632433536199  0.26195762312783133  0.27251591354989646  0.28311160897877746
  0.29372859833183251  0.30429651322292972  0.31484235626772816  0.32536105567444235
  0.33590014290914921  0.34644360700274113  0.35703357023349419  0.36763525434209421
  0.37824474948442105  0.38882773098774992  0.39937119006562311  0.40990371039529422
  0.42042711474977562  0.43097000084678588  0.44151898619590818  0.45206696865700646
  0.46260271233281813  0.47313619744258306  0.48367727896979207  0.49425086766028331
  0.50483769709269677  0.51540791583327916  0.52592855869074351  0.53643911561087965
  0.54696184205158305  0.55751685355547997  0.56808566427748342  0.57865141395824471
  0.58920329428410767  0.59971943734459621  0.61022312411313040  0.62074404207596867
  0.63127219831538928  0.64182613730594251  0.65235018158969194  0.66287613295307557
  0.67340888325805992  0.68395049402282249  0.69451536901565603  0.70505500643284214
  0.71558877459459647  0.72611667365181298  0.73665899541174706  0.74721984887950577
  0.75775304635396035  0.76827704012250952  0.77878843572239120  0.78932921316949045
  0.79987008269184767  0.81044077277329218  0.82097314855152725  0.83149615687961864
  0.84200731021823516  0.85252293049255112  0.86306318619493239  0.87360612829253437
  0.88413784480480395  0.89465793309367181  0.90518892643068061  0.91573115945294525
  0.92626289369920267  0.93676910075917963  0.94730691632805719  0.95787192856135195
  0.96845242856110181  0.97899098894435332  0.98950914552432312  1.00000000000000000
   1.5460347278805828E-002  -1.0000000000000000     
 F F F F F F F F F F F F F F F F F F F F F F F F F F F F F F F F F F F F F F F F F F F F F F F F F F F F F F F F F F F F F F F F F F F F F F F F F F F F F F F F F F F F F F F F F F F F F F F F F F F F F F F F F F F F F F F F F F F F F F F F F F F F F F F F
  <DiscreteSampler_grid>
  grouped_processes
  1 # 1 for a reference and 2 for a running grid.
  10 # Attribute 'min_bin_probing_points' of the grid.
  1 # Attribute 'grid_mode' of the grid. 1=='default',2=='initialization'
  0.0000000000000000 # Attribute 'small_contrib_threshold' of the grid.
  0.5000000000000000 # Attribute 'damping_power' of the grid.
 # binID   n_entries weight   weight_sqr   abs_weight
    10   10   2.499923311693612E+013   1.226543756774957E+027   2.499923311693612E+013
    11   10   2.499923311693640E+013   1.226543756774981E+027   2.499923311693640E+013
  </DiscreteSampler_grid>
