  0.00951258550201619  0.01565044683204646  0.02483773301538614  0.03562079502391425
  0.04597400263341061  0.05635213023333339  0.06673960448338018  0.07712065644178082
  0.08751597595779956  0.09788890512837667  0.10827706100721508  0.11865437163310832
  0.12902856521069178  0.13940234687761233  0.14978018617377045  0.16016455820908843
  0.17054015036446160  0.18090829397636027  0.19127349718407885  0.20160576697436117
  0.21195342600513903  0.22231018902709468  0.23271281051129802  0.24307815073187924
  0.25344108201196835  0.26380568297590273  0.27421344684076143  0.28461849755454360
  0.29502433590906552  0.30541083277373965  0.31580160205188473  0.32618990364114747
  0.33658595325643037  0.34696180348809735  0.35729853506821102  0.36761817019461251
  0.37795721560721413  0.38830693685944195  0.39864611566559388  0.40898596611754112
  0.41934366039614801  0.42971415517186873  0.44007454383260119  0.45044106900666153
  0.46081399366330333  0.47119590424969238  0.48158061633548072  0.49196648968095147
  0.50235536809903192  0.51273582641787585  0.52312872462534810  0.53352455262583065
  0.54392253705834104  0.55431985625234947  0.56470776902766828  0.57508561259448321
  0.58545456547992170  0.59583331772800796  0.60623567783587762  0.61664234547971619
  0.62703098601806795  0.63740398605576032  0.64778074553876985  0.65817251225963458
  0.66857774994255981  0.67899314022381752  0.68941139447457211  0.69982443796230775
  0.71022831450588020  0.72063368954055917  0.73104452252370633  0.74145321255117436
  0.75186561235969129  0.76227248860707164  0.77266392233215597  0.78303887333614364
  0.79340620438501142  0.80378774670696673  0.81417379269008505  0.82459565477141139
  0.83502215263039048  0.84546642444325448  0.85587714083302191  0.86628260132266688
  0.87665588017838880  0.88704604952406119  0.89743593227961693  0.90784386993568911
  0.91824099715079854  0.92862151596732256  0.93898489447011069  0.94936500922323130
  0.95975342293064769  0.97015160642724074  0.98051099623385030  1.00000000000000000
  0.00955114085768800  0.01553218770911228  0.02480856237082638  0.03560891821959610
  0.04598970765260231  0.05637915784753231  0.06674656530474578  0.07710561665420530
  0.08747492152108646  0.09786270878754127  0.10825999452217530  0.11865298238593332
  0.12904059143903074  0.13941574515686531  0.14979591466953487  0.16017517972858417
  0.17057256907165638  0.18097896082095435  0.19137044348299528  0.20176231592369090
  0.21215157517563832  0.22257713237153512  0.23300657226426408  0.24342109611988083
  0.25379903348532240  0.26416460550921217  0.27453709664276699  0.28492913884059173
  0.29531422260592349  0.30570370868271329  0.31609419456838050  0.32648490300650468
  0.33685783912492423  0.34723368253967607  0.35762568379326082  0.36803276610840702
  0.37843627524063023  0.38883212815899659  0.39921241635333116  0.40959336452516537
  0.41997211171108312  0.43036406756988649  0.44075169693955540  0.45113947466906662
  0.46151369675607185  0.47187998582537150  0.48225767987019025  0.49265969343632832
  0.50308583794597383  0.51349609627283932  0.52389049655895248  0.53425862360653353
  0.54462044930647180  0.55497425157574509  0.56533512709737554  0.57571418815244435
  0.58610655163163361  0.59650084499077127  0.60688273213953992  0.61725931682847524
  0.62762670002361198  0.63799474533347000  0.64837330932526538  0.65875595179731217
  0.66914019760680288  0.67952125321156809  0.68991376397912296  0.70031825489215682
  0.71071611394797529  0.72109373112258679  0.73145774153631915  0.74182725356242507
  0.75220886724401170  0.76259393132748909  0.77297999189170863  0.78335757697256481
  0.79374011025983404  0.80411023222523570  0.81448485772111268  0.82485219346487160
  0.83522507001970525  0.84559131479019234  0.85597600412196617  0.86636797387864273
  0.87677028669302770  0.88715377656359429  0.89752770507571555  0.90789587238786840
  0.91827273311044744  0.92864905882012982  0.93904253609946242  0.94943950963369483
  0.95982291170827960  0.97017600126593528  0.98051606091128496  1.00000000000000000
 -0.00245651031507045  0.00957429039209200  0.01974725347040460  0.03024989604597433
  0.04080727576711886  0.05136322438466188  0.06192716680306242  0.07249961066728187
  0.08305339899712454  0.09358842821319079  0.10410742303174242  0.11464286075485153
  0.12516596697344068  0.13568979617494295  0.14620932626270036  0.15674739306067631
  0.16729162062209207  0.17784710788220343  0.18841399016032098  0.19896778971374462
  0.20950296979971733  0.22001870977393428  0.23057531312209961  0.24114302307773933
  0.25170383038896238  0.26223297147611302  0.27276343894179472  0.28330761316264180
  0.29386394625794854  0.30441162295169943  0.31496527841788091  0.32548054671293414
  0.33600360368737697  0.34652076430719730  0.35705455817246134  0.36759181992408013
  0.37813507832336563  0.38868936396495418  0.39923668657796119  0.40976260669546583
  0.42029150267305604  0.43080066481768664  0.44132550879484872  0.45184073353019893
  0.46238409983128514  0.47293788765668504  0.48350599548204809  0.49405132593364082
  0.50458370369717365  0.51511158215668529  0.52564951357242340  0.53618105342395328
  0.54672021395257653  0.55725910537174450  0.56782121602230240  0.57836558654112724
  0.58892683849928718  0.59947805468777715  0.61005110312157018  0.62057926365535254
  0.63111094101176912  0.64162813219929282  0.65217587674830702  0.66272216299914199
  0.67325982513627514  0.68380951438847604  0.69435717648340589  0.70491114614883588
  0.71544362206107959  0.72597965463916603  0.73650598439015136  0.74705055063459180
  0.75760499282772698  0.76817848402164701  0.77874004850904244  0.78930133299159722
  0.79983813742612953  0.81040745740134057  0.82095432907893473  0.83149395824116812
  0.84200633137617897  0.85252272386384498  0.86308314506964445  0.87364772527358803
  0.88422103928650519  0.89473767921701997  0.90527544336152344  0.91579628482586084
  0.92635203077610473  0.93688628204436419  0.94743965096587190  0.95800461011834492
  0.96853710954277905  0.97904323708623409  0.98951809501040633  1.00000000000000000
 -0.00251430222445830  0.00944241958579586  0.01960214259486720  0.03012694375879004
  0.04065956047779042  0.05116833654593635  0.06169598022919356  0.07225396634995027
  0.08282270037362768  0.09336867178522117  0.10391604537125093  0.11445051060525299
  0.12500882051285167  0.13556760512100588  0.14615375693335719  0.15671813155823378
  0.16726428870130577  0.17777983272617398  0.18829216916676247  0.19881215590907009
  0.20934885695874861  0.21989093296327286  0.23043375600156310  0.24097466212101362
  0.25151565667587461  0.26206089398875515  0.27260241214570258  0.28314414143251809
  0.29369078005141064  0.30423123649384387  0.31477070317700906  0.32532513718376965
  0.33587621325359035  0.34643257557314272  0.35696767390293699  0.36750297639782625
  0.37806419065718916  0.38861952666302368  0.39920556678565949  0.40976342920026354
  0.42030507734573852  0.43082348425873251  0.44136269104489106  0.45190380687029957
  0.46243199059640705  0.47295552473306141  0.48347357190057338  0.49401878495309404
  0.50458502077929435  0.51517583877515238  0.52575869558145150  0.53631480068919724
  0.54688394932346129  0.55743918780392421  0.56796917710031880  0.57848729538741439
  0.58902493057873562  0.59959257306645031  0.61014767392045743  0.62067818998602364
  0.63119875440864048  0.64172532052269970  0.65230001783477409  0.66285753775780165
  0.67339766145673041  0.68387363364491283  0.69439822649755878  0.70494374290177808
  0.71553720730980519  0.72609521839408298  0.73665566705944674  0.74718122681785604
  0.75770992962451933  0.76823188870847758  0.77876498893543966  0.78930149366959279
  0.79981850244356512  0.81034253987786831  0.82087735107482551  0.83145368111545115
  0.84202184876158492  0.85257149202836646  0.86309318960385140  0.87363366615052063
  0.88419099558912051  0.89477461237336542  0.90531252454316780  0.91584084210633088
  0.92634886530227500  0.93689708417969286  0.94745346715027323  0.95799857105996589
  0.96851867804766567  0.97901712272172414  0.98951724029763499  1.00000000000000000
 -0.00217314260338613  0.00977153004554207  0.01997034895131286  0.03049311237632178
  0.04101473391139028  0.05154173772806604  0.06207365292289763  0.07260923407520069
  0.08315553640281813  0.09369728089033280  0.10422253381370636  0.11473996120083009
  0.12524734022048320  0.13578795315101516  0.14631985594856387  0.15685508557512268
  0.16736230533003552  0.17788862479264458  0.18842019479141103  0.19896144746176672
  0.20947561532647380  0.22001069297653120  0.23054607345956804  0.24108085862407147
  0.25159904565163649  0.26213372327035805  0.27269160935367792  0.28324089802579389
  0.29376945357206785  0.30427733995004863  0.31478827145794969  0.32532125795586853
  0.33587887717066145  0.34645394289068965  0.35701375065351115  0.36756360865873589
  0.37812731527537191  0.38868709469751739  0.39923195186619814  0.40975413387750320
  0.42028282698570546  0.43084023505316188  0.44139556431994970  0.45195642050056722
  0.46247483718888582  0.47300131600649309  0.48352153614813098  0.49406383668195442
  0.50458253444141621  0.51512209500494210  0.52568188368704716  0.53627932224386410
  0.54682204583292815  0.55733422560001367  0.56783196851896223  0.57836602732737885
  0.58892925930962914  0.59948512460323566  0.61001962040321589  0.62055302970870330
  0.63110094323887278  0.64167920158244740  0.65223859657050454  0.66282857411789331
  0.67339459445175887  0.68396682442187828  0.69450127635107539  0.70504578851385113
  0.71559271421231208  0.72614251894009230  0.73670132546252520  0.74725599517161168
  0.75778763461747600  0.76833463454398832  0.77888172640378694  0.78945084060019499
  0.79999452874951105  0.81054778202602251  0.82109197043272608  0.83163108981486267
  0.84216997390370962  0.85270636023657242  0.86323132403669511  0.87375653613762261
  0.88428311692430439  0.89481180019579043  0.90533103414395544  0.91586255584693388
  0.92641756019307409  0.93695711444685881  0.94747616115797517  0.95799561509090370
  0.96853173928933933  0.97906648280636988  0.98954652265401388  1.00000000000000000
 -0.00249330830648467  0.00945325839741438  0.01958451036968368  0.03006630551369578
  0.04060399098175416  0.05115806959115728  0.06172539790770953  0.07227335124826401
  0.08281702959398828  0.09336485678639060  0.10392191521428984  0.11447601391640067
  0.12500023425449511  0.13552458048318700  0.14605571398001779  0.15660153333265239
  0.16717460472118403  0.17770450552252903  0.18823178097702586  0.19872800486210304
  0.20926663869217493  0.21980891436707337  0.23038561150101564  0.24098640594806328
  0.25158226213482643  0.26214938677630767  0.27269018495737940  0.28322352221680536
  0.29375088473538169  0.30428768698333197  0.31483018832541165  0.32537445642316398
  0.33589744687643575  0.34643899470959089  0.35698559074736924  0.36753042588291523
  0.37807917057110768  0.38862273933419783  0.39916100315906283  0.40968676767515522
  0.42019446064974941  0.43073138772687480  0.44127868853058266  0.45182459363993777
  0.46234460053643295  0.47282497071153395  0.48333523182684779  0.49385639040303964
  0.50439014767185320  0.51491491787017851  0.52546326249145869  0.53602574476119114
  0.54658654385715189  0.55714252742858550  0.56766855842739783  0.57821995952112626
  0.58873361508043887  0.59929522062424501  0.60983745282196578  0.62040422601703482
  0.63095780191136208  0.64150340514982573  0.65203798111159239  0.66257269303051625
  0.67312235679877819  0.68367637872115639  0.69424791859818258  0.70481303202588064
  0.71536932471112480  0.72590093382857679  0.73644900229029819  0.74698610600220983
  0.75751359648791972  0.76803245267015996  0.77859075343637174  0.78914619173887679
  0.79970359595128604  0.81024293579635920  0.82076766943640145  0.83128603183606709
  0.84180689781108375  0.85234110108732120  0.86288657435072280  0.87343250694912589
  0.88398034208929754  0.89453537123533278  0.90510775387259734  0.91568449181084899
  0.92623953790131885  0.93678447325918235  0.94733613627471080  0.95787637495077949
  0.96841887636523927  0.97893753635131331  0.98947965746259869  1.00000000000000000
 -0.00251520821496188  0.00946134010370856  0.01961195603390130  0.03013987809189139
  0.04071140453399282  0.05124194971928551  0.06174783300487632  0.07224739366124981
  0.08278542980370798  0.09333127863633697  0.10386130655483625  0.11438063509979440
  0.12489196667876772  0.13542520687900314  0.14595565902333799  0.15648042043316293
  0.16701080017181003  0.17756018115613953  0.18812885426885373  0.19867732254455617
  0.20922031995963275  0.21973616104354701  0.23028318408667314  0.24083881127169024
  0.25139735269904639  0.26193186116534817  0.27244954435519630  0.28300982738356512
  0.29357874423517805  0.30414565018207995  0.31470747280396721  0.32528033658643024
  0.33584611286164717  0.34638484983487056  0.35693009851224228  0.36749404235542532
  0.37804673698964830  0.38858521031197529  0.39912552127643758  0.40965477453028809
  0.42017984751842519  0.43067306353269658  0.44117856123235405  0.45165558194788236
  0.46216716914938533  0.47268440092906017  0.48322573280063896  0.49375394818095947
  0.50431283075040489  0.51487749871328725  0.52545314216000327  0.53601861742480816
  0.54659205834553026  0.55716394338508757  0.56772179124370725  0.57827239622411220
  0.58883486040299460  0.59939423572316319  0.60994666845186729  0.62050001266267973
  0.63106066155535812  0.64162033626254267  0.65216762341090606  0.66269887681958339
  0.67323312336792374  0.68375981827775267  0.69430419240686114  0.70485157386261388
  0.71537447584977076  0.72590568569180780  0.73643911480063506  0.74701921506145086
  0.75757764504511438  0.76813175790037980  0.77868913835364073  0.78925231435985321
  0.79981287703239368  0.81038387737799589  0.82097150207607283  0.83156301813838662
  0.84209236515397923  0.85260963958394054  0.86313025442601909  0.87363734062572851
  0.88413588793062137  0.89462079232263292  0.90515530757962992  0.91570963757413404
  0.92626276381677164  0.93681126786920355  0.94733835046869064  0.95787628357834231
  0.96839107407441805  0.97893415936942130  0.98946486409365664  1.00000000000000000
 -0.00252574810214887  0.00944127783278495  0.01958331524954584  0.03009158031535561
  0.04066704768269073  0.05123106162441734  0.06177337091275861  0.07229647411061765
  0.08280461719279993  0.09334456474656840  0.10386472130644710  0.11439114879112938
  0.12488614499684485  0.13538635928320503  0.14589586425436701  0.15642337021235639
  0.16697637696572487  0.17753248688785181  0.18807852932830049  0.19859871678262273
  0.20910923307100959  0.21962809831300206  0.23015359715159137  0.24069226767553223
  0.25124206427427925  0.26181770917430425  0.27239949211586356  0.28296570462299819
  0.29350281643646398  0.30404867188591544  0.31459431238819019  0.32517282700514366
  0.33573749133001574  0.34630402161049884  0.35687103769107786  0.36744388031233643
  0.37801997733719561  0.38857806272905471  0.39911837984944964  0.40965774280839601
  0.42019054151122259  0.43073409958936731  0.44127209354960045  0.45181459302633642
  0.46236764813845632  0.47290848549831610  0.48345618938509133  0.49398843999548814
  0.50455175709765454  0.51511481641203749  0.52568235370893690  0.53622925617570716
  0.54675514742858855  0.55728788977506205  0.56781746788015053  0.57835640681115175
  0.58888415359735502  0.59940270801293616  0.60991846794263771  0.62043906236982360
  0.63099449176261957  0.64156532384218157  0.65214955620066695  0.66271465739139501
  0.67326371354148917  0.68380785942359168  0.69434947828536708  0.70489473336703523
  0.71543913330007014  0.72598302616651755  0.73650514015552393  0.74702821216986182
  0.75754955895524534  0.76806777102699564  0.77857318339728676  0.78910243591482121
  0.79965638317531695  0.81020856961456156  0.82075012765770372  0.83129873214808481
  0.84187840422808191  0.85244292325791160  0.86300363803028390  0.87357075568101850
  0.88412520773697989  0.89468610262850168  0.90521800984482526  0.91576270111306057
  0.92630077470806005  0.93682208653718324  0.94734857926959948  0.95789067180185028
  0.96844744494294266  0.97899979201740484  0.98950724117421596  1.00000000000000000
   1.5444398746705969E-002  -1.0000000000000000     
 F F F F F F F F F F F F F F F F F F F F F F F F F F F F F F F F F F F F F F F F F F F F F F F F F F F F F F F F F F F F F F F F F F F F F F F F F F F F F F F F F F F F F F F F F F F F F F F F F F F F F F F F F F F F F F F F F F F F F F F F F F F F F F F F
  <DiscreteSampler_grid>
  grouped_processes
  1 # 1 for a reference and 2 for a running grid.
  10 # Attribute 'min_bin_probing_points' of the grid.
  1 # Attribute 'grid_mode' of the grid. 1=='default',2=='initialization'
  0.0000000000000000 # Attribute 'small_contrib_threshold' of the grid.
  0.5000000000000000 # Attribute 'damping_power' of the grid.
 # binID   n_entries weight   weight_sqr   abs_weight
    10   10   3.594950347691173E+013   3.164689072181387E+027   3.594950347691173E+013
    11   10   3.594950347691171E+013   3.164689072181381E+027   3.594950347691171E+013
  </DiscreteSampler_grid>
