  0.00953744897189450  0.01583819604122468  0.02503760509641135  0.03577944070529143
  0.04609382416030985  0.05647448939867349  0.06693727361859923  0.07747251784367251
  0.08799588653329385  0.09846633312914188  0.10890821418382091  0.11931191815064054
  0.12980037003058856  0.14030417489344352  0.15084429875176150  0.16137253371943661
  0.17183961319485189  0.18230736681900725  0.19268911000860858  0.20298576733940479
  0.21328244909344998  0.22351992222759984  0.23388421728328357  0.24428929863970580
  0.25467021810865398  0.26496521668998207  0.27518361209494518  0.28547042548031659
  0.29576987508261759  0.30616293181586590  0.31660334689203723  0.32705514477006753
  0.33752578008107625  0.34798924057595526  0.35852737752436609  0.36898917587664337
  0.37944367155314346  0.38985633299053851  0.40023153213583429  0.41057931948488574
  0.42087832414494303  0.43118336068075797  0.44148336466474208  0.45178208591923191
  0.46215357148811670  0.47259085836734022  0.48303564916091479  0.49343667461114266
  0.50374237619229434  0.51403635518389412  0.52431998470712715  0.53468471091702308
  0.54512182682619259  0.55567107936786619  0.56618323080592825  0.57660966904733257
  0.58689662457027347  0.59713792295743395  0.60747023193721794  0.61785509222684798
  0.62824400079220355  0.63859103825182495  0.64894651262447678  0.65937370722007482
  0.66980422449860444  0.68016188570133995  0.69046205474232647  0.70077890188325709
  0.71115072851250138  0.72155000883383902  0.73188747020347145  0.74221439946273238
  0.75261374140257775  0.76306350712748516  0.77352168529137300  0.78389025816523450
  0.79420686278757813  0.80453742879340806  0.81487336282733158  0.82523327089955012
  0.83565550256718557  0.84606072415470568  0.85646265927211496  0.86687196296146429
  0.87731009463895016  0.88776026173865796  0.89812674112622415  0.90850259338717965
  0.91886176906526040  0.92919007616411642  0.93950456177491126  0.94985299391997446
  0.96022812902401478  0.97047946011965358  0.98072476333646874  1.00000000000000000
  0.00953342914954714  0.01578693891327241  0.02490767513876258  0.03570902006198689
  0.04607234837612555  0.05643501982812135  0.06679185815359967  0.07713324513772019
  0.08749909618719980  0.09791128733658161  0.10835600224787098  0.11869326997746547
  0.12903187691407286  0.13945226968184779  0.14987906500393980  0.16031918712768989
  0.17065259196478594  0.18110141848464298  0.19158821590289177  0.20201418722200484
  0.21243310227647688  0.22274606801319780  0.23309439840987525  0.24333728806630125
  0.25359781745276899  0.26397142735124535  0.27444281061535758  0.28493380298458010
  0.29525470621240635  0.30554245582929457  0.31584929629831099  0.32621272236881621
  0.33656654817495252  0.34700596437822584  0.35747615969486951  0.36800900335012854
  0.37853494878596028  0.38908172875601060  0.39962598948263034  0.41017620514345920
  0.42070661829915712  0.43120793362493781  0.44166192627520673  0.45206416426671908
  0.46241595289017778  0.47273533943268442  0.48312961339725929  0.49355080257479506
  0.50394537130751538  0.51421410168985193  0.52445411033820777  0.53470466534381011
  0.54504410603573117  0.55545711747167914  0.56595686746626905  0.57647783994762125
  0.58696924826752817  0.59734840693439228  0.60764167469425578  0.61790286092074531
  0.62817334967740523  0.63849224993914599  0.64885427671866880  0.65923739413626670
  0.66959444765853904  0.67996224074275458  0.69036065203253694  0.70078170893504388
  0.71113656315320151  0.72147066867511744  0.73183806864558321  0.74224428667710540
  0.75268386662308984  0.76309301727441636  0.77347088778527795  0.78379877146200250
  0.79408137923714872  0.80436930511050586  0.81472968556048775  0.82518869078041945
  0.83573196111376113  0.84619049903128485  0.85661257739378338  0.86696380814811236
  0.87731102624637336  0.88765253791490351  0.89802755483917540  0.90848307613033463
  0.91885370395803356  0.92924897722261957  0.93955481257134232  0.94990120612548767
  0.96023613072489300  0.97051837151854448  0.98077518517284945  1.00000000000000000
  0.18252805665872626  0.18326366318153578  0.18393547154083287  0.18460952633818811
  0.18528302219559956  0.18595978988944253  0.18660834257203696  0.18756878700249160
  0.18885975219380866  0.19006853415397670  0.19128651370072813  0.19250953113494809
  0.19374020838109871  0.19497536563359233  0.19621181590843950  0.19744809498424404
  0.19868436177683768  0.19992356420278201  0.20118151211586963  0.20246677487161796
  0.20374917396063214  0.20504510858580693  0.20634339333355139  0.20764351282748306
  0.20894305370455216  0.21024340391499877  0.21154780663832540  0.21285211260786602
  0.21416014501245945  0.21549674506391345  0.21687771517780485  0.21825244915464823
  0.21963459435660362  0.22101494212748979  0.22240145309346790  0.22379432525943296
  0.22519917058077998  0.22660519612426738  0.22801220707162378  0.22941217190486057
  0.23084364941113394  0.23230339271222941  0.23377327791675451  0.23524687670359321
  0.23673348318217979  0.23822008555879515  0.23970838153821564  0.24119579157921853
  0.24268970272254059  0.24418918009668819  0.24568540592081239  0.24720394307254825
  0.24875307569176711  0.25031903182488041  0.25189273447131921  0.25347531578162813
  0.25506668471962957  0.25666344147350029  0.25826766093345321  0.25987706111466569
  0.26148871791834283  0.26309531654485158  0.26470827298186039  0.26636431854664794
  0.26804124009570263  0.26972845274331725  0.27142567657217304  0.27313566433614400
  0.27485331509780858  0.27657588548176648  0.27830027639613686  0.28003010777401388
  0.28176531394223325  0.28350094263750880  0.28529155387830729  0.28711315518333841
  0.28893691557011236  0.29075365206890302  0.29257315740903228  0.29440421241315551
  0.29625320100438474  0.29811760935829884  0.29998891454933235  0.30186040603768249
  0.30373346206894375  0.30564282249373864  0.30760171143189602  0.30955728684848405
  0.31151373610342459  0.31347720860816580  0.31545631874030766  0.31745259496195904
  0.31950313573766320  0.32130803819593834  0.32219916783819080  1.00000000000000000
 -0.00204929644148328  0.00973514458876152  0.01993969317249501  0.03062032409776199
  0.04133097249420337  0.05206470036934392  0.06285497095731310  0.07344862888677010
  0.08395406272439415  0.09439247828573936  0.10492126322971772  0.11543013715828089
  0.12580140254392727  0.13608294012471822  0.14642979258731362  0.15688469288219856
  0.16742894586960208  0.17794325739214473  0.18851786562230474  0.19912112742357499
  0.20976618404999342  0.22035605805246344  0.23090659556259507  0.24145846463714535
  0.25197422985259049  0.26243669823141241  0.27292161332113724  0.28339788268908461
  0.29398449742069066  0.30453398798062659  0.31510168988438886  0.32560922808213044
  0.33608366615529323  0.34648175683501548  0.35685185177966539  0.36725661179096114
  0.37776000995553105  0.38837563728928043  0.39896136594496179  0.40947006161283700
  0.41991056143123928  0.43038177380704040  0.44101790031719873  0.45165489522277230
  0.46223910642647686  0.47277443985606099  0.48327452796272002  0.49388332790595224
  0.50448287113928769  0.51519863198103233  0.52604115063170587  0.53670313985785079
  0.54718273666403516  0.55752554361174245  0.56800014535038301  0.57858759634250478
  0.58926620526947893  0.59988147435787575  0.61055989107757214  0.62110246725371143
  0.63163582743049651  0.64210629880233827  0.65259760015268520  0.66307047723755563
  0.67354165524346443  0.68402233488700503  0.69453942680062553  0.70501641699853290
  0.71553321970860928  0.72597634203713624  0.73649778266949006  0.74701930160544960
  0.75765724821699210  0.76832723715796314  0.77891404205440273  0.78944799973167556
  0.79996148565170555  0.81045416457891051  0.82095204006231337  0.83138661258538771
  0.84190724445597898  0.85241883672824714  0.86293151140801883  0.87349229210131307
  0.88415673997853894  0.89485392299509092  0.90546807812439956  0.91600183992889228
  0.92651996399524883  0.93710131075078973  0.94764033203833631  0.95816009836026339
  0.96850961986864403  0.97894183487484643  0.98940889704662993  1.00000000000000000
 -0.00239707608950505  0.00959203691969173  0.01972876003708600  0.03024656776492558
  0.04079408081716341  0.05127839053276593  0.06165373477290455  0.07202073169268319
  0.08250139571519051  0.09306645494339745  0.10359212411488632  0.11411125912897337
  0.12457608495726284  0.13500256284275094  0.14556068460292998  0.15617316819920141
  0.16681290787767628  0.17734836528949066  0.18781411531974548  0.19838181183723663
  0.20887261238650856  0.21932624921006186  0.22986214409459105  0.24044486245409027
  0.25109091504395326  0.26169234236730493  0.27217990596028291  0.28266833348457854
  0.29313743284678734  0.30372435865464131  0.31422682384183309  0.32473390998868068
  0.33524070221369312  0.34578861353272405  0.35638707562249033  0.36704221358430539
  0.37769622538233316  0.38828053409397839  0.39863956592264826  0.40899580094380356
  0.41947453268870821  0.43009758908575346  0.44073447144957090  0.45134604590715832
  0.46196831998741605  0.47254273911414557  0.48319422040629334  0.49379760667788741
  0.50438774122030716  0.51475676696142669  0.52512293432746204  0.53554406188532544
  0.54598650365555168  0.55648997136243938  0.56700900982586466  0.57749489076109828
  0.58798943714878316  0.59850634020689164  0.60905188281444333  0.61952322963409667
  0.62999504054452982  0.64038760921593296  0.65090782391804392  0.66146307556878847
  0.67218920268414184  0.68284133084705712  0.69338097881702820  0.70387404158205236
  0.71439195966707869  0.72497095818229695  0.73552254354698643  0.74604686439873769
  0.75657726545629456  0.76709818344935010  0.77756772725053058  0.78797051122267925
  0.79839312283472508  0.80895320705874274  0.81973850684366878  0.83048042963630819
  0.84108694515721527  0.85152625012206262  0.86207943315520397  0.87268820017636950
  0.88323034063961503  0.89375787369000181  0.90438132853936481  0.91510714818200356
  0.92569110544526290  0.93626941959092580  0.94677104223085840  0.95739938078006004
  0.96792986178444951  0.97856323837411296  0.98924646792467685  1.00000000000000000
 -0.00251163529827338  0.00988849361405430  0.02016665294977504  0.03074737612158069
  0.04126999627513415  0.05182052798759970  0.06238980538514496  0.07297261660532074
  0.08349735028491606  0.09397331758008562  0.10436721472888173  0.11474076336999424
  0.12516622176110195  0.13565804679428908  0.14617522162767171  0.15669240787197083
  0.16726942264139197  0.17777826462649338  0.18832896365822793  0.19890037133018743
  0.20956753821954316  0.22023542128887574  0.23094898797214339  0.24154013694610174
  0.25201121432258694  0.26243111151731785  0.27294119266991473  0.28350839701701358
  0.29404171072563168  0.30457495943965973  0.31513461700125805  0.32571905331168344
  0.33630818621077890  0.34684233613953691  0.35726227237278108  0.36769504987255353
  0.37806775456270364  0.38850298492872309  0.39892652451887328  0.40933872956382356
  0.41989177167882741  0.43044408217853736  0.44115131369025751  0.45175499156811982
  0.46249008409908926  0.47319976521625867  0.48377991774839790  0.49423631019898107
  0.50468157035502414  0.51519347378609504  0.52570925258687007  0.53618129101834888
  0.54676954917622245  0.55732870303825988  0.56783137084206337  0.57816415526274334
  0.58864239394066353  0.59908343668508857  0.60960317359982419  0.62003439297819374
  0.63057587294338524  0.64116124421816700  0.65176015514484942  0.66226569550185033
  0.67288658042334148  0.68345448136558640  0.69409055408464826  0.70462391272826252
  0.71512525907141022  0.72567056862424173  0.73614371410576707  0.74677988226330994
  0.75740337450206940  0.76806257914709541  0.77864290234543887  0.78925408431421484
  0.79982062190759329  0.81035812896026571  0.82086579338744647  0.83133626665734128
  0.84194568106412970  0.85262648115828565  0.86332314884263539  0.87383218414713371
  0.88421969648164889  0.89474742598031454  0.90529643702838902  0.91586169698669173
  0.92632765212765233  0.93679751635800301  0.94736614890964355  0.95801969404844045
  0.96863607029637921  0.97913653863642502  0.98958114244655959  1.00000000000000000
 -0.00244448295839664  0.00939968945927491  0.01957166064790837  0.03015909960069329
  0.04082452308363074  0.05144426640916262  0.06206420365773424  0.07272420458274088
  0.08338671184024851  0.09390823198471770  0.10436798999469267  0.11480594631056780
  0.12524112859212688  0.13568049767689808  0.14617579917508738  0.15679814935441916
  0.16737985022529481  0.17785151979664726  0.18832801296690777  0.19883148335355563
  0.20930040939182176  0.21991931536905279  0.23062281502479634  0.24141981997046741
  0.25195018152987270  0.26244115988999606  0.27298881103639483  0.28363491195103663
  0.29418907800499028  0.30472310945612863  0.31518653303968391  0.32572909910463832
  0.33623932633997899  0.34681887540712403  0.35734483712489057  0.36786290975625680
  0.37836548813507809  0.38890913732259480  0.39939361149322616  0.40984819023431057
  0.42030018194322427  0.43077939118946701  0.44132654363176432  0.45182891356948929
  0.46236242385794057  0.47287409192662966  0.48345329181577473  0.49404049456489063
  0.50461175347901999  0.51511987063922604  0.52561363978094411  0.53605179747807052
  0.54654770243143491  0.55705302191125294  0.56775537498845285  0.57839156533972580
  0.58899297268853323  0.59950509949956254  0.61001036684551202  0.62065278087556219
  0.63126918858008263  0.64201857703010645  0.65272335134326287  0.66333344661913052
  0.67383131376201333  0.68430186056150610  0.69475756787747545  0.70526414320650710
  0.71578364251930438  0.72638041292957245  0.73693521701568199  0.74741247039491931
  0.75782188233919101  0.76823566770041929  0.77865433796001138  0.78916329889210823
  0.79976415009394342  0.81033978273646201  0.82089328070585588  0.83144805385190357
  0.84206903691194579  0.85263400179115567  0.86304634644335798  0.87347636357213365
  0.88389795386816772  0.89439090675785815  0.90487658014934380  0.91542088777892616
  0.92592064459037937  0.93645816440470475  0.94696184691534824  0.95751140118458078
  0.96808759452178705  0.97868181209401883  0.98934978320337319  1.00000000000000000
 -0.00251687910796267  0.00996798445757405  0.02020768441605064  0.03087728222258646
  0.04153076318664273  0.05220161356121288  0.06275877347776287  0.07331762277553643
  0.08389703146514033  0.09443465201026803  0.10487626337664574  0.11539969134320002
  0.12591612457170429  0.13641251745311503  0.14696225049908662  0.15757168717404957
  0.16827951932436888  0.17896842907821484  0.18955406857659307  0.20018904519946248
  0.21075930553802974  0.22152616936058353  0.23215135427999040  0.24264853776391423
  0.25309988166765729  0.26346672465905480  0.27403257392622882  0.28462762187900398
  0.29525123292225869  0.30570567747082883  0.31610268611566122  0.32651615986643584
  0.33693884052739453  0.34730020372845366  0.35769352014304651  0.36814421277514170
  0.37854563238730166  0.38903310738732921  0.39946538054280184  0.40993326558393317
  0.42051566813582097  0.43116219977941406  0.44189846587863141  0.45244697290945984
  0.46299750144088425  0.47347016667059738  0.48405559623982625  0.49455487552507349
  0.50518626081076257  0.51572060101188377  0.52631168638851733  0.53673761484023319
  0.54715446040224414  0.55762401632450798  0.56816598519854977  0.57877808072245984
  0.58939703240397168  0.60001717139096200  0.61053774152057838  0.62101429803049257
  0.63144393454526260  0.64196073172734691  0.65249802402354729  0.66304183003975814
  0.67340517060226757  0.68375939860661983  0.69416846441920843  0.70474897137849346
  0.71528083436484324  0.72586143657489832  0.73647959784335260  0.74718222133617629
  0.75790452543178344  0.76853373718167017  0.77905234000587364  0.78951374032854660
  0.80001552609162674  0.81063113168472256  0.82123384662640297  0.83179449765450897
  0.84231029667686508  0.85278427001231849  0.86335466192520494  0.87391409145194288
  0.88453684938910559  0.89504568381422955  0.90551142306188426  0.91600221300513240
  0.92645012493515744  0.93698796800601203  0.94755903853236734  0.95817777429272466
  0.96876105509208599  0.97922816144327496  0.98964344563146112  1.00000000000000000
   1.6556220612619982E-009  -1.0000000000000000     
 F F F F F F F F F F F F F F F F F F F F F F F F F F F F F F F F F F F F F F F F F F F F F F F F F F F F F F F F F F F F F F F F F F F F F F F F F F F F F F F F F F F F F F F F F F F F F F F F F F F F F F F F F F F F F F F F F F F F F F F F F F F F F F F F
  <DiscreteSampler_grid>
  grouped_processes
  1 # 1 for a reference and 2 for a running grid.
  10 # Attribute 'min_bin_probing_points' of the grid.
  1 # Attribute 'grid_mode' of the grid. 1=='default',2=='initialization'
  0.0000000000000000 # Attribute 'small_contrib_threshold' of the grid.
  0.5000000000000000 # Attribute 'damping_power' of the grid.
 # binID   n_entries weight   weight_sqr   abs_weight
    10   10   3.064394414339692E+006   2.319935958796348E+013   3.064394414339692E+006
    11   10   3.064394414339690E+006   2.319935958796344E+013   3.064394414339690E+006
    16   10   3.064394414339692E+006   2.319935958796349E+013   3.064394414339692E+006
    17   10   3.064394414339689E+006   2.319935958796343E+013   3.064394414339689E+006
  </DiscreteSampler_grid>
