  0.00952805498847549  0.01602888902938654  0.02515877455802133  0.03601162562498437
  0.04641462517875103  0.05683886223186869  0.06723773174586686  0.07761412215930642
  0.08797682588863007  0.09834001812862470  0.10869590203626879  0.11905010591843149
  0.12941898636775973  0.13981509726550406  0.15020067305355161  0.16055998310879332
  0.17090488706086085  0.18126471592424412  0.19166149983194100  0.20206714736444986
  0.21245745365756896  0.22283011515665926  0.23321326013594693  0.24361585711848857
  0.25401973688886542  0.26442577256692923  0.27482552566925311  0.28521096319137518
  0.29557564662926106  0.30593392791894075  0.31631004510537641  0.32669791796661374
  0.33708228603154206  0.34745517676215343  0.35781988743622728  0.36818311490203515
  0.37857075518152916  0.38896297264301127  0.39938243531957229  0.40979855205900961
  0.42020265584613398  0.43058048534645182  0.44094653889109214  0.45130252604619370
  0.46165572274463074  0.47200894619938372  0.48237003687689023  0.49275073512324974
  0.50312857175179038  0.51350509733152827  0.52387385449562796  0.53423890143292208
  0.54460311628261859  0.55495087880087368  0.56530122211960010  0.57565567825320807
  0.58601926796004422  0.59639153731534367  0.60677278184320760  0.61716156363048924
  0.62754369949115263  0.63790463532193453  0.64825346719380328  0.65861832178210522
  0.66900602745409044  0.67939951972747059  0.68978059358807908  0.70015478207022330
  0.71054386474723019  0.72095093894291007  0.73135678962689998  0.74175329206897567
  0.75214311096844666  0.76253562080284543  0.77292452777926690  0.78330802405005862
  0.79369632431960935  0.80407647375424707  0.81444529182254299  0.82481097791403613
  0.83519156196662669  0.84557658781217393  0.85595538429971685  0.86633793862975295
  0.87671583749805770  0.88707516180985335  0.89742974876533010  0.90779535548258750
  0.91818812285572893  0.92857748362286530  0.93897754144188761  0.94937352103074746
  0.95977693773968320  0.97014634282670276  0.98052475216030144  1.00000000000000000
  0.00953783944893977  0.01573881514571426  0.02487458044062723  0.03565818120002852
  0.04600203904954138  0.05636518193754392  0.06673112180258345  0.07709339321957857
  0.08746340452518191  0.09782648065799694  0.10819357052603709  0.11857912348753119
  0.12897162144645341  0.13935286966888979  0.14972083799325553  0.16009828921832100
  0.17048791037920516  0.18088037949541633  0.19126569148182879  0.20164572464389860
  0.21203126575266898  0.22242443356134153  0.23281623718182048  0.24320316885115914
  0.25358079292412350  0.26395640751433364  0.27432714453977103  0.28468831550394103
  0.29506469581604761  0.30544587597446526  0.31583787111588130  0.32623191138500879
  0.33664288804919185  0.34704056843257358  0.35742157669438296  0.36777649871427054
  0.37814180958034133  0.38853677883190563  0.39895413397043333  0.40937075464288797
  0.41975418548508914  0.43012627660938502  0.44049588934316081  0.45088255182542569
  0.46126686695060065  0.47164520077056599  0.48201435184224845  0.49237728047449864
  0.50273032421866670  0.51308617392043543  0.52344037680488165  0.53381039567158428
  0.54417977730082678  0.55454459916145260  0.56491284985827006  0.57529801356757992
  0.58570197233224142  0.59610607912385094  0.60649228423282930  0.61687148602767450
  0.62726202693691524  0.63766597213940135  0.64807106482374000  0.65845455651350271
  0.66882553016704183  0.67920746548741362  0.68960700552835252  0.70002078053710626
  0.71043895813772484  0.72085616711299694  0.73126092691099920  0.74164910013183771
  0.75203977400095268  0.76245344189908926  0.77287686970172753  0.78329262730838012
  0.79369732718975783  0.80408922845545727  0.81448462746768513  0.82486911740542390
  0.83525378568562414  0.84562418557736474  0.85599663091498956  0.86637554213087031
  0.87675629684988332  0.88714480301488063  0.89753691092064081  0.90792347878609792
  0.91829592601348042  0.92865693460609511  0.93904573104152333  0.94942080887165703
  0.95981905164933812  0.97017401047169893  0.98053649441393298  1.00000000000000000
 -0.00251575012860876  0.00952288442218470  0.01968701826730437  0.03021230656394441
  0.04075766162392280  0.05130837871071930  0.06184319258443623  0.07239087111160036
  0.08292317036802217  0.09344444247279965  0.10397260011707764  0.11448886568220558
  0.12503006755328991  0.13552807223421082  0.14604346127824910  0.15656865605417747
  0.16711616297819032  0.17766696407951552  0.18820153072788198  0.19873805387929869
  0.20927892365032361  0.21984000238762400  0.23041120357220141  0.24098001757580115
  0.25152820003821169  0.26207175495112034  0.27260293430431487  0.28315250690249621
  0.29371421737743897  0.30427621697186552  0.31481089438738302  0.32532689173646173
  0.33586262557835012  0.34642874138069496  0.35698696109859035  0.36754403556730836
  0.37806620340598279  0.38859501195001178  0.39909258744701637  0.40961200245299773
  0.42012959330062810  0.43067401071259170  0.44121456588547259  0.45176762870447906
  0.46231792477673900  0.47285494635618441  0.48338131531124540  0.49391429158054539
  0.50445675699333403  0.51501191740760732  0.52558404205880283  0.53616659380751275
  0.54673535181390476  0.55727843835530366  0.56780140574460725  0.57831394732109831
  0.58883884436621969  0.59939800222568251  0.60997267389357135  0.62055297062758785
  0.63112209440062539  0.64170546980085741  0.65225917328557281  0.66279557769336594
  0.67331235543498502  0.68384715399392149  0.69437306118453634  0.70489838586614273
  0.71541327136019406  0.72594222767452787  0.73646150539464550  0.74699291280948699
  0.75751520686513518  0.76805410438026545  0.77859323810509840  0.78914205992296860
  0.79969563554915357  0.81022565967965088  0.82074146165631545  0.83123494578894819
  0.84176964266143606  0.85231531852533216  0.86285437978495394  0.87338762616268262
  0.88393957986461857  0.89450914609259646  0.90509945318772289  0.91568769712777975
  0.92626367809987087  0.93681668244142602  0.94734405159394086  0.95789786723270565
  0.96841825322732011  0.97895885651821968  0.98947863647872381  1.00000000000000000
 -0.00254035755394019  0.00948497303261421  0.01965943389463477  0.03020710116655899
  0.04077453339522301  0.05131830957008996  0.06184501924555343  0.07238785137982975
  0.08294377109800126  0.09351472545564593  0.10406731973025306  0.11462759941567870
  0.12517913812328030  0.13572483596270582  0.14626839479918735  0.15682911052311316
  0.16739679100760876  0.17795683353577171  0.18852067409904000  0.19909020305626335
  0.20963985418912268  0.22016352944610587  0.23065923560563817  0.24116098715438994
  0.25169165787941872  0.26223074416419695  0.27278447808737299  0.28330468180919616
  0.29383703339739203  0.30436071399683273  0.31489609878803793  0.32542666051941499
  0.33594778152373789  0.34644226907896525  0.35694972108762119  0.36745735528494117
  0.37798288617816450  0.38850954680992955  0.39903134977678595  0.40957730006494236
  0.42010798282011586  0.43067777916818079  0.44124865015196285  0.45182019300947585
  0.46236369603689587  0.47289822706882023  0.48343856428233523  0.49396662023312243
  0.50446589887132898  0.51495049932824233  0.52547694261252476  0.53602755175042582
  0.54658767692089150  0.55714382287116326  0.56768241640959072  0.57822006973927265
  0.58872752323204003  0.59924253694531115  0.60977395245400445  0.62031442486573585
  0.63089042706902265  0.64144791009859747  0.65201774605726037  0.66255799064058229
  0.67310387190618681  0.68363558136860936  0.69416152818530719  0.70469916192274762
  0.71521672704691641  0.72577015557275382  0.73631674428596683  0.74690589083001446
  0.75746038019058504  0.76802596747188867  0.77855101765021217  0.78909741275782785
  0.79964898921634819  0.81020495800894132  0.82077069405678338  0.83131001571880081
  0.84188408116282765  0.85243117837376958  0.86299651402702127  0.87353425831455289
  0.88407135839455198  0.89460764662570813  0.90515323436412631  0.91571698514727107
  0.92628927041073750  0.93683974292274041  0.94737258701910143  0.95787111501801714
  0.96840231928516796  0.97893041998070940  0.98947355855211483  1.00000000000000000
 -0.00229132204898459  0.00975186088828871  0.01999386495065172  0.03054941630075889
  0.04109453543546034  0.05164216504745364  0.06217449788006833  0.07270268241127002
  0.08321946837435679  0.09374556017039279  0.10429282438196422  0.11485057729556980
  0.12542435495728405  0.13599486014339496  0.14654264923139423  0.15711049948577616
  0.16765367454903016  0.17819507374131696  0.18869128356543849  0.19922751254638499
  0.20977132897470743  0.22031614997214960  0.23083952731621790  0.24140651444994840
  0.25199878707323159  0.26260489306911783  0.27316622201312690  0.28371584744495032
  0.29424705526148470  0.30477895032224428  0.31530819490765127  0.32585665076025938
  0.33639483940953147  0.34691784087522520  0.35742757467270792  0.36793257101175419
  0.37847065265541896  0.38901343434552160  0.39951339283539417  0.41003025046627012
  0.42054937785472341  0.43113565438665780  0.44168438398127940  0.45220315050878929
  0.46270193434881657  0.47322399704739354  0.48378698809560328  0.49431013426277881
  0.50480737858593128  0.51528799062042974  0.52581297278978389  0.53636895269787843
  0.54690461693892534  0.55745319025293116  0.56797344384620474  0.57850444867765083
  0.58900985220296331  0.59951714398015865  0.61003230890256377  0.62056213354746703
  0.63110319755922084  0.64163249986426008  0.65216386810686400  0.66265716509021866
  0.67315793196724105  0.68366792767662266  0.69420228814403806  0.70475341384963897
  0.71529278229906268  0.72586168037501153  0.73642971668354029  0.74698181929280372
  0.75752530823564124  0.76810216544049537  0.77866647188649896  0.78920552663641652
  0.79972113228608743  0.81027237884285297  0.82082874652769167  0.83134018684020128
  0.84185846149044175  0.85238139071931784  0.86291842630946625  0.87344554081721359
  0.88398482123703126  0.89456091437466567  0.90514588639953075  0.91568335166607295
  0.92621919928304908  0.93676327274399795  0.94735909544537311  0.95790099081648716
  0.96843534206554449  0.97894091545403372  0.98947767657698160  1.00000000000000000
 -0.00248199670991084  0.00962485078699455  0.01982199118195851  0.03036695401868034
  0.04093345886864499  0.05148363249611088  0.06201447557411723  0.07253831347920699
  0.08307949677073428  0.09361965292740174  0.10414917198366160  0.11466399745984476
  0.12516205510018000  0.13567046416330678  0.14619610418042031  0.15674627209567477
  0.16730487992323664  0.17785601674012844  0.18839273820442778  0.19892742175766273
  0.20945629943029426  0.22001598623490903  0.23057268095851494  0.24113348336029605
  0.25167206516837815  0.26223175638413287  0.27277525318083751  0.28333714813837479
  0.29386079066386239  0.30439798659925454  0.31493347131108862  0.32548911957146298
  0.33608221242754699  0.34666902715306352  0.35724730766030366  0.36780214162092528
  0.37835086146352415  0.38892274073289240  0.39947798832811393  0.41004622607710139
  0.42057943271175202  0.43110449872010448  0.44160258775921879  0.45210867777189045
  0.46263145513982251  0.47316699875234070  0.48372288782269196  0.49425330052133426
  0.50477470049833173  0.51530244689416016  0.52582938931111167  0.53634980583349190
  0.54686721206821742  0.55737006033980596  0.56787784472154279  0.57838245622798501
  0.58890434550208426  0.59944215111001553  0.60997853856381967  0.62054244783254786
  0.63109188208518963  0.64167814063564532  0.65222836774254711  0.66277415181115840
  0.67326308598892304  0.68378405581616020  0.69432802709541974  0.70487225140218690
  0.71539621726141212  0.72592891170075424  0.73646889285788908  0.74702297536070972
  0.75755080999777591  0.76809739969643920  0.77865662969025051  0.78922473687985062
  0.79981188006330428  0.81037523067221007  0.82094198264998008  0.83148435789393049
  0.84203778162272946  0.85257787607455937  0.86310223655475193  0.87364476970126248
  0.88418312525146181  0.89471473356289288  0.90522412204244740  0.91574020309377147
  0.92627768380577313  0.93679302409860432  0.94732057402936276  0.95785795324077327
  0.96841743668107694  0.97896020548329366  0.98949033777996953  1.00000000000000000
 -0.00235480944575313  0.00969407532074413  0.01992513462351203  0.03049090643943621
  0.04106304997217658  0.05162015583127749  0.06215118228860934  0.07266303630485355
  0.08314821361493280  0.09363241931258479  0.10413810083387963  0.11462760184923038
  0.12512628703852646  0.13560438546731071  0.14611671913326074  0.15664859320384664
  0.16720243916837357  0.17773945230661745  0.18825674270981230  0.19876333683084652
  0.20927955426764078  0.21981633993418240  0.23032426286575022  0.24084247627330310
  0.25134856768281472  0.26189573021283974  0.27244742720920651  0.28299868034279924
  0.29354346290873540  0.30407190802569412  0.31457882386709984  0.32508795215199376
  0.33560005976728952  0.34612904801984701  0.35665526726306751  0.36717973497938672
  0.37771623503668372  0.38827334421422383  0.39884954246209536  0.40941316450938398
  0.41996277856875547  0.43053566140097294  0.44111052521326999  0.45169289797436335
  0.46223758778089485  0.47282209736882302  0.48341443808440115  0.49401737476193963
  0.50455160830430135  0.51507035986806016  0.52557669082649661  0.53610351720879468
  0.54662421692692820  0.55714109927827982  0.56767079116387964  0.57821388994861878
  0.58877091927719760  0.59931364235728424  0.60984525905181841  0.62038442365219171
  0.63093710765354294  0.64149011177660464  0.65203551832286988  0.66255256927895978
  0.67310728436241229  0.68364951036462740  0.69421761235902157  0.70475044746639981
  0.71528228863352039  0.72585240385661876  0.73642265874812729  0.74700026789866281
  0.75757035050665000  0.76813167471995814  0.77868442302883045  0.78922832624657879
  0.79978020073768785  0.81035175772207646  0.82088844250811721  0.83143672067942875
  0.84195144455032001  0.85244871422909729  0.86293931460282358  0.87341155933341519
  0.88392463214394312  0.89445362993399824  0.90502256161070682  0.91559503145136123
  0.92614856955196867  0.93670458436533632  0.94725324427574353  0.95783213187653560
  0.96838668184208321  0.97893320850152898  0.98945836243275587  1.00000000000000000
 -0.00251142951710779  0.00953306702197190  0.01969972148208235  0.03022067131748355
  0.04076701934950043  0.05131173824615227  0.06184871261553418  0.07238680227961311
  0.08294025987057545  0.09347142015393380  0.10400612656137764  0.11451499382003789
  0.12501803109731680  0.13551498665759795  0.14603066370773718  0.15655326085947546
  0.16707970328678909  0.17759930953152087  0.18814985258484174  0.19867654943556259
  0.20921742828235076  0.21973448074922639  0.23029351556214619  0.24082957000588190
  0.25139186363239069  0.26193168274910877  0.27248899539878324  0.28304516015024012
  0.29360244500129351  0.30419620557163479  0.31476381137019538  0.32532390941199640
  0.33586689301693279  0.34642637424886763  0.35699554845060222  0.36753652147071481
  0.37808239848249969  0.38863336652747432  0.39917836799805789  0.40971808965127976
  0.42024983464805815  0.43079069475748333  0.44132464555943451  0.45189241611001968
  0.46248145456156914  0.47307613328835124  0.48362745738192309  0.49416466435141287
  0.50471007581014038  0.51528047959144962  0.52584992881082548  0.53642055285689882
  0.54691941298658964  0.55740636161986135  0.56785920417556901  0.57839355632189993
  0.58894450182740543  0.59951987982330290  0.61007233320363630  0.62061901910364892
  0.63116366007532620  0.64172413309052723  0.65228554329093191  0.66285555495764392
  0.67339770687477984  0.68396105455920808  0.69454281954187036  0.70514704407471074
  0.71569787910112836  0.72621560146861686  0.73670359004296637  0.74720515942954380
  0.75771033079809325  0.76823130321825561  0.77875833786635418  0.78930383681874228
  0.79980462002068786  0.81033733160060195  0.82083351582234032  0.83138188512350786
  0.84191760496968571  0.85246760666977428  0.86302130850514813  0.87352371796566797
  0.88401009660977092  0.89449899115467157  0.90504937563112731  0.91561752534459551
  0.92615371133432689  0.93667351347222183  0.94723356893829125  0.95782063956245256
  0.96840314472061595  0.97894357139444288  0.98947754659358012  1.00000000000000000
   1.5436316205834672E-002  -1.0000000000000000     
 F F F F F F F F F F F F F F F F F F F F F F F F F F F F F F F F F F F F F F F F F F F F F F F F F F F F F F F F F F F F F F F F F F F F F F F F F F F F F F F F F F F F F F F F F F F F F F F F F F F F F F F F F F F F F F F F F F F F F F F F F F F F F F F F
  <DiscreteSampler_grid>
  grouped_processes
  1 # 1 for a reference and 2 for a running grid.
  10 # Attribute 'min_bin_probing_points' of the grid.
  1 # Attribute 'grid_mode' of the grid. 1=='default',2=='initialization'
  0.0000000000000000 # Attribute 'small_contrib_threshold' of the grid.
  0.5000000000000000 # Attribute 'damping_power' of the grid.
 # binID   n_entries weight   weight_sqr   abs_weight
    10   10   2.055500781068234E+013   1.199486640649878E+027   2.055500781068234E+013
    11   10   2.055500781068233E+013   1.199486640649878E+027   2.055500781068233E+013
  </DiscreteSampler_grid>
