  0.00962254863383574  0.01556119427633046  0.02480365151533889  0.03560011076956925
  0.04596967612313168  0.05637545485224969  0.06676839649835935  0.07714865358528715
  0.08751605515701688  0.09790572727626336  0.10830546106321222  0.11871987683839921
  0.12911901084895844  0.13950986351653624  0.14988347913435424  0.16025096109321144
  0.17062479733932723  0.18099743905334864  0.19136505276958804  0.20173193227696459
  0.21210931073194769  0.22247789547522137  0.23283868173277078  0.24318727315795330
  0.25357036966160135  0.26395648599589988  0.27436451633045783  0.28476470566575074
  0.29516927885166655  0.30557763898912466  0.31598058108500238  0.32637578723990435
  0.33673703015931022  0.34709100830502759  0.35745549670585675  0.36784677077964406
  0.37825410943356086  0.38864853878065897  0.39903532454374024  0.40943992918410543
  0.41987211037665462  0.43031113441443697  0.44072725923416600  0.45111106016026487
  0.46148025828221956  0.47184851952375506  0.48224295862124655  0.49265985727519174
  0.50309016296127307  0.51350863072214437  0.52391393249787888  0.53430273837850373
  0.54468320839504847  0.55505037060367723  0.56540637398204174  0.57576841378612642
  0.58614201973196389  0.59652792386645448  0.60691778620981174  0.61730586166002277
  0.62769212041809430  0.63806671614801203  0.64843716202142987  0.65880576973504479
  0.66917520635397987  0.67953426765094271  0.68987960594425413  0.70023505697421873
  0.71061019859958785  0.72100937184709413  0.73140071549500951  0.74178123587698275
  0.75214161440211924  0.76250046513763747  0.77286047840432071  0.78323903705217612
  0.79362930746980309  0.80402655497329911  0.81442270528380245  0.82482243221291307
  0.83521447268000071  0.84559823887167862  0.85597932850886549  0.86636994292703084
  0.87678979608435981  0.88720508716200541  0.89761605414089018  0.90798829040432338
  0.91836284708775728  0.92870782740494651  0.93906359766076930  0.94942631974254355
  0.95983177170537826  0.97021326951431808  0.98057220629882635  1.00000000000000000
  0.00951939277986915  0.01593918681591229  0.02500792570476121  0.03579602640302211
  0.04614289602700480  0.05652250372959569  0.06690622037165768  0.07727620980913180
  0.08764956253313924  0.09802568715022282  0.10841875057771543  0.11881299417750892
  0.12919953797689199  0.13959595975312220  0.14998170046870071  0.16036279260256342
  0.17072526303501523  0.18111196619481015  0.19147710291394132  0.20184168978202574
  0.21219180916526226  0.22256322410772550  0.23294304320089884  0.24331716518691374
  0.25370569810262045  0.26408678895732873  0.27447624149218364  0.28485435279317384
  0.29523191261270154  0.30559317943664616  0.31597084972104489  0.32637109419304716
  0.33678477625579389  0.34718702078504010  0.35755605053078449  0.36792104628971861
  0.37830368442999895  0.38870435989475421  0.39911328303689786  0.40951509334521785
  0.41991161862298731  0.43031043963856647  0.44071872122709937  0.45110816079478411
  0.46147500567184513  0.47182295196408158  0.48218514024630688  0.49256238050872242
  0.50294618128535173  0.51333064022743191  0.52370776752055581  0.53408862098601229
  0.54446880344604220  0.55485516763686560  0.56522794997768866  0.57559371732062614
  0.58594774021782936  0.59629428614900271  0.60664991215431274  0.61702348240024163
  0.62741119684071656  0.63779085401477564  0.64814766116801426  0.65849778240115764
  0.66886528361667441  0.67925574963969337  0.68966019199411843  0.70005634111439086
  0.71043430497008586  0.72079409099979797  0.73113999294281562  0.74149075525410657
  0.75185908953879066  0.76222906705367599  0.77260120500349772  0.78297157557875274
  0.79335344002549824  0.80373842409505891  0.81411821646122229  0.82450794778189218
  0.83489454439438626  0.84528770518741692  0.85567707303303087  0.86608659876379779
  0.87649408174930388  0.88689482094899297  0.89730419771503567  0.90771406499990381
  0.91813396901828959  0.92852731345120332  0.93893419626821450  0.94933631584197764
  0.95973895261644082  0.97012801621018319  0.98050688501687766  1.00000000000000000
 -0.00248471916781473  0.00970447612526180  0.01990564807146523  0.03044397170102407
  0.04097640977874478  0.05150295391778980  0.06203066329137844  0.07255561403635859
  0.08309074113135659  0.09360203627106833  0.10412590373957381  0.11466028725588966
  0.12523098057087637  0.13577789991917263  0.14631488462433567  0.15683250035231508
  0.16735829595322152  0.17790688029952345  0.18847270202518276  0.19904947856692048
  0.20958987908228741  0.22013377072443888  0.23067358637394164  0.24125285208028380
  0.25182565765829990  0.26239831159042659  0.27297126121104903  0.28351226283707504
  0.29402535848533617  0.30454709610561465  0.31507140434854403  0.32560885928126027
  0.33609637316909674  0.34661336543500554  0.35714413048598947  0.36770818493833579
  0.37826130137586017  0.38879212479510489  0.39931487500273039  0.40982423722771361
  0.42035941985118752  0.43089404867417447  0.44144968106488108  0.45201102582400154
  0.46256949389321600  0.47314237154242539  0.48369457428483720  0.49424087042789488
  0.50476438799576040  0.51529412592941093  0.52582298080029377  0.53634693727202076
  0.54688665632216005  0.55745196136045005  0.56802290218449825  0.57860862373449151
  0.58915681883667326  0.59969791108325710  0.61022825276923232  0.62077204842349931
  0.63130644292279126  0.64180950033432349  0.65232327029471471  0.66286026480573623
  0.67338383938842894  0.68392196309786035  0.69447068843243642  0.70503070796722944
  0.71557477748226928  0.72610710293191771  0.73664827891896112  0.74722035801437492
  0.75780115485245825  0.76838077998753274  0.77890816272656382  0.78940708683685556
  0.79990959913286164  0.81042498107414773  0.82095094890053277  0.83146558849117458
  0.84200953112703436  0.85254887107304866  0.86310334849681081  0.87362396669855169
  0.88416075406690786  0.89465492454369877  0.90517547522641040  0.91567423293245931
  0.92621344312960652  0.93673493127044871  0.94728931912767911  0.95783077547939499
  0.96837013011079975  0.97890562465974840  0.98944831504105579  1.00000000000000000
 -0.00238061279903193  0.00949899549589342  0.01963651339193461  0.03013651805144025
  0.04066694061040606  0.05121733321339898  0.06177514446606915  0.07233584794883675
  0.08288909866657142  0.09343753222174463  0.10398338082824420  0.11453448955252607
  0.12508944504512226  0.13566797288309967  0.14623175401641139  0.15681070354102855
  0.16736789453760217  0.17792564709544731  0.18845799675547883  0.19900594248744236
  0.20956124847950341  0.22009803007013576  0.23061114667175694  0.24112285603046463
  0.25164680400387390  0.26219982259967856  0.27274990619341005  0.28329626646916595
  0.29383047939717966  0.30436087610461421  0.31490609760467031  0.32545972538525542
  0.33600258657184245  0.34652971347183342  0.35704127831447802  0.36757407950766219
  0.37811369413503776  0.38865923387062262  0.39921107801233180  0.40976165050069469
  0.42030711072102228  0.43083701904960564  0.44137643957683931  0.45193593896288370
  0.46247082012138613  0.47299741863722272  0.48351625714635460  0.49408010067546593
  0.50466452743026102  0.51523186347336658  0.52573594911941168  0.53622526226648604
  0.54671433329062646  0.55723276419374701  0.56773324119813284  0.57825581604664611
  0.58880321905251987  0.59937196457055275  0.60989064852754882  0.62039523415012987
  0.63090891876885657  0.64143438822319176  0.65195262148073019  0.66246219113414584
  0.67297920753732077  0.68351896694668668  0.69406429433162697  0.70463851674210864
  0.71519707658121678  0.72575882141121861  0.73631159267486779  0.74689070598733909
  0.75746458658070392  0.76802792586132740  0.77855787965507006  0.78909025870885574
  0.79961912116716505  0.81016256023212108  0.82071687404434057  0.83126499908078533
  0.84182901426277135  0.85236536128768148  0.86293455624613402  0.87347420737137127
  0.88402427744442391  0.89457419944642091  0.90513630373322029  0.91569350086575274
  0.92622693282098034  0.93676083901211371  0.94731233929660286  0.95786103526337973
  0.96838906365487853  0.97892580006629870  0.98945734742072067  1.00000000000000000
 -0.00241388692484501  0.00959238898737590  0.01976855397987231  0.03025633901340597
  0.04079146317593080  0.05132470907556540  0.06186660849333597  0.07240013839051804
  0.08294249662518148  0.09348927851030595  0.10406014237353504  0.11461449212899999
  0.12515177017592366  0.13567970237198687  0.14622127066756940  0.15678572268672319
  0.16734880132350552  0.17790530113959005  0.18844911532221961  0.19898241700952957
  0.20952321096406168  0.22006390466070894  0.23061770721010005  0.24117589458935756
  0.25174035202306966  0.26227516630819164  0.27277588548528670  0.28328119141173586
  0.29381242459455670  0.30437105577073825  0.31492490940645490  0.32547282998297256
  0.33599164021273742  0.34651097385831936  0.35701177726686900  0.36752140745210149
  0.37804879641089295  0.38859079998223794  0.39916433179653760  0.40970202861574434
  0.42021628185007892  0.43072963476457748  0.44127896031496289  0.45185218197577542
  0.46240853728667441  0.47294249547237682  0.48349761678248765  0.49407384913559987
  0.50464366378366377  0.51516445324125604  0.52567045030185489  0.53617198075818895
  0.54669292954686932  0.55720442555989558  0.56772657026731665  0.57825293131008582
  0.58878034204729357  0.59930743466049097  0.60982719140325603  0.62034739324834542
  0.63083815638460405  0.64135684470295506  0.65189094280822379  0.66244279889341195
  0.67298156210839322  0.68347550245375410  0.69397937380455865  0.70449092956749382
  0.71503132100023459  0.72558600368989368  0.73613362043206432  0.74669984216555829
  0.75725165179587062  0.76779856753107056  0.77834219151376960  0.78889355933255012
  0.79945665727668003  0.81002720862860711  0.82059132976619020  0.83111089307853614
  0.84164119025334683  0.85217979039382619  0.86275056850494558  0.87329295989463107
  0.88384411637464400  0.89438943812037330  0.90495460350891943  0.91549627857885885
  0.92604707224295946  0.93657209799389318  0.94710532171140471  0.95764063756809359
  0.96821018643035917  0.97879478248773688  0.98940180622319707  1.00000000000000000
 -0.00242161250235930  0.00953785294045185  0.01971502772953875  0.03023081211238050
  0.04078508071108761  0.05134497138665679  0.06188648773988799  0.07240613604320315
  0.08288431308358543  0.09338668644207157  0.10391324262635127  0.11444317391470797
  0.12498299302139965  0.13551564800068444  0.14608348689802461  0.15664933621584942
  0.16720656514509877  0.17773803990927964  0.18826192519317356  0.19880810342556141
  0.20938396058751413  0.21994726703826251  0.23048787367419118  0.24102787390805586
  0.25158203541571145  0.26214516479087280  0.27268819659305038  0.28323919638549355
  0.29377462116924480  0.30429809007291830  0.31481444045941998  0.32534034542099810
  0.33588329819163976  0.34643811350784542  0.35700105862633136  0.36756170223480200
  0.37809637441581978  0.38861835831957736  0.39915354865244251  0.40969934286150289
  0.42025321865876469  0.43078905600445883  0.44131942467228163  0.45184947304776157
  0.46238485551845854  0.47292228692348848  0.48345509966200545  0.49399067126983548
  0.50451437319859160  0.51506686976732363  0.52561312927572645  0.53619217715164136
  0.54674015998717451  0.55730122929146197  0.56784718202199658  0.57839686242440269
  0.58896063378138330  0.59950902420135410  0.61005702197517919  0.62058567896887318
  0.63113359134336389  0.64167598953653793  0.65222910155399627  0.66275662591576379
  0.67330102572730111  0.68384981973484260  0.69442814992451851  0.70501668951910046
  0.71558875287775248  0.72615348907724020  0.73667074099969343  0.74719769309714346
  0.75771825339301602  0.76826942499416850  0.77879939378702490  0.78930911687092387
  0.79982154324156807  0.81034155729870005  0.82089585239365537  0.83145087455890887
  0.84201483675600264  0.85255779135916532  0.86310238938075501  0.87364754055670157
  0.88417591534633766  0.89466493958457149  0.90516717441382999  0.91570340952456075
  0.92625530679598833  0.93677766653009109  0.94731054955331040  0.95787113169671556
  0.96842135809208874  0.97895409997626781  0.98946937677769309  1.00000000000000000
 -0.00247535802601131  0.00949439738580322  0.01966174210434389  0.03018714062359231
  0.04072897926938757  0.05126435667368212  0.06180683236783355  0.07235049152102392
  0.08289760311677317  0.09343376883541296  0.10398615368704482  0.11451549345689732
  0.12505782316359074  0.13555567649946754  0.14607227316928387  0.15659836339550703
  0.16717353162479232  0.17774456948215686  0.18829453320548808  0.19881026299193652
  0.20933348560779758  0.21985252384022591  0.23041062318803285  0.24096233618106719
  0.25153324363760671  0.26210489692799549  0.27267672013370969  0.28323232600978610
  0.29377099431464720  0.30430212914843674  0.31483773620227595  0.32537179768968277
  0.33591836485484911  0.34646353781687111  0.35696691622664545  0.36746283685069858
  0.37796079780441899  0.38849833299649467  0.39902114052465582  0.40953298342925676
  0.42005218097108216  0.43058145127217823  0.44110478330262054  0.45161378642961569
  0.46213972691915228  0.47269377611227242  0.48325811049255712  0.49382525568585928
  0.50442154836184772  0.51501624014005609  0.52559404357921247  0.53614802910371107
  0.54668485682894474  0.55721407624513686  0.56773278312230890  0.57825991481043271
  0.58882777264600572  0.59936068993586844  0.60989461809679280  0.62039848918050633
  0.63094000953402285  0.64148095372705094  0.65202249977127069  0.66256699573348998
  0.67312410115346477  0.68366363090786364  0.69418325302210149  0.70469552967907723
  0.71523142041640286  0.72578281217023821  0.73635462446381506  0.74693029320041726
  0.75750997945196030  0.76804454084879104  0.77856726457120662  0.78909050842948103
  0.79964348573293209  0.81022171434745172  0.82079254858329687  0.83138433305801529
  0.84196624586898849  0.85253950348900776  0.86308777210055854  0.87361567553169905
  0.88416358116067661  0.89470263492368063  0.90526301484639482  0.91582784929220928
  0.92638470287041186  0.93694448775717221  0.94746546588465841  0.95799758129226276
  0.96848992714220894  0.97899335122127185  0.98949784834988541  1.00000000000000000
 -0.00243132107758588  0.00947205359697725  0.01964074153334296  0.03017559062106946
  0.04074552535560194  0.05126818583127241  0.06180350357590894  0.07233908158048787
  0.08290316727488389  0.09343444239939999  0.10398590716762224  0.11453252332787638
  0.12511133361001428  0.13567399968552762  0.14624208883749079  0.15679392934314762
  0.16735245631083157  0.17789957294670006  0.18848419046732873  0.19906089809433661
  0.20965178574927426  0.22018896708940647  0.23072340818659953  0.24125674230628877
  0.25182320902466188  0.26237397424235803  0.27291734654517763  0.28344917287747118
  0.29400710011352443  0.30453930392867684  0.31505778170827226  0.32557055579114524
  0.33608795079080311  0.34661617297412406  0.35712284205534461  0.36765299269200652
  0.37818732503082780  0.38874271716616637  0.39927912293013418  0.40981978413863651
  0.42035518139033201  0.43088771295510381  0.44141275881005737  0.45194711313469066
  0.46248006998006086  0.47301482844339171  0.48351283580111659  0.49400436392215125
  0.50447260963290652  0.51495474434618405  0.52545853265615994  0.53601147542546890
  0.54655157376244001  0.55706618892909632  0.56754137738820065  0.57804633623054047
  0.58856376114415720  0.59911414227833304  0.60967182145936083  0.62023920307154867
  0.63080046463508499  0.64135898205082431  0.65193261096329713  0.66250900257982126
  0.67306480107205136  0.68359553253287975  0.69411997791550817  0.70465817772928929
  0.71521876790374672  0.72577451993715580  0.73633140755529958  0.74688643084815309
  0.75741662078312055  0.76794471767152239  0.77845317570398831  0.78897896745682783
  0.79949260209111861  0.81002240715709106  0.82055754388652358  0.83109191128899207
  0.84163736224360930  0.85218819046600247  0.86274605360038670  0.87329093705385119
  0.88382965286571080  0.89436809424508157  0.90489554137732742  0.91544829663536009
  0.92602136614782915  0.93658339526481316  0.94714060354479146  0.95768736085520989
  0.96828919261076285  0.97886846227352420  0.98945128861826903  1.00000000000000000
   1.5518127798274640E-002  -1.0000000000000000     
 F F F F F F F F F F F F F F F F F F F F F F F F F F F F F F F F F F F F F F F F F F F F F F F F F F F F F F F F F F F F F F F F F F F F F F F F F F F F F F F F F F F F F F F F F F F F F F F F F F F F F F F F F F F F F F F F F F F F F F F F F F F F F F F F
  <DiscreteSampler_grid>
  grouped_processes
  1 # 1 for a reference and 2 for a running grid.
  10 # Attribute 'min_bin_probing_points' of the grid.
  1 # Attribute 'grid_mode' of the grid. 1=='default',2=='initialization'
  0.0000000000000000 # Attribute 'small_contrib_threshold' of the grid.
  0.5000000000000000 # Attribute 'damping_power' of the grid.
 # binID   n_entries weight   weight_sqr   abs_weight
    10   10   4.197290504257920E+013   3.783446897441700E+027   4.197290504257920E+013
    11   10   4.197290504257605E+013   3.783446897440984E+027   4.197290504257605E+013
  </DiscreteSampler_grid>
