  0.00952271548066411  0.01595806499119885  0.02500726067383910  0.03579365340146522
  0.04613453452938752  0.05651172888220408  0.06687503887446652  0.07722601448297201
  0.08759232933860006  0.09797974809320617  0.10837418060995237  0.11876132747650260
  0.12913490668770708  0.13948593048554228  0.14983587982399851  0.16019971702448452
  0.17057948127357700  0.18094532774645466  0.19131420634763677  0.20167929611249341
  0.21205536007587772  0.22243874520070431  0.23282955071747391  0.24318928822237290
  0.25352372273147827  0.26387586563069093  0.27424861922179777  0.28462665372677304
  0.29499388256917558  0.30537496252800589  0.31576319405852465  0.32617648723407489
  0.33657702287659669  0.34697407306498856  0.35734442052903143  0.36771881937311068
  0.37807316127920326  0.38842037472433805  0.39879006396304606  0.40917462840431879
  0.41957673962656744  0.42993798267248989  0.44028518931876659  0.45062958957545773
  0.46099623148043578  0.47138102935029552  0.48177389682403665  0.49215700139832869
  0.50253828164092840  0.51292605631224242  0.52331847354400085  0.53372560258910728
  0.54413247443856461  0.55455298270309972  0.56498007837217035  0.57539929653886279
  0.58581758860188793  0.59623095752529631  0.60663921154381251  0.61704075639574285
  0.62742701368853904  0.63779680372088676  0.64814748777247777  0.65848883384319623
  0.66885031439182607  0.67924142074544114  0.68963966200887894  0.70001648915434889
  0.71038319379524639  0.72077030708294365  0.73118169247787956  0.74160340072014885
  0.75201867123841826  0.76243085769350816  0.77284149174021055  0.78324739776030272
  0.79364299918908321  0.80401870904762351  0.81439285504166981  0.82476271509815668
  0.83514094553559326  0.84550926359878165  0.85591251085764142  0.86630839065725496
  0.87669257646406995  0.88706848220450962  0.89746996614048991  0.90787996007472649
  0.91828608313894633  0.92869075425295222  0.93911520568567619  0.94954503857457517
  0.95997015377402728  0.97032628831976753  0.98065481642031527  1.00000000000000000
  0.00953119439259717  0.01586384540552143  0.02503944892357269  0.03584654601073169
  0.04619502862617513  0.05655784236373484  0.06691005875084699  0.07727055415446349
  0.08766187031150172  0.09806846050896922  0.10845942053785632  0.11883174416185967
  0.12919355544124936  0.13955787319945095  0.14993316966327846  0.16030184868685746
  0.17067425176885900  0.18103037512619191  0.19139702278522794  0.20178430037126760
  0.21216772894489924  0.22254533079444205  0.23291394915500363  0.24328932380995066
  0.25367037418912763  0.26404849486008852  0.27443880952338429  0.28484167436347796
  0.29524360701191604  0.30564029830293449  0.31602834668485069  0.32640944234787089
  0.33678230107084622  0.34715921756709378  0.35755259737826028  0.36794769745308953
  0.37833941069221483  0.38871726225012215  0.39908371210256699  0.40943113421861965
  0.41977568036592877  0.43013551559277957  0.44051428064610554  0.45091631548892119
  0.46131934529567409  0.47173529087752192  0.48213365189661145  0.49252702626364314
  0.50291509636118992  0.51332164423382098  0.52373638509151299  0.53413193106294088
  0.54450922943685409  0.55488108567339178  0.56526150280759957  0.57564950219767175
  0.58604513115219004  0.59645684633407670  0.60686443995298700  0.61726187576147951
  0.62764845207311981  0.63803414144286774  0.64842083997711097  0.65879985886685211
  0.66916831062452609  0.67952109013510587  0.68987206555771519  0.70023015932968602
  0.71060603817355106  0.72098974962010187  0.73136863901387428  0.74175053232770649
  0.75214181595453511  0.76254297795889303  0.77294134423152150  0.78332608051340302
  0.79370709339223389  0.80408682866743142  0.81447135180609165  0.82485489748435059
  0.83524131987707551  0.84564733133325043  0.85606369665113791  0.86647495700645905
  0.87687187711257386  0.88724497133879932  0.89761467130500827  0.90797815324712650
  0.91834523625462849  0.92872488349920090  0.93908060211023414  0.94944903677445769
  0.95980277095322386  0.97017852450133646  0.98052803366417796  1.00000000000000000
 -0.00251503787571446  0.00944893968729709  0.01959626990811651  0.03010640672646244
  0.04063498773627886  0.05116197647508655  0.06170845261764698  0.07225397501182342
  0.08281568700600186  0.09332853373289673  0.10388143281545834  0.11440831327008591
  0.12493905945018749  0.13546630291968781  0.14600418606749724  0.15655818872919247
  0.16712462957598390  0.17768542608321228  0.18824341185357585  0.19876156759060110
  0.20927442450251371  0.21980509901662115  0.23036680678849247  0.24092741610629997
  0.25146895962262689  0.26199426892894784  0.27252288279809339  0.28305378589355301
  0.29361293433603092  0.30417115593116772  0.31472750188099313  0.32525579116948522
  0.33578265701008309  0.34632776030532020  0.35686216163636247  0.36740753345669402
  0.37793666826144939  0.38846593932592999  0.39900765787642611  0.40955285266343211
  0.42008842324870121  0.43060453173517210  0.44112975994260695  0.45167412273459012
  0.46221990383183159  0.47276625687163132  0.48330620497703036  0.49383705738161454
  0.50434231018157416  0.51484609832266137  0.52535689174705347  0.53586999225839416
  0.54640390724724497  0.55694237835184301  0.56748780185163050  0.57801028945234667
  0.58854554199614384  0.59907243714059466  0.60963932743011107  0.62019010072388370
  0.63076462794237498  0.64132778780307198  0.65192649407306724  0.66252582748500344
  0.67312289294288385  0.68363916630214328  0.69416883470005208  0.70468860657383603
  0.71524495702683188  0.72575995455264397  0.73626407725580911  0.74678379455132882
  0.75732088057689007  0.76790251448853220  0.77846546108670800  0.78903148218159691
  0.79957469323878994  0.81011307823035883  0.82064498391207652  0.83117127533438750
  0.84172395755875495  0.85229267590955926  0.86282592386883017  0.87336265048255968
  0.88391827648096399  0.89450096480237873  0.90510014941597861  0.91566558850211466
  0.92621042308948598  0.93672129596966414  0.94724023960297654  0.95776016784838636
  0.96830601858362686  0.97884571913878082  0.98942746695614925  1.00000000000000000
 -0.00250072150287385  0.00951709333928550  0.01967265069690555  0.03016825188035234
  0.04067643042461735  0.05119634603042087  0.06173262680667879  0.07228710034248896
  0.08286186766535383  0.09342923081674687  0.10399119411920969  0.11450983082392396
  0.12500915541286911  0.13550561288454116  0.14602630653399223  0.15654712609964927
  0.16707261289175818  0.17759500601428205  0.18813486374230162  0.19866613334102365
  0.20922343807311045  0.21977566786362149  0.23035393606338880  0.24091214789141657
  0.25147564690638130  0.26203769448183623  0.27260301814160748  0.28317643388281055
  0.29373791952908940  0.30430809684583632  0.31488122467257817  0.32544095960083919
  0.33598493396674856  0.34651971838482765  0.35706284905723218  0.36760615761004573
  0.37812845170692505  0.38864174382525485  0.39916592476877022  0.40971543347021683
  0.42026882915668812  0.43080467063174432  0.44133458863310893  0.45186691498016285
  0.46242183903434969  0.47297519746372046  0.48354835541952501  0.49410048457355432
  0.50464838590652916  0.51517083499044070  0.52568843517875219  0.53622856982344036
  0.54674568908630250  0.55727143999605466  0.56779414975714237  0.57835863882068894
  0.58892299631524703  0.59947980115434918  0.61002905956651721  0.62055075821093075
  0.63107921644515630  0.64157161676561858  0.65209890797452097  0.66264290535321546
  0.67323380937868749  0.68380457089682090  0.69436005720810856  0.70488133917243501
  0.71542644456024618  0.72597980445159283  0.73654141288804542  0.74707918327140221
  0.75759151379888012  0.76809587808982915  0.77862383199914076  0.78913065366488455
  0.79964026368979202  0.81014052418434057  0.82065489336001629  0.83118979615214728
  0.84174364021934478  0.85233825200747149  0.86288611400396287  0.87339798716923756
  0.88387292624403579  0.89440345057573800  0.90497225519819158  0.91553453861211587
  0.92608671344373916  0.93664948884720167  0.94723875627193954  0.95786705434442665
  0.96842854641041842  0.97897611795483208  0.98948294923780300  1.00000000000000000
 -0.00249693069996855  0.00946904377236969  0.01962857696660470  0.03012945127022396
  0.04066441601292811  0.05117564873364066  0.06168002269691072  0.07218450590912706
  0.08266807061960595  0.09312815825705927  0.10360719449472354  0.11413818890167986
  0.12469919433548854  0.13525656773422584  0.14578875693388543  0.15633120793202679
  0.16687166084057778  0.17743872614925937  0.18800791798678548  0.19859936519409624
  0.20915923518500767  0.21973754835316528  0.23030448098596301  0.24087737751796595
  0.25141892180293507  0.26198147969157032  0.27254742817031419  0.28311485057537217
  0.29365168235826933  0.30421525534493304  0.31477787632915877  0.32534799770909084
  0.33589836214176605  0.34644979944151671  0.35699720904197513  0.36755901718613576
  0.37811957944363039  0.38867438874626792  0.39919240005519219  0.40972277711586846
  0.42023417341188374  0.43076808249442045  0.44129716904113686  0.45184129511360949
  0.46238667458262800  0.47294491917316606  0.48351928800599364  0.49407186486249988
  0.50459511727320894  0.51510177254945588  0.52561350893162717  0.53616193813684976
  0.54672299626648091  0.55728518804237714  0.56782443803922977  0.57836456902910915
  0.58892605015612520  0.59949950970900989  0.61005264272441528  0.62058830392468023
  0.63111947499868370  0.64165905934483092  0.65219468255645097  0.66270617770847740
  0.67324965766289657  0.68377991466524690  0.69432315458054616  0.70484349879471775
  0.71539784973968723  0.72594074587498447  0.73649484305894142  0.74707626397728821
  0.75765587551581548  0.76821002112373882  0.77872707603792923  0.78925278678864241
  0.79981509803913042  0.81036029108991181  0.82088979440259036  0.83140099909337961
  0.84193704064250607  0.85248904149501170  0.86302636234142083  0.87352396634995411
  0.88402754535215688  0.89454520252857628  0.90508604633354395  0.91563705717529675
  0.92617726316427296  0.93672315941522255  0.94724069810627431  0.95777481873052850
  0.96831765496788746  0.97887493682254312  0.98943342597443207  1.00000000000000000
 -0.00237325674743607  0.00953385798732619  0.01969089924148393  0.03019211912140531
  0.04074070058848824  0.05129096021524211  0.06183591450665215  0.07236830751430563
  0.08289556688277021  0.09341781589656488  0.10392719794650151  0.11446281495288105
  0.12502766811467200  0.13561634514594800  0.14619152487798548  0.15674900802171460
  0.16727864590589739  0.17782232069941065  0.18836186801439442  0.19892521225737494
  0.20945034944161514  0.21996781525428344  0.23046192580931638  0.24099070622201191
  0.25153354479133122  0.26210385773957368  0.27267895154412947  0.28323762627146076
  0.29378267683694054  0.30430317014489472  0.31486748656269864  0.32540955350890549
  0.33594985098795238  0.34646496573558377  0.35701253888700368  0.36757596808395149
  0.37813794367830933  0.38870560961112249  0.39924017524452926  0.40978322386076826
  0.42030820936752239  0.43083959496118479  0.44134753322170744  0.45185024193633766
  0.46240353745969437  0.47296168923654131  0.48353284632903432  0.49406615089016431
  0.50459390215988176  0.51510561368081209  0.52562532058206912  0.53615304231621064
  0.54671641626602507  0.55724939355196679  0.56777537681618928  0.57829293903200596
  0.58884435262472090  0.59937531500202357  0.60988512618167090  0.62038887028332623
  0.63090680370098140  0.64145234830677322  0.65200578555272870  0.66256694307851127
  0.67309201330059298  0.68363350377313714  0.69418095628602916  0.70474672817215633
  0.71527794016455437  0.72582723558718343  0.73637730478606633  0.74695077554773737
  0.75752731925455463  0.76814113134409490  0.77875918719030202  0.78932652224790589
  0.79986653265672947  0.81038571163877937  0.82094340303771196  0.83146493951353473
  0.84199756350945720  0.85250116031947154  0.86302193317610920  0.87352956046880970
  0.88405451038187799  0.89460625771426927  0.90517688107089689  0.91575059368473521
  0.92628573416492599  0.93682150414560028  0.94733452752643821  0.95787540789265424
  0.96840007995071842  0.97894090696137737  0.98947069090388040  1.00000000000000000
 -0.00248726529898897  0.00971284558284237  0.01996555619182879  0.03054028944542211
  0.04113828019395006  0.05170141770391697  0.06225775347861427  0.07280766307566840
  0.08334592228092223  0.09388506875499616  0.10442371880887204  0.11499033557600723
  0.12555815490662173  0.13608208142084072  0.14658662498418390  0.15709293949965369
  0.16763896682080578  0.17819845321615105  0.18875890800671713  0.19931889952438211
  0.20986908794775791  0.22040590100115626  0.23090437153009888  0.24141282725843877
  0.25194314289654318  0.26250983988474452  0.27307035495293541  0.28360206475309990
  0.29411765241584870  0.30464639489796475  0.31516687889917855  0.32570099011888232
  0.33621990428035564  0.34677070164595830  0.35730898077095558  0.36786577334097670
  0.37840354326349279  0.38894618766752764  0.39945135575734153  0.40997956531429208
  0.42051972237003860  0.43112029862543932  0.44169586411978712  0.45224381604483871
  0.46275842665908756  0.47331024631272123  0.48389722606772390  0.49449129166560313
  0.50505036680724258  0.51557920378701472  0.52610122720776897  0.53659349228145214
  0.54709556005222559  0.55760813537629628  0.56813486692598292  0.57864450057845396
  0.58915339106940712  0.59966428100398694  0.61017292603043782  0.62066385857162809
  0.63117810329461610  0.64173534378783104  0.65229786721788252  0.66284806841400423
  0.67339085858782033  0.68393224034277922  0.69446479130799110  0.70498223329940235
  0.71550558587678426  0.72603855688293772  0.73657039159057069  0.74710737919342052
  0.75761647723992498  0.76813169028986861  0.77863588449229459  0.78917062773149549
  0.79968915111862815  0.81022125488562835  0.82075069689481805  0.83129527414860716
  0.84182604759365975  0.85234897936751552  0.86288813990559698  0.87343442063145937
  0.88398318597074022  0.89451566337965671  0.90504839798856285  0.91559522745748745
  0.92616351899442750  0.93671714540534456  0.94728966575508644  0.95786328975143908
  0.96842240841490623  0.97895357368916214  0.98946892501218675  1.00000000000000000
 -0.00250431443201523  0.00941620259984853  0.01955509774169801  0.03005328141455408
  0.04063177329255344  0.05120468070918213  0.06174557220501111  0.07227122063491589
  0.08280724909572579  0.09337322800305177  0.10394922255683602  0.11451426207191287
  0.12508419700892057  0.13564549945416646  0.14621633333203130  0.15679396769702775
  0.16736670447599450  0.17794111608289251  0.18846501403957780  0.19899079421909216
  0.20950727252345042  0.22004179402216900  0.23057404146666796  0.24112340393020246
  0.25166469965545279  0.26221629115254980  0.27274711730657603  0.28330343475287340
  0.29382507465354035  0.30436788291624162  0.31489985622080413  0.32544480062264858
  0.33598031844848331  0.34652286889602663  0.35707918083459400  0.36761900674670672
  0.37813704753835409  0.38866031841991583  0.39916993651594329  0.40969467203753968
  0.42022578595160653  0.43078950616093314  0.44136642630389672  0.45193362540651250
  0.46249779205441477  0.47306701242714666  0.48362384962871902  0.49416892569572574
  0.50470692214520896  0.51525859591159684  0.52579231682494432  0.53631341202144844
  0.54687043182642148  0.55741389097115213  0.56798129500847050  0.57848828285222786
  0.58900662136854265  0.59947560555296509  0.60997772162290176  0.62051963899453155
  0.63111026111423141  0.64168173480153268  0.65222783300009757  0.66277143330549093
  0.67330533904377476  0.68384486004257306  0.69438247236302431  0.70492349355292139
  0.71549797298050499  0.72604565949415290  0.73659500364692243  0.74710304752226198
  0.75766164206575526  0.76821564514863894  0.77877379058606688  0.78928416254337042
  0.79981843602961111  0.81034466852406017  0.82089230138571390  0.83142966812187957
  0.84199705068356356  0.85257283404795137  0.86314851504576073  0.87369602164345861
  0.88423874769508448  0.89478464353895393  0.90535507435981655  0.91588499412529123
  0.92642243145901926  0.93694154214450909  0.94747947804867105  0.95796760671807057
  0.96845086397347979  0.97894315509684315  0.98946658943860266  1.00000000000000000
   1.5480243476763954E-002  -1.0000000000000000     
 F F F F F F F F F F F F F F F F F F F F F F F F F F F F F F F F F F F F F F F F F F F F F F F F F F F F F F F F F F F F F F F F F F F F F F F F F F F F F F F F F F F F F F F F F F F F F F F F F F F F F F F F F F F F F F F F F F F F F F F F F F F F F F F F
  <DiscreteSampler_grid>
  grouped_processes
  1 # 1 for a reference and 2 for a running grid.
  10 # Attribute 'min_bin_probing_points' of the grid.
  1 # Attribute 'grid_mode' of the grid. 1=='default',2=='initialization'
  0.0000000000000000 # Attribute 'small_contrib_threshold' of the grid.
  0.5000000000000000 # Attribute 'damping_power' of the grid.
 # binID   n_entries weight   weight_sqr   abs_weight
    10   10   4.515760337557959E+013   3.860933375624932E+027   4.515760337557959E+013
    11   10   4.515760337557961E+013   3.860933375624934E+027   4.515760337557961E+013
  </DiscreteSampler_grid>
