  0.00948895385250824  0.01642156718169000  0.02526004243104265  0.03606784942796393
  0.04634807038844660  0.05656441155912979  0.06684689625380438  0.07717906744931179
  0.08754462148690992  0.09796037268193465  0.10832455715303295  0.11874489889999430
  0.12918546357252259  0.13975976155186856  0.15029924796942154  0.16073407067841136
  0.17104004720269092  0.18134646312705743  0.19162757697838856  0.20193852827674294
  0.21222516841063330  0.22257699733990235  0.23288194441208004  0.24328765693900040
  0.25367715999483881  0.26407973918548294  0.27438287662675659  0.28472531316008171
  0.29507479442169965  0.30549520198240127  0.31588721698759753  0.32635602025002719
  0.33682909866832583  0.34726099636016472  0.35761634037769230  0.36796382868247118
  0.37835389531132396  0.38884398045702917  0.39943294589225353  0.41004404172881781
  0.42064659194748205  0.43117826710947321  0.44182764497845439  0.45248494559341856
  0.46310916931835810  0.47357861286053754  0.48397046017127887  0.49440386510491663
  0.50481423099945411  0.51521248880746906  0.52551257160055631  0.53582666757147690
  0.54614514731806718  0.55644690068868941  0.56676708352264860  0.57714827194225504
  0.58764900866230352  0.59818442043198039  0.60868952125470077  0.61917077295133860
  0.62970179066136123  0.64020628010112879  0.65064518239922753  0.66099652422533028
  0.67139122178889876  0.68180519674482254  0.69223219680179560  0.70263779768064216
  0.71305846082873614  0.72351426152987852  0.73401016144248743  0.74451615077822564
  0.75499519621239364  0.76544594738501959  0.77586518569058138  0.78632800339863052
  0.79685650470534863  0.80742207333939331  0.81790828198000787  0.82831936287742058
  0.83872812900061944  0.84915635544741963  0.85953646471378742  0.86984993653582798
  0.88014764787393085  0.89049281827287718  0.90086578005405626  0.91069964639268697
  0.92003339145478935  0.92935064146250168  0.93877932017322507  0.94908349004109149
  0.95945638970996294  0.96986446324174314  0.98031402169612414  1.00000000000000000
  0.00935369874819610  0.01819461096830367  0.02661294628079965  0.03754896138134613
  0.04781429978684566  0.05819985014461610  0.06862910929385041  0.07906495966056108
  0.08945157131040253  0.09989019659716213  0.11033164717152635  0.12075329398336661
  0.13109875019639985  0.14146353025364600  0.15186762044988564  0.16235115523297217
  0.17280568120160850  0.18318106842392912  0.19353331386888709  0.20389615252506557
  0.21426486592044405  0.22460353461823296  0.23493675261883132  0.24531759045921878
  0.25574634259291601  0.26614230730630445  0.27657306756760897  0.28700880837695314
  0.29745894788476129  0.30794016735514446  0.31834645809730922  0.32881759795251397
  0.33929327897148237  0.34979483395612060  0.36024915764763105  0.37060617634042531
  0.38094468681593974  0.39120113089200031  0.40150899878347734  0.41189408660824334
  0.42242852807910852  0.43291376961395456  0.44336197656676840  0.45379078679106061
  0.46423947763689044  0.47468706658894361  0.48509704391503050  0.49552998740087184
  0.50592875868162857  0.51626755990808948  0.52655009626151861  0.53686989162100018
  0.54728783290216987  0.55775288477176033  0.56816692894109477  0.57856581514286753
  0.58897579291071223  0.59945480159937770  0.60993402436555033  0.62042973211940022
  0.63089049207366299  0.64138542547484589  0.65183870294735036  0.66228487148146375
  0.67264388557784616  0.68295061556801007  0.69327311574717942  0.70364506096611490
  0.71400529085431330  0.72436657323678966  0.73475886126862888  0.74523917175208443
  0.75570149952365662  0.76614082344049894  0.77656343498013425  0.78699338039591871
  0.79656758592848154  0.80568938505413024  0.81481488162237092  0.82421653240097537
  0.83463725295046187  0.84505606121788701  0.85541697798751881  0.86567154176420391
  0.87588413968940493  0.88613340009643493  0.89643854109796961  0.90681302036601041
  0.91723532778162087  0.92786486102061105  0.93851914329487851  0.94919946025379720
  0.95971395791269976  0.97012092342688738  0.98046301771210020  1.00000000000000000
 -0.00180463075340186 -0.00122341788564991 -0.00064220501789795 -0.00006099215014599
  0.00052022071760597  0.00057195910061548  0.00062263941792925  0.00067331973524302
  0.00081105755077083  0.00097682134877097  0.00114299157406644  0.00130930983707681
  0.00147537652735511  0.00164137481435591  0.00180729884281157  0.00197305260311807
  0.00213882114080772  0.00230460020228525  0.00247034155638663  0.00263642378850373
  0.00280247406040516  0.00296874672863315  0.00313480405340626  0.00330085402037418
  0.00346679221977673  0.00363254751868017  0.00379857033091218  0.00396461167188124
  0.00413098792872805  0.00429740149478053  0.00446387213460705  0.00463016248598401
  0.00479660195662440  0.00496272386268457  0.00512919952546543  0.00529591535777971
  0.00546346380105431  0.00563139160989986  0.00579978444213362  0.00596786553522465
  0.00613583407645619  0.00630312092888307  0.00647077453853131  0.00663875986094115
  0.00680695228685185  0.00697618389493282  0.00714552683193393  0.00731494807034269
  0.00748415166689820  0.00765372974774667  0.00782314502089700  0.00799235069695977
  0.00816105079954926  0.00833041836972888  0.00850005880430705  0.00866997512429280
  0.00884008442660312  0.00900982847771303  0.00917948995251569  0.00934933516648921
  0.00951957493684163  0.00968994752034671  0.00986044693987658  0.01003101809932540
  0.01020216166714847  0.01037335716574212  0.01054511497059073  0.01071715150113596
  0.01088951580522284  0.01106206515894194  0.01123506502634953  0.01140865594198468
  0.01158274487465126  0.01175728501637829  0.01193184227835005  0.01210629529359524
  0.01228022124497200  0.01245374535940650  0.01262726029465171  0.01280096413982524
  0.01297505098976769  0.01314957212138583  0.01332419811720095  0.01349906994446615
  0.01367418519762208  0.01384957053899922  0.01402504398844115  0.01420064654283237
  0.01437687395341490  0.01455346016064843  0.01472933000222820  0.01491174635533547
  0.01503004032539349  0.01507938531062219  0.01508810835287185  1.00000000000000000
 -0.00210997538797815  0.00982002445089857  0.02008931042625508  0.03067333297246531
  0.04134245798418547  0.05197321458118791  0.06265738385199544  0.07328838061955467
  0.08387666231193698  0.09440907004214713  0.10489365923036383  0.11545876127986651
  0.12603474733596670  0.13673141804958661  0.14741177129327329  0.15808927790402585
  0.16861230734040408  0.17911297873170823  0.18956584587594788  0.20005873967749321
  0.21050567552771476  0.22100372266364141  0.23145383374486814  0.24198687503824975
  0.25140855217239022  0.26089057595658166  0.27036495936750810  0.28060137540057584
  0.29119985071750931  0.30169272814096459  0.31214424363533022  0.32268806200049222
  0.33338279303163365  0.34406987645414527  0.35464953128150434  0.36517327155839929
  0.37576787732172429  0.38641499182624073  0.39706073430809757  0.40761207918126990
  0.41811145509814907  0.42858457663819793  0.43911948383735150  0.44970872221848301
  0.46029977473671824  0.47084807168062681  0.48143503418909556  0.49208643227578847
  0.50277585756266463  0.51339312792499747  0.52403979087815533  0.53473085891869898
  0.54545036196453267  0.55613425480836398  0.56673073512328420  0.57723003398282113
  0.58763211259108550  0.59800474136975601  0.60838553996449873  0.61880242277992092
  0.62926420685147022  0.63977338000929329  0.65034847298894283  0.66091166693957926
  0.67137774001242134  0.68178081268967627  0.69221413986941971  0.70274788422344869
  0.71326781502939651  0.72387595727136633  0.73455993612807757  0.74532722961658082
  0.75598717512684410  0.76660232474982370  0.77716142605816640  0.78777302659483073
  0.79837832809219356  0.80910338727278597  0.81983069268550834  0.83052707846016360
  0.84114401496747504  0.85180264018151897  0.86243994657300038  0.87304071837210484
  0.88359854568836227  0.89416440386720974  0.90465262456548445  0.91509734625197714
  0.92561281775819337  0.93617271024281112  0.94676050213026364  0.95739940942880342
  0.96807550105454743  0.97870817539839361  0.98933159870814469  1.00000000000000000
 -0.00238829055380637  0.00980818973266646  0.02004271906950279  0.03059251959280750
  0.04117685292506948  0.05183601436193611  0.06245728154840288  0.07308498301586117
  0.08371798710338717  0.09440096658971943  0.10504360660501509  0.11567849403277274
  0.12628691443591161  0.13687735942955467  0.14748668627120881  0.15807879535885822
  0.16862575571857730  0.17918509446091055  0.18968055128089037  0.20021715112567662
  0.21072586868801688  0.22133445515445527  0.23196122296361849  0.24271758947493446
  0.25340795828998003  0.26407471639859570  0.27456372253317562  0.28504227595412474
  0.29549160040334915  0.30594323199949514  0.31644112002727082  0.32703146391134474
  0.33755214743710893  0.34800745096083374  0.35835144579984246  0.36881151574506088
  0.37937207829723985  0.38994607462666075  0.40049647743401273  0.41098941318614141
  0.42154391271037678  0.43222116581836922  0.44294161440521429  0.45363412082855503
  0.46424224723936308  0.47479201614002742  0.48531946620760397  0.49588551080874216
  0.50649023191621778  0.51711369126645357  0.52768332812424357  0.53833865165181960
  0.54901647902018813  0.55964074592063529  0.57015400752203027  0.58059729250699810
  0.59114882190307694  0.60172202570095124  0.61239297545791171  0.62308832987116047
  0.63385529660015394  0.64458637809149877  0.65522383444488919  0.66580269969043859
  0.67633616776069772  0.68692834971023764  0.69749505793414190  0.70805850565475414
  0.71858834559347884  0.72914557036503092  0.73973607161907762  0.75037159709823842
  0.76109500874853830  0.77183101575013746  0.78251067196116653  0.79313666614236333
  0.80371512963085101  0.81424997732898929  0.82479690373232084  0.83543439827685662
  0.84615632356709425  0.85683589144048222  0.86742791882344994  0.87794451190804801
  0.88844242496992898  0.89892054512473674  0.90938138826242332  0.91981214813293211
  0.93026940947568260  0.94031106565195821  0.94960079039973677  0.95894957047152007
  0.96821149188031486  0.97877624367486971  0.98937272096755369  1.00000000000000000
 -0.00252945449327348  0.00948480385136091  0.01966414931005733  0.03011975257066032
  0.04072852201291799  0.05131132495309113  0.06183308673877762  0.07230306830251350
  0.08287248595019500  0.09354929001627268  0.10418340000044383  0.11477674351116814
  0.12537917879874041  0.13596610122379268  0.14653483067330042  0.15706963398970922
  0.16764728762281503  0.17828062250599674  0.18892621411833285  0.19953205573516244
  0.21003401408264982  0.22050448112583801  0.23096969743525150  0.24145595409129691
  0.25190409963033683  0.26241208376882696  0.27304476063232824  0.28377198393295527
  0.29447877199887756  0.30505794232259376  0.31556233289841262  0.32604724331441692
  0.33650985866473010  0.34713934917541767  0.35774724659687945  0.36840729333460892
  0.37906465883805812  0.38977047651493768  0.40050652492548072  0.41110371210138447
  0.42168107306523717  0.43220204085615377  0.44273217460314562  0.45322474226637982
  0.46369902565871118  0.47421546919372498  0.48485706651098831  0.49554860758253222
  0.50624594032255998  0.51685320950521241  0.52748569298841708  0.53803115380170452
  0.54857151868939991  0.55902711229802182  0.56952187767956441  0.58005847279228806
  0.59063927558961582  0.60098765906617313  0.61033165226625197  0.61971514141879513
  0.62916258121380086  0.63952988112664022  0.65013172433879796  0.66073766309235282
  0.67136743645000518  0.68192609623975653  0.69244858751895522  0.70293690758544558
  0.71346375635770021  0.72395259295736947  0.73450790263572574  0.74511075227519019
  0.75573072870088798  0.76641743160538034  0.77712258019221436  0.78786635988207254
  0.79854489587102495  0.80910151866262769  0.81969641721259900  0.83027196683597182
  0.84093335315230933  0.85153768442267708  0.86214951512450155  0.87275125800867004
  0.88333251973377835  0.89391476363576250  0.90445272433658208  0.91490281883887059
  0.92536499329351762  0.93589664133440553  0.94654599113030458  0.95717011018894804
  0.96775564206533637  0.97841361028145080  0.98915484342672799  1.00000000000000000
 -0.00204934422447979  0.00969822939812723  0.01991410319583338  0.03045903544928558
  0.04101399999853314  0.05152563151717072  0.06204476348598004  0.07268089548208821
  0.08334623583492062  0.09394660835456251  0.10444939404599311  0.11501905426574084
  0.12561061435150436  0.13615594857448673  0.14665881854072438  0.15723236626576687
  0.16788235455417128  0.17843976794291769  0.18896928253027279  0.19950913507988241
  0.21006220227130865  0.22054899574419778  0.23107574472151637  0.24166297675217144
  0.25231260100740610  0.26285573552206387  0.27339904293105777  0.28388504939838644
  0.29443026498847280  0.30490743768118234  0.31535821896346133  0.32584269429659962
  0.33633022948496055  0.34695508833498123  0.35758305215117964  0.36830888400723477
  0.37898656597914365  0.38952720267397317  0.40007798142238227  0.41057768270646011
  0.42114357888200055  0.43162601556721236  0.44222315315818456  0.45291710793498463
  0.46346356735727223  0.47284114953951173  0.48213027761180521  0.49149154306904286
  0.50174926013934296  0.51242504280413315  0.52311447132579547  0.53385279554325871
  0.54448935831755985  0.55504577804405997  0.56548964244213895  0.57599538268709749
  0.58651501010476459  0.59703519477668610  0.60748077879050244  0.61791064923279593
  0.62840431454252266  0.63894086668129446  0.64955363414971901  0.66018848751664416
  0.67083156741030714  0.68139118122788778  0.69197107953524628  0.70258279330764539
  0.71318337384938579  0.72369776179416567  0.73414887294564302  0.74468963615011319
  0.75529329467765416  0.76597920055007285  0.77663908627971490  0.78726582938666412
  0.79789698971058309  0.80849246982895606  0.81910739505543995  0.82964306061237802
  0.84015625845331665  0.85065765625451706  0.86123566944035812  0.87198447461234607
  0.88276178008260564  0.89353527143333911  0.90422605828995162  0.91487920877044993
  0.92555944046032235  0.93621963633630412  0.94694637866563569  0.95767413911112587
  0.96830184199429314  0.97891605297850270  0.98944137151096090  1.00000000000000000
 -0.00236674941787903  0.00989436129861335  0.02014384178635607  0.03064209518420163
  0.04114150451720778  0.05173715475618757  0.06243131702869339  0.07316894502789600
  0.08382789267619116  0.09433773626269137  0.10484133076392745  0.11536454921609639
  0.12592088282784292  0.13643331983671086  0.14690693671330224  0.15748706897076295
  0.16805233174043960  0.17867834705079291  0.18817634203612282  0.19773539388833491
  0.20725916496791522  0.21748865768316689  0.22802057352376212  0.23856226755536591
  0.24916138702917903  0.25972610283470116  0.27027324435737998  0.28074041525581439
  0.29123440278356411  0.30175357321217156  0.31230204624222507  0.32285852763237005
  0.33340445408251618  0.34399157218950982  0.35457211591127424  0.36520144579598823
  0.37586990969125572  0.38657715022209410  0.39724358641973245  0.40792317580460685
  0.41867101904821336  0.42937137829953476  0.43994945997674012  0.45041983911792671
  0.46102686204039689  0.47165237609602390  0.48227609692224055  0.49277235324742530
  0.50327021942168870  0.51378420498903221  0.52430649847858357  0.53485052133999189
  0.54530417686325450  0.55573259280770071  0.56618557414585780  0.57668806157082531
  0.58729345974023739  0.59786614377948322  0.60848075659331924  0.61899804145665349
  0.62958837702806314  0.64013239405790512  0.65072280732713494  0.66127603114742550
  0.67182826779018656  0.68238417763840531  0.69288251489881636  0.70339364991680464
  0.71392812561908070  0.72450716497739109  0.73512150055126357  0.74566828382010186
  0.75628514771313637  0.76690343211279566  0.77755228138693600  0.78815744781313513
  0.79869640156817645  0.80925384569599390  0.81975913143709833  0.83027743354003269
  0.84080386632269077  0.85130173966857270  0.86177366324117310  0.87227181358616523
  0.88282700567790406  0.89347118638790968  0.90403495611522122  0.91460143723351617
  0.92532801874069603  0.93608024376904519  0.94682720984450874  0.95739336845795941
  0.96796257008217279  0.97861123236323122  0.98926602791170160  1.00000000000000000
   1.0565523240380680E-008  -1.0000000000000000     
 F F F F F F F F F F F F F F F F F F F F F F F F F F F F F F F F F F F F F F F F F F F F F F F F F F F F F F F F F F F F F F F F F F F F F F F F F F F F F F F F F F F F F F F F F F F F F F F F F F F F F F F F F F F F F F F F F F F F F F F F F F F F F F F F
  <DiscreteSampler_grid>
  grouped_processes
  1 # 1 for a reference and 2 for a running grid.
  10 # Attribute 'min_bin_probing_points' of the grid.
  1 # Attribute 'grid_mode' of the grid. 1=='default',2=='initialization'
  0.0000000000000000 # Attribute 'small_contrib_threshold' of the grid.
  0.5000000000000000 # Attribute 'damping_power' of the grid.
 # binID   n_entries weight   weight_sqr   abs_weight
    10   10   4.314300518198865E+007   4.046108826399170E+015   4.314300518198865E+007
    11   10   4.314300518198865E+007   4.046108826399167E+015   4.314300518198865E+007
  </DiscreteSampler_grid>
