  0.00953181035249548  0.01612379883551549  0.02511629614659058  0.03593733002349653
  0.04627188598015264  0.05664576272795445  0.06702707905470194  0.07740691658626135
  0.08779478006650769  0.09820337081972534  0.10863570927610532  0.11906646130386703
  0.12947072842653889  0.13986166908009537  0.15023559602427025  0.16059497138295578
  0.17096347464360800  0.18132687507852358  0.19172690211974008  0.20210999562382781
  0.21250624745005148  0.22287968655954940  0.23324961979865699  0.24363567221185223
  0.25400339528167409  0.26437601548671547  0.27472174267545979  0.28508643585080518
  0.29546182921912206  0.30584829238273609  0.31624351969077141  0.32661866284505170
  0.33697252497091934  0.34732246557961122  0.35767380876194382  0.36804003969552862
  0.37840376087058369  0.38877749722126453  0.39913813329942421  0.40950559188429125
  0.41987674023718086  0.43027200995435971  0.44066716675832013  0.45105118498344149
  0.46141829369812642  0.47177268440340953  0.48212747957109625  0.49248871072925637
  0.50285532785286824  0.51324650700728136  0.52364170389754494  0.53401811301644819
  0.54437629632729501  0.55473903629876520  0.56510104220804214  0.57545615807304618
  0.58580643351445749  0.59617373506826310  0.60654389408655662  0.61691062651539375
  0.62728325650280214  0.63765320837345341  0.64801060737663441  0.65837307343273055
  0.66876944154005014  0.67918842422362846  0.68960287477823423  0.69998192414453286
  0.71034610611382698  0.72070598281899168  0.73108971412495616  0.74148707138541037
  0.75188740145122679  0.76227197861410922  0.77264564165391769  0.78301608601049466
  0.79338864502491080  0.80376744396308875  0.81413969040296152  0.82452522033898024
  0.83488485283941860  0.84525210840529974  0.85562533207895175  0.86603642001316716
  0.87646925919740548  0.88685798962541329  0.89724942605003499  0.90763506068891431
  0.91804056288420166  0.92843910860241730  0.93883843912740128  0.94926139868845327
  0.95968049492771201  0.97007457836571664  0.98044425678145886  1.00000000000000000
  0.00962510691688337  0.01561033586942644  0.02485768668601050  0.03567427990929473
  0.04602713705012792  0.05639441436204140  0.06679245600769378  0.07717561958535442
  0.08753145763510878  0.09788797544985418  0.10827889257460416  0.11867197372580816
  0.12903861645201581  0.13941917969776488  0.14978944517131873  0.16014812330818240
  0.17049078047138522  0.18088609627418223  0.19128073262571940  0.20166093791478654
  0.21204175251108023  0.22244756116942552  0.23286730524646396  0.24327431722639131
  0.25369636012889391  0.26411892545636501  0.27455762419081009  0.28496785292969029
  0.29537723985463865  0.30575835436850118  0.31613907929875440  0.32652002999937291
  0.33689261894949402  0.34726405424869583  0.35762116779352993  0.36799427995959227
  0.37836597219986795  0.38874543705321768  0.39914953144021509  0.40955968775266127
  0.41996701069463732  0.43034662365236542  0.44072674682110635  0.45110873677738189
  0.46149297107899212  0.47188292874348814  0.48227773414965436  0.49267461937540380
  0.50305537587429083  0.51342078133756019  0.52376607547822318  0.53411328804096825
  0.54447111805881909  0.55484675529771366  0.56523924079858368  0.57563812264783798
  0.58604514347276537  0.59645955591154742  0.60687507429997378  0.61728290343622538
  0.62767530195536814  0.63805523397678432  0.64842872205735125  0.65879619860947625
  0.66916260461594179  0.67953651691585781  0.68992053861310199  0.70030926631113433
  0.71069614824822780  0.72109705844391681  0.73151626688048776  0.74192764824676960
  0.75231736433438801  0.76268345187814679  0.77306511058937155  0.78346523413960623
  0.79386912704436696  0.80427033336474785  0.81464997714616216  0.82500764567748863
  0.83535593600399582  0.84568606475022079  0.85603309219252066  0.86638272938820315
  0.87670410830663470  0.88703045999460950  0.89734103393576059  0.90771757304170630
  0.91810673407535603  0.92850733410546493  0.93892162457320572  0.94931762379033313
  0.95969826494837163  0.97005036586364635  0.98038363179478716  1.00000000000000000
 -0.00245241588696981  0.00973945611146169  0.01994755579472529  0.03043094418493188
  0.04095324154927461  0.05151402320508962  0.06207076241223003  0.07262170540929377
  0.08319556599587373  0.09375856180209342  0.10429456802622182  0.11481665137380227
  0.12536790200116613  0.13594575706044149  0.14647990812369419  0.15701761974964235
  0.16753524826475244  0.17803427663585442  0.18854887009860308  0.19906412171609311
  0.20961426559022550  0.22012260375304699  0.23067953337869435  0.24121929041648982
  0.25178432058332517  0.26230359107513607  0.27282828601872633  0.28331264295720099
  0.29378467174136191  0.30425189563957367  0.31478458723243158  0.32532347853909321
  0.33586904508705551  0.34637082134190722  0.35687395125382132  0.36739898348220534
  0.37793608012007562  0.38848224923456642  0.39902380464688925  0.40957894135440803
  0.42014356209288894  0.43072473919278381  0.44128232181984250  0.45184505634557076
  0.46235939460875125  0.47287783575315168  0.48337417418959688  0.49391263993885021
  0.50447893135610422  0.51507977094647461  0.52566045481915702  0.53621672597717129
  0.54674955269134662  0.55727340328794361  0.56784275019349983  0.57841835922052454
  0.58898524102791805  0.59950352643757687  0.61001877790140491  0.62054745014019641
  0.63108965463971800  0.64161385034324336  0.65212495048247865  0.66262570141833688
  0.67312416156590216  0.68361326876945039  0.69411703356109355  0.70463496984210283
  0.71515722216124233  0.72568541511617490  0.73621817262846145  0.74678246495356715
  0.75729267267380362  0.76782614431599683  0.77832762958099877  0.78888109792795946
  0.79942935931731107  0.81000804483474698  0.82054394505890960  0.83111541488125973
  0.84168610425029877  0.85228959315115449  0.86284988113997241  0.87336583076868657
  0.88390195461795873  0.89444715396939833  0.90502874086822160  0.91555712937068612
  0.92608767821449534  0.93659876813052401  0.94716334931827006  0.95771835703446961
  0.96829859607433422  0.97886088714791497  0.98942734288510970  1.00000000000000000
 -0.00179678275201553  0.01117116090859343  0.02124338948042691  0.03186394345796830
  0.04232084590392660  0.05280178692814161  0.06330422435032518  0.07388098664266468
  0.08446995151434220  0.09504258271126392  0.10564468810776270  0.11624851250245258
  0.12683740649376116  0.13740408755929620  0.14789275229800042  0.15839237700205133
  0.16888050690630110  0.17937715013821312  0.18989312730783242  0.20039663117105577
  0.21093279079185950  0.22146290421581016  0.23199675030772945  0.24252901493794876
  0.25304271972607628  0.26357653203023301  0.27410298857749238  0.28463422331716753
  0.29514163326695086  0.30559240957219708  0.31605623121257015  0.32655195682173410
  0.33708803665525672  0.34758377543466767  0.35803712854546305  0.36851075082890827
  0.37904033648407937  0.38956961681345703  0.40012433125410191  0.41061314556010153
  0.42112885081844320  0.43163047522910147  0.44216098538771104  0.45269784844747424
  0.46320097299587892  0.47371356573570128  0.48418996979448958  0.49469175519592906
  0.50523402640326409  0.51580601453218300  0.52640172502998583  0.53691073472921202
  0.54743226133176026  0.55791304758356108  0.56845002655259713  0.57893933624370342
  0.58946797997299638  0.59995095886835204  0.61050530649969470  0.62100674217142460
  0.63148591233609264  0.64197887212004301  0.65247322837540089  0.66303192693337554
  0.67351389801898864  0.68406648909283496  0.69458694598587412  0.70513758652256420
  0.71563708515688917  0.72615566107390905  0.73669999325483404  0.74722500395617419
  0.75778233793175442  0.76832230750362662  0.77885530418349869  0.78932823110094052
  0.79977772306129991  0.81028019861078826  0.82081665093170586  0.83133776661021008
  0.84187670977913354  0.85245002821326887  0.86304743274691809  0.87357984331215643
  0.88408437020022046  0.89456006117442199  0.90509944168929712  0.91561344301080794
  0.92619801579512051  0.93671863062428606  0.94724766211701283  0.95771616641751467
  0.96827909589384342  0.97883913634782016  0.98945184763245486  1.00000000000000000
 -0.00220054761235053  0.01045285154892318  0.02087153533056814  0.03144322549679389
  0.04205278287199458  0.05266651028790414  0.06322932656714444  0.07375106271655382
  0.08425047060026354  0.09472736231695619  0.10523847390020630  0.11574471194283474
  0.12629951801132910  0.13682089921269239  0.14736918676361815  0.15790951623247018
  0.16845386072264573  0.17896143240937676  0.18943930689127703  0.19994937314597735
  0.21046031666068693  0.22099635813731863  0.23152110651180233  0.24208280219283901
  0.25266920661510667  0.26323313845909879  0.27373987523682719  0.28418955118288364
  0.29467112140258944  0.30518851137060515  0.31572748398588535  0.32624607025056673
  0.33675191559140755  0.34728020544789179  0.35783996836696291  0.36839446686460814
  0.37895749445055221  0.38948053899684493  0.39999435309351028  0.41050317526112123
  0.42101599706616549  0.43153378570421580  0.44204865846416763  0.45255426635687895
  0.46309510701589879  0.47362393912363859  0.48414566832994138  0.49462449608799097
  0.50510158539147054  0.51560915009154684  0.52612568826018424  0.53669186191876084
  0.54723930025548340  0.55777365546752078  0.56825503014482837  0.57874165816714962
  0.58927717376523503  0.59981330674797773  0.61035749656879457  0.62087891967734254
  0.63140709398227168  0.64191951440990502  0.65242927077482860  0.66294032992851204
  0.67349375220670138  0.68402902423686718  0.69456132865982145  0.70505423297040326
  0.71557515779294512  0.72608467510470243  0.73661935393065292  0.74712496279685880
  0.75768221062879015  0.76822837619585516  0.77877252330803026  0.78924707530034588
  0.79970441884920795  0.81020983604765606  0.82077315736947398  0.83136405491957532
  0.84193397844630891  0.85246729991491910  0.86296226247282903  0.87345336479488533
  0.88395860815143246  0.89447690786336165  0.90495091236137482  0.91546161993776309
  0.92596624803104866  0.93653047242735454  0.94706124594561802  0.95761904677777132
  0.96816100244767878  0.97875857273440947  0.98936063568517196  1.00000000000000000
 -0.00226427317153351  0.00964863639536915  0.01987973686826530  0.03042717537028462
  0.04102786555239323  0.05155374289874109  0.06209390581729333  0.07265765461028140
  0.08325074676883547  0.09382143791470762  0.10432297240078620  0.11483046198528071
  0.12533138715834682  0.13587906990174659  0.14639279833501737  0.15688821984991450
  0.16738166740164639  0.17789254996649234  0.18845036541875423  0.19897191482547569
  0.20952624717200327  0.22006385425260741  0.23061812645037247  0.24115092523151976
  0.25170690886812985  0.26224795652537763  0.27278468691044067  0.28330875068742517
  0.29385429090952953  0.30439467099682843  0.31490568438958721  0.32541296796287034
  0.33595434524772555  0.34652926993253430  0.35711789916201730  0.36767271512599231
  0.37819334229333029  0.38870241438911407  0.39921256272242522  0.40974833586738041
  0.42032140949875280  0.43089618826067616  0.44148743324888834  0.45204341877517734
  0.46261463701561800  0.47315300562370127  0.48368738578618958  0.49421504018578472
  0.50477348794579913  0.51532455926058218  0.52589296776135486  0.53643106356104830
  0.54699505453471275  0.55757167967452415  0.56815285341851496  0.57871270129716845
  0.58922712041940395  0.59973591711754493  0.61027713981925158  0.62082594500808119
  0.63136316249954227  0.64189696665469786  0.65245653652439684  0.66304870719460329
  0.67361735730459815  0.68414618832770613  0.69464372186230905  0.70516685227536169
  0.71569334196872203  0.72624369263069033  0.73676964609193918  0.74732760569590684
  0.75789186944055087  0.76843334027001542  0.77893282876495618  0.78943829451817815
  0.79996698195771887  0.81049204981185252  0.82097923451330179  0.83147091216165447
  0.84197826578971369  0.85252864024763142  0.86304523998438454  0.87359525178983288
  0.88414578302425795  0.89470274888435286  0.90524893019776376  0.91579078469666619
  0.92632641538119953  0.93685697160977677  0.94737862492321179  0.95791784144439629
  0.96846174544716113  0.97897578251435091  0.98949857559231924  1.00000000000000000
 -0.00237465538314582  0.00971387738209781  0.01992362921113904  0.03043430413590202
  0.04094530906166549  0.05143848913798522  0.06200605478780821  0.07260125962185994
  0.08317481972733962  0.09371357185954901  0.10424051865764145  0.11474181386000544
  0.12523164392044656  0.13571977631583820  0.14629187103384253  0.15687005141041818
  0.16745550853259894  0.17797734605824062  0.18850655547241349  0.19904001077908562
  0.20958754692174439  0.22012450395407646  0.23068550612988020  0.24124427025525996
  0.25181685164068585  0.26233705017781361  0.27286908483020722  0.28335706472874478
  0.29388225535514922  0.30442084967669886  0.31499774276240700  0.32553532587971601
  0.33608436141669545  0.34666605000012363  0.35724391766503633  0.36785344956712918
  0.37842921145417502  0.38907313843302449  0.39966912659741843  0.41025055681761963
  0.42077591086639188  0.43127883697397928  0.44175446311503735  0.45226933101306355
  0.46276032910070597  0.47333607162514257  0.48389723245510347  0.49451768475760138
  0.50508302670560512  0.51562108718051558  0.52614509222022354  0.53667570611457971
  0.54721977873014316  0.55775098424741543  0.56829511128759935  0.57883310724387427
  0.58937394577863567  0.59991819660905010  0.61046356700365600  0.62104388847125414
  0.63162689412865136  0.64219375469360507  0.65272634857601486  0.66329037148717229
  0.67383188348302359  0.68435950825795633  0.69487369492682938  0.70543617790409818
  0.71603867083255202  0.72656625822583476  0.73708822424336573  0.74754335458072130
  0.75802904208512356  0.76851080566863694  0.77904212223902158  0.78958945290481541
  0.80012760744330724  0.81063764913126490  0.82116737202363543  0.83169745269421547
  0.84220270445140755  0.85267794825010645  0.86315175097772479  0.87365439892604735
  0.88418888887233904  0.89472286872581330  0.90527983302828563  0.91584381241267321
  0.92639801108995179  0.93692560418588977  0.94741347433966516  0.95792216087034809
  0.96848460917665180  0.97902338355804852  0.98954400679417509  1.00000000000000000
 -0.00230228179502702  0.00962749277875789  0.01985887071107290  0.03044229501096119
  0.04099684065849458  0.05147298599579857  0.06194525538051894  0.07242870680977649
  0.08297086804459011  0.09351371982815206  0.10407716703013961  0.11458871191126736
  0.12514250043640476  0.13571606554042692  0.14630775934634774  0.15686399649401980
  0.16736580056878411  0.17787861802992772  0.18838782641363697  0.19893489809174184
  0.20944869198708083  0.21997031119199562  0.23050645068673087  0.24104888602231206
  0.25154103286864149  0.26199454229925734  0.27247091836836823  0.28296438037083010
  0.29344053485635679  0.30397118421320041  0.31452578911508133  0.32510131102681256
  0.33564924395088191  0.34617895598342963  0.35676245537855866  0.36733388941575518
  0.37787516621492057  0.38838980949613133  0.39890360585872531  0.40945606330936535
  0.42006203203039150  0.43065368303813700  0.44124745575485563  0.45180445680401754
  0.46237931041583086  0.47293104579097089  0.48345471772466575  0.49394461319693767
  0.50444517896444119  0.51494405710754898  0.52541824740895449  0.53590329924848634
  0.54638351161917353  0.55690657321560944  0.56747894848298008  0.57806186792781433
  0.58868883695808949  0.59926397343378168  0.60983339694517269  0.62032364938966578
  0.63082346449386695  0.64136195130914153  0.65194610883228632  0.66249898546841690
  0.67300927723308002  0.68350562591170239  0.69400569862352846  0.70454545952673453
  0.71510813813964758  0.72569515200171508  0.73628505585897419  0.74683482629072429
  0.75739905704046073  0.76793639088795407  0.77850331540633089  0.78902801305251280
  0.79958423989274052  0.81012823292432501  0.82069831820090267  0.83121317121052951
  0.84172051125429515  0.85227871135040478  0.86287721445175036  0.87348112958654978
  0.88406106184742639  0.89461510280165679  0.90517636219424380  0.91570656050603516
  0.92624547159111115  0.93679098613193834  0.94730975215358582  0.95783289071963118
  0.96837076414536005  0.97892427418732664  0.98947846534837591  1.00000000000000000
   2.7644669959407677E-016  -1.0000000000000000     
 F F F F F F F F F F F F F F F F F F F F F F F F F F F F F F F F F F F F F F F F F F F F F F F F F F F F F F F F F F F F F F F F F F F F F F F F F F F F F F F F F F F F F F F F F F F F F F F F F F F F F F F F F F F F F F F F F F F F F F F F F F F F F F F F
  <DiscreteSampler_grid>
  grouped_processes
  1 # 1 for a reference and 2 for a running grid.
  10 # Attribute 'min_bin_probing_points' of the grid.
  1 # Attribute 'grid_mode' of the grid. 1=='default',2=='initialization'
  0.0000000000000000 # Attribute 'small_contrib_threshold' of the grid.
  0.5000000000000000 # Attribute 'damping_power' of the grid.
 # binID   n_entries weight   weight_sqr   abs_weight
    10   10   1.123133322825876E+000   2.349607773084832E+000   1.123133322825876E+000
    11   10   1.123133322825873E+000   2.349607773084819E+000   1.123133322825873E+000
  </DiscreteSampler_grid>
