  0.00955650969901127  0.01567058591644826  0.02476464185350291  0.03547922679752179
  0.04579246527758731  0.05614850775404538  0.06651351660571292  0.07686745719810099
  0.08723493132489442  0.09763369825407824  0.10804399099366876  0.11845951741343885
  0.12883055832984194  0.13920784473588130  0.14958508228678252  0.15999854666676597
  0.17040076747250865  0.18077659633859305  0.19113390496674024  0.20149306258154584
  0.21186247478106005  0.22221897846412875  0.23255626625743786  0.24289479287864316
  0.25324619488272959  0.26360844351833268  0.27395893380219205  0.28431225812459315
  0.29469595536009185  0.30509993713153000  0.31550887232972702  0.32590187322425235
  0.33628979612606774  0.34668298755751054  0.35707240429956560  0.36745982480304118
  0.37785753675317185  0.38825135118303894  0.39863838617484948  0.40903074708053094
  0.41946140052029507  0.42989804528539416  0.44032796491884912  0.45071792011667083
  0.46112201433614286  0.47153146980394611  0.48192504355114840  0.49229952188165582
  0.50265843492221807  0.51303876049257191  0.52344050108005713  0.53385448718081185
  0.54426887144062774  0.55466697947257670  0.56504853722328519  0.57541059063751476
  0.58576779475281915  0.59614202730685917  0.60654712340990602  0.61696302553039417
  0.62736705478922050  0.63774988949669342  0.64813118838260575  0.65853516747609064
  0.66895576196717410  0.67937733979886505  0.68978039483591336  0.70016885510084059
  0.71055546619315346  0.72095773048727241  0.73137612666024410  0.74178953602638376
  0.75217382579327563  0.76252815066210211  0.77287436426053047  0.78323329481648740
  0.79359156637652795  0.80395463048348792  0.81431972823064203  0.82469688890386739
  0.83508539414935012  0.84547273190597383  0.85587549186673340  0.86628031795962901
  0.87667702361099242  0.88706961310921539  0.89745627749844437  0.90785139852441321
  0.91823197444719395  0.92861209778007814  0.93899243669821442  0.94937990856042653
  0.95976019746555674  0.97012953806555191  0.98048273252444029  1.00000000000000000
  0.00957050279272339  0.01554033552808491  0.02474291850218448  0.03551270291937252
  0.04584516854924665  0.05621888191601700  0.06661639437857374  0.07701506034387730
  0.08737684667785867  0.09771735521140978  0.10805853742966014  0.11842480087725769
  0.12881539538799586  0.13922709826423507  0.14963586461836301  0.16002917961547222
  0.17041895790075759  0.18081017585695269  0.19121937498475791  0.20161889664391994
  0.21201090013470961  0.22239844372428513  0.23278705780383260  0.24317923940573516
  0.25357421909981465  0.26396005991388022  0.27433296767564058  0.28469628582244710
  0.29506397478115470  0.30542437930245497  0.31575882281655804  0.32609564388845036
  0.33646008508106623  0.34685185201947977  0.35725206264875664  0.36765075919766654
  0.37804882940262363  0.38843198446842880  0.39881389498155717  0.40921430864565478
  0.41961171613829057  0.43001007400993230  0.44040668802212735  0.45080782505582490
  0.46120430333606799  0.47157861409849144  0.48197090728136605  0.49238331862866647
  0.50281166383069920  0.51323001340779650  0.52362102443407244  0.53399869612579520
  0.54435657333212084  0.55470922571809622  0.56506698693482760  0.57542977811728591
  0.58580585637094351  0.59618614582440832  0.60658597707790640  0.61699872150195167
  0.62740938344940922  0.63781302376711135  0.64820576769163285  0.65859695872815216
  0.66899875192359681  0.67941521495131241  0.68983092353327624  0.70023049739113852
  0.71060329268845979  0.72095486558156330  0.73130869887250960  0.74167776782148775
  0.75207338190245732  0.76248273843960701  0.77288432480524527  0.78326859456693010
  0.79363563829054029  0.80400513107202098  0.81437441028933433  0.82474590630520683
  0.83510868894980939  0.84548634425768643  0.85587873654619173  0.86626923067318684
  0.87664076375203115  0.88700148954435509  0.89737356804602064  0.90776416649579694
  0.91816650361330798  0.92857096844722120  0.93898483150526790  0.94938031228564213
  0.95978111700775814  0.97015272814065634  0.98052294547990548  1.00000000000000000
 -0.00241840731644671  0.00960048360660662  0.01979405080298233  0.03034887754513085
  0.04090179518126404  0.05143648951910486  0.06195399484509657  0.07246052598228005
  0.08298003819133519  0.09352855926082024  0.10408043136511497  0.11464387171578019
  0.12518508120716121  0.13576313231270132  0.14631338521365775  0.15688542342591694
  0.16743332712159156  0.17798532137716105  0.18849888634594023  0.19902161826021822
  0.20952824742058881  0.22006390405083562  0.23059884698493305  0.24114839241221761
  0.25168928273721380  0.26223411857491541  0.27276347967064274  0.28329966781076427
  0.29381170132172468  0.30434411529639105  0.31487706671445415  0.32542421023218698
  0.33599253540954366  0.34658113520072581  0.35718003655145092  0.36773791650700299
  0.37827072912262327  0.38882399202830414  0.39939764706623021  0.40996442914411979
  0.42049509744269520  0.43103019651869345  0.44158745042930392  0.45216192113282228
  0.46273201336100028  0.47328801562554468  0.48381487792679817  0.49435820280972514
  0.50490530212337903  0.51546833736282682  0.52601994486293902  0.53658379627058139
  0.54711936960828578  0.55765071461754001  0.56815683269937067  0.57868066232482473
  0.58920174977160711  0.59972672028013974  0.61025271148213445  0.62076208177125647
  0.63129174502654983  0.64179588888954420  0.65233887854154204  0.66288248682816953
  0.67344404879946163  0.68396442242080846  0.69448355364648107  0.70500677299980330
  0.71555510418681145  0.72609025567144081  0.73662902551260945  0.74713442269768082
  0.75764872974643116  0.76815467869830889  0.77870482975676669  0.78922658824589453
  0.79975392687072921  0.81026034515505252  0.82078850016827254  0.83132543673816250
  0.84183138526676438  0.85235939192018073  0.86288871497856168  0.87348263952787697
  0.88406453553371467  0.89463531478964065  0.90516734232005192  0.91568750605830573
  0.92621610929761777  0.93677489445239204  0.94734872685736660  0.95791950387547486
  0.96846000954423717  0.97899368569893397  0.98949758668498577  1.00000000000000000
 -0.00220224835762607  0.00961188983446118  0.01979778630794343  0.03030718873729055
  0.04086816080762558  0.05140583256618275  0.06194285600873808  0.07247935002564314
  0.08304003911604294  0.09359862361587093  0.10412504496012194  0.11463674882535507
  0.12515837049277864  0.13571810984435548  0.14629228702808084  0.15687014649701947
  0.16743867015141761  0.17799346753462311  0.18854735171877429  0.19910862523404169
  0.20962864899242351  0.22015425600474575  0.23067423145828325  0.24120691676018807
  0.25172223017064832  0.26224043024848526  0.27278574769068586  0.28336624722782811
  0.29391922662597825  0.30447560537022733  0.31503002149726056  0.32560884448487515
  0.33617608601728816  0.34671200603135438  0.35723400030837682  0.36777091917270394
  0.37831173987952121  0.38885072876914106  0.39939334704120510  0.40994393022519804
  0.42047887297791792  0.43100703688264824  0.44152463091809624  0.45203830376875126
  0.46257456453457435  0.47311321475895018  0.48367717542857003  0.49422461083069236
  0.50476082545093770  0.51528977421747169  0.52580949584808900  0.53636321982204194
  0.54693393889928543  0.55750436593086083  0.56803862723693910  0.57856790457755614
  0.58910355678350201  0.59966258086567681  0.61023221181865583  0.62078503957606890
  0.63132948043820625  0.64188504333601193  0.65246266422811805  0.66303157252542866
  0.67356335044803217  0.68406508136293531  0.69460039382160765  0.70515460481678993
  0.71573547160938289  0.72630886774729131  0.73685593202997413  0.74739547686553887
  0.75791169211842968  0.76842176822876607  0.77892573705660795  0.78944743725547406
  0.79997475386480232  0.81050317023329010  0.82099931012348970  0.83150913513069791
  0.84201501684699387  0.85251579968138691  0.86299466222274479  0.87347087989255989
  0.88400441935454088  0.89455394311844205  0.90511382902733351  0.91565501489194034
  0.92620299723545574  0.93675246302056758  0.94730296356760579  0.95786937480926249
  0.96844720804367690  0.97899465403084551  0.98951102992292450  1.00000000000000000
 -0.00250496668010995  0.00950238074633309  0.01964534827633404  0.03014260186928459
  0.04066024000192545  0.05119292636615832  0.06173220125310807  0.07227239948678366
  0.08282211642601617  0.09338320106005428  0.10394892293787941  0.11450380379823202
  0.12504328044035082  0.13557005647522846  0.14610663692701698  0.15663544179740072
  0.16718779461080865  0.17771098885496311  0.18825239946121292  0.19877424326612650
  0.20929778629039900  0.21980538961884150  0.23032267755992200  0.24087172656440067
  0.25144437120842816  0.26200311516960512  0.27254195972155293  0.28305977015309580
  0.29359820808867176  0.30413891835454870  0.31470216144024149  0.32526769707461745
  0.33583652273928932  0.34637792943613899  0.35692236098830732  0.36748466037310845
  0.37807960645111971  0.38866996807623988  0.39922985743403372  0.40977567238704454
  0.42030772381849468  0.43085594119622028  0.44141007325302656  0.45194246579850711
  0.46250282104189655  0.47305272602850440  0.48361406772250243  0.49415800535108206
  0.50469967839142738  0.51524476162530941  0.52575618646396194  0.53629022621852740
  0.54683362474021269  0.55738703207219775  0.56793480687035347  0.57845268030883845
  0.58894412347330705  0.59942030591878648  0.60990033179083869  0.62041636099139585
  0.63095489028952700  0.64151846536073864  0.65206734728551485  0.66260482610439464
  0.67316220781374425  0.68371892676311741  0.69425743866802903  0.70478447155821411
  0.71534812897254285  0.72596546993576139  0.73656613462139775  0.74714480381757542
  0.75770516685349454  0.76826564152212329  0.77881441280813857  0.78935986627390553
  0.79991270571869666  0.81046341122675913  0.82099710394229031  0.83151613915610922
  0.84204467407569838  0.85257628054348744  0.86312825666355752  0.87369152842015907
  0.88422851632925603  0.89476199706778992  0.90531339981158776  0.91587741033875003
  0.92642060908719071  0.93690924133813902  0.94741681494462548  0.95794335435319100
  0.96848831560898108  0.97899536100409790  0.98949976677079965  1.00000000000000000
 -0.00254659416114532  0.00945544356796154  0.01960054500284266  0.03012984682716220
  0.04067739748965817  0.05122543939842061  0.06175702392180880  0.07228747116479896
  0.08278849981141112  0.09330168166230753  0.10382218872893936  0.11439248135326441
  0.12495747096393765  0.13551653838634356  0.14603851622856812  0.15654895186847467
  0.16704037216743889  0.17755302250254293  0.18809737623781270  0.19865849647498612
  0.20919162078020492  0.21970579677068916  0.23021186790557108  0.24073562942516177
  0.25128565369476363  0.26185733850516013  0.27243709891296164  0.28299332803820482
  0.29355648604145962  0.30407999098059008  0.31459492799191996  0.32509968186248445
  0.33564199167637560  0.34620902967937894  0.35677353716295052  0.36733631861123778
  0.37787258466095336  0.38840095886720044  0.39894430991259178  0.40947621566038611
  0.42000472096015634  0.43051488174375263  0.44104408217112656  0.45159095395757115
  0.46214399959358660  0.47269242694898067  0.48323102632723330  0.49377702823307046
  0.50433871805811825  0.51489724642072676  0.52544416896969026  0.53599210714091272
  0.54655832962875051  0.55715777353486351  0.56774259643110181  0.57831119959871846
  0.58883910257081917  0.59935590432237196  0.60984540826202893  0.62034476094776847
  0.63083131399868475  0.64137286626885892  0.65190591233600914  0.66245294474133809
  0.67300587458318895  0.68358629728075948  0.69417964382096753  0.70472915254028734
  0.71524631726702981  0.72573676674727250  0.73628226282828846  0.74683785648379286
  0.75744709234352914  0.76802548123645098  0.77859907366092329  0.78913563016801336
  0.79966068828891601  0.81018548955745950  0.82073428996406705  0.83128499862964822
  0.84184283417053574  0.85239152811432883  0.86292234083969743  0.87348269692107228
  0.88403317953949023  0.89461519270001477  0.90516469420483281  0.91570897671460638
  0.92624028492099220  0.93675237863851168  0.94728043196001088  0.95779925790789511
  0.96834919618433601  0.97889610366448143  0.98945064420651674  1.00000000000000000
 -0.00253257430754559  0.00950499826459544  0.01967214918843930  0.03017939361015890
  0.04069304110185592  0.05122144539954164  0.06174050719226795  0.07231447957645588
  0.08286663198721834  0.09341096477637997  0.10392384846150443  0.11445668356545491
  0.12496903784364602  0.13549790394416578  0.14603455869920720  0.15658267852385838
  0.16714150220474566  0.17768902857531535  0.18825821625107478  0.19882410625005373
  0.20938041379898520  0.21994054244854794  0.23047759480423236  0.24100950280245706
  0.25155751206112542  0.26211978356181770  0.27268650756994001  0.28325147961042629
  0.29380572689541729  0.30436415745648676  0.31490937533383351  0.32548195608255459
  0.33604435773394475  0.34660037373079972  0.35711144356674857  0.36762501154781513
  0.37814456132367952  0.38868047680688211  0.39923988897255863  0.40981582950837170
  0.42036892562395739  0.43090042156380420  0.44138060995036282  0.45187523440278415
  0.46236532364374489  0.47289675432959144  0.48344569447816388  0.49399557022918372
  0.50453810649782893  0.51507646040072663  0.52562938361271117  0.53617988786814097
  0.54671990090675693  0.55727536336938999  0.56781703657700677  0.57836576315992894
  0.58887644944554485  0.59939209582691855  0.60989676045300534  0.62043286085304394
  0.63097098987786038  0.64152030160768736  0.65206901683555329  0.66261018459592624
  0.67316679069789209  0.68372664399168726  0.69426265931337561  0.70480853690132927
  0.71534536495967727  0.72592060851172568  0.73647913727050396  0.74702637814420514
  0.75755675056755745  0.76808559123096698  0.77861342625526675  0.78916352598597628
  0.79970841330104725  0.81024128889464819  0.82077564773543943  0.83129638792232519
  0.84182041024252952  0.85234220134683825  0.86288801117944280  0.87343597454246058
  0.88399017080824482  0.89452401121186709  0.90506975037132065  0.91561306698936662
  0.92616125352374101  0.93670326368205570  0.94722078250456321  0.95776589141370339
  0.96832451766835526  0.97890112214094382  0.98945688713599789  1.00000000000000000
 -0.00228489024914577  0.00962830961170719  0.01981352619377391  0.03034348574330043
  0.04090514410959157  0.05146965100454265  0.06204792424779260  0.07259236700074917
  0.08312434550068976  0.09366604018382467  0.10421565044972017  0.11474988717280457
  0.12527929680561456  0.13581855621526109  0.14635563304159427  0.15687032194941547
  0.16735128224980930  0.17785735022925106  0.18838809240855489  0.19896079438060468
  0.20951921191579984  0.22004942951621109  0.23057074502320063  0.24109206506110017
  0.25163538756395154  0.26219333631842023  0.27273248617268059  0.28327334299704682
  0.29377224463522533  0.30429799788795808  0.31480930129376389  0.32534157273219072
  0.33588908003246654  0.34643284624419679  0.35698273477372183  0.36752966387178015
  0.37810014414079834  0.38867748097877464  0.39924768164924340  0.40981680852749613
  0.42039850390865602  0.43097809218356065  0.44154770343091321  0.45209077404946707
  0.46265917243082388  0.47323102317026594  0.48382316766243422  0.49436917941279157
  0.50490709222309227  0.51543145245870625  0.52596607556415942  0.53651587101267673
  0.54707720299975537  0.55765251501143009  0.56822878076693417  0.57879501573647940
  0.58932971301413417  0.59983196496412583  0.61032207166378782  0.62083216713443878
  0.63133691167901551  0.64185887975285516  0.65236235931635955  0.66289852786115533
  0.67339812654141018  0.68392095054326130  0.69440793517509702  0.70494220908305405
  0.71546828605742574  0.72601786221710074  0.73655582568146494  0.74709659715231125
  0.75764311147998942  0.76821389424873676  0.77877243536038976  0.78933040167683988
  0.79990317924278620  0.81049058024196041  0.82108559869065911  0.83163702679859797
  0.84218672861618182  0.85271903227212842  0.86324631336070279  0.87375423379410322
  0.88424306049249579  0.89475921269350600  0.90530982085419653  0.91589317793014413
  0.92642797124025045  0.93693087576784795  0.94742492106430620  0.95794713393931574
  0.96845768754977257  0.97896710332133474  0.98947196026918049  1.00000000000000000
   1.5501117442489980E-002  -1.0000000000000000     
 F F F F F F F F F F F F F F F F F F F F F F F F F F F F F F F F F F F F F F F F F F F F F F F F F F F F F F F F F F F F F F F F F F F F F F F F F F F F F F F F F F F F F F F F F F F F F F F F F F F F F F F F F F F F F F F F F F F F F F F F F F F F F F F F
  <DiscreteSampler_grid>
  grouped_processes
  1 # 1 for a reference and 2 for a running grid.
  10 # Attribute 'min_bin_probing_points' of the grid.
  1 # Attribute 'grid_mode' of the grid. 1=='default',2=='initialization'
  0.0000000000000000 # Attribute 'small_contrib_threshold' of the grid.
  0.5000000000000000 # Attribute 'damping_power' of the grid.
 # binID   n_entries weight   weight_sqr   abs_weight
    10   10   3.909555862602514E+013   3.193328429085151E+027   3.909555862602514E+013
    11   10   3.909555862602530E+013   3.193328429085187E+027   3.909555862602530E+013
  </DiscreteSampler_grid>
