  0.00982499692803358  0.01554698810432978  0.02431667250930888  0.03486298525949354
  0.04502064990338727  0.05524045447107278  0.06548702443214909  0.07578639531281943
  0.08610728853334190  0.09642071315858519  0.10668740950237272  0.11696285882462465
  0.12726024044982912  0.13760110708664983  0.14795666775456506  0.15829670997234932
  0.16860876852363943  0.17890754549990018  0.18922435983751096  0.19958265586566129
  0.20994380654442846  0.22031514957359105  0.23068091856676282  0.24104193433216817
  0.25141049101420165  0.26180195581041538  0.27220134143285335  0.28258243134270083
  0.29296632619492435  0.30334237093062566  0.31370237331667217  0.32404068013665183
  0.33439637641043241  0.34476463250981143  0.35514636384965287  0.36553557190348257
  0.37591425206896911  0.38627202288472251  0.39662272775854346  0.40699152708701647
  0.41738428893849638  0.42778738528320537  0.43820011693510957  0.44861433651584648
  0.45901710833401116  0.46939225658461814  0.47975735580110501  0.49013066430435670
  0.50052356674700327  0.51092702332804663  0.52134889719802557  0.53178111694092733
  0.54221751619893344  0.55263580191828254  0.56301595270698812  0.57338090123549124
  0.58375639907880272  0.59414660246771611  0.60453770149014985  0.61491667089616520
  0.62529188546055248  0.63567578470433228  0.64606110352165524  0.65642807412304360
  0.66676813915414901  0.67709922512576504  0.68744825267946219  0.69783204677055899
  0.70820275250027931  0.71857045566168598  0.72896067536876863  0.73936932354061768
  0.74979179433637499  0.76018099090756086  0.77057483984724851  0.78098742132947185
  0.79140870510086037  0.80184206046715700  0.81227462306313625  0.82270686075118837
  0.83311083561225607  0.84349868713269782  0.85390284048055087  0.86432413229580030
  0.87476284163043216  0.88519596285330948  0.89562550459273915  0.90605856004015983
  0.91653546900700411  0.92702480085083938  0.93753157881519045  0.94807812223265719
  0.95869528983315966  0.96934384418489128  0.98008666129653588  1.00000000000000000
  0.00947558022840934  0.01549823320445675  0.02439236381278237  0.03505391803861679
  0.04531580394313089  0.05564801799704000  0.06597610118561648  0.07636261768786713
  0.08674847667970867  0.09716332970775873  0.10757660140439644  0.11798074600705563
  0.12836091423293527  0.13878818603235421  0.14924201601004014  0.15972065389687620
  0.17015355894083267  0.18059066057351655  0.19103511404173756  0.20148856973411661
  0.21192821849301594  0.22235458878375136  0.23276598187863182  0.24318416975814600
  0.25357282775729534  0.26394001368579234  0.27430747584132764  0.28474531514084134
  0.29522101352529195  0.30571108975118250  0.31615525317626303  0.32659180629378071
  0.33702334028751357  0.34748311992606479  0.35793921597636197  0.36838852450640014
  0.37881318432695671  0.38922596694381650  0.39966977045378277  0.41011613466666569
  0.42055279039879534  0.43094981932429055  0.44138000269196620  0.45185235316457933
  0.46234860164821406  0.47281809949842063  0.48328189515474418  0.49376173532688872
  0.50425939146286858  0.51475339299643774  0.52523667112628725  0.53568661609262780
  0.54613583956408551  0.55658290326880833  0.56704738920339870  0.57753462371915032
  0.58801970463929465  0.59850334835463537  0.60894443310695023  0.61938727287791995
  0.62984348027018200  0.64032443357124424  0.65081822317090010  0.66129174156698334
  0.67177698820320209  0.68224948574131861  0.69274940466437951  0.70323234307175819
  0.71373531171800697  0.72424959408404566  0.73479063729860306  0.74528620928087930
  0.75579469742443073  0.76628942188372806  0.77680960012911116  0.78728081731011812
  0.79776386725280690  0.80826611670197235  0.81882594114282126  0.82940921838095694
  0.83997336350747975  0.85052926927845018  0.86106314029709241  0.87161700566240596
  0.88218059495170664  0.89274938604650855  0.90331524664948915  0.91386792538807782
  0.92442521969872182  0.93499788943158368  0.94562128376183563  0.95628855667283419
  0.96704276125949162  0.97787309753864460  0.98889486306562135  1.00000000000000000
 -0.00248564583651723  0.00955537830680635  0.01972907723690358  0.03023172789194073
  0.04078099055899951  0.05131352383730644  0.06182028529672755  0.07236273440690889
  0.08293381617984411  0.09354519198549958  0.10410659439645528  0.11467539351267166
  0.12521055274944029  0.13576420801432076  0.14629246094608392  0.15681343750376819
  0.16731751608361306  0.17784214936331255  0.18835127729333734  0.19884767550470997
  0.20932899453359258  0.21979673472990657  0.23027822547577259  0.24077087444596584
  0.25132880178394379  0.26193217238067690  0.27251512262602817  0.28309733843751128
  0.29368657876974785  0.30427118381652013  0.31480101930420062  0.32532793416314404
  0.33588093264910185  0.34643278494362112  0.35696442172295290  0.36747061590294605
  0.37799413981185820  0.38853699466301311  0.39907358746555383  0.40963420264453604
  0.42017179796044846  0.43072879138449788  0.44127842625781460  0.45180884844066238
  0.46234763999139578  0.47289823819532179  0.48346641633823995  0.49406796034307776
  0.50464235570937588  0.51524019738901894  0.52579349073785853  0.53632718031576465
  0.54687139839592436  0.55739588406026996  0.56795248960278610  0.57849550711448516
  0.58905990261332219  0.59959732436860302  0.61009390213503067  0.62059343131526701
  0.63116427785428286  0.64170200369382668  0.65222228267491100  0.66266151202710699
  0.67314315900469712  0.68363315890710774  0.69417086278006568  0.70474428918144105
  0.71532444154381358  0.72590901461281687  0.73646801793752892  0.74703358246161744
  0.75757810259211156  0.76812196632114316  0.77866226694161977  0.78919726106498589
  0.79974932731119563  0.81028843708268716  0.82082197925271794  0.83134108670658358
  0.84185928458868498  0.85240668611733805  0.86298498571947702  0.87359050313293163
  0.88415864601472693  0.89469454554660621  0.90520858681942118  0.91572221277624566
  0.92620857666103396  0.93672414176065577  0.94724622654158552  0.95779891176548615
  0.96834275435471284  0.97889788137692146  0.98944983063159109  1.00000000000000000
 -0.00240560792546341  0.00978533343670306  0.02005958005625001  0.03062109414066039
  0.04117056910902796  0.05166140158742009  0.06213986276495185  0.07263628272032520
  0.08316479602779864  0.09371241047537675  0.10426174829906169  0.11479820706952870
  0.12533909750869993  0.13588127501582611  0.14644760714719218  0.15698150876910880
  0.16757164199697086  0.17816200086377026  0.18878979041945743  0.19938447512296731
  0.20995530322949366  0.22053311090966179  0.23108834571539755  0.24164254617305905
  0.25217727274563778  0.26270727353498846  0.27321795249580921  0.28374107967878770
  0.29429177965856007  0.30486129979121857  0.31544465323158472  0.32600715686767928
  0.33653482838745513  0.34699934610530092  0.35747503913388279  0.36795967143098379
  0.37844759585936488  0.38893356117811595  0.39937630642500144  0.40987114284693610
  0.42035508368107716  0.43094736901276115  0.44150656530925603  0.45206232525871859
  0.46257583880167097  0.47310853220385901  0.48364784708534048  0.49414966437297070
  0.50463784934807032  0.51509318142646809  0.52557309696020549  0.53603531988579789
  0.54655634557877320  0.55709531119975164  0.56762483924346130  0.57811566682966897
  0.58857075932706715  0.59912150719703394  0.60970224792330618  0.62030156762111088
  0.63083238986780232  0.64138345828463450  0.65197557298517073  0.66256874533269883
  0.67314615204903050  0.68369128416925129  0.69425305743408650  0.70481555891411285
  0.71537349054630928  0.72590136244614811  0.73641593600791022  0.74696417539553428
  0.75752376651331765  0.76810548300225900  0.77866532920648868  0.78920427985893538
  0.79969063876384894  0.81018540559093344  0.82069966078833034  0.83127527879227714
  0.84185163744534453  0.85246329388595254  0.86304795466474993  0.87361428276172304
  0.88415867201421361  0.89466977836653538  0.90522798086161360  0.91577911368955844
  0.92632338711983486  0.93678635905676866  0.94727128927513771  0.95782548658091360
  0.96836117321575943  0.97891134093456389  0.98943750165579880  1.00000000000000000
 -0.00210682032334046  0.00998658147007810  0.02024520927338602  0.03079372128929891
  0.04129434763459562  0.05181278033445785  0.06239356366830635  0.07298916396553279
  0.08355803996441197  0.09411800762260131  0.10465876679091990  0.11519207165237536
  0.12570043557187821  0.13617207821429803  0.14669854666322132  0.15721321517395428
  0.16779041210334747  0.17831648129997948  0.18881948957015465  0.19931434791455263
  0.20984056054327421  0.22038748656609894  0.23092309353888996  0.24146690355331668
  0.25197004221241392  0.26246267996002304  0.27296137350026378  0.28351588196946181
  0.29409082917365370  0.30462719231712204  0.31516059759162030  0.32566040440174060
  0.33616919114218458  0.34665513244303409  0.35714502449321872  0.36760942974715072
  0.37811779486880065  0.38862779959272659  0.39917569904893108  0.40971457771537700
  0.42031135397734071  0.43087372888384384  0.44141665849567568  0.45195071543561877
  0.46253521695395272  0.47316582202488733  0.48379195978452938  0.49435977218578087
  0.50489404120890435  0.51538705888188174  0.52592224825676948  0.53648703977121837
  0.54705839333225770  0.55764585170113612  0.56820308319271695  0.57875253650555381
  0.58930544789607742  0.59982146364393452  0.61031759939779073  0.62078932450488378
  0.63131546279807060  0.64188045051873777  0.65244120828239516  0.66298495639791455
  0.67351138581078951  0.68408749665056756  0.69462208156813854  0.70518560990465617
  0.71568528491920169  0.72621397613637118  0.73675838098096724  0.74733861991771700
  0.75791819195290833  0.76848869242372908  0.77904091363255878  0.78957861276335750
  0.80005583079179388  0.81049503225748620  0.82095409938716002  0.83144245950997664
  0.84197711291536892  0.85250625122367973  0.86304112710952918  0.87354664998433018
  0.88404137465470056  0.89458361187816271  0.90511783962745451  0.91568042709094599
  0.92619791640932203  0.93672593747545574  0.94724064360479443  0.95777288308602460
  0.96834683576538283  0.97891236974547824  0.98946853754148756  1.00000000000000000
 -0.00196402567574034  0.00973259684282966  0.01994567056786158  0.03047574833235376
  0.04099225244017196  0.05147706096717344  0.06199980817805130  0.07255405459085293
  0.08312102614308232  0.09365288620036179  0.10415825375930640  0.11468221479206729
  0.12520017612732492  0.13573820319840788  0.14628448728838900  0.15685689748033407
  0.16743256376433180  0.17798355269908062  0.18850416647172527  0.19900116518924102
  0.20949109928017903  0.22004167816582787  0.23059700558177845  0.24115342727368549
  0.25170257757502557  0.26225015956362219  0.27281373352792176  0.28334702843321269
  0.29389077840012551  0.30445800268810247  0.31503770759525812  0.32564832403956073
  0.33623320815001162  0.34681567017856912  0.35734967114416988  0.36790621480360641
  0.37840993844612142  0.38893439870904156  0.39943170388243293  0.40997975258835900
  0.42049661784372422  0.43105044410507820  0.44159673492046980  0.45217324994768293
  0.46271411870120577  0.47322831772275298  0.48375628797205145  0.49429428579167478
  0.50488245232736628  0.51545330336393713  0.52600433484810061  0.53651464182997011
  0.54703491805828452  0.55757861495905037  0.56812791728721057  0.57870342503061145
  0.58927266035305526  0.59985223180106284  0.61034884093704989  0.62085048246385888
  0.63134580276363572  0.64190384417578150  0.65242020688863223  0.66290961784085822
  0.67338417670108686  0.68389242819415852  0.69443766413218910  0.70498822343770173
  0.71556957049478886  0.72614267426875967  0.73669062003464814  0.74723075390613580
  0.75779992875971369  0.76839053592283846  0.77897353716180229  0.78951533880959668
  0.80003489416561180  0.81055393824234589  0.82109833482523442  0.83164040832622887
  0.84211743611215495  0.85260690792897809  0.86310860957655211  0.87362251263948587
  0.88410839270009212  0.89458843849444480  0.90509168452068833  0.91561801108842367
  0.92616366912026549  0.93678313410317937  0.94737205474819752  0.95791780469229748
  0.96840542869693658  0.97888084926054031  0.98943156928677944  1.00000000000000000
 -0.00207834635477011  0.01006883092363521  0.02043182340955266  0.03098664803425821
  0.04156157588256811  0.05208871474409539  0.06263168487542621  0.07313672605330607
  0.08364513801113893  0.09417380252280072  0.10475348035269584  0.11531608585210958
  0.12588261376188681  0.13640621535532915  0.14693426520685390  0.15745647572491744
  0.16801084845490891  0.17853268760470198  0.18897860598371236  0.19940499122743563
  0.20989556199940532  0.22048709029488142  0.23107921521360297  0.24161947082478397
  0.25214954322278249  0.26271380016593071  0.27326499325581732  0.28379549602905485
  0.29431527806675983  0.30485058296537693  0.31537601567720497  0.32591903530090516
  0.33646082666788291  0.34703780810099488  0.35755972282479931  0.36811643327474119
  0.37864429236841757  0.38920932817097009  0.39973669634257347  0.41026649349429234
  0.42077559037749113  0.43134198390897172  0.44189625432643143  0.45246039598000992
  0.46298759471601542  0.47351232050308933  0.48405784487729980  0.49464217996514898
  0.50516663702635345  0.51563672464284205  0.52608089914588207  0.53656733536980605
  0.54703978336115777  0.55750197034734894  0.56798620651900200  0.57854242588963012
  0.58905152448414333  0.59958060883438991  0.61009620638965101  0.62066425778733569
  0.63122035231719087  0.64176267843831747  0.65228691913302483  0.66282371843238097
  0.67332146119081815  0.68385022017750641  0.69436013826930187  0.70489409997528529
  0.71541713831708520  0.72594460865195054  0.73649180102663780  0.74702679379704973
  0.75757243650601425  0.76810276185367610  0.77864267911791518  0.78914374891561012
  0.79963125772337795  0.81014959078486337  0.82073592917450244  0.83134174294102714
  0.84190477790695584  0.85243586729864418  0.86293511363481579  0.87344295643154424
  0.88397179453713526  0.89454133519153634  0.90512964375459559  0.91567382423142929
  0.92624068136647930  0.93677622627637391  0.94733345456566498  0.95784927929254848
  0.96836842758177955  0.97889020535036397  0.98943070783047993  1.00000000000000000
 -0.00244451355777121  0.00955015600071171  0.01969406265047360  0.03022537286779477
  0.04077616896281061  0.05133403273134308  0.06185306906910092  0.07234902237084899
  0.08288562156812700  0.09340553133159216  0.10393531684472242  0.11440625836983306
  0.12494081703404114  0.13547938297391984  0.14602756585514229  0.15655771863848669
  0.16708434006566575  0.17760955681720977  0.18816707899583740  0.19870207516750216
  0.20925217436893029  0.21975596204101647  0.23030636264499435  0.24088148695688641
  0.25146598360335032  0.26205385922382657  0.27262419185817338  0.28319619241996880
  0.29374311422586774  0.30429936714487138  0.31489265333680833  0.32545134894997652
  0.33599071095564720  0.34647520199081622  0.35702066175111058  0.36754373373538546
  0.37807603536333345  0.38861165853626090  0.39916777078662846  0.40971540601054074
  0.42025565986292635  0.43078157017859020  0.44132561996226483  0.45182145457272238
  0.46233611763464511  0.47282545340622262  0.48334347609289002  0.49386455303820898
  0.50437581302415890  0.51489464998408807  0.52539361514199767  0.53592495300071930
  0.54642963524737465  0.55696449381385726  0.56748318315778501  0.57802470532078820
  0.58857737048762293  0.59915704012780335  0.60971708407159630  0.62025170388268258
  0.63076206508500710  0.64129983228108822  0.65184040066125615  0.66237749941759394
  0.67288942328334844  0.68339459292615767  0.69391655937876839  0.70446543451502708
  0.71498811132558460  0.72552232206309253  0.73605832023895479  0.74663166818784965
  0.75717925279079623  0.76768867614187475  0.77821895650811046  0.78878094812394661
  0.79935773211518391  0.80991297320000311  0.82041856074559749  0.83096729587098839
  0.84154760771665726  0.85215756889303707  0.86273003164782769  0.87334001721859844
  0.88399948561539943  0.89462598968466900  0.90516542212109519  0.91569310522333480
  0.92628265473663940  0.93689906170600790  0.94745743541775473  0.95800939377782401
  0.96850598748442207  0.97903010295173376  0.98952218672914305  1.00000000000000000
   1.1806948199176403E-027  -1.0000000000000000     
 F F F F F F F F F F F F F F F F F F F F F F F F F F F F F F F F F F F F F F F F F F F F F F F F F F F F F F F F F F F F F F F F F F F F F F F F F F F F F F F F F F F F F F F F F F F F F F F F F F F F F F F F F F F F F F F F F F F F F F F F F F F F F F F F
  <DiscreteSampler_grid>
  grouped_processes
  1 # 1 for a reference and 2 for a running grid.
  10 # Attribute 'min_bin_probing_points' of the grid.
  1 # Attribute 'grid_mode' of the grid. 1=='default',2=='initialization'
  0.0000000000000000 # Attribute 'small_contrib_threshold' of the grid.
  0.5000000000000000 # Attribute 'damping_power' of the grid.
 # binID   n_entries weight   weight_sqr   abs_weight
    10   10   3.321881079573601E-017   2.652574588007833E-033   3.321881079573601E-017
    11   10   3.321881079573600E-017   2.652574588007831E-033   3.321881079573600E-017
  </DiscreteSampler_grid>
