  0.00931912321330557  0.01721881145772565  0.02530053025738296  0.03595707012672050
  0.04606520626184852  0.05620380475907701  0.06635192195776764  0.07654357563483030
  0.08678157840094007  0.09705435240442846  0.10736508248856187  0.11768759979309706
  0.12800274500330161  0.13830033770588668  0.14859319315156114  0.15887589500355248
  0.16916184022373243  0.17946542930742554  0.18977567442477464  0.20009580820307787
  0.21041621940040517  0.22075839332624858  0.23112776172347871  0.24146983375646511
  0.25181516888904731  0.26215267764371475  0.27251594491582848  0.28286423514201908
  0.29317532653255435  0.30346990211993108  0.31378731182683495  0.32413389307192036
  0.33450188701273431  0.34485345731991185  0.35520521338312122  0.36556747814238433
  0.37591500803507566  0.38625345174152803  0.39658494083663803  0.40695102382543297
  0.41731507915812743  0.42769267396967992  0.43807044392333783  0.44845640171405876
  0.45882101458366414  0.46918538499098228  0.47953970418891878  0.48989065015403416
  0.50023791711830179  0.51059694906297870  0.52097395867804219  0.53135766311620825
  0.54173610904880798  0.55211704150258600  0.56249784657690771  0.57287694721258109
  0.58324448138618268  0.59359532731267783  0.60394037938439948  0.61428399291456659
  0.62463858368527880  0.63501841239798851  0.64541845664753150  0.65580714664682493
  0.66618698641465091  0.67657635880618672  0.68698358913842972  0.69739342260920867
  0.70781793795231729  0.71823755117418320  0.72866304984895092  0.73905075643095397
  0.74941839608811112  0.75979584672109512  0.77021278960252570  0.78064947847818966
  0.79106770661071812  0.80146007220202520  0.81185943534844252  0.82227402757804824
  0.83267901086110274  0.84308900718207958  0.85351789090656482  0.86395539572771518
  0.87439813615673823  0.88483023960259577  0.89529042514623347  0.90575160133805854
  0.91624557222812564  0.92674812053587252  0.93729342988566966  0.94785803608050512
  0.95843310081145694  0.96908117923250792  0.97980697165167874  1.00000000000000000
  0.00958686053291031  0.01522370183304439  0.02402953341649837  0.03451255302165789
  0.04462265587610566  0.05480996687717114  0.06505054054725777  0.07532035328936970
  0.08560206833769111  0.09589658762030173  0.10623895191137987  0.11660003184328518
  0.12694799307929319  0.13727101658883756  0.14759541500889350  0.15791989476543250
  0.16828864694885698  0.17867973233816989  0.18907662401320263  0.19944333269323680
  0.20979235436042248  0.22011480951170312  0.23040209500570247  0.24073625042818245
  0.25108588333123999  0.26146935013523293  0.27184036737794004  0.28224253487433848
  0.29264110813763267  0.30298495401992231  0.31329864899263898  0.32359718188322056
  0.33395601795042879  0.34432965052268033  0.35471201947716396  0.36505744102127857
  0.37540614553250462  0.38575768554968287  0.39610822400497925  0.40643157742851771
  0.41677772007199387  0.42717295369185637  0.43760986307835903  0.44803754372455723
  0.45842114413116813  0.46878708649141915  0.47916518245224654  0.48957707279283924
  0.49999029708069986  0.51037390497335178  0.52071867063702926  0.53105800462238872
  0.54141952333017795  0.55180267369637004  0.56218414216705392  0.57255518376523185
  0.58291170736028808  0.59328048521853993  0.60366195736295314  0.61406179984623332
  0.62446350656120919  0.63485399267633447  0.64526275636240804  0.65568112852466254
  0.66611650647816711  0.67655158358249590  0.68697150248483296  0.69737594809191827
  0.70774701897065773  0.71810707832759635  0.72848114835163069  0.73888925441457365
  0.74931640678620948  0.75973878957681462  0.77014986692511955  0.78057867032194483
  0.79104705857900415  0.80149764860713146  0.81193268737235791  0.82233585860056446
  0.83274663436025820  0.84314224687787043  0.85351516536555672  0.86391080776305285
  0.87429549009692920  0.88472635631502139  0.89520109358041577  0.90571949267782692
  0.91622649151241931  0.92669953140149686  0.93719846158899023  0.94775897049835633
  0.95835674166742035  0.96904653791744744  0.97981838794722920  1.00000000000000000
 -0.00233355330628225  0.00998056392027011  0.02026801198394426  0.03082997082037569
  0.04135327264930854  0.05187070137880431  0.06238708702324335  0.07293550566047148
  0.08345040165997433  0.09397359211036636  0.10443590774814941  0.11492381627806290
  0.12544376502077703  0.13601593678444637  0.14660275573400416  0.15714870256207514
  0.16767596459353673  0.17818428986702831  0.18871891313006797  0.19925977348717167
  0.20980367176453432  0.22030737542076803  0.23079811160601951  0.24127771447032395
  0.25176084357557749  0.26232078971651507  0.27292727630407143  0.28353481526414875
  0.29408890331275600  0.30465772328320723  0.31523062975624411  0.32582122847328882
  0.33636691367868460  0.34692954499219458  0.35745495186632364  0.36799473371089647
  0.37851603330676176  0.38905211685856311  0.39956153811813583  0.41007207872613005
  0.42058276794965660  0.43112228005373771  0.44168003992578408  0.45224182568784010
  0.46282304963099208  0.47340341490195037  0.48395014858209068  0.49443853323474268
  0.50492451244129144  0.51545133100644680  0.52600313339752125  0.53656588239874803
  0.54708978128122554  0.55756293184609240  0.56801802123922385  0.57846408048330489
  0.58897463960474994  0.59944065518249501  0.60998830755458222  0.62056397495800997
  0.63120068140434593  0.64176167349600877  0.65230583361541550  0.66291994551777500
  0.67355532360004022  0.68416249227345516  0.69468205883891310  0.70518357536776610
  0.71571641861521385  0.72623815151751836  0.73678880552499859  0.74730259174585445
  0.75783391427122959  0.76837933942093839  0.77891989914745197  0.78941575614357928
  0.79986684004513597  0.81032992721369845  0.82085751062177470  0.83143154128757868
  0.84198005849595914  0.85251747009920786  0.86311600385707921  0.87371220505783853
  0.88428766350750010  0.89477031283574393  0.90531444631248192  0.91587161514954518
  0.92646425476144900  0.93696390081281133  0.94744503666037172  0.95788287362095170
  0.96838389700388894  0.97891985212246257  0.98947064721414923  1.00000000000000000
 -0.00249108932331917  0.00964963340938088  0.01987498893550724  0.03043653087826851
  0.04104539414055221  0.05164201506036163  0.06219802846667776  0.07273238258215776
  0.08323821162135854  0.09381863170512920  0.10438524681238713  0.11496304064545401
  0.12549284104079772  0.13600562835824284  0.14656052188025490  0.15712805183823569
  0.16772109885715691  0.17825824706499438  0.18875790079268731  0.19924037830320313
  0.20974253295587178  0.22023942062610191  0.23078465319962196  0.24134654540127862
  0.25194176366034304  0.26248245680887622  0.27299722448503128  0.28346017275745161
  0.29396902432312721  0.30446982935181005  0.31503788119166126  0.32559340220081001
  0.33619456437220779  0.34683675502282812  0.35746585292370497  0.36804946675332323
  0.37857241703461381  0.38908492301154030  0.39962183206759755  0.41016238371028452
  0.42073444271765609  0.43128806484405324  0.44179828682931277  0.45228689689522428
  0.46281548408916307  0.47338006458324411  0.48392763666126731  0.49442210208052245
  0.50490519641656817  0.51539323736970732  0.52591228220637576  0.53645068015979103
  0.54702558098873866  0.55759464734262243  0.56813109615204804  0.57864969161243029
  0.58913368632289431  0.59963046394512609  0.61015053731051117  0.62071239722179961
  0.63131182949320008  0.64188110472352056  0.65241778003721373  0.66292799859056417
  0.67345218972809184  0.68400591553220014  0.69455994664038967  0.70514142698351623
  0.71571397354612476  0.72628985501183119  0.73681130398915984  0.74733715337607232
  0.75785509577449228  0.76839110035584079  0.77894566825679590  0.78951978993652216
  0.80010084718170882  0.81067578397570461  0.82123093375581691  0.83174558697576795
  0.84227166064514869  0.85280555774651934  0.86337092119460357  0.87389240137484037
  0.88440465213607267  0.89489206401423804  0.90541923374640831  0.91596365556013803
  0.92651254923346538  0.93705019436919057  0.94753353674141561  0.95803403682734112
  0.96848963651714304  0.97896621358317304  0.98946249222756755  1.00000000000000000
 -0.00212988441108375  0.01013847269239406  0.02047591204789716  0.03098740292658874
  0.04155671009103521  0.05205336214489711  0.06257498039143670  0.07303532944003764
  0.08354931151027435  0.09409332642422340  0.10465901150622350  0.11520097425987012
  0.12577365300768178  0.13635152746321721  0.14694225352197740  0.15749033358566833
  0.16801281684214692  0.17856042378102274  0.18907770845918573  0.19961766298243294
  0.21022216774116331  0.22081082042170003  0.23139751891441512  0.24186269998878895
  0.25234777810983644  0.26281618676986690  0.27332502217158183  0.28384972227764305
  0.29434850994835127  0.30484255608603605  0.31534079838969720  0.32588565324162166
  0.33641760411323085  0.34693989085687826  0.35746051107143950  0.36800382232550455
  0.37854977894305525  0.38906655875733942  0.39955978686094373  0.41006791817862059
  0.42061433333626386  0.43121385998752676  0.44179888611531254  0.45238968494466392
  0.46296062507381364  0.47350673190400955  0.48405204083449610  0.49455568880382106
  0.50506058520343755  0.51551379225883232  0.52598156138026819  0.53648521307269026
  0.54704348804772263  0.55761144216716185  0.56815236203648334  0.57864782692674221
  0.58913110837183003  0.59962092253631838  0.61012696253581433  0.62065478424691389
  0.63117132916203134  0.64169932446379618  0.65221280194130249  0.66277153204437100
  0.67331126258633001  0.68386206416712214  0.69439371083715096  0.70496948935736314
  0.71554477898283408  0.72611451106355063  0.73666329642140738  0.74720094151164396
  0.75771247782148199  0.76819505903069274  0.77870715157872905  0.78924932575700191
  0.79981975665219573  0.81036086676292396  0.82089875010320901  0.83143273085715641
  0.84195515410528099  0.85247540962016721  0.86300862555193214  0.87355025037959944
  0.88408735746782974  0.89458907028817947  0.90511376297750534  0.91563045451970271
  0.92618828580230916  0.93668272902950933  0.94724309732051970  0.95777252151059999
  0.96837232132137052  0.97888620456891184  0.98945032849997416  1.00000000000000000
 -0.00216861527985546  0.00979668600193409  0.02000808706689067  0.03054435802199518
  0.04106676437245119  0.05162139006944615  0.06217940926022357  0.07275125619561466
  0.08331355657837194  0.09386300870267786  0.10440173707130215  0.11493559859773980
  0.12544746165328230  0.13595888609215961  0.14647333680616917  0.15698062106745003
  0.16747363141772781  0.17794683070229531  0.18848692025551791  0.19908882663976529
  0.20970158239729630  0.22025981176239065  0.23083163642495011  0.24139311346522779
  0.25196531118373311  0.26245911373307995  0.27296558762007211  0.28344247848203724
  0.29394527741560195  0.30443118666693586  0.31496997583912123  0.32547965010385410
  0.33602418150330221  0.34651279103638416  0.35700892785201799  0.36749195417266378
  0.37798883373872655  0.38852625288212522  0.39911552959920604  0.40969471332069041
  0.42027133805416012  0.43079341873165272  0.44134232936635648  0.45188074925800792
  0.46239091840849544  0.47291447059818392  0.48341424438189290  0.49394579342641959
  0.50445313142304815  0.51499825250876330  0.52553730517105268  0.53611315770783752
  0.54671032772908656  0.55729283935995377  0.56787082681775969  0.57841623049531576
  0.58902672830191072  0.59958694851053573  0.61016669147044367  0.62073186183537921
  0.63133010869233952  0.64184873088267669  0.65237265644710130  0.66287428625802736
  0.67343462786745811  0.68400741441593438  0.69459336050055642  0.70514827371623057
  0.71563442139952105  0.72613157611927170  0.73667769405335992  0.74728305872049516
  0.75782135552441943  0.76833675327860718  0.77880506445701503  0.78933593097528199
  0.79986273213603054  0.81043121066149748  0.82099107973034169  0.83152173759029302
  0.84200549435012217  0.85247899735412191  0.86296020406000995  0.87350056140815668
  0.88405914753024684  0.89463312120559257  0.90516747031330747  0.91571048777814446
  0.92626960682395143  0.93681457276572067  0.94733350680974915  0.95777970657265421
  0.96831214810349731  0.97888614556245424  0.98948218936012466  1.00000000000000000
 -0.00184293783810980  0.01001692699270614  0.02030720383743865  0.03084330814730320
  0.04137570020051640  0.05197615756393342  0.06260023409818058  0.07323228096662274
  0.08372911768773930  0.09423369243539305  0.10471130773704607  0.11521629874524814
  0.12574099864303123  0.13630267335038745  0.14685304976181038  0.15743101984766097
  0.16795353319351208  0.17847034064852260  0.18895069358383526  0.19944664241948448
  0.20997511438912037  0.22049261012960850  0.23103472564003852  0.24158969305011008
  0.25214256735641399  0.26265513327176748  0.27312853018640654  0.28365687717335741
  0.29425846981505188  0.30489927954164803  0.31548603280380932  0.32604253079112261
  0.33660910585387632  0.34720886204368073  0.35780102104007266  0.36838048391374661
  0.37895947893203424  0.38951395083149837  0.40003989313806165  0.41054996088675544
  0.42109417551510414  0.43162804974173719  0.44215546700831465  0.45268488387487410
  0.46322631075420462  0.47377254112404121  0.48426821182452062  0.49475301464475152
  0.50520399353575196  0.51565978076311569  0.52615995611381672  0.53667978980997566
  0.54722205410771485  0.55775387901929874  0.56824681622952911  0.57874599814697236
  0.58920577961926790  0.59969341198320236  0.61015343769979735  0.62065598363911978
  0.63117979340932140  0.64174211276572080  0.65228635708091698  0.66279037563368415
  0.67327255510738859  0.68374404687780976  0.69426630158027625  0.70480263502339247
  0.71533151259231664  0.72585248147222359  0.73637232775437955  0.74692683634479007
  0.75751419259443231  0.76810937110448063  0.77870719531750776  0.78927173186312227
  0.79981783910133986  0.81034511580162238  0.82085959452386048  0.83138539882110307
  0.84191324585413252  0.85246861626944337  0.86301384021466188  0.87356518036200725
  0.88413953240097909  0.89470665192949062  0.90527816311969944  0.91580871230228722
  0.92634361226734052  0.93684582833197372  0.94736246721690476  0.95788755527126290
  0.96843830229861061  0.97896459651011525  0.98949034999687846  1.00000000000000000
 -0.00236187917563737  0.00982678333059397  0.02017133949112885  0.03081052346672865
  0.04144589899489592  0.05201723471481087  0.06260214373215864  0.07315990199132484
  0.08369277875835167  0.09422061483774631  0.10472769716288663  0.11523431680925018
  0.12573977638572711  0.13630080134177744  0.14688524139724374  0.15744855012635753
  0.16801134000642581  0.17853259633972715  0.18902315559800392  0.19953032905034582
  0.21003032001529490  0.22058162856200014  0.23114288386254495  0.24174422528281031
  0.25235426103943859  0.26288399637881588  0.27341360397654552  0.28390588360943525
  0.29443233344362085  0.30495866080892448  0.31549611534805805  0.32603097052442170
  0.33652286687765465  0.34700406375935622  0.35747843231658877  0.36795343504687472
  0.37840660496946327  0.38886325157625884  0.39934454735570302  0.40983108977684973
  0.42033846535029507  0.43083904085147451  0.44140090586813868  0.45195786638347851
  0.46253206784732281  0.47309648908228774  0.48363404271132565  0.49417719790532716
  0.50473215847598052  0.51534040445146212  0.52590163171233151  0.53641201812356409
  0.54691111255436298  0.55745801870928380  0.56804334363734410  0.57861056230010954
  0.58918495239437763  0.59974695180478865  0.61029170525859500  0.62085276246644261
  0.63139450250077667  0.64196429858967796  0.65248748502305320  0.66299848733566780
  0.67348428075256961  0.68395910853726893  0.69447665181020968  0.70499621483227826
  0.71551100101814524  0.72603118195363403  0.73657102732954971  0.74711315687176438
  0.75763044288383274  0.76816441409601977  0.77875310759020289  0.78930158054546029
  0.79983043986424585  0.81034454734287875  0.82087907215021660  0.83141357490003309
  0.84197985662422159  0.85256255271810144  0.86313150510066805  0.87363190425542536
  0.88411251300017180  0.89461115748416919  0.90516744593189036  0.91571856486302095
  0.92621464025231737  0.93668061618396270  0.94720719547657406  0.95779432676726284
  0.96837419866239516  0.97891076619514605  0.98945181646815616  1.00000000000000000
   5.1758082883037587E-025  -1.0000000000000000     
 F F F F F F F F F F F F F F F F F F F F F F F F F F F F F F F F F F F F F F F F F F F F F F F F F F F F F F F F F F F F F F F F F F F F F F F F F F F F F F F F F F F F F F F F F F F F F F F F F F F F F F F F F F F F F F F F F F F F F F F F F F F F F F F F
  <DiscreteSampler_grid>
  grouped_processes
  1 # 1 for a reference and 2 for a running grid.
  10 # Attribute 'min_bin_probing_points' of the grid.
  1 # Attribute 'grid_mode' of the grid. 1=='default',2=='initialization'
  0.0000000000000000 # Attribute 'small_contrib_threshold' of the grid.
  0.5000000000000000 # Attribute 'damping_power' of the grid.
 # binID   n_entries weight   weight_sqr   abs_weight
    10   10   1.570515963855750E-014   3.571130771456853E-028   1.570515963855750E-014
    11   10   1.570515963855751E-014   3.571130771456859E-028   1.570515963855751E-014
  </DiscreteSampler_grid>
