  0.10728173564692371  0.11241582522177312  0.11270599312458725  0.11299616102740137
  0.11328632893021548  0.11357649683302960  0.11386666473584373  0.11415683263865785
  0.11444700054147197  0.11473716844428609  0.11502733634710020  0.11531750424991433
  0.11560767215272845  0.11589784005554257  0.11618800795835670  0.11647751396252008
  0.11676665993322551  0.11705580590393093  0.11734495187463635  0.11763409784534179
  0.11792324381604721  0.11821238978675264  0.11850153575745806  0.11879068172816350
  0.11907982769886892  0.11936897366957434  0.11965811964027977  0.11994726561098519
  0.12023641158169063  0.12052555755239605  0.12089559308324806  0.12129871571886720
  0.12170183835448635  0.12210496099010550  0.12250808362572464  0.12291120626134380
  0.12331432889696295  0.12371745153258210  0.12412057416820124  0.12452369680382039
  0.12492681943943953  0.12539058958396479  0.12589525881659708  0.12639992804922934
  0.12690459728186163  0.12740926651449389  0.12791393574712617  0.12841860497975843
  0.12892327421239072  0.12942794344502298  0.12996264034467378  0.13054409330856587
  0.13112554627245795  0.13170699923635004  0.13228845220024213  0.13286990516413424
  0.13345135812802633  0.13403281109191842  0.13460158444069253  0.13506092580958567
  0.13552026717847879  0.13597960854737190  0.13643894991626501  0.13689829128515815
  0.13735763265405126  0.13781697402294438  0.13827631539183752  0.13873565676073063
  0.13919499812962374  0.13963773546111305  0.14002291513458365  0.14040809480805422
  0.14079327448152479  0.14117845415499536  0.14156363382846593  0.14194881350193650
  0.14233399317540707  0.14271917284887764  0.14310435252234821  0.14348953219581878
  0.14387471186928935  0.14425989154275992  0.14464507121623049  0.14749665732867076
  0.14749665732868075  0.14749665732869074  0.14749665732870074  0.14749665732871073
  0.14749665732872072  0.14749665732873071  0.14749665732874070  0.14749665732875070
  0.14749665732876069  0.14749665732877068  0.14749665732878067  1.00000000000000000
  0.68387232459531411  0.69123629429755107  0.69171698838042206  0.69219768246329305
  0.69267837654616404  0.69315907062903503  0.69363976471190603  0.69412045879477702
  0.69460115287764801  0.69508184696051900  0.69556254104338999  0.69604323512626098
  0.69652392920913198  0.69700462329200297  0.69748531737487396  0.69796601145774495
  0.69844670554061594  0.69892739962348693  0.69940809370635793  0.69988878778922892
  0.70036948187209991  0.70085017595497101  0.70133087003784200  0.70181156412071299
  0.70229225820358399  0.70277295228645498  0.70325364636932597  0.70373434045219696
  0.70421503453506795  0.70469572861793894  0.70517642270080994  0.70565711678368093
  0.70613781086655192  0.70661850494942291  0.70709919903229390  0.70757989311516489
  0.70806058719803588  0.70854128128090688  0.70902197536377787  0.70950266944664886
  0.70998336352951985  0.71046405761239084  0.71094475169526183  0.71142544577813283
  0.71190613986100382  0.71238547286097320  0.71264912224807209  0.71291277163517108
  0.71317642102226997  0.71344007040936885  0.71370371979646774  0.71396736918356662
  0.71423101857066551  0.71449466795776440  0.71475831734486339  0.71502196673196228
  0.71528561611906116  0.71554926550616005  0.71581291489325893  0.71607656428035782
  0.71634021366745670  0.71660386305455570  0.71686751244165459  0.71713116182875347
  0.71739481121585236  0.71765846060295124  0.71792210999005013  0.71818575937714901
  0.71844940876424801  0.71871305815134690  0.71897670753844578  0.71924035692554467
  0.71950400631264355  0.71976765569974244  0.72003130508684132  0.72029495447394032
  0.72055860386103920  0.72082225324813809  0.72108590263523697  0.72134955202233586
  0.72161320140943475  0.72187685079653363  0.72214050018363252  0.72240414957073151
  0.72266779895783040  0.72293144834492928  0.72319509773202817  0.72345874711912705
  0.72372239650622594  0.72398604589332483  0.72424638860046542  0.72424638860047541
  0.72424638860048540  0.72424638860049539  0.72424638860050539  1.00000000000000000
  0.33405363162358598  0.33703068350034526  0.34000773537710455  0.34298478725386383
  0.34596183913062312  0.34893889100738246  0.35191594288414174  0.35478337477974980
  0.35731111955520450  0.35983886433065920  0.36236660910611390  0.36489435388156866
  0.36742209865702335  0.36994984343247805  0.37247758820793275  0.37500512048079770
  0.37743214258904240  0.37985916469728714  0.38228618680553184  0.38471320891377653
  0.38714023102202122  0.38956725313026597  0.39199427523851066  0.39442129734675535
  0.39684831945500004  0.39927534156324479  0.40170236367148954  0.40412938577973423
  0.40655640788797898  0.40898342999622372  0.41141045210446847  0.41383747421271316
  0.41626449632095791  0.41892189763355481  0.42162505621390461  0.42432821479425448
  0.42703137337460428  0.42973453195495415  0.43243769053530395  0.43514084911565382
  0.43799833957585049  0.44191421388923785  0.44583008820262521  0.44974596251601251
  0.45366183682939987  0.45757771114278722  0.46149358545617458  0.46540945976956194
  0.46932533408294935  0.47324120839633671  0.47715708270972412  0.48367030301309455
  0.49292160821232200  0.50069525066803811  0.50365532081432218  0.50661539096060615
  0.50957546110689012  0.51253553125317408  0.51549560139945816  0.51845567154574212
  0.52141574169202609  0.52437581183831017  0.52733588198459413  0.53029595213087821
  0.53325602227716229  0.53621609242344626  0.53917616256973033  0.54213623271601430
  0.54509630286229827  0.54805637300858234  0.55101644315486631  0.55397651330115028
  0.55693658344743435  0.55989665359371832  0.56283414275533716  0.56560683737516904
  0.56837953199500080  0.57115222661483267  0.57392492123466443  0.57669761585449630
  0.57947031047432807  0.58224300509415994  0.58385683844759650  0.58471962305293557
  0.58558240765827463  0.58644519226361369  0.58730797686895275  0.58817076147429181
  0.58903354607963088  0.58989633068496983  0.59075911529030889  0.59123808542887368
  0.59123808542888368  0.59123808542889367  0.59123808542890366  1.00000000000000000
  0.02299987872441608  0.02551284361464095  0.02802580850486581  0.03053877339509067
  0.03305173828531553  0.03556470317554040  0.03807766806576526  0.04059063295599012
  0.04359142129051806  0.04695751206847513  0.05032360284643220  0.05368969362438927
  0.05705578440234634  0.06042187518030340  0.10680886444925654  0.16803832021825366
  0.17087761001823337  0.17371689981821309  0.17655618961819283  0.17939547941817255
  0.18223476921815226  0.18507405901813201  0.18783620169933304  0.19014556854357109
  0.19245493538780911  0.19476430223204716  0.19707366907628518  0.19938303592052323
  0.20169240276476125  0.20400176960899929  0.20631113645323731  0.20857265695565003
  0.21049725251727994  0.21242184807890985  0.21434644364053976  0.21627103920216967
  0.21819563476379958  0.22012023032542949  0.22204482588705940  0.22396942144868931
  0.22589401701031919  0.22781861257194910  0.22984605891785720  0.23211398826255752
  0.23438191760725785  0.23664984695195815  0.23891777629665847  0.24118570564135877
  0.24345363498605910  0.24572156433075942  0.24798949367545972  0.25031424814477138
  0.25308281401973309  0.25585137989469481  0.25861994576965652  0.26138851164461824
  0.26415707751957995  0.26692564339454167  0.26969420926950338  0.27325093152691837
  0.27735864486310646  0.28146635819929461  0.28557407153548270  0.28968178487167084
  0.35151161044810803  0.45856826478436002  0.46159807253792323  0.46462788029148644
  0.46765768804504965  0.47068749579861280  0.47371730355217601  0.47674711130573921
  0.47977691905930242  0.48280672681286557  0.48583653456642872  0.48886634231999188
  0.49189615007355508  0.49492595782711823  0.49795576558068139  0.50098557333424454
  0.50401538108780775  0.50704518884137084  0.51007499659493405  0.51310480434849726
  0.51613461210206035  0.51916441985562356  0.52505639992081166  0.53445836458300533
  0.54357240586311051  0.55174034051070320  0.55990827515829589  0.56172126928965249
  0.56172126928966248  0.56172126928967248  0.56172126928968247  1.00000000000000000
  0.33698159058888755  0.34310751812799134  0.34923344566709513  0.35477135714359337
  0.35787714211454824  0.36098292708550306  0.36408871205645793  0.36719449702741280
  0.37030028199836768  0.37340606696932255  0.37654523601134143  0.37971960160412682
  0.38289396719691221  0.38606833278969765  0.38924269838248304  0.39241706397526843
  0.39559142956805388  0.39876579516083932  0.40194016075362476  0.40511452634641021
  0.40828889193919560  0.41146325753198104  0.41463762312476649  0.43798103415812301
  0.44097707505360972  0.44397311594909644  0.44696915684458310  0.44996519774006982
  0.45296123863555654  0.45595727953104320  0.45895332042652992  0.46194936132201664
  0.46494540221750341  0.46794144311299013  0.47093748400847685  0.47393352490396357
  0.47692956579945034  0.47992560669493706  0.48292164759042377  0.48591768848591044
  0.48891372938139716  0.49190977027688387  0.49490581117237054  0.49790185206785725
  0.53117955541335027  0.54385562853246872  0.54628997366186671  0.54872431879126471
  0.55115866392066271  0.55359300905006081  0.55602735417945881  0.55846169930885681
  0.56089604443825480  0.56310494395871713  0.56487837950852104  0.56665181505832496
  0.56842525060812887  0.57019868615793279  0.57197212170773670  0.57374555725754073
  0.57551899280734464  0.57729242835714856  0.57906586390695247  0.58083929945675639
  0.58261273500656030  0.58425066332625641  0.58579584579583888  0.58734102826542134
  0.58888621073500380  0.59043139320458637  0.59197657567416884  0.59352175814375130
  0.59506694061333376  0.59661212308291622  0.59815730555249869  0.59970248802208126
  0.60124767049166372  0.60279285296124618  0.60430719035732683  0.60557425174060120
  0.60684131312387557  0.60810837450714994  0.60937543589042431  0.61064249727369857
  0.61190955865697294  0.61317662004024731  0.61444368142352168  0.61571074280679605
  0.61697780419007042  0.61824486557334479  0.61951192695661905  0.62001312176386514
  0.62001312176387513  0.62001312176388512  0.62001312176389511  1.00000000000000000
  0.14612882932027177  0.14838446936595645  0.15064010941164110  0.15289574945732576
  0.15515138950301044  0.15740702954869509  0.15966266959437975  0.16191830964006443
  0.16417394968574908  0.16642958973143376  0.16917891848536096  0.17198623017046491
  0.17479354185556889  0.17760085354067284  0.18040816522577682  0.18321547691088078
  0.18602278859598476  0.18927670369711469  0.19302661723430670  0.19677653077149873
  0.20052644430869074  0.20427635784588277  0.20802627138307481  0.21177618492026684
  0.21552609845745890  0.21927601199465097  0.22302592553184303  0.22677583906903509
  0.23052575260622715  0.23427566614341916  0.23802557968061119  0.24177549321780320
  0.24552540675499523  0.24927532029218724  0.25302791614867276  0.25678115454139566
  0.26053439293411856  0.26428763132684147  0.26804086971956437  0.27179410811228727
  0.27554734650501023  0.27930058489773313  0.28305382329045609  0.28680706168317899
  0.29056030007590194  0.29431353846862485  0.29806677686134775  0.30182001525407065
  0.30557325364679355  0.30932649203951645  0.33182619028992189  0.41763346161239512
  0.42063661623517068  0.42363977085794624  0.42664292548072180  0.42964608010349736
  0.43264923472627292  0.43565238934904849  0.43865554397182405  0.44165869859459961
  0.44466185321737511  0.44766500784015067  0.45066816246292624  0.45367131708570180
  0.45667447170847736  0.45967762633125298  0.46268078095402854  0.46568393557680415
  0.46868709019957971  0.47169024482235533  0.47469339944513089  0.47769655406790651
  0.50333564453953272  0.51303312475027374  0.52273060496101476  0.53242808517175588
  0.54212556538249690  0.55182304559323792  0.56152052580397893  0.67498239765366841
  0.80010227293952974  0.92522214822539106  0.96079676015515048  0.96414670086320320
  0.96749664157125592  0.97084658227930865  0.97419652298736137  0.97754646369541409
  0.98059784904155156  0.98336958489275839  0.98614132074396532  0.98891305659517215
  0.99168479244637897  0.99445652829758591  0.99722826414879273  1.00000000000000000
  0.07020240624745684  0.07222971325488535  0.07425702026231387  0.07628432726974238
  0.07831163427717089  0.08033894128459941  0.08236624829202792  0.08534636362038936
  0.08919558627141350  0.09304480892243763  0.09689403157346177  0.10074325422448591
  0.11832281831169310  0.24629105024156833  0.37425928217144355  0.37912629270771181
  0.38327660866696661  0.38742692462622141  0.39157724058547627  0.39572755654473107
  0.39987787250398588  0.40402818846324073  0.40817850442249559  0.41232882038175045
  0.41647913634100531  0.42062945230026011  0.42477976825951491  0.42893008421876971
  0.43308040017802457  0.43723071613727937  0.55716530267390707  0.56606794319985443
  0.56979109596053101  0.57351424872120760  0.57723740148188418  0.58096055424256066
  0.58425265119157666  0.58678732799855382  0.58932200480553099  0.59185668161250804
  0.59439135841948521  0.59692603522646237  0.59946071203343942  0.60199538884041659
  0.60453006564739364  0.60706474245437081  0.60959941926134786  0.61213409606832503
  0.61466877287530208  0.61720344968227914  0.61973812648925630  0.62227280329623336
  0.62480748010321052  0.62712779485792081  0.62943048954627334  0.63173318423462577
  0.63403587892297830  0.63633857361133084  0.63864126829968326  0.64094396298803580
  0.64324665767638822  0.64554935236474076  0.64858670214457725  0.65172739895297893
  0.65486809576138061  0.65800879256978229  0.66114948937818396  0.66429018618658564
  0.66743088299498721  0.67057157980338888  0.67371227661179056  0.67685297342019213
  0.67999367022859381  0.68313436703699548  0.68627506384539705  0.71036489567753758
  0.71490796194027928  0.71945102820302098  0.72399409446576257  0.72853716072850427
  0.73308022699124586  0.73762329325398757  0.74216635951672916  0.74670942577947075
  0.75125249204221234  0.75579555830495404  0.76033862456769563  0.76488169083043722
  0.76942475709317881  0.85912505592649202  0.94152859472150507  0.95192379467610633
  0.96193044123222526  0.97131223588996296  0.98144841591517140  1.00000000000000000
  0.05057584842046106  0.05210320621921551  0.05363056401796995  0.05515792181672440
  0.05668527961547884  0.05821263741423328  0.05973999521298773  0.06126735301174217
  0.06312801795501989  0.06638276154498557  0.06963750513495123  0.07289224872491690
  0.07614699231488258  0.07940173590484824  0.08265647949481390  0.14739249998165391
  0.15211550894266224  0.15683851790367054  0.16156152686467887  0.16628453582568717
  0.17100754478669544  0.17573055374770372  0.18045356270871199  0.18517657166972024
  0.18989958063072851  0.19462258959173678  0.19934559855274506  0.20406860751375333
  0.22146225266989367  0.35424953249237118  0.35856091876679752  0.36287230504122381
  0.36718369131565015  0.37149507759007649  0.37580646386450284  0.38011785013892918
  0.38442923641335552  0.38874062268778181  0.39305200896220815  0.39736339523663450
  0.40167478151106090  0.40598616778548724  0.41029755405991364  0.41460894033434004
  0.48739367995443017  0.60565627364236274  0.61653211334125613  0.62575779681288224
  0.62918048675899851  0.63260317670511479  0.63602586665123106  0.63944855659734734
  0.64287124654346373  0.64629393648958000  0.64971662643569628  0.65313931638181255
  0.65656200632792894  0.65998469627404521  0.66340738622016149  0.66683257361860337
  0.67030757389542828  0.67378257417225318  0.67725757444907819  0.68073257472590309
  0.68420757500272800  0.69460887698313178  0.75236013392789092  0.75635615967035841
  0.76035218541282579  0.76434821115529317  0.76834423689776066  0.77234026264022804
  0.77633628838269553  0.78033231412516302  0.78432833986763051  0.78832436561009800
  0.79232039135256538  0.79631641709503287  0.80031244283750025  0.80430846857996774
  0.80830449432243512  0.81230052006490261  0.81617114788914114  0.82003518699567191
  0.82389922610220256  0.82776326520873333  0.83162730431526410  0.83463157557035028
  0.83695615171594195  0.83928072786153352  0.84160530400712519  0.84392988015271675
  0.84625445629830842  0.84839815298716226  0.84839815298717225  1.00000000000000000
   1.0743130136723543E-008  -1.0000000000000000     
 F F F F F F F F F F F F F F F F F F F F F F F F F F F F F F F F F F F F F F F F F F F F F F F F F F F F F F F F F F F F F F F F F F F F F F F F F F F F F F F F F F F F F F F F F F F F F F F F F F F F F F F F F F F F F F F F F F F F F F F F F F F F F F F F
  <DiscreteSampler_grid>
  grouped_processes
  1 # 1 for a reference and 2 for a running grid.
  10 # Attribute 'min_bin_probing_points' of the grid.
  1 # Attribute 'grid_mode' of the grid. 1=='default',2=='initialization'
  0.0000000000000000 # Attribute 'small_contrib_threshold' of the grid.
  0.5000000000000000 # Attribute 'damping_power' of the grid.
 # binID   n_entries weight   weight_sqr   abs_weight
    10   7   7.276722997908373E+003   7.067502369283715E+007   7.276722997908373E+003
  </DiscreteSampler_grid>
