  0.00949073010911753  0.01539713854837795  0.02281389853306040  0.03264445098165403
  0.04233228923412795  0.05220138909488419  0.06210822564608991  0.07211594638938276
  0.08215091299722392  0.09230112491457690  0.10247724645029904  0.11272004539946713
  0.12295566265766859  0.13320725207007866  0.14350722308122740  0.15384911607282953
  0.16419936154236076  0.17451102124040416  0.18479072926884754  0.19509872987882307
  0.20541134713366385  0.21572341912096424  0.22604090291427195  0.23640997575489869
  0.24676474148603977  0.25711084569370207  0.26742402243920865  0.27777476057172029
  0.28811186471974570  0.29846409556324766  0.30883859278871023  0.31927409053432704
  0.32969109017201237  0.34013272496692976  0.35057167011156620  0.36099858600817847
  0.37139681888665210  0.38181797586141220  0.39224809736955762  0.40269448385628398
  0.41310318736629764  0.42353194269589062  0.43394902499651317  0.44365025588190388
  0.45316267025319235  0.46269344036435506  0.47266172586156457  0.48309774612119250
  0.49353200467275182  0.50397814060467538  0.51443043072360028  0.52487065134865740
  0.53529513824607933  0.54571340541566948  0.55614478920165322  0.56659638829979886
  0.57704939362156105  0.58750144973502816  0.59795891833845616  0.60843543007279188
  0.61890754895748490  0.62935137808339714  0.63981526219733853  0.65030640664457373
  0.66084638897949588  0.67139539790094738  0.68194056760880450  0.69248875812067856
  0.70301358643339984  0.71350785313203136  0.72398936051266682  0.73449132409670537
  0.74500578702066378  0.75548715192567883  0.76595814342185897  0.77646992074496857
  0.78702349829496476  0.79758918369010146  0.80814245660573714  0.81870346969392860
  0.82925381165887213  0.83980331818801901  0.85038252268342218  0.86102298361578378
  0.87170799403994526  0.88215630582894078  0.89200752702744679  0.90184990885152538
  0.91172138457687757  0.92248866856085532  0.93333230038507453  0.94429031850384348
  0.95531621470900696  0.96665131449155750  0.97827157127021969  1.00000000000000000
  0.00968934924704207  0.01473847841812016  0.02261536156915546  0.03246117332810361
  0.04219643508857895  0.05212335443008195  0.06212195527437852  0.07220621438432651
  0.08233639935911122  0.09253626910163001  0.10277040309414381  0.11302403415517109
  0.12325279552081009  0.13350415835836840  0.14377304127915486  0.15406892002855405
  0.16435221112024981  0.17360964069449730  0.18287037226475400  0.19213449615284686
  0.20211293829366853  0.21246598227845354  0.22284631254830173  0.23322842484341061
  0.24359554727266283  0.25396248295370294  0.26432492290367476  0.27471347360185072
  0.28514383340855948  0.29558789211078190  0.30605482568334286  0.31651482242871820
  0.32696884638575169  0.33740125496928242  0.34778460846415904  0.35815533439069497
  0.36851650435201627  0.37889193538688265  0.38927610809336882  0.39968469651985977
  0.41012049715213245  0.42055306646985902  0.43097915664938868  0.44140054440006116
  0.45183416502129736  0.46229841001845912  0.47277733038376685  0.48324348184784000
  0.49368769101995230  0.50412635707762132  0.51458654411256533  0.52505300985907311
  0.53551340571426809  0.54598504458616204  0.55647308758992287  0.56698583749205589
  0.57749002290926954  0.58795880338668838  0.59842406116748637  0.60891703152098320
  0.61944603123508724  0.62994357213260876  0.64038544347213433  0.65082029993441914
  0.66127568313905216  0.67177283488698802  0.68228747449351679  0.69281091351105228
  0.70335989672944499  0.71389409638709811  0.72441647699387801  0.73493320763780046
  0.74505335211339119  0.75455686003977207  0.76406895693172694  0.77362913849744097
  0.78418901139578179  0.79473275849015357  0.80529108183525333  0.81583426549621607
  0.82641252337554272  0.83701761494739801  0.84763401392672788  0.85827328187184115
  0.86887640888323403  0.87957174747137989  0.89027227084637028  0.90103434850678377
  0.91178812179774460  0.92254805111109772  0.93335949794000028  0.94426900700436600
  0.95533015755382189  0.96662769711988039  0.97828324981389270  1.00000000000000000
 -0.00179071079526784 -0.00107466887155843 -0.00035862694784903  0.00035741497586038
  0.00073645634388311  0.00081438741702566  0.00089231849016822  0.00106892507489669
  0.00129077337181692  0.00151245123583201  0.00173443418380213  0.00195671902960404
  0.00217890426808744  0.00240090586996043  0.00262284533241626  0.00284509045348584
  0.00306777295608607  0.00329069463566737  0.00351372576456633  0.00373701404988244
  0.00396077462612479  0.00418479200551052  0.00440900129855334  0.00463277691352621
  0.00485665953365387  0.00508076823761825  0.00530510104511376  0.00552970686706236
  0.00575484842394235  0.00598015155619779  0.00620580980225551  0.00643136320775307
  0.00665731917379250  0.00688377547370004  0.00711044245729351  0.00733711563942354
  0.00756344047755011  0.00778989260685130  0.00801629505547545  0.00824288266697301
  0.00846944041345723  0.00869639380806651  0.00892347902459469  0.00915036620935718
  0.00937711057902079  0.00960422795847493  0.00983140679224867  0.01005912211650795
  0.01028653117724816  0.01051438895099420  0.01074200681791708  0.01096979557733925
  0.01119831407981886  0.01142750200337844  0.01165775427540840  0.01188778204209283
  0.01211856796333959  0.01234939211925192  0.01258150150299561  0.01281394010918688
  0.01304658999508449  0.01327873682212788  0.01351042838248572  0.01374260482816663
  0.01397498869255390  0.01420761852163560  0.01444061197568272  0.01467395504800613
  0.01490819732575671  0.01514239791676255  0.01537722123374452  0.01561241873121881
  0.01584797779568642  0.01608361244835570  0.01631931572037167  0.01655520082871374
  0.01679136639057546  0.01702771335254813  0.01726451825012296  0.01750179133410091
  0.01773931198519394  0.01797701625618115  0.01821528718344962  0.01845384949685349
  0.01869233435915420  0.01893056714592303  0.01916891658522515  0.01940760010656356
  0.01964618330859672  0.01988680562709382  0.02013546882218822  0.02038899645471206
  0.02064738112723491  0.02099768349790674  0.02101509481940389  1.00000000000000000
 -0.00226669673673817  0.01005043031515142  0.02033699940802614  0.03087549191558552
  0.04142733298580437  0.05194452888814036  0.06253110268222377  0.07308237050511346
  0.08362897840517049  0.09413687749171989  0.10466899999758369  0.11522887654685464
  0.12579374922626280  0.13636062291069082  0.14699386873833192  0.15764700970064910
  0.16824890085052205  0.17883274794056100  0.18941687450029390  0.20005470598549099
  0.21059923046418008  0.22056338508126466  0.23055894740817429  0.24052837616481984
  0.25117072394154477  0.26178757795608404  0.27241561423891203  0.28300032299928757
  0.29361961925434565  0.30421403999919072  0.31482059387022532  0.32539887898020131
  0.33602843753364919  0.34662958613154793  0.35722309318555756  0.36776394437647730
  0.37725125873831339  0.38671941201216470  0.39619327720274655  0.40643487639334919
  0.41705359633156436  0.42766691657958100  0.43825474021471422  0.44888156950325997
  0.45954703778101913  0.47020463638545346  0.48079531399005399  0.49132176402957450
  0.50183752744456145  0.51242134924863236  0.52302165196420314  0.53361228464563626
  0.54418002633301166  0.55477622619947109  0.56538806759277582  0.57599664602969847
  0.58659915475932212  0.59715532978994013  0.60771525907766355  0.61829000044967009
  0.62891048029906649  0.63954467219626354  0.65017136343447013  0.66081788270595354
  0.67147883861888602  0.68215653849544544  0.69276965219395192  0.70335378135889381
  0.71391601211494515  0.72450494307090718  0.73506701697832988  0.74564047685571744
  0.75620785056416306  0.76677187041918859  0.77729501434118442  0.78783874352093697
  0.79842213987243682  0.80903901505317821  0.81966480885829762  0.83028039978349832
  0.84087967780446493  0.85148469188067266  0.86212923835810507  0.87275418063843457
  0.88336544086911417  0.89394761264123879  0.90454518258851213  0.91511447335201224
  0.92568918311646531  0.93630110966779312  0.94690853891546467  0.95750157668214453
  0.96809219548216263  0.97871116635054578  0.98935200879649210  1.00000000000000000
 -0.00217717823188688  0.00977541338493694  0.02004813000582098  0.03065255415278146
  0.04134357022299639  0.05097259316063178  0.06055196845767090  0.07008431886448810
  0.08034530158263634  0.09092289377686441  0.10146901248033702  0.11205019401847914
  0.12264559994766591  0.13328010451226510  0.14386324778702977  0.15448413815066045
  0.16511342826134484  0.17577231097480020  0.18640183655377945  0.19698415782421061
  0.20754407851468823  0.21806693754873518  0.22861726977224631  0.23920271443499752
  0.24983125845606505  0.26049404077218136  0.27113222296571227  0.28175609835259624
  0.29237976728846865  0.30300920012883298  0.31365040281666084  0.32426393234580841
  0.33488367870108354  0.34551928836331181  0.35615320421249580  0.36677487465026076
  0.37737972850769141  0.38795972854163946  0.39854821533128021  0.40911011790489393
  0.41966637053894212  0.43021397442579257  0.44078056432571683  0.45135002809318531
  0.46194065014728447  0.47254906027886606  0.48318251588517697  0.49379912551821997
  0.50348911873510760  0.51315167968199205  0.52280511240630700  0.53311604829131543
  0.54364847254192139  0.55416094262241600  0.56470759450196806  0.57534031685303222
  0.58602294222458773  0.59666533636406338  0.60728787455254873  0.61789988557906661
  0.62852292914427210  0.63914126785529302  0.64975640085493080  0.66035073932921551
  0.67093687381800426  0.68152519090797803  0.69215593263726960  0.70279747518370983
  0.71342807028449473  0.72401425429194344  0.73459275143570224  0.74521469193238976
  0.75582387795014860  0.76644717780175853  0.77708338637925967  0.78776820582105245
  0.79837689886037966  0.80892140875285734  0.81943745173712668  0.83002421263549486
  0.84066711075722733  0.85132534561803930  0.86200020254374732  0.87263734564425099
  0.88326685599295995  0.89387676557842521  0.90447472414708729  0.91508794521744963
  0.92574457441551550  0.93639226185345625  0.94702426161504305  0.95765441586653621
  0.96826703913890988  0.97887483031046585  0.98942138257277312  1.00000000000000000
 -0.00243321193892107  0.00980732955596873  0.02011590929645467  0.03071649037351330
  0.04131189856475011  0.05191945147186987  0.06252859204421109  0.07310901024896474
  0.08367675733529677  0.09432085469103935  0.10494665924748312  0.11551576593000246
  0.12604564232081564  0.13660319949318994  0.14717165303216037  0.15773184845117064
  0.16753382804356862  0.17737249962420898  0.18718056134538313  0.19760462954631530
  0.20820057853656412  0.21884175839492331  0.22952513125342133  0.24015984717597166
  0.25077933819372028  0.26134027050937408  0.27190876458474500  0.28249784258729421
  0.29311319148379772  0.30375281923555525  0.31435966470652160  0.32494838830597739
  0.33554104283041042  0.34617083862331477  0.35684740679712618  0.36754049048662951
  0.37818759813398262  0.38879730896759690  0.39939235667906814  0.40998841074582082
  0.42063838198345338  0.43128565312074124  0.44194912698826816  0.45255414691031437
  0.46315731535786547  0.47375403461080190  0.48433769834266860  0.49490035522170656
  0.50550396522683805  0.51613899338174929  0.52686095927346954  0.53751995756139170
  0.54816093061822013  0.55789077900128436  0.56764591699187217  0.57738831425822701
  0.58773149225197419  0.59826172968824165  0.60875486478728746  0.61926917043407959
  0.62979893873120896  0.64037356806730461  0.65098539654521526  0.66158357174913940
  0.67217759874360983  0.68277612177259439  0.69338256915427610  0.70402999945792832
  0.71465992761760044  0.72530715860396366  0.73593695357338618  0.74655738710277098
  0.75713161647386695  0.76767370740557250  0.77825047641891687  0.78885783595919623
  0.79949236217842268  0.81009496587973107  0.82069161378184874  0.83126648527704450
  0.84182366409510689  0.85241458362722933  0.86297260354395111  0.87354805609560271
  0.88401436779257814  0.89451978201026949  0.90503941397601251  0.91558955090438643
  0.92617431779116444  0.93669448659849430  0.94721855066706340  0.95768389704054036
  0.96818632817756767  0.97874441556700809  0.98935258185528607  1.00000000000000000
 -0.00251550973078524  0.00960498419775345  0.01981483150243060  0.03044410785602845
  0.04102925740429143  0.05164291299648655  0.06229671838941377  0.07297854016216739
  0.08365321658303669  0.09423876570206359  0.10481725490865523  0.11538199657716113
  0.12595924468770800  0.13654472944266385  0.14714917830585042  0.15772320347214483
  0.16834118589923036  0.17896118978496606  0.18962702790549510  0.20026401133739663
  0.21089881753941081  0.22153888936893243  0.23217196317941211  0.24277746454239282
  0.25338514131086515  0.26401187134711401  0.27465148005158535  0.28527403172041621
  0.29587620330207642  0.30648369125787733  0.31708983732898188  0.32768242121172775
  0.33828792873231406  0.34892115982405397  0.35958806803223886  0.37022061661435979
  0.38083246187609460  0.39143460507492145  0.40205920333226514  0.41252604401776044
  0.42227300008296292  0.43200255582368580  0.44173195448855052  0.45222951996219979
  0.46282804220980961  0.47343952107045478  0.48405171066043412  0.49460658664527191
  0.50515850773217141  0.51575479584416783  0.52635341731948859  0.53693449642390201
  0.54752149065867317  0.55811218547462238  0.56877151622174826  0.57941235930809520
  0.59006619079986178  0.60069126915356297  0.61135237480218374  0.62197962795272255
  0.63257883813266080  0.64317156879362380  0.65374191083568711  0.66429605723439822
  0.67484920376130619  0.68542009708447771  0.69604511348993603  0.70663268941690593
  0.71723997346223556  0.72780935238849132  0.73841270443677820  0.74900219864965556
  0.75957807616360196  0.77015052580348864  0.78070141088483191  0.79123271631844094
  0.80174396294290162  0.81225594809284341  0.82277750552619067  0.83334993447958672
  0.84392741347343769  0.85450355138145617  0.86505098034752770  0.87564662693212558
  0.88630766147212836  0.89695322961145663  0.90758657135250431  0.91818087998041631
  0.92872882873521556  0.93926194625545267  0.94978315535054469  0.96017135093380679
  0.96991197379563465  0.97967811171163743  0.98943200489653815  1.00000000000000000
 -0.00223853990108558  0.00982544560580146  0.02008058682504487  0.03068145337749499
  0.04127880757438286  0.05100859460951827  0.06078683922675900  0.07055454390200126
  0.08098725153344150  0.09158356855473865  0.10217114098864052  0.11278486121302984
  0.12339447829124237  0.13396788268466855  0.14449972909664252  0.15506401596264152
  0.16566922966479283  0.17631388963701639  0.18692435247890712  0.19757193079074556
  0.20823051604850670  0.21890276015134652  0.22955063264712997  0.24017598710739815
  0.25082680698097132  0.26143243840706371  0.27204746869145435  0.28260261513206925
  0.29316434946794523  0.30366236233331340  0.31418104881345960  0.32470931893282851
  0.33526619429685200  0.34584045578394479  0.35640359013805822  0.36696662158030835
  0.37752572662863482  0.38813090247212745  0.39872654906852817  0.40930975435403161
  0.41985551489281814  0.43043807529484013  0.44103240133001670  0.45162317551030429
  0.46223348923151064  0.47284111265527329  0.48343597194606469  0.49403479762387736
  0.50462263931803253  0.51523972780123872  0.52578639833104768  0.53638009650152096
  0.54699724371881153  0.55770112666442051  0.56835336823295313  0.57897145487217072
  0.58954626647160613  0.60009897177026206  0.61063370604828870  0.62118117850360488
  0.63177563186317443  0.64239884766343092  0.65300027886482992  0.66358363425562128
  0.67416202198411990  0.68476204648176475  0.69536357270011728  0.70598032679277056
  0.71659609533613888  0.72720238970150308  0.73778410520062332  0.74822975528242641
  0.75792138646057405  0.76760614512916248  0.77729647330397633  0.78775230261592177
  0.79832755186913829  0.80892246144581814  0.81959132158365300  0.83027837040884178
  0.84090505990340769  0.85153866767258846  0.86216088677883385  0.87275234057365869
  0.88336045327621038  0.89394019064563357  0.90454281182268814  0.91509257837168778
  0.92575253900264953  0.93641728378585398  0.94708092232693608  0.95768604640960908
  0.96824165781893456  0.97881035434560582  0.98938000169199136  1.00000000000000000
   1.0787944687758809E-020  -1.0000000000000000     
 F F F F F F F F F F F F F F F F F F F F F F F F F F F F F F F F F F F F F F F F F F F F F F F F F F F F F F F F F F F F F F F F F F F F F F F F F F F F F F F F F F F F F F F F F F F F F F F F F F F F F F F F F F F F F F F F F F F F F F F F F F F F F F F F
  <DiscreteSampler_grid>
  grouped_processes
  1 # 1 for a reference and 2 for a running grid.
  10 # Attribute 'min_bin_probing_points' of the grid.
  1 # Attribute 'grid_mode' of the grid. 1=='default',2=='initialization'
  0.0000000000000000 # Attribute 'small_contrib_threshold' of the grid.
  0.5000000000000000 # Attribute 'damping_power' of the grid.
 # binID   n_entries weight   weight_sqr   abs_weight
    10   10   4.283434596619896E-010   2.935308868338633E-019   4.283434596619896E-010
    11   10   4.283434596619906E-010   2.935308868338651E-019   4.283434596619906E-010
  </DiscreteSampler_grid>
