  0.00950223284339303  0.01570507536293723  0.02485141512153601  0.03563960437259016
  0.04599495672520162  0.05638481242161203  0.06678596087314789  0.07718606626777845
  0.08759145571652181  0.09796980598140917  0.10832325557095585  0.11865298255144718
  0.12899299653098281  0.13935545872368685  0.14971656847714906  0.16006691499144468
  0.17042908179578911  0.18081311984101969  0.19119840443399727  0.20156092205754370
  0.21192273636911518  0.22229813016644148  0.23268325626685957  0.24305116638771052
  0.25341779373838336  0.26380903635566516  0.27421828303943563  0.28462593263161734
  0.29501503480183483  0.30538832964854290  0.31575449217362245  0.32612930410048363
  0.33651376436211067  0.34691484588207239  0.35731931599837630  0.36772286028830348
  0.37810162684927534  0.38845766060932391  0.39881651758866954  0.40917844540742865
  0.41955109745624847  0.42992834202951791  0.44031691729733735  0.45070651014422741
  0.46111112389790976  0.47151454857562525  0.48191911966989692  0.49231530821974362
  0.50271644023257855  0.51313068928508188  0.52352277669602654  0.53389488452918221
  0.54425245397527633  0.55462283718255379  0.56501400441588201  0.57539518538491108
  0.58575593623324818  0.59610290601907967  0.60646024564813417  0.61684022949880724
  0.62723337862335637  0.63763573028964626  0.64804163168452700  0.65844356077547783
  0.66884532416461551  0.67924454256449629  0.68963643626490034  0.70002876445822870
  0.71042868335056220  0.72083839525698623  0.73124161158717760  0.74163485354617742
  0.75202645881199093  0.76241885661355879  0.77282416005780186  0.78322737846845092
  0.79360297474945030  0.80396245692294033  0.81431523431899033  0.82469720969615734
  0.83509026920130058  0.84548672452731444  0.85588254223711802  0.86628210435559827
  0.87668509498243163  0.88708466492760973  0.89748824204923350  0.90788031961810522
  0.91827486620156829  0.92865367460803649  0.93903855908876610  0.94942177696507057
  0.95979957340601407  0.97016081668516474  0.98051077656923025  1.00000000000000000
  0.00951286495587363  0.01572864946906051  0.02485892502112184  0.03567542342021553
  0.04605546868262184  0.05646330537757868  0.06685901023121647  0.07723799991359671
  0.08761003927279930  0.09798985073038038  0.10838727185282591  0.11877924733717338
  0.12913955139381100  0.13949773346706504  0.14987399770484305  0.16027141513272980
  0.17066533763538574  0.18103909832953055  0.19141419249789482  0.20179364659533658
  0.21216068192594514  0.22251692952751653  0.23288414527543649  0.24327380698593221
  0.25366624649695352  0.26406735118159247  0.27447030869137090  0.28485871248018863
  0.29523321778079670  0.30559796135013378  0.31599659693845489  0.32639881722359521
  0.33682576303026335  0.34724907396598703  0.35765725403038651  0.36804378631385654
  0.37842249657787480  0.38881489166486138  0.39921228633594524  0.40960951748218893
  0.41999724360487739  0.43037920562057252  0.44075205732673739  0.45113034232280708
  0.46151571138251646  0.47191596719807949  0.48231561812189522  0.49270611629675221
  0.50309087804784747  0.51346962553800790  0.52384326721095265  0.53421183100416125
  0.54458106815728924  0.55496931805701699  0.56536573033471449  0.57576360580283037
  0.58614351115379437  0.59651525463759913  0.60689320093823762  0.61728476056570314
  0.62768076456062705  0.63806768847967810  0.64844801310478739  0.65882392335251516
  0.66920640014644173  0.67959434492278603  0.68998819050614435  0.70038102610874109
  0.71076469563081668  0.72114807075540910  0.73153305059050266  0.74191599375929262
  0.75229045610881828  0.76266547821005526  0.77305161036397430  0.78344329004332047
  0.79381984595904176  0.80419408199224751  0.81457433149754022  0.82494238473988002
  0.83530160244428953  0.84565484221303200  0.85603447005373623  0.86640811643787041
  0.87678497171090941  0.88715197792425204  0.89752572483033044  0.90789272604903204
  0.91826584662328137  0.92865701371591880  0.93903295506876316  0.94940505291888533
  0.95977252085323372  0.97014683966158421  0.98051903318810885  1.00000000000000000
 -0.00254393769160316  0.00968084026738208  0.01991570466416462  0.03044128077756814
  0.04096763433966052  0.05148014749321971  0.06201958634382762  0.07258374598031075
  0.08313875940884437  0.09367521480546002  0.10421100703503069  0.11476207901453837
  0.12533751843925736  0.13591042228422806  0.14646602232787551  0.15699024490225819
  0.16749441003564072  0.17800685849447245  0.18852784604227449  0.19904698282432579
  0.20958484894718887  0.22014070000746983  0.23070909369118006  0.24123020609843365
  0.25173532945954269  0.26223534244366881  0.27278072409285037  0.28331398396980967
  0.29385496466789468  0.30436602089308445  0.31489042363995207  0.32543566936947399
  0.33601901109794124  0.34660331997309690  0.35718732624982202  0.36774110402807864
  0.37830721574852266  0.38886466976428302  0.39943801083707303  0.41001340332243280
  0.42056279282959474  0.43109211550362758  0.44160935287636882  0.45215009593507233
  0.46272122636539820  0.47329505824350876  0.48384747564280561  0.49440020699704540
  0.50494548247703552  0.51549475716485293  0.52600797834336421  0.53652243777281228
  0.54702219800990959  0.55753355263785676  0.56805189522549848  0.57858195983464267
  0.58912755387148896  0.59969061826011050  0.61025768463039320  0.62081287390291828
  0.63135669161259056  0.64189960949875369  0.65244796523221749  0.66299137406428665
  0.67350741321976282  0.68402602471317608  0.69452605197408901  0.70506407513273706
  0.71560694533874714  0.72614307256186350  0.73669922555972367  0.74725632854969026
  0.75783113958582682  0.76837162679168380  0.77889937072388993  0.78939383708056865
  0.79990545187853712  0.81040735572458866  0.82093604555080857  0.83145904480992339
  0.84198684089929143  0.85252423861606852  0.86304821794240882  0.87358132926259058
  0.88413143942366212  0.89466947944677022  0.90521347616229697  0.91574649024564081
  0.92630135696997817  0.93684065159291519  0.94737543585996997  0.95792355011739394
  0.96843775938216436  0.97897850598967329  0.98948610293092187  1.00000000000000000
 -0.00221279514046388  0.00974460891323849  0.01995158050639486  0.03046216280426031
  0.04098629440834312  0.05151134334185869  0.06204118307068340  0.07252591145016490
  0.08302946974567829  0.09354471637078386  0.10408478856919612  0.11459188335770386
  0.12510394030317123  0.13560798020102180  0.14613882652199148  0.15667435368369462
  0.16722000065984291  0.17777323700972822  0.18832060577163470  0.19886709778103240
  0.20939982097915355  0.21994334316338329  0.23047914641487027  0.24102821031241384
  0.25158547587902697  0.26214449167481157  0.27269652623371299  0.28320835101736008
  0.29374240402594110  0.30426555930224486  0.31481521453580619  0.32533438099765610
  0.33587008980011662  0.34640299182464462  0.35694090260344113  0.36747241585384421
  0.37802052659427976  0.38858434856209961  0.39915103839515609  0.40970421055683170
  0.42023097595399611  0.43076990914109636  0.44131096394160618  0.45187354390273865
  0.46243927083112568  0.47301280342187502  0.48359507422228726  0.49415346486912609
  0.50470023070598891  0.51524184933899619  0.52578346596108960  0.53633217791563614
  0.54687235514641652  0.55740829401279479  0.56793458368728544  0.57848637868483743
  0.58904977342224984  0.59961678245300221  0.61016126063749898  0.62070395587993632
  0.63124627580154435  0.64177210479652591  0.65228874106184009  0.66280510647356361
  0.67334608640799598  0.68390845685286139  0.69447593905306249  0.70502594390942375
  0.71558675632958790  0.72617141160037779  0.73675451299041239  0.74733679702278744
  0.75788779842880627  0.76844499059004467  0.77900052638293049  0.78953312989991431
  0.80008167850149958  0.81061960255460663  0.82116658133998877  0.83169902019771547
  0.84223220817640598  0.85276449837568136  0.86330228932576081  0.87380689855697746
  0.88434099083300166  0.89485932902909593  0.90538941037349263  0.91589851416262147
  0.92641747068327895  0.93694543762606175  0.94743786361719740  0.95791196194686867
  0.96837542444432212  0.97888559933546493  0.98943057745970742  1.00000000000000000
 -0.00241572731025185  0.00960281750211988  0.01979454412768928  0.03032213477666975
  0.04086328380966669  0.05140459415925622  0.06195001230274616  0.07247161898530291
  0.08298393862032352  0.09349306664718861  0.10401812645482222  0.11456765228018412
  0.12512376293820049  0.13566891149382743  0.14620333367907640  0.15674608723976155
  0.16729078544649673  0.17783827841672839  0.18839587723416298  0.19897676772296274
  0.20953482104418145  0.22007902951903505  0.23060901674748308  0.24114397073113691
  0.25167253075746965  0.26219398071405325  0.27271862288510995  0.28323998741396345
  0.29377360235703925  0.30431841774236179  0.31486795294395542  0.32541508679033215
  0.33594133709430424  0.34648414040847819  0.35703323169992407  0.36758158488593168
  0.37812667385539661  0.38867526755819370  0.39920124014119168  0.40972312251414039
  0.42024073384967459  0.43080934595125825  0.44137353566381821  0.45194295266535073
  0.46249945691974864  0.47303169880233825  0.48356970068011856  0.49409954203116524
  0.50465898531781328  0.51520674091507335  0.52577310524837806  0.53632049483397026
  0.54687653757766130  0.55741211014224556  0.56795299112440989  0.57849895260009121
  0.58903612588652621  0.59960616394207167  0.61015505457212871  0.62068433467342976
  0.63118997720961145  0.64171318045421266  0.65226177924293682  0.66280462839341681
  0.67332666631950266  0.68385151889440066  0.69436755123865068  0.70488794816774114
  0.71538494492108096  0.72590030014220408  0.73641942095919177  0.74696411009768082
  0.75748880808752295  0.76801555458743076  0.77854119760853679  0.78910642049397006
  0.79966546048508680  0.81024729133434736  0.82077159118729270  0.83129063030517680
  0.84180593586753116  0.85235382530733084  0.86290922707965134  0.87346826863928451
  0.88406860287005495  0.89468339777758155  0.90528810394237669  0.91583479897554587
  0.92638086779150453  0.93691048874729577  0.94744589854594286  0.95795086226087145
  0.96847275660670928  0.97898517054791456  0.98950231712914516  1.00000000000000000
 -0.00235217689527044  0.00951020524052613  0.01966944369825929  0.03020087931651773
  0.04076312718965096  0.05132089089309197  0.06187844309902202  0.07241064175499203
  0.08294665023943727  0.09346857013032317  0.10399988378111782  0.11452672719145555
  0.12507105962765414  0.13561975597606060  0.14616095805513687  0.15670162899096471
  0.16725013025532162  0.17779496291863570  0.18833241998309058  0.19885500689386124
  0.20937751471317267  0.21989924763641044  0.23043935606886873  0.24096458486341452
  0.25148878659342383  0.26200973158272495  0.27254441500629994  0.28309352182758807
  0.29364258206203736  0.30421874221464523  0.31478450427448373  0.32534199691798166
  0.33586955119253808  0.34641629400710383  0.35697528540688700  0.36755222123779380
  0.37810711624235910  0.38865918499894542  0.39921579055713891  0.40978979275453831
  0.42033584486009462  0.43086649211201733  0.44136020208558291  0.45189856876461115
  0.46244618718327213  0.47301021589598163  0.48355893886499862  0.49410756693379027
  0.50466063640723913  0.51522941340847528  0.52579829287977664  0.53637613598654399
  0.54694721466672180  0.55751430513160483  0.56804299806488034  0.57856284302101157
  0.58909183361189499  0.59961037305063791  0.61014120683269912  0.62064959325574076
  0.63119908888778586  0.64173052757483251  0.65227525190393854  0.66279812024002871
  0.67331453929200913  0.68384417922968088  0.69439101835857886  0.70493611583375815
  0.71546859704804955  0.72599714792181580  0.73654616111729210  0.74708776712897063
  0.75759644694484019  0.76809069113271466  0.77858534230951437  0.78911155171755709
  0.79966284466709137  0.81020676284302728  0.82076846325480035  0.83130029237813041
  0.84182629991968427  0.85234625202271863  0.86288380010830357  0.87342881873107214
  0.88396990516188689  0.89451095251159995  0.90506409617118277  0.91562927071159506
  0.92621696321867997  0.93680346926625280  0.94738135412289481  0.95792996845180600
  0.96846221518066011  0.97898557751205972  0.98948976686057644  1.00000000000000000
 -0.00248822150310220  0.00943580254598658  0.01957083991609302  0.03008970744800453
  0.04064297916472254  0.05121592979877416  0.06176299251097375  0.07231408662178725
  0.08284398479489345  0.09338820878868535  0.10393907510831457  0.11450834096846926
  0.12506354497801753  0.13560025978308146  0.14611749908438024  0.15664663441078847
  0.16719414547460096  0.17775903481936001  0.18833040523476058  0.19890212334000421
  0.20945146050278005  0.21998789292907911  0.23050499067108735  0.24102634378796606
  0.25157258722712789  0.26209425612812765  0.27261634518370909  0.28311771793790630
  0.29365460265656318  0.30416410177823544  0.31467923413934046  0.32520095008083799
  0.33575839587123474  0.34630751176405400  0.35684367300823966  0.36738244335355841
  0.37794402029084501  0.38851933668173855  0.39909611115757565  0.40965472943683029
  0.42020925622804578  0.43074559348173364  0.44130583808667334  0.45187461800324052
  0.46245309337059148  0.47300550724737178  0.48353387131608283  0.49406666836026858
  0.50459864063493509  0.51514526040382724  0.52566409494728872  0.53618380004345889
  0.54669003286205642  0.55722635126622222  0.56777911003841708  0.57832689178968610
  0.58883954606452527  0.59932405647542886  0.60983276271303621  0.62037255691175131
  0.63092533572090292  0.64148274103384706  0.65203558086267055  0.66260428006680006
  0.67316151612302799  0.68374337862129886  0.69430294692844030  0.70489095059260365
  0.71546269632533421  0.72604585052906667  0.73658553961272100  0.74713469094137674
  0.75768211420377141  0.76824748291749423  0.77876441270094288  0.78931148564937303
  0.79983331322998730  0.81040857398632760  0.82094858943585003  0.83150743873552913
  0.84204810924494933  0.85258207748290094  0.86310927021052786  0.87364034960752623
  0.88418323913255048  0.89473666415871478  0.90527577071394172  0.91580044357891321
  0.92631252394746955  0.93684265361512542  0.94736873056444404  0.95788964337402915
  0.96837759466355511  0.97888516437626172  0.98942555410716826  1.00000000000000000
 -0.00250936962962552  0.00948506913751117  0.01965797152330107  0.03017594430021869
  0.04071637318869983  0.05124172255079496  0.06177732765573415  0.07233348009252538
  0.08287153935135028  0.09342536298740438  0.10397239070936579  0.11454019902099188
  0.12508684731230363  0.13564745586205224  0.14620763469457643  0.15676432250725875
  0.16731380556690817  0.17786622289993215  0.18842642359765971  0.19897013773710692
  0.20949484282392086  0.22001451630268423  0.23056547769146224  0.24112966637364547
  0.25168762879755291  0.26221795049251850  0.27273542369193920  0.28327420087899602
  0.29383282437046093  0.30440760871695849  0.31498775597969680  0.32554656082453498
  0.33609159798236798  0.34660705561775046  0.35713302441447642  0.36768547718208772
  0.37825617271779177  0.38882666770939128  0.39937152671015275  0.40991750482518313
  0.42044544979511544  0.43097627338691286  0.44153485377865553  0.45212362329934808
  0.46270350888148792  0.47323638772945248  0.48374216292948247  0.49422627892450255
  0.50474406122762661  0.51526273233993558  0.52579558244221769  0.53631072958247750
  0.54686044635152042  0.55743543768617854  0.56800237284552846  0.57854499052067687
  0.58906089267077955  0.59960928683881742  0.61013881766571210  0.62067924467266578
  0.63120898869052067  0.64174982413863224  0.65229961603182307  0.66282756404797238
  0.67335460711362138  0.68388708921748353  0.69443886778642672  0.70503613252126895
  0.71561676323010914  0.72616985083376995  0.73669811006776342  0.74719799469891690
  0.75768980894454152  0.76817508724892625  0.77869011357792151  0.78921737506092726
  0.79975638945475536  0.81028440537706248  0.82085044836236942  0.83140633180479340
  0.84196058922034800  0.85249282399129522  0.86301722894583777  0.87354256237500227
  0.88404508452551056  0.89455793574742293  0.90511611935265268  0.91568198346177565
  0.92625183881038642  0.93677988402510670  0.94731916823391771  0.95783997569367829
  0.96837900502510454  0.97891591080610163  0.98945956328105988  1.00000000000000000
   1.5424468624594078E-002  -1.0000000000000000     
 F F F F F F F F F F F F F F F F F F F F F F F F F F F F F F F F F F F F F F F F F F F F F F F F F F F F F F F F F F F F F F F F F F F F F F F F F F F F F F F F F F F F F F F F F F F F F F F F F F F F F F F F F F F F F F F F F F F F F F F F F F F F F F F F
  <DiscreteSampler_grid>
  grouped_processes
  1 # 1 for a reference and 2 for a running grid.
  10 # Attribute 'min_bin_probing_points' of the grid.
  1 # Attribute 'grid_mode' of the grid. 1=='default',2=='initialization'
  0.0000000000000000 # Attribute 'small_contrib_threshold' of the grid.
  0.5000000000000000 # Attribute 'damping_power' of the grid.
 # binID   n_entries weight   weight_sqr   abs_weight
    10   10   5.153139554929480E+013   4.706286837523819E+027   5.153139554929480E+013
    11   10   5.153139554929480E+013   4.706286837523819E+027   5.153139554929480E+013
  </DiscreteSampler_grid>
