  0.01034335877839427  0.01115767499570939  0.01408622321520817  0.01721139404140118
  0.02071006390308277  0.02480861424227708  0.02928330236762532  0.03393791584154714
  0.03875165862065713  0.04381056841910187  0.04912640379744516  0.05463055771393297
  0.06026150462558156  0.06620353570635225  0.07231406234636173  0.07851612939470766
  0.08495523416011315  0.09164872159008633  0.09849985292885062  0.10544852956820502
  0.11245917435695416  0.11949120544594341  0.12657925193529287  0.13382075049114281
  0.14123812230192481  0.14882770646327867  0.15662637794040879  0.16443457345126797
  0.17234736832600725  0.18032499078560235  0.18839653791758534  0.19658711604416282
  0.20483050545561171  0.21309608531087182  0.22142576210216786  0.22983616049365915
  0.23836615715638590  0.24697568894008284  0.25560309780697593  0.26428825870427713
  0.27301307389474483  0.28178056187846517  0.29048445691949604  0.29904269032195552
  0.30748642538285664  0.31597774333996509  0.32473356429788358  0.33365235446821112
  0.34278609429616663  0.35201267637753642  0.36122770655425174  0.37056693810416358
  0.38014083719244235  0.38990413543869462  0.39965524382319162  0.40945636719748096
  0.41941852454105871  0.42956109512574570  0.43969855455641910  0.44975966589368699
  0.45985579211997890  0.46999975008998962  0.48019475844794124  0.49048639683180995
  0.50095557549154401  0.51158045391990736  0.52230776577444904  0.53301467000043534
  0.54368358770041780  0.55436979871418990  0.56508437146215162  0.57603151911570560
  0.58731247366918926  0.59882320923609722  0.61043340288293668  0.62218924764500216
  0.63422395977952961  0.64655210584070189  0.65933791694214738  0.67249628390164495
  0.68583841726581407  0.69910164101751560  0.71252805473050396  0.72603982432124858
  0.73988792902941591  0.75421408346625562  0.76935956627507351  0.78535437113547768
  0.80189187634483272  0.81948119743908820  0.83880470177021782  0.86020262424567284
  0.88423496914689304  0.91203442877718099  0.94773748672789038  1.00000000000000000
  0.00996724174940101  0.01220251227585196  0.01714962810598111  0.02327195659698889
  0.03006251047480304  0.03716737988244580  0.04452134846183303  0.05219164688180267
  0.06022888196397097  0.06859624491476711  0.07724736178586586  0.08603160391814131
  0.09468512136766681  0.10348855069301920  0.11234306831176145  0.12135315724313768
  0.13059800434881583  0.13993127648142381  0.14922095385905346  0.15851115998938717
  0.16785662575468485  0.17726457386933892  0.18671146337964023  0.19611340480076478
  0.20552820321684295  0.21507865973319648  0.22476616972713040  0.23453911481086545
  0.24434109654139916  0.25409905151939854  0.26379257925194655  0.27342193774799939
  0.28309981357595371  0.29290474175415210  0.30275643881471104  0.31265375609720675
  0.32251992009675312  0.33252008076847739  0.34266642052144819  0.35291238672410735
  0.36314257614299644  0.37343453629440587  0.38390722339054884  0.39449339156561175
  0.40494227646235698  0.41534172604272235  0.42569911420628231  0.43604089792518841
  0.44621433919104331  0.45644008574639555  0.46666314301413997  0.47710511322095511
  0.48769875289873199  0.49832569025901918  0.50891943679445195  0.51959416367980193
  0.53029289454343576  0.54106589628066626  0.55186160837126919  0.56275611467778053
  0.57371013550709027  0.58471125439624583  0.59574497624179823  0.60666518395613245
  0.61751037429435429  0.62835607677229555  0.63929863057138969  0.65043751780172399
  0.66179195500744248  0.67325396539366988  0.68489104615575780  0.69651208308897483
  0.70825664890702289  0.71990521076964276  0.73141676223321728  0.74273036336058973
  0.75386859448698607  0.76514824263462355  0.77661498079937930  0.78865313331828346
  0.80072938974729246  0.81244046235291467  0.82380193040466410  0.83503320473160414
  0.84605533469467076  0.85685683203955798  0.86765303608083211  0.87835558560480753
  0.88904701768330774  0.90009639184077284  0.91109493548561526  0.92214499807271133
  0.93217589463748607  0.94324076396717227  0.96103177893125846  1.00000000000000000
 -0.00252103215057416  0.00927380032238534  0.01918232055834140  0.02955664726358401
  0.03977544128596543  0.04985273840647654  0.06018968512628873  0.07068887065802301
  0.08106365443851080  0.09121134880774580  0.10112283107109472  0.11144795973690538
  0.12173367803483445  0.13216649081729179  0.14264315848986106  0.15318028539603304
  0.16385759082964665  0.17466506181760874  0.18561958488066865  0.19680485635667710
  0.20799709654629900  0.21882178814569436  0.22957724965124873  0.24005307986268229
  0.25051360271153778  0.26083604996700605  0.27123898565222659  0.28183997316632609
  0.29246212172253300  0.30322344202458734  0.31372981374588049  0.32398555339212171
  0.33421253615329627  0.34475849881552223  0.35504447885466961  0.36523138900915092
  0.37524212121392186  0.38585873074392263  0.39628451727973657  0.40702408803094031
  0.41766127285107840  0.42835286272563394  0.43895105393605122  0.44942647763144694
  0.45975570984044650  0.46994846108803745  0.48032866330116042  0.49100695237770114
  0.50158637042324494  0.51212400102372857  0.52259649386534690  0.53292775515902113
  0.54345307817529243  0.55400839854231043  0.56463412988376493  0.57501612013351999
  0.58536867104525214  0.59596727613850486  0.60648482621416266  0.61723374051363578
  0.62802326819141163  0.63875511314441491  0.64934216613163076  0.65967512137247053
  0.67001439572596078  0.68035433616049057  0.69076351661183721  0.70139324812648141
  0.71207816852191008  0.72289780534651393  0.73392740617591334  0.74513559192417156
  0.75604485660952370  0.76663675809478782  0.77706818331867689  0.78738640244121760
  0.79774631636843485  0.80822091588920519  0.81877917596470906  0.82941610929246956
  0.84001249678770096  0.85075503806488517  0.86168347599119499  0.87255124154682095
  0.88300944732788078  0.89325840490303454  0.90374915185221161  0.91443426235912195
  0.92518569671594286  0.93593037214799857  0.94693906027334340  0.95809165186981216
  0.96847245540310489  0.97917857289781141  0.98949858313519257  1.00000000000000000
 -0.00228312391855165  0.00939279759007595  0.01959023133969450  0.03021355619565127
  0.04079527369002845  0.05117790064234289  0.06158071645128560  0.07233952190212287
  0.08285785339551044  0.09398723858962547  0.10506084456707090  0.11660814882036155
  0.12767464657736585  0.13885549868418953  0.14960444593714911  0.16019374449625917
  0.17066040113843281  0.18129428565209052  0.19181528645235865  0.20219304513994343
  0.21261067360903180  0.22314367094187515  0.23339436690031026  0.24341424886964352
  0.25348977939952461  0.26371117964880619  0.27392019555393304  0.28407841653898108
  0.29438941896695359  0.30492211563744664  0.31543370181691621  0.32577798355768295
  0.33618331134096552  0.34688985798733557  0.35762524523203887  0.36836545036976470
  0.37893264580945640  0.38935298937138779  0.39976997887071752  0.41017166282368217
  0.42077134402903538  0.43136502896781842  0.44199621215274104  0.45257997904347885
  0.46306449584465131  0.47336272709374339  0.48382265726948898  0.49447847747345147
  0.50522172345048622  0.51571572391402465  0.52611060890552597  0.53667889210433251
  0.54702045040418701  0.55732401291541511  0.56774531004916551  0.57826311892125448
  0.58863280694871678  0.59880870760167926  0.60895002146699817  0.61896627059810838
  0.62915223549722765  0.63940296687291043  0.64959270622791809  0.65975777070199870
  0.67006731015114762  0.68079146068410656  0.69156604006690880  0.70207617898386265
  0.71239428325822718  0.72267237447007737  0.73310287589042578  0.74371486682752252
  0.75453196398615441  0.76559315023971830  0.77650540805107271  0.78712742933894375
  0.79777293205437372  0.80840459899689077  0.81901384735860705  0.82927282291055660
  0.83955396230493951  0.84983148015140320  0.86022765600729312  0.87075197829933781
  0.88127549289734797  0.89217581824312420  0.90323766863743271  0.91449665263576352
  0.92574898325084332  0.93685503217217792  0.94788793368219759  0.95877476545362883
  0.96897067587550745  0.97937361243508803  0.98961585581464351  1.00000000000000000
 -0.00183362438041172  0.00967408756114530  0.01963551509504644  0.03029717518480791
  0.04086175035709280  0.05165546105971263  0.06228941448189120  0.07317039097501282
  0.08374889308042444  0.09406260660264909  0.10445408287932929  0.11508188842875607
  0.12572274610736706  0.13634981407053698  0.14693164875123815  0.15747346694565797
  0.16786956790391311  0.17828504009630505  0.18885332818528255  0.19970894852075019
  0.21075263982481157  0.22176715623055404  0.23244788109862363  0.24291985456653320
  0.25357756464116160  0.26448895644927545  0.27510004391505816  0.28544578869871778
  0.29572976528530104  0.30619781271597740  0.31688709823052569  0.32751649518803544
  0.33812780201675818  0.34834742112832223  0.35879638519658830  0.36933779127344990
  0.37995225922409909  0.39044356593768725  0.40132064759078884  0.41224121135237368
  0.42269728324457934  0.43296233170578835  0.44355335771833065  0.45438511916296176
  0.46551029390538623  0.47665704685260490  0.48757687538606242  0.49826102696932267
  0.50905578169136423  0.51977505171595584  0.53019608008624453  0.54040682263294115
  0.55069169750237090  0.56110615236060590  0.57180494503709545  0.58256357948695181
  0.59322317293482396  0.60361156432005159  0.61417135888076047  0.62458487451661704
  0.63475449710310017  0.64509432645693210  0.65558899603393694  0.66620927048840795
  0.67673081370627453  0.68722351007305460  0.69783801052237382  0.70837294149226704
  0.71871010469945262  0.72881690326873694  0.73867627706784256  0.74876481009674078
  0.75897924442804565  0.76937127721268184  0.77978070597249860  0.79021300186171606
  0.80050849464514595  0.81075243821229759  0.82127326988090599  0.83188081489921062
  0.84246238143276408  0.85291915863414136  0.86337961780252137  0.87381979696651035
  0.88415053605149807  0.89451324337674509  0.90506480285980662  0.91565621031332667
  0.92651868544424654  0.93729506271648400  0.94782001118901715  0.95829786388338711
  0.96835337499703333  0.97877208472672683  0.98919008089395877  1.00000000000000000
 -0.00248604934184130  0.00977977902337291  0.02014473433995559  0.03040476501705522
  0.04079832306843451  0.05094101854533679  0.06132526627221971  0.07166321859256673
  0.08209062521517960  0.09250388661224082  0.10298834345935502  0.11341367170093804
  0.12400032528805595  0.13449605307031801  0.14486535056832470  0.15505604731092440
  0.16529082331710954  0.17563214662611207  0.18591372093581945  0.19627382516257516
  0.20674696855311236  0.21748196535404604  0.22821901139517869  0.23907979354158748
  0.24998158799326134  0.26103591123039915  0.27196891495439485  0.28296389405191341
  0.29376672642067919  0.30466213368095929  0.31528212073071799  0.32575511025647719
  0.33613745303322468  0.34672103274099803  0.35743756143792332  0.36807219476303221
  0.37871450702611870  0.38941882562733415  0.40058180204803978  0.41158848987352142
  0.42271134347904499  0.43368737447765998  0.44444494698306708  0.45489738735959806
  0.46520902471490422  0.47553345137399028  0.48586299281284573  0.49606113722668205
  0.50649101885319003  0.51700642080925396  0.52764595074417897  0.53841051027725484
  0.54905470486390218  0.55986934102223240  0.57012551951748691  0.58025662154837843
  0.59036285819810908  0.60055093600179577  0.61104560889796400  0.62169974705559661
  0.63264719825413196  0.64343808874501773  0.65420714254949230  0.66502105636120667
  0.67617242620642681  0.68735723041007690  0.69818953734303879  0.70885793687489895
  0.71946669070040647  0.72996178044652960  0.74052688742198858  0.75125006878935574
  0.76195305378212552  0.77242900272229598  0.78260920020323477  0.79289975162876858
  0.80314121506515668  0.81328956068317437  0.82351851503968310  0.83385787459781480
  0.84435751202491827  0.85467381563888478  0.86480386621938932  0.87505941560596934
  0.88542913104233012  0.89575712566901444  0.90580262469694717  0.91614739682852686
  0.92667700317304047  0.93726254163858391  0.94775509873931496  0.95841728517879088
  0.96905502035549496  0.97962127513123831  0.98987183692066205  1.00000000000000000
 -0.00237601366679025  0.01046006835423569  0.02097247712345457  0.03123721773187444
  0.04135791833866916  0.05156593115295746  0.06186853338379487  0.07202201168763030
  0.08219370797115735  0.09246334432890758  0.10307374939416938  0.11359905918752718
  0.12408432256336556  0.13445166657680049  0.14470777687371494  0.15481656775564662
  0.16497189323590011  0.17561708442693527  0.18651195038246143  0.19750535456836124
  0.20835286621971993  0.21992702268868261  0.23132850347542971  0.24258715583902871
  0.25361963308084923  0.26452747340149252  0.27554283886711406  0.28627430167106749
  0.29681641445731966  0.30708802660398732  0.31741688948163116  0.32793683390934658
  0.33857589953525008  0.34952650953293735  0.36002747902918181  0.37055843631108099
  0.38064340722780654  0.39103435343879200  0.40120541363149226  0.41167520009288022
  0.42240060101366528  0.43321598219451357  0.44403718205576814  0.45457697872440550
  0.46496582744013976  0.47548007684859117  0.48601499934295844  0.49712447178050340
  0.50797966159945518  0.51884789235500206  0.52976932418375633  0.54060096066093821
  0.55159286817445774  0.56237808794299637  0.57299838707002126  0.58366102161328959
  0.59438015004931910  0.60510276623259840  0.61562305468335854  0.62606618076149489
  0.63661391969014192  0.64696379982941465  0.65732744710555380  0.66764147191216994
  0.67809805920449451  0.68849958920744603  0.69892104969604285  0.70935307223569422
  0.71980847041332130  0.73017042288338019  0.74050433170194740  0.75084143721335350
  0.76112186087669786  0.77177139699608144  0.78233784092145131  0.79285753689284522
  0.80283012790033481  0.81276980192388593  0.82299587535902641  0.83322368234776034
  0.84346098018950544  0.85374703676243791  0.86434305982560578  0.87488347679181810
  0.88505710182361752  0.89522915829068439  0.90549787979925667  0.91586195749563470
  0.92620043374286654  0.93667405836769646  0.94737870366613941  0.95814282282695951
  0.96878084050069779  0.97930087258067477  0.98964102597579684  1.00000000000000000
 -0.00202916152875821  0.01003029818206860  0.02015219923191823  0.03056950222368392
  0.04096533148841151  0.05172050485975958  0.06231686673359751  0.07281498908163475
  0.08314187234506390  0.09381932313965341  0.10427256681495732  0.11500759929043114
  0.12568351645285325  0.13619003149527206  0.14684585508446671  0.15712348139710974
  0.16772441339023661  0.17822450746113042  0.18866278822287932  0.19932063745355139
  0.20990908503468408  0.22035194327980695  0.23071269982344988  0.24108190372870861
  0.25191894371951212  0.26273688768612447  0.27340700439075266  0.28407905974576597
  0.29475186188646180  0.30552458160394985  0.31625735115402887  0.32673597471420840
  0.33722631733802694  0.34801198479032636  0.35871050688209277  0.36945481991155915
  0.37973739776914905  0.39015715242048010  0.40050249256169279  0.41116463691462424
  0.42152330202833821  0.43202899082162555  0.44239779204236312  0.45291095745978405
  0.46323965162743153  0.47364535527956819  0.48438052185458946  0.49509210337068288
  0.50546563123938282  0.51562594219933211  0.52571328308529597  0.53620100176804819
  0.54679430047417943  0.55721704177019327  0.56738118891913858  0.57740776804738347
  0.58766787570286583  0.59819063851183474  0.60876736670953013  0.61950778664454365
  0.63053766220259155  0.64173303795209569  0.65264907207667544  0.66331965467383336
  0.67401072303589771  0.68472881404371577  0.69532373642657141  0.70586435131003411
  0.71634825642477629  0.72693417257725990  0.73738487868782365  0.74779704390335833
  0.75805296659147903  0.76827167357866888  0.77872258498957059  0.78931067730631799
  0.79967126820711876  0.81005183845804218  0.82040380043144889  0.83078683753543503
  0.84097312673567126  0.85096041535430833  0.86106306623405893  0.87133967975948745
  0.88159207260969319  0.89208313427558283  0.90249768384657436  0.91301138642220614
  0.92336041471804686  0.93373952103393110  0.94420107753203408  0.95502198550229578
  0.96612034011777848  0.97743494110370410  0.98872776552009933  1.00000000000000000
   5.4955729241084220E-018  -1.0000000000000000     
 F F F F F F F F F F F F F F F F F F F F F F F F F F F F F F F F F F F F F F F F F F F F F F F F F F F F F F F F F F F F F F F F F F F F F F F F F F F F F F F F F F F F F F F F F F F F F F F F F F F F F F F F F F F F F F F F F F F F F F F F F F F F F F F F
  <DiscreteSampler_grid>
  grouped_processes
  1 # 1 for a reference and 2 for a running grid.
  10 # Attribute 'min_bin_probing_points' of the grid.
  1 # Attribute 'grid_mode' of the grid. 1=='default',2=='initialization'
  0.0000000000000000 # Attribute 'small_contrib_threshold' of the grid.
  0.5000000000000000 # Attribute 'damping_power' of the grid.
 # binID   n_entries weight   weight_sqr   abs_weight
    10   10   3.871921032472484E-007   2.714580050183504E-013   3.871921032472484E-007
  </DiscreteSampler_grid>
