  0.00951759075077205  0.01576992472960923  0.02487865655282379  0.03566730637562622
  0.04601722327515662  0.05640537722287099  0.06680172051618834  0.07718879819967235
  0.08759580041045895  0.09799837355856153  0.10840569218998478  0.11878028969151025
  0.12915408953094701  0.13953444322747227  0.14992707657762638  0.16031674235958793
  0.17068939619373075  0.18105595965059740  0.19142158782067364  0.20181435137193673
  0.21221876057125649  0.22263719271500995  0.23305450797280058  0.24344796300233990
  0.25382554702864102  0.26418814459717710  0.27458315983657960  0.28498962924648452
  0.29540571486299178  0.30580155222998001  0.31619181617201270  0.32656343628405593
  0.33693036113222746  0.34730923522324908  0.35769529759286944  0.36808230720013402
  0.37845798902992039  0.38883351662383608  0.39921182768380542  0.40959138065833600
  0.41997044573317072  0.43035011262038442  0.44073529403531658  0.45109953702784278
  0.46145412877536152  0.47179962174666540  0.48215909514375160  0.49251096223429530
  0.50286354734169514  0.51323450210862920  0.52362016407903555  0.53400436744960933
  0.54438053464516367  0.55475424212834890  0.56513442583785134  0.57550524787930712
  0.58586761937567144  0.59623322123115607  0.60660674397580772  0.61700045579174190
  0.62739319133707450  0.63777832586167271  0.64816860631300932  0.65856571125725993
  0.66896782007632349  0.67935488240059416  0.68972845741241295  0.70010214818970151
  0.71048209762813141  0.72086718222360835  0.73125236780933944  0.74163987211673776
  0.75201887690198554  0.76240218005431049  0.77278814486055658  0.78317162967667220
  0.79355643267956688  0.80394126596014825  0.81432315991824578  0.82470432811513650
  0.83509275292104945  0.84549859528207949  0.85590661521783518  0.86629579759650643
  0.87667676880300183  0.88705487509438996  0.89743921722152042  0.90782336073390524
  0.91820344212153393  0.92857371914151621  0.93897090017459039  0.94938963151656730
  0.95981983484497480  0.97021533062200094  0.98056010495051527  1.00000000000000000
  0.00952416313558871  0.01570834316879347  0.02489715838174552  0.03569507773879244
  0.04604610345276280  0.05641842550668651  0.06675990958713468  0.07711348394006437
  0.08747205648364113  0.09783726651707257  0.10818511491174143  0.11855596621567004
  0.12895349460510333  0.13936959548989997  0.14976993631105576  0.16015474348547520
  0.17053132082862049  0.18089820603167547  0.19126125991460272  0.20164211969272414
  0.21202263169873428  0.22239493131340857  0.23277201946676795  0.24315558858433703
  0.25354179195449700  0.26392330343833620  0.27431025562813954  0.28468906116582415
  0.29507720098310269  0.30545600575942516  0.31584715431813964  0.32624154531802890
  0.33664416315328094  0.34703892025432170  0.35740482039627836  0.36775530258726835
  0.37811607138068143  0.38849738453522553  0.39888217944522325  0.40927882763481993
  0.41967993497647937  0.43008082687427263  0.44047883995411502  0.45089257429853768
  0.46131881782307688  0.47173395526406514  0.48211760622478889  0.49247825461314843
  0.50283631740662116  0.51321046604328202  0.52360081813116965  0.53400073773307477
  0.54439381349383065  0.55478773958012773  0.56517545738542296  0.57553800199256910
  0.58587962575850139  0.59622533178348613  0.60659712205973992  0.61698004102056814
  0.62735316580460521  0.63771666825113116  0.64808406745794445  0.65847473346071517
  0.66889207994067856  0.67932164326528977  0.68974015529306576  0.70013921969575066
  0.71053192778004448  0.72091876194591020  0.73128896051067205  0.74165106690761851
  0.75201815861455668  0.76239078370942304  0.77277277745529804  0.78315703775337986
  0.79355935555451185  0.80394801937771376  0.81432445056854197  0.82469175573313491
  0.83507468882825897  0.84546451969556324  0.85586897145107499  0.86627567405551475
  0.87667567146521819  0.88705223663132682  0.89741842986075615  0.90780487455469461
  0.91819838291273537  0.92860270488632957  0.93901862025099769  0.94944184533324738
  0.95984100309014819  0.97019061354859226  0.98052736034753207  1.00000000000000000
 -0.00237839594017638  0.00968538141794787  0.01988572925342360  0.03046920404446409
  0.04107502335136567  0.05167929310597607  0.06224897675780913  0.07280331300590569
  0.08333314769705699  0.09385064501285571  0.10438549685410382  0.11492039256498134
  0.12547369779727899  0.13603135626559906  0.14660330741722208  0.15717332911805060
  0.16772927995582046  0.17829211310456733  0.18883001537909377  0.19937468535128558
  0.20992975975063130  0.22050179794945363  0.23104524772812216  0.24155838413224440
  0.25207773140732237  0.26261802209946311  0.27315090360575173  0.28370678349207296
  0.29426188933331732  0.30484246875424076  0.31535982396716200  0.32588846492330675
  0.33640392942666575  0.34696589363175379  0.35750103452093568  0.36801077610963051
  0.37850113562434595  0.38899774841178836  0.39950486957966885  0.41001589977837033
  0.42055202900889338  0.43110369097120510  0.44167704458121582  0.45223549811167046
  0.46278825547909519  0.47331028535248970  0.48382617179081910  0.49435759432535659
  0.50488877369939722  0.51544157852784400  0.52597105308420278  0.53649253904913774
  0.54699420823850320  0.55749302724178063  0.56799833031057068  0.57850284414994113
  0.58903491079780634  0.59956561290296162  0.61011240847029424  0.62067305178320475
  0.63124597562890428  0.64180959137510329  0.65233882441773516  0.66289348185554353
  0.67347336435381999  0.68404659784661537  0.69458229349039691  0.70509631266322836
  0.71563700550492360  0.72616517497274702  0.73668758719323524  0.74720790659984837
  0.75775780324434283  0.76832027814986137  0.77885811873108957  0.78937933599496246
  0.79988899841559036  0.81041109580851189  0.82092596741914226  0.83147689486625231
  0.84202320036548539  0.85260294143833371  0.86311366533171918  0.87364672575877245
  0.88415502859445994  0.89468320414876878  0.90522505082966731  0.91578352795226015
  0.92634807526623431  0.93686236556316682  0.94738234233184360  0.95788872386211210
  0.96841669019124832  0.97892674138110358  0.98946319795680804  1.00000000000000000
 -0.00245337245568528  0.00970648147056236  0.01993432899931027  0.03047093696972879
  0.04100512308870935  0.05152841177143370  0.06205922460937213  0.07258744428873001
  0.08312704054415394  0.09368805438447524  0.10427028609307516  0.11484888466017029
  0.12540810328558344  0.13596166938106238  0.14649858826572892  0.15703201799576430
  0.16754251036484022  0.17805122012859656  0.18857852769318489  0.19908848357056613
  0.20962490166237308  0.22017990581558367  0.23074887122695192  0.24129937233685295
  0.25181465270891273  0.26234162172686931  0.27286279177175826  0.28340364303711096
  0.29395827134659930  0.30453166920098823  0.31508960246418261  0.32563271351865292
  0.33616625085672130  0.34668206560219994  0.35720009659460428  0.36772220458737576
  0.37824156427256528  0.38880662896253337  0.39935832198314186  0.40995899499797478
  0.42052125218003017  0.43108280725388715  0.44162241639950578  0.45213072588987269
  0.46265578818340714  0.47316850257601584  0.48369872520096585  0.49424264666477269
  0.50479840411060117  0.51536412716106161  0.52590880292538622  0.53644227108843523
  0.54696045741357968  0.55746112604955445  0.56794499676479626  0.57842236646201661
  0.58890289200013990  0.59940053752107803  0.60989675004014121  0.62041330893801383
  0.63095480975012419  0.64153243308479890  0.65209086280807005  0.66262980482430167
  0.67317189266399280  0.68371484487503809  0.69425138926187502  0.70479556275994426
  0.71533850067816407  0.72589813586165186  0.73642734630725692  0.74698436958962300
  0.75755324186985173  0.76811586289852862  0.77866780771924782  0.78921743535271482
  0.79978328867161796  0.81032513685810059  0.82086263109026325  0.83138988962758886
  0.84195587637148472  0.85249094459151065  0.86304079072651574  0.87355958852919002
  0.88409510621360798  0.89458914071900020  0.90510432745073399  0.91560425541070001
  0.92614604044217208  0.93666801518575582  0.94721410423587660  0.95778195162280222
  0.96837208444602618  0.97893872542054727  0.98947739089578912  1.00000000000000000
 -0.00235845544462659  0.00956663336771988  0.01973530185615952  0.03021278642527456
  0.04073569310656002  0.05124051574784629  0.06176100229642358  0.07229220515117935
  0.08285044340935828  0.09339919610668035  0.10395600769814094  0.11450543395888042
  0.12504336803698296  0.13557477427549583  0.14612527916734028  0.15669868455356512
  0.16726336495822308  0.17780007096394390  0.18834916470159940  0.19887901496201718
  0.20943126856341543  0.21997202150585399  0.23055161979718183  0.24110458027004561
  0.25164920740338248  0.26219538678296650  0.27271336082065550  0.28321292566713729
  0.29366681043168508  0.30414716343717202  0.31463497707440891  0.32517541629528324
  0.33572203158177599  0.34627715863205533  0.35682765382567633  0.36738423449164054
  0.37794696789887844  0.38847657880778858  0.39900570081802889  0.40954616728638632
  0.42010307738480079  0.43067718145653794  0.44125107798778351  0.45182937691436448
  0.46239402782754052  0.47293247547065281  0.48345539910084512  0.49398369787089935
  0.50452633177724826  0.51506712781883335  0.52560159935352202  0.53613469007301728
  0.54668329749671407  0.55723307174359960  0.56775831876430305  0.57829591604526698
  0.58881447767040773  0.59937652983290879  0.60991798583742318  0.62049977362480402
  0.63108708096729726  0.64166126667588685  0.65222635199385603  0.66275640447509188
  0.67329728998101113  0.68380440161283740  0.69433311871385373  0.70487407680953840
  0.71542575332969793  0.72595855305955470  0.73650370747356386  0.74705077479715132
  0.75761526602933615  0.76818414045156613  0.77874975926775170  0.78930996462866210
  0.79985508216020518  0.81040276966300628  0.82095454130951973  0.83148857264679776
  0.84202289324117430  0.85255243021144755  0.86308886758355141  0.87362391631412994
  0.88414965318432559  0.89468104391377690  0.90521855658569028  0.91572522690275360
  0.92623177689042679  0.93674755579812419  0.94730032434509304  0.95785087317189099
  0.96837753779987590  0.97891886528995331  0.98945285062937383  1.00000000000000000
 -0.00248303530721379  0.00968380880616269  0.01989046206504546  0.03041406405817848
  0.04097539627425784  0.05152590162206105  0.06206707335847927  0.07257563402758285
  0.08307643079608104  0.09359262701036823  0.10413191956671435  0.11472656645595838
  0.12530220646719228  0.13587542831501662  0.14641757707145533  0.15697462483003521
  0.16752995253232711  0.17808259697908999  0.18862183947263181  0.19917303460017802
  0.20971912872990239  0.22026491683817370  0.23078256665960842  0.24132884172220948
  0.25186789793002101  0.26241894967214657  0.27293973504105135  0.28345721649352301
  0.29398113503851553  0.30451327236451109  0.31506366528483593  0.32561416006628102
  0.33616172724707460  0.34670106090136127  0.35726924162652496  0.36783639462254414
  0.37841533790805870  0.38896773804249740  0.39953126841007419  0.41007517166341745
  0.42064639631084166  0.43121812405044385  0.44178819594455793  0.45232174935404834
  0.46286144602902884  0.47343016555340972  0.48401848166888262  0.49458443866869306
  0.50514861794762767  0.51570636999407937  0.52628521440220521  0.53684442222083684
  0.54736245875048062  0.55786740601732121  0.56836477080083314  0.57888500522945430
  0.58937481015098536  0.59986017448146600  0.61037823728169949  0.62094108539624526
  0.63150473108422656  0.64203192712930046  0.65250672057246129  0.66299424439558630
  0.67350602926989900  0.68404854720290054  0.69458357706748175  0.70512842722765423
  0.71566177237996687  0.72621527666190622  0.73674121269651816  0.74726187607440453
  0.75776588729807515  0.76825793089210825  0.77878459704647640  0.78929953589213808
  0.79983145883872675  0.81033972055572490  0.82089166013621329  0.83142944842649258
  0.84194676483986863  0.85243486094688714  0.86294222834974521  0.87348846788667989
  0.88403117098521922  0.89461013084230334  0.90516708035085691  0.91575750697577007
  0.92631393502648629  0.93688993685436017  0.94742885307328228  0.95794736172245298
  0.96846313941465856  0.97898917405050812  0.98950272155155883  1.00000000000000000
 -0.00238404265642518  0.00949949796998116  0.01963502235550899  0.03011542699205213
  0.04063648267331323  0.05115861734327609  0.06171289181866110  0.07226201010517283
  0.08280366334488623  0.09333789691118417  0.10387920463296058  0.11444823797515903
  0.12499017190741733  0.13551788201386719  0.14602882905905457  0.15653851713963068
  0.16703793822379837  0.17756189691003638  0.18809202956448079  0.19862214230529079
  0.20915003871355164  0.21968188994414709  0.23023711940057479  0.24078435879608884
  0.25133047191445113  0.26188883333772134  0.27243829992542906  0.28299564629209056
  0.29355159562239602  0.30409951716377548  0.31462979299005922  0.32515333551329723
  0.33568417079245433  0.34622790068298892  0.35676118370978294  0.36729040414314446
  0.37781806271028123  0.38833262344887470  0.39888169460901035  0.40941474459191729
  0.41995604340923043  0.43046590038448784  0.44099734235411214  0.45153289649893918
  0.46207669373634191  0.47262374830594345  0.48317289335685382  0.49371440360393054
  0.50426997980965382  0.51483852771694061  0.52538892834221351  0.53592324405057512
  0.54645074673144223  0.55701727572755477  0.56758295388491720  0.57817911195175709
  0.58878769579639034  0.59939603063277358  0.60996647805060156  0.62051702573469714
  0.63107107789920014  0.64162278603017375  0.65216165097585210  0.66269652909371723
  0.67322930497907341  0.68376359639742934  0.69427567583073768  0.70481282386364175
  0.71533552614939988  0.72586251398006940  0.73639737862674026  0.74694678441573137
  0.75753517227359823  0.76808826120645102  0.77864374619059518  0.78917679587311296
  0.79971579525175951  0.81024019582682827  0.82074528082706610  0.83126004734749337
  0.84179969472055372  0.85235186519316575  0.86289298154756522  0.87341743720973120
  0.88392291546195589  0.89445509965743564  0.90498578360526516  0.91555952128132234
  0.92609193224722974  0.93664398365293333  0.94718416898798496  0.95776194515035573
  0.96832548690012232  0.97889193016311060  0.98944040829938595  1.00000000000000000
 -0.00245209112838263  0.00945714713777719  0.01958562661022515  0.03006651096516820
  0.04058011429906186  0.05108272436420850  0.06160071942197404  0.07212914903107293
  0.08268090644482189  0.09323071536304210  0.10379760904491231  0.11434966990550798
  0.12491350561572195  0.13543819642190100  0.14595275526442186  0.15644552192333902
  0.16698186382844196  0.17754706087086933  0.18811249787767931  0.19865225717920795
  0.20918086927051247  0.21973445916839418  0.23026110093235766  0.24080598706486822
  0.25133456922054020  0.26188944733746272  0.27241781612285942  0.28295938649736807
  0.29350728393065556  0.30406807259028312  0.31460962773077217  0.32514227648189864
  0.33569689660905183  0.34626523377635943  0.35685087412703415  0.36741357364373611
  0.37795066489251627  0.38847882700820124  0.39900642386091467  0.40954902196108722
  0.42009474273670910  0.43064135665680542  0.44120623332946496  0.45174900812989871
  0.46228366301448648  0.47280025377565776  0.48333246193014928  0.49389484197314570
  0.50446628980384089  0.51503952598928116  0.52558160367208173  0.53610888792855316
  0.54663433509882708  0.55720012157228527  0.56777838753818644  0.57832149173519354
  0.58879749014899430  0.59925182441172120  0.60972442851238895  0.62024628341921739
  0.63080473486130650  0.64136092463614092  0.65190665490607302  0.66243850895709500
  0.67297712972733892  0.68353794963476455  0.69410696578791020  0.70471025535717946
  0.71531523787074680  0.72592660878519144  0.73652087814006195  0.74711187513709110
  0.75765798569123322  0.76823246257922173  0.77876097438154357  0.78933313452545317
  0.79987192278347474  0.81043633093946055  0.82097035943732155  0.83148993531132898
  0.84199844350697250  0.85253827778082347  0.86311157550242079  0.87368382417600388
  0.88420584534076940  0.89470024652819924  0.90520736393607304  0.91575016036122947
  0.92627985036565630  0.93680013171554510  0.94732096875618743  0.95786893276000262
  0.96842041045356531  0.97895191346833021  0.98948434861568990  1.00000000000000000
   1.5460768359099240E-002  -1.0000000000000000     
 F F F F F F F F F F F F F F F F F F F F F F F F F F F F F F F F F F F F F F F F F F F F F F F F F F F F F F F F F F F F F F F F F F F F F F F F F F F F F F F F F F F F F F F F F F F F F F F F F F F F F F F F F F F F F F F F F F F F F F F F F F F F F F F F
  <DiscreteSampler_grid>
  grouped_processes
  1 # 1 for a reference and 2 for a running grid.
  10 # Attribute 'min_bin_probing_points' of the grid.
  1 # Attribute 'grid_mode' of the grid. 1=='default',2=='initialization'
  0.0000000000000000 # Attribute 'small_contrib_threshold' of the grid.
  0.5000000000000000 # Attribute 'damping_power' of the grid.
 # binID   n_entries weight   weight_sqr   abs_weight
    10   10   2.023813460707095E+013   1.038892862348406E+027   2.023813460707095E+013
    11   10   2.023813460707096E+013   1.038892862348407E+027   2.023813460707096E+013
  </DiscreteSampler_grid>
