  0.00955178719089201  0.01563488150694496  0.02485583331916093  0.03564839798232255
  0.04602442414619893  0.05642069152587754  0.06682554113228582  0.07723001189250155
  0.08763555130720672  0.09804839507198966  0.10843921484344331  0.11883326116852519
  0.12921586640591917  0.13961429371043238  0.15003470151983220  0.16044603676663854
  0.17085138907014355  0.18123736013317038  0.19162709042020953  0.20203411651978970
  0.21243519466930544  0.22284408609887391  0.23322765573454601  0.24362212695514937
  0.25401156683078724  0.26439634071487111  0.27475820006869295  0.28511927660987979
  0.29549510272766777  0.30588894669191125  0.31626745030927805  0.32663622537635600
  0.33697845025600137  0.34732335719176688  0.35766935883130457  0.36803162743965118
  0.37840344143431642  0.38877839310857848  0.39915127204225503  0.40952311291618476
  0.41990584117122376  0.43029314931611529  0.44067338660412825  0.45103597810088386
  0.46139111516154402  0.47176191328998185  0.48215027980310343  0.49255033021320915
  0.50294782171388952  0.51334588765486355  0.52374956575109677  0.53415687274241563
  0.54456615419655729  0.55498346207221327  0.56541478703987158  0.57584134504613926
  0.58624403669689662  0.59662053529044867  0.60699505639639728  0.61738962601874359
  0.62779147517236056  0.63818818915435160  0.64857487677204362  0.65895283684929562
  0.66933065802348590  0.67971550203429132  0.69011003678397098  0.70051552966504793
  0.71092151572040818  0.72130244865885662  0.73166024441595390  0.74199238496856090
  0.75234065890945256  0.76270784153316706  0.77308448648021777  0.78346320692217220
  0.79382586677232192  0.80419135664155939  0.81455796632541577  0.82493623845601949
  0.83532635775029485  0.84571342427106388  0.85609118920048743  0.86645369255347793
  0.87683296444418934  0.88722737947195851  0.89762126566656963  0.90799212550500563
  0.91837625365914577  0.92878125336685469  0.93921444114658614  0.94963478949086189
  0.96004820841310679  0.97036411970025582  0.98068682800832174  1.00000000000000000
  0.00957751716997185  0.01562504905251376  0.02485056260361224  0.03564352101853219
  0.04601851702400672  0.05640883843665953  0.06680958647532938  0.07720320126184270
  0.08760239875946815  0.09798223313925247  0.10836654316075399  0.11872784211419353
  0.12909985423793321  0.13947369834829579  0.14989358667838523  0.16031757511124861
  0.17073604902902384  0.18112472851577760  0.19150608894055032  0.20189956404238843
  0.21225872406563184  0.22260249099746074  0.23292014102070327  0.24328192600460127
  0.25365443898808820  0.26403942521329282  0.27442365397533003  0.28482467137338802
  0.29524359898424274  0.30564117223804688  0.31600972257899568  0.32637229710642013
  0.33673274863593911  0.34708724503295868  0.35744641976003694  0.36781887584569373
  0.37821972670220849  0.38861993341400103  0.39903974279260623  0.40945770049895852
  0.41987047122176663  0.43026739048018353  0.44065408516502524  0.45101869734379818
  0.46136827644305217  0.47172159748652898  0.48209014104165421  0.49247537418469772
  0.50287216050003747  0.51326676594914089  0.52364551441596685  0.53401563033393695
  0.54439219944175776  0.55477232179762581  0.56514025723393779  0.57549653098647524
  0.58585259829634018  0.59621815806606848  0.60658211455170508  0.61694538776363561
  0.62731116293659950  0.63769477855210344  0.64810208528235014  0.65852246140682946
  0.66893833158713689  0.67933567402253947  0.68972508008867528  0.70011342679819066
  0.71050496056588086  0.72089290127887562  0.73128234672486370  0.74167366060228501
  0.75206461574632144  0.76243390476748463  0.77279108901725080  0.78315197309068507
  0.79354073973731032  0.80393860468349077  0.81432430650494936  0.82467367734539465
  0.83500232608389346  0.84535367900427449  0.85573370603677656  0.86614056468525769
  0.87653862264458204  0.88692804157807481  0.89733516727344265  0.90774697669760651
  0.91814982003893597  0.92853429784557817  0.93892168147038413  0.94933710810348670
  0.95976570509292680  0.97017331068361889  0.98054375442660813  1.00000000000000000
 -0.00250577443048150  0.00959430747770570  0.01979254057614219  0.03036483658752491
  0.04093607368914474  0.05149338054265713  0.06203589902880010  0.07257464934069811
  0.08309558879224951  0.09362119024610863  0.10413342576149079  0.11472222902877717
  0.12529655961240882  0.13588470873176914  0.14642127781399975  0.15696841037080489
  0.16750452007488847  0.17803635011004421  0.18857322209270419  0.19912154531376905
  0.20968319625019050  0.22022270704302205  0.23074580106658824  0.24123007882251721
  0.25173542147143224  0.26225776459761801  0.27277177238156042  0.28329308764965183
  0.29381370112148281  0.30436151911896858  0.31489917981180837  0.32541418062563948
  0.33594951709363319  0.34649821043942508  0.35705383425020371  0.36760882308796200
  0.37814254555477295  0.38866777028139604  0.39918441152243289  0.40973916998036636
  0.42031119128888494  0.43087495906255030  0.44141471523130210  0.45193856881951699
  0.46247396131924590  0.47298429331305547  0.48350497530191505  0.49401763205274429
  0.50454540201224696  0.51505821679982133  0.52556671743247052  0.53609781672026402
  0.54663937990975509  0.55719050066040698  0.56773913226889983  0.57830437256403633
  0.58885639845004822  0.59939918324933361  0.60992923013586309  0.62046738886559794
  0.63100398041632244  0.64153631745618767  0.65206174744032985  0.66261263154368910
  0.67316059149609564  0.68369645883928098  0.69420380635059431  0.70472233614820756
  0.71528687884376585  0.72588609051283681  0.73649540326455909  0.74706031622905178
  0.75760211229168761  0.76812072370802797  0.77865995946084277  0.78921738140677233
  0.79980721790698850  0.81038611349535239  0.82094990585049532  0.83148523331305368
  0.84202154632095538  0.85255397677661293  0.86308732685754386  0.87363511869013855
  0.88418350025552128  0.89474043593609376  0.90527793837117643  0.91581474815393360
  0.92636687522495476  0.93689452480431679  0.94741036779101317  0.95789415547142887
  0.96839415576961618  0.97891286809786171  0.98944364199736845  1.00000000000000000
 -0.00249493942489887  0.00956023020048515  0.01974565775489795  0.03029138360843649
  0.04085861026538324  0.05140527721580191  0.06192615372890464  0.07243290028324383
  0.08293249362443572  0.09346226100713222  0.10396535173818001  0.11447952646688000
  0.12498345571980926  0.13553994956533894  0.14610350406718631  0.15664368025091580
  0.16713744861457144  0.17761487250665325  0.18811956913114550  0.19866239398034588
  0.20922963253656096  0.21979003433671823  0.23035420100702853  0.24089507830239293
  0.25143983341415443  0.26195597750708755  0.27249423213812662  0.28306050164804036
  0.29363676433364067  0.30421749461110398  0.31477937414047380  0.32534857594555933
  0.33588907690994041  0.34640569814323408  0.35691748249808392  0.36748288174644278
  0.37803889082526565  0.38859223910381957  0.39913479659397444  0.40968867397264086
  0.42023321899282412  0.43076828996309158  0.44130118042177446  0.45185121090834907
  0.46237947637067173  0.47290671970928033  0.48342663679210912  0.49396804393720634
  0.50453113254906434  0.51508022553677757  0.52560561763870395  0.53611705046235392
  0.54665972373422778  0.55719535178330182  0.56772402067099870  0.57822414142854384
  0.58872386777593000  0.59923742094693366  0.60974137347266366  0.62023738503770687
  0.63074924760656825  0.64128935768828566  0.65185408397614553  0.66240299515397472
  0.67295452154784496  0.68352343757245682  0.69411210427697578  0.70470805689429872
  0.71529184355371767  0.72584681728429512  0.73637776083941875  0.74689067660058595
  0.75740896677478853  0.76794423291195624  0.77850324725800357  0.78905952061000284
  0.79961481561036929  0.81017880974492595  0.82073563695074758  0.83130042209469124
  0.84182985372396946  0.85240313809336155  0.86295781439410113  0.87349955436246052
  0.88402387194733645  0.89455557397587859  0.90511283381622276  0.91566426466014750
  0.92622344941710033  0.93677869765712052  0.94731394308234473  0.95785734950586421
  0.96838271761003125  0.97892054804402540  0.98944680136034424  1.00000000000000000
 -0.00240673928895160  0.00956531542821381  0.01975817472235301  0.03026982026766430
  0.04081481568856992  0.05135876813276683  0.06191656848994143  0.07247125661825321
  0.08299921163505979  0.09354241720857978  0.10409652497736574  0.11465920196819905
  0.12521295947548891  0.13577839713984827  0.14631109958902153  0.15685084085723430
  0.16738125331613621  0.17794549963305523  0.18849397326635617  0.19905656140093389
  0.20961792097261361  0.22018946742268591  0.23074108308176888  0.24130322210737681
  0.25185817768341556  0.26242608101641246  0.27298417778239509  0.28353372785628211
  0.29404053968834559  0.30453681305763153  0.31504255619740323  0.32555858466421389
  0.33610258428971324  0.34667884973540924  0.35725849049743647  0.36782697276025583
  0.37835473965470412  0.38889102677973991  0.39942874570798897  0.40998731755866469
  0.42054165671367710  0.43108331660080290  0.44161329858412901  0.45213178593667858
  0.46265914041545575  0.47318771304992613  0.48373004809044373  0.49426185434224629
  0.50479278619187817  0.51533753098953183  0.52589038132377497  0.53644073088586830
  0.54697592179785814  0.55751534182084250  0.56805094448356785  0.57855911660475723
  0.58906262967388023  0.59954996636587787  0.61007241583631278  0.62060248897489001
  0.63113173377179232  0.64163461659726095  0.65213745536630441  0.66266191188910806
  0.67321237939587464  0.68375108242576987  0.69433150925040754  0.70491086193928942
  0.71547968604409640  0.72600653958435213  0.73653819389258968  0.74709138380005657
  0.75763018021760276  0.76816697785940835  0.77871760217205843  0.78931029100908301
  0.79990662534649848  0.81047698175576766  0.82098931791653063  0.83150428343061311
  0.84204687256500588  0.85261869839482052  0.86318064649225457  0.87372659207807424
  0.88425595768873533  0.89478404755766650  0.90529963173163375  0.91582835169838350
  0.92636653050529105  0.93688521036547912  0.94738371046618619  0.95790555795443555
  0.96844286396427826  0.97898312968139678  0.98950055883264110  1.00000000000000000
 -0.00240149644003036  0.00960643200075792  0.01980457684231711  0.03039276794776680
  0.04097435611240225  0.05152891679713910  0.06207495108246796  0.07262089745018278
  0.08317144578307535  0.09370982211599070  0.10426936207149863  0.11479846712836664
  0.12530581210733824  0.13582223860753928  0.14635274940381227  0.15690440242344053
  0.16743237320970542  0.17796593469424790  0.18849258658771978  0.19902509438682817
  0.20954971173710629  0.22009315210267266  0.23062363031890615  0.24116613290423633
  0.25168178396294366  0.26219268935875001  0.27269852267163741  0.28318032143348909
  0.29366324621417139  0.30415376040751047  0.31467711343835503  0.32518571724291145
  0.33573372062473716  0.34629627318508821  0.35689333981184213  0.36746749728540040
  0.37802470339871880  0.38857799123243730  0.39911232802679036  0.40967773046885098
  0.42025154685501026  0.43085060202660974  0.44142358640575008  0.45199225247773461
  0.46253274276991729  0.47305472214917232  0.48356158885770617  0.49407022968139108
  0.50459511784940603  0.51514539673881177  0.52568778437262142  0.53624331742735132
  0.54678202372972240  0.55730325877219022  0.56782178060241739  0.57833914690774835
  0.58887906455003813  0.59940644257672615  0.60994454063337211  0.62050501619672160
  0.63107316757186072  0.64162655125990353  0.65217075209528141  0.66273524142398355
  0.67331521018181550  0.68388079631464116  0.69444289223808353  0.70499010564312292
  0.71554485018637992  0.72609386236636420  0.73663772330340138  0.74717768789321859
  0.75770409974034880  0.76824381873599779  0.77877358192374968  0.78930886747188700
  0.79983940596857350  0.81037395944961399  0.82088894451665351  0.83141210499881424
  0.84193256019455787  0.85246192341251270  0.86299445714303769  0.87353380707027117
  0.88407738324783325  0.89461180463190426  0.90513694746317774  0.91567793431551592
  0.92621932020123510  0.93676911223442016  0.94731270652971489  0.95785275811246917
  0.96839880273478263  0.97893764485031709  0.98947090585369624  1.00000000000000000
 -0.00234892924983758  0.00948839761763087  0.01965646322596503  0.03018828869286047
  0.04073718767797811  0.05124086333830787  0.06177703569360530  0.07232769442887152
  0.08289309975094812  0.09343645997898085  0.10397657317781310  0.11452265823214092
  0.12508443224755614  0.13566315155944964  0.14623424258944986  0.15679608658607949
  0.16734117565709658  0.17788634458739302  0.18841856729180584  0.19895677933359915
  0.20949312313057006  0.22003203470915783  0.23053821734967650  0.24106017719885611
  0.25162921365809970  0.26220760416988514  0.27279750330343278  0.28330033468417348
  0.29382721205605433  0.30432932703185417  0.31486039381949993  0.32537289158446475
  0.33589164770598273  0.34644830394242682  0.35704289527314015  0.36760940441956175
  0.37817646258194132  0.38870374661232909  0.39926125426559755  0.40977956427269024
  0.42030749326032751  0.43082412551713206  0.44136291844425357  0.45187625747470156
  0.46239772412776270  0.47292460728161750  0.48346279002130421  0.49399919568233480
  0.50453094017952260  0.51507448537781331  0.52562103057967668  0.53619012213584760
  0.54679221413941026  0.55739209866539541  0.56797879254141492  0.57851528352232950
  0.58904317047356469  0.59955697252544060  0.61006973739803594  0.62055006064550366
  0.63103125648386249  0.64154678210360894  0.65209631602598606  0.66264989724445889
  0.67319078690420431  0.68374645969116910  0.69429093688510701  0.70482717257486927
  0.71537303278992848  0.72592920942476757  0.73648937489093091  0.74702716631165589
  0.75754578756410462  0.76806899703511300  0.77859294178512795  0.78915865187803680
  0.79974003105926139  0.81032430157065072  0.82088279377162032  0.83141378286059964
  0.84194500889986157  0.85247065376791531  0.86299982850027557  0.87351196758306893
  0.88403108230923255  0.89454883836906429  0.90508313667874207  0.91561870876832196
  0.92614427011087130  0.93669338742358388  0.94724404928539829  0.95780072147070294
  0.96835128650920721  0.97890419873755863  0.98945825064611592  1.00000000000000000
 -0.00246843596029659  0.00944283905515144  0.01959389495472073  0.03010958922443265
  0.04068594107492860  0.05125501206677222  0.06179091420844583  0.07234296978757808
  0.08288179340327083  0.09340877929189055  0.10392406595060567  0.11447721551002396
  0.12506648273566609  0.13564534427223193  0.14619533272313115  0.15674867961022715
  0.16729667948591501  0.17785879826723658  0.18840430970693373  0.19896914434536173
  0.20952407024852271  0.22006936866880081  0.23060656044148356  0.24112854911117690
  0.25166768171624154  0.26220978096477088  0.27277973169191078  0.28335412118089764
  0.29393365194136478  0.30449853977371394  0.31506718450536386  0.32560183548191457
  0.33614425095839251  0.34668051641005904  0.35723590237117181  0.36778628547339487
  0.37832585375513123  0.38885583562382342  0.39939218301868878  0.40992748430585219
  0.42048878391889088  0.43102892863831194  0.44155232041901282  0.45205113353148330
  0.46258693939279627  0.47312770552973077  0.48366848949886981  0.49416634034987300
  0.50467515802116669  0.51519827473808633  0.52572060362496487  0.53622197315681752
  0.54671647110901600  0.55723075958208190  0.56776569283510203  0.57831696824237155
  0.58888661536725040  0.59945795509304478  0.61000094735489208  0.62052079244119884
  0.63102334323555453  0.64154216719965296  0.65206146223272177  0.66261139142647629
  0.67315209342270599  0.68369628976362240  0.69423020608898667  0.70476895850763888
  0.71529926143741107  0.72583601644371754  0.73637900836691472  0.74693218669380634
  0.75748345117758908  0.76803342723546020  0.77857203914403827  0.78911456053966322
  0.79967169233038971  0.81022008349287411  0.82076853685597972  0.83131435526824526
  0.84188484304727207  0.85242478814525113  0.86293844041579859  0.87344334157303805
  0.88396709982346899  0.89451834440565914  0.90507459463768847  0.91564529583849963
  0.92620873495806955  0.93675684770344658  0.94728132319304892  0.95783578823989879
  0.96841653294690910  0.97898711057478971  0.98951012092540913  1.00000000000000000
   1.5471638688309973E-002  -1.0000000000000000     
 F F F F F F F F F F F F F F F F F F F F F F F F F F F F F F F F F F F F F F F F F F F F F F F F F F F F F F F F F F F F F F F F F F F F F F F F F F F F F F F F F F F F F F F F F F F F F F F F F F F F F F F F F F F F F F F F F F F F F F F F F F F F F F F F
  <DiscreteSampler_grid>
  grouped_processes
  1 # 1 for a reference and 2 for a running grid.
  10 # Attribute 'min_bin_probing_points' of the grid.
  1 # Attribute 'grid_mode' of the grid. 1=='default',2=='initialization'
  0.0000000000000000 # Attribute 'small_contrib_threshold' of the grid.
  0.5000000000000000 # Attribute 'damping_power' of the grid.
 # binID   n_entries weight   weight_sqr   abs_weight
    10   10   1.971916865310344E+013   1.173422749403850E+027   1.971916865310344E+013
    11   10   1.971916865310341E+013   1.173422749403849E+027   1.971916865310341E+013
  </DiscreteSampler_grid>
