  0.00953559423645061  0.01572229638653208  0.02488905552586263  0.03573042940306231
  0.04611655564376313  0.05650533263420207  0.06687743644103639  0.07725777994022909
  0.08763158634094360  0.09799161152822859  0.10834809993873909  0.11871668066065173
  0.12909740767614494  0.13949816515087884  0.14990106611354706  0.16029991029149351
  0.17066784238962598  0.18101495395923461  0.19135202921046932  0.20172021998111273
  0.21213593761736188  0.22258950513222669  0.23302599988664224  0.24343228550170862
  0.25382309091431332  0.26421552297809170  0.27460361850257209  0.28499140367851672
  0.29539950986742514  0.30581261275397853  0.31622583087175815  0.32661806339928640
  0.33700264906507454  0.34738053137563335  0.35778346928650889  0.36817817602668784
  0.37856335114801137  0.38892974691267856  0.39930343204619001  0.40968610133678812
  0.42006600076767847  0.43044809186843408  0.44084094490486025  0.45124098965580262
  0.46163347502245800  0.47200618459193971  0.48237154558337142  0.49273728947100376
  0.50311305745681811  0.51348353836369554  0.52385075116056046  0.53422459299122738
  0.54459997413318850  0.55498004848323135  0.56536484064464920  0.57575372384995982
  0.58615705301305454  0.59656592080477155  0.60696925277962288  0.61735858850082370
  0.62773856887608515  0.63812167286779820  0.64849618540037923  0.65885601326998666
  0.66921343200004324  0.67957947362040061  0.68994540079437894  0.70030067647649852
  0.71065669532724507  0.72101703570166786  0.73138575692797314  0.74175501912424868
  0.75212060837520478  0.76250072998226615  0.77288903909486217  0.78328080388245602
  0.79364274345988961  0.80399973473587949  0.81435392064648759  0.82472428853974866
  0.83509018151934034  0.84547775063114594  0.85588050587708020  0.86628612575514696
  0.87667202731146310  0.88706143099034229  0.89745618729311816  0.90783843270480491
  0.91820982754153446  0.92859107413776421  0.93898679225671466  0.94938642008416263
  0.95975953006806625  0.97014068478831239  0.98048927483653947  1.00000000000000000
  0.00952109690646830  0.01560509306628066  0.02484621107642083  0.03565444270289691
  0.04602639666756393  0.05638808481068810  0.06674867882499259  0.07709986707569300
  0.08745713571119182  0.09782272016387455  0.10820640078488099  0.11861902398314569
  0.12903316028953737  0.13942084790208314  0.14979498084748669  0.16017218731495386
  0.17057200275163981  0.18096472429459073  0.19131865654012331  0.20167531873011915
  0.21201111083521837  0.22238172354397534  0.23275574603226459  0.24317757974164964
  0.25359441300848873  0.26397410019790429  0.27433584539988803  0.28469756697361670
  0.29507685569244446  0.30544572714917634  0.31581435283572618  0.32618305363425365
  0.33657551492815252  0.34696331713950773  0.35734512699971410  0.36771369202144216
  0.37808915904294260  0.38848359371361191  0.39887935370932992  0.40927778761523509
  0.41968075099805302  0.43008122346625183  0.44047420944350624  0.45084333032090013
  0.46121177460483531  0.47157703297139103  0.48194938131714898  0.49232433196778563
  0.50269497963114596  0.51307232530829217  0.52345557473230031  0.53384796431858139
  0.54423065642564183  0.55460622027658102  0.56498519210774800  0.57535948306195728
  0.58574692800589401  0.59614334883328401  0.60654694066285708  0.61693821888617961
  0.62731239618282142  0.63769174020785968  0.64807891922933480  0.65846962367728468
  0.66886356473013242  0.67926834296353744  0.68966635804476828  0.70004927320002341
  0.71042342697692606  0.72080097216653582  0.73119482221008836  0.74159074603100117
  0.75199520688489097  0.76240278933596894  0.77280337939638943  0.78320713819969323
  0.79361355713018444  0.80401366855509249  0.81439940189989590  0.82476723885341752
  0.83512646507499355  0.84548306720572564  0.85585624464150267  0.86624754307863550
  0.87665353641069599  0.88704548290384588  0.89743093596768453  0.90781392222099200
  0.91820473794188895  0.92860417095679126  0.93899977621012709  0.94939435624799873
  0.95978551674374113  0.97015813090425096  0.98052942036092872  1.00000000000000000
 -0.00229339632929566  0.00953359574527062  0.01971780517023566  0.03024932731753971
  0.04082080243025311  0.05137499087924288  0.06194082903858181  0.07247315682012309
  0.08298248758433954  0.09348225313324350  0.10399380236909293  0.11451711322378680
  0.12506205836907092  0.13561755838155037  0.14616983378588835  0.15670021106812310
  0.16724357229579495  0.17776857762633155  0.18832834699077261  0.19885977711990949
  0.20940585284184982  0.21993958866716226  0.23046504173889590  0.24096041180563377
  0.25145578906379873  0.26196961505277838  0.27250421048808388  0.28301665871626513
  0.29352227701612815  0.30403791817467091  0.31458865657015500  0.32514503164902986
  0.33572065756505459  0.34627351634210429  0.35682841247502917  0.36735753990752396
  0.37792120907523041  0.38848454172427987  0.39904275208634726  0.40954735304270007
  0.42005846145043524  0.43059033351915804  0.44114565352513629  0.45169843319781788
  0.46223644875433689  0.47281203274610079  0.48339364287860892  0.49399386750160201
  0.50452395449727416  0.51505097573158798  0.52554173801898751  0.53607205392421009
  0.54660484944905507  0.55714355057074194  0.56767519180726356  0.57819557502218977
  0.58874612700420614  0.59931899823631174  0.60988514592647991  0.62044149465672893
  0.63098242065384613  0.64153038726059786  0.65208080315001327  0.66260970361634131
  0.67315918664102048  0.68368874857602069  0.69425776097910896  0.70481464444135977
  0.71539674559225086  0.72594185139184753  0.73645199760240498  0.74696056337596317
  0.75747069579177817  0.76801589467935927  0.77856186697949659  0.78911648647662169
  0.79966487326870295  0.81018483386680840  0.82071095013397777  0.83125294133464300
  0.84178654244431295  0.85232136149273741  0.86284547606850992  0.87339006177979339
  0.88394688454751202  0.89451846168211890  0.90507585243126953  0.91562292489449437
  0.92615652735209830  0.93670207967789187  0.94723772598182132  0.95775688257845282
  0.96830041846609949  0.97884895340122002  0.98942762880943214  1.00000000000000000
 -0.00240706400457617  0.00949760931044813  0.01963082560185940  0.03013072330032136
  0.04066176686295587  0.05121530214716712  0.06176633569322734  0.07230656500415797
  0.08284571571544701  0.09339871034076558  0.10394122159627769  0.11447453182217199
  0.12499793312961981  0.13553481089264358  0.14608767021724031  0.15663074639933378
  0.16715373232029337  0.17766505426559323  0.18818264431504997  0.19873170207719124
  0.20928665321072965  0.21985315623653018  0.23042356499605066  0.24099106747080939
  0.25156096393518629  0.26209538713863234  0.27263925272586254  0.28318255526925618
  0.29375912330872772  0.30431820150446565  0.31486235321437145  0.32537089620065962
  0.33588410518513978  0.34637752817555556  0.35688482327447302  0.36741266772236181
  0.37796166930646091  0.38852892545493184  0.39907398694716151  0.40963806049457457
  0.42020544137143540  0.43079126807067353  0.44137049236264775  0.45194052281797170
  0.46249747677264547  0.47303541151512740  0.48357728611349488  0.49408974815315881
  0.50461098673186089  0.51512270417135109  0.52567303672883292  0.53623632105288555
  0.54681011993525763  0.55733438149376469  0.56782785681910286  0.57830072275021915
  0.58881089680726317  0.59933199578352936  0.60987154764480700  0.62040246034370272
  0.63093580977278962  0.64145007851033198  0.65198253085925661  0.66252369454787696
  0.67306761474779253  0.68361682750102026  0.69416062119100852  0.70472574765302287
  0.71526905822187314  0.72583456647648525  0.73638875932694936  0.74693635721145712
  0.75747923766275482  0.76800393675531287  0.77852119240776407  0.78903916639736771
  0.79956666164688694  0.81009968485767092  0.82063663077795035  0.83117086855721090
  0.84172101215369344  0.85224732489064459  0.86278577898503117  0.87332111062293971
  0.88387681982111999  0.89442262365358616  0.90497343058691115  0.91549662790715514
  0.92603560873681590  0.93659834362473204  0.94717970909525018  0.95774963138039826
  0.96830379341763639  0.97886434165867608  0.98943303499704727  1.00000000000000000
 -0.00253621830939208  0.00948785187746983  0.01965464002606370  0.03014938595599621
  0.04068942372380111  0.05124605901809905  0.06183143329724226  0.07237747931549614
  0.08290061321190520  0.09342558434295681  0.10399483094412523  0.11455890725501577
  0.12514176040349981  0.13570001851975136  0.14627705709594549  0.15683746609680177
  0.16735283124991340  0.17788575764051837  0.18842031418955002  0.19899298726394291
  0.20954963420668382  0.22010597326922449  0.23068741253474845  0.24125644477810040
  0.25181373356534420  0.26232881925795276  0.27283673531809233  0.28332485460720225
  0.29382651100545221  0.30431342837369957  0.31482583150227028  0.32534246638675646
  0.33587662166220222  0.34639643131725389  0.35692415489339169  0.36745767156750325
  0.37799564786745621  0.38852115644596996  0.39906409561379946  0.40961160786149514
  0.42016268487800712  0.43068466695945329  0.44122542465864573  0.45176510082148308
  0.46230544681000985  0.47286269710825207  0.48343599335568199  0.49402094903215443
  0.50457287211876745  0.51512485129437102  0.52565818620834437  0.53618766722412436
  0.54670950298555165  0.55726173443861127  0.56783735060156926  0.57840544065076649
  0.58893941479393697  0.59945134344520101  0.60997597160508132  0.62050063666107336
  0.63101697340801788  0.64151080207288269  0.65201165690928020  0.66254823884888014
  0.67311759468679977  0.68366858103026495  0.69422415201166054  0.70476703051032408
  0.71536045634751000  0.72596195679368769  0.73651871889325571  0.74706732758483974
  0.75758374105844317  0.76813751945713227  0.77868834372249962  0.78922708329088354
  0.79977665930563535  0.81032167644081565  0.82086742576909777  0.83139878418437030
  0.84194913301316232  0.85249308998665607  0.86305250744168094  0.87358721602660916
  0.88413017062005539  0.89465841615526431  0.90517384091979258  0.91569041377824190
  0.92624011018108243  0.93680058116724030  0.94738071414984193  0.95792186093952358
  0.96846686527180137  0.97896535355337977  0.98948784097629672  1.00000000000000000
 -0.00233359661317807  0.00971657566239280  0.01988454385684053  0.03038800510983244
  0.04087622705602078  0.05139309244797857  0.06190160388731680  0.07244081139547340
  0.08298112463338693  0.09353365646251580  0.10407648882716024  0.11461895460346692
  0.12517132769780845  0.13572381745719242  0.14629037434860612  0.15683806361176680
  0.16736083772432045  0.17787831071212243  0.18838680226802915  0.19890751879039700
  0.20941294151576195  0.21993474913077549  0.23045780385482006  0.24099605209736186
  0.25153063956467903  0.26206765288978717  0.27257236760580938  0.28307890531485025
  0.29360322349428958  0.30417853796370559  0.31473907072057300  0.32527373539342569
  0.33577717735181789  0.34631572325508908  0.35687922511329689  0.36743509553025050
  0.37797411934858854  0.38849059799989105  0.39905869779793884  0.40962550600157138
  0.42021187290715650  0.43075257404606621  0.44129491478109456  0.45185970110799972
  0.46240397504220082  0.47294248043751214  0.48346637584621882  0.49401492060512470
  0.50457156394030001  0.51512962874083301  0.52568028043335868  0.53625128032091962
  0.54682093774536789  0.55740536294553600  0.56795423967764314  0.57847110607290420
  0.58898646567489543  0.59950971383639318  0.61007684842167764  0.62062505954559677
  0.63117680903021145  0.64169639412411150  0.65223339580250161  0.66272990201856752
  0.67324278266831239  0.68373930216407464  0.69427560078303130  0.70481091029502962
  0.71532512477600041  0.72583168393581510  0.73631664265100127  0.74682866901457945
  0.75735929523896273  0.76789362647367798  0.77843432888099395  0.78896828580360068
  0.79953945672562377  0.81011049322738615  0.82068592584051714  0.83124688330158192
  0.84181966262403229  0.85239379927602477  0.86298003674303492  0.87355828928479951
  0.88412183922247511  0.89466024041524872  0.90517952704683724  0.91573259816933705
  0.92626666971405225  0.93681285855161578  0.94731425005899683  0.95782543770135176
  0.96836050796906570  0.97889506289687722  0.98945421919215715  1.00000000000000000
 -0.00245614740114012  0.00953534941294142  0.01972210231295248  0.03028948425842683
  0.04085956047776091  0.05140694837568880  0.06189781416968562  0.07239921623326122
  0.08289900650220125  0.09344556328236646  0.10396921203943015  0.11450366878338275
  0.12502981394461440  0.13558082242122430  0.14614450627923106  0.15669558623637522
  0.16725220248894937  0.17778886163606658  0.18838056430595368  0.19894706930499112
  0.20950118957849145  0.22000519357345585  0.23051706786239745  0.24103902702433977
  0.25157419525500069  0.26211415885756267  0.27264534371974980  0.28318367038301351
  0.29370977130844972  0.30424189851109568  0.31475022303980488  0.32529610778882284
  0.33583357440313105  0.34638736106897644  0.35693119069390722  0.36749888465266006
  0.37807692928851744  0.38863151611104491  0.39919447203448255  0.40976511701413748
  0.42033073729735837  0.43087279569058323  0.44140648659926840  0.45193661973356736
  0.46248011375715692  0.47300924809711087  0.48356261975772336  0.49407524078983489
  0.50457737070622233  0.51506356334724479  0.52559586745524556  0.53612960336545368
  0.54667675227091650  0.55721551106021960  0.56774921425019653  0.57828412248009287
  0.58882855550062152  0.59940351345152976  0.60997877766662245  0.62055025856692569
  0.63108539245202822  0.64162618754803791  0.65216487227847664  0.66272956322618004
  0.67330556251955154  0.68385149666429967  0.69440871671663995  0.70491038407368767
  0.71545703996656940  0.72599479967556013  0.73655768474050753  0.74708504814251975
  0.75761580601390255  0.76815726681026208  0.77870646004111610  0.78924615633972117
  0.79976009851443985  0.81029642586004591  0.82083061717078298  0.83137972459544929
  0.84190041564604245  0.85239570056937419  0.86291021390673750  0.87344353826760091
  0.88399976716930162  0.89454374086689459  0.90507782154752281  0.91562968107370490
  0.92618101718542334  0.93672337566042008  0.94724930523051087  0.95778255651073774
  0.96834149197835429  0.97890921680501597  0.98946110431847367  1.00000000000000000
 -0.00253591493979035  0.00945441752755828  0.01961173390446520  0.03011357489260447
  0.04067331378714882  0.05123076159412990  0.06179294987623173  0.07235122797297358
  0.08288646018335473  0.09341494080730582  0.10391009236780373  0.11444311790109089
  0.12500146407324078  0.13557284352659918  0.14613256632109714  0.15667159374539474
  0.16721609016099254  0.17772956354896274  0.18824819811909818  0.19877503964253823
  0.20930354977031232  0.21983707861342505  0.23034829238672885  0.24090599680173408
  0.25145807215948429  0.26202716617065924  0.27257189094669149  0.28311792821798498
  0.29367030172243491  0.30422173456592327  0.31477586970561106  0.32531831073573336
  0.33586508551151717  0.34640810479247719  0.35693240076744609  0.36747033047905708
  0.37798857484775200  0.38851022862780699  0.39901338757696642  0.40953211663330152
  0.42008198428619370  0.43063058204466448  0.44119410049547453  0.45174418636525754
  0.46231267835165735  0.47286230930707507  0.48340162397457787  0.49393664870168852
  0.50450637545566046  0.51508419334027578  0.52564617237557121  0.53615438830757856
  0.54666041630060980  0.55717489755644978  0.56773356182447476  0.57828889843836195
  0.58882592737313111  0.59932835618488678  0.60982416038223519  0.62032638342849322
  0.63086195457995875  0.64143157776637816  0.65199484462942348  0.66251844315615716
  0.67302092703948946  0.68355408906758641  0.69412483463736785  0.70470505532270322
  0.71524249554498298  0.72575016706368989  0.73624903056850688  0.74675939740244679
  0.75729781440618693  0.76782452341425822  0.77839661595376874  0.78894260521862236
  0.79948943506748948  0.80999356644075771  0.82052329310068273  0.83106964311823761
  0.84162775288801528  0.85218684932680000  0.86274443799596623  0.87331094086646588
  0.88385166287147909  0.89438896771073950  0.90491206612274955  0.91544657895076176
  0.92601828298628908  0.93659916541858923  0.94718923714398984  0.95776616081913024
  0.96833932202673367  0.97890714729498196  0.98945464964808116  1.00000000000000000
   1.5473109521927831E-002  -1.0000000000000000     
 F F F F F F F F F F F F F F F F F F F F F F F F F F F F F F F F F F F F F F F F F F F F F F F F F F F F F F F F F F F F F F F F F F F F F F F F F F F F F F F F F F F F F F F F F F F F F F F F F F F F F F F F F F F F F F F F F F F F F F F F F F F F F F F F
  <DiscreteSampler_grid>
  grouped_processes
  1 # 1 for a reference and 2 for a running grid.
  10 # Attribute 'min_bin_probing_points' of the grid.
  1 # Attribute 'grid_mode' of the grid. 1=='default',2=='initialization'
  0.0000000000000000 # Attribute 'small_contrib_threshold' of the grid.
  0.5000000000000000 # Attribute 'damping_power' of the grid.
 # binID   n_entries weight   weight_sqr   abs_weight
    10   10   4.279573947790523E+013   3.223121690691234E+027   4.279573947790523E+013
    11   10   4.279573947790523E+013   3.223121690691236E+027   4.279573947790523E+013
  </DiscreteSampler_grid>
