  0.00960123796893211  0.01622967858386257  0.02511164414034572  0.03596228371343162
  0.04632706856821332  0.05671200763341710  0.06708637214252268  0.07748251699120552
  0.08789711812164425  0.09830095662354084  0.10870293895091010  0.11909153491075959
  0.12947732924114047  0.13983505344857952  0.15018582556970222  0.16055865602718952
  0.17092891138511437  0.18130608818157617  0.19163219199293932  0.20199922514546712
  0.21239644376972289  0.22281858380557773  0.23322735065089722  0.24361706182974543
  0.25400151041959462  0.26440067315267141  0.27479975645030197  0.28520052173398186
  0.29559527880523540  0.30598240119793091  0.31636281185209097  0.32670290394293316
  0.33704039328154844  0.34738287015922537  0.35775827321242071  0.36814298250511845
  0.37852587671068555  0.38890659915010151  0.39928116066724612  0.40966876705426403
  0.42006078186111906  0.43044976065231660  0.44083408534263802  0.45122305602274693
  0.46162660224148588  0.47202125568692294  0.48238722806275558  0.49272327109748065
  0.50309961372685363  0.51351518632757653  0.52393634872000383  0.53431887402003553
  0.54469015593949821  0.55508948920847356  0.56549528616832778  0.57588817942034998
  0.58626481615713832  0.59665039732880110  0.60705383107201816  0.61744531162023364
  0.62782645305784612  0.63821923134245984  0.64863099795834522  0.65904267992999521
  0.66943906995360503  0.67983694904812153  0.69023572571705860  0.70063415486094038
  0.71102914269360995  0.72141206368668320  0.73177351367790655  0.74212930527163889
  0.75250217436990796  0.76287656205220500  0.77323040615981620  0.78355567650433333
  0.79389301917858035  0.80426323694894075  0.81466733749302911  0.82506307496720910
  0.83543549629215841  0.84581426959808892  0.85619843157340481  0.86660955953586982
  0.87699977758477410  0.88737643752902606  0.89775970627179458  0.90814947338080165
  0.91856459536292945  0.92897518879224672  0.93936572443320887  0.94972323377385059
  0.96005240717475515  0.97032920122639899  0.98062732026374844  1.00000000000000000
  0.00956327943602558  0.01561609207089000  0.02485364860811896  0.03564849468273600
  0.04599409764209961  0.05636423736321030  0.06670252083877037  0.07708240426523469
  0.08745277933398865  0.09785979500903332  0.10827098299876518  0.11868745146645639
  0.12911093931972434  0.13952591786581345  0.14993615935198434  0.16032148986466388
  0.17069395241113219  0.18105154687772482  0.19138680095727786  0.20175586765247794
  0.21214686260662186  0.22256995684297320  0.23295013977554421  0.24332576618604879
  0.25370973524765639  0.26409126598271909  0.27445168485401750  0.28479235555173615
  0.29512131980108663  0.30546632520626177  0.31581997632998410  0.32618002328572798
  0.33655776188124525  0.34695244882500531  0.35737254346307096  0.36778061243812432
  0.37815331564850413  0.38851223851909078  0.39887608169905470  0.40924378191613187
  0.41961400796272819  0.42996589943426838  0.44032407426604769  0.45070533472534047
  0.46111056157874286  0.47150243694157778  0.48187940066312018  0.49225381458225115
  0.50264894417518624  0.51305225497576190  0.52345250387930353  0.53384823450062902
  0.54423992029195833  0.55462551956518980  0.56501749576314331  0.57542035958398019
  0.58583305843755307  0.59626228080544097  0.60668584734295061  0.61710046616935244
  0.62749957694063063  0.63788893052750184  0.64828533408864097  0.65867561978281530
  0.66906520958452753  0.67945297257488502  0.68984739365424819  0.70024922218723462
  0.71064182004695797  0.72102034145568372  0.73138499786298805  0.74176084642523243
  0.75216186606393898  0.76256044952491187  0.77295842203976961  0.78332266479729806
  0.79366669443893256  0.80400542947185105  0.81435955339147281  0.82474460874056865
  0.83512705077137506  0.84550614671554281  0.85587675002063845  0.86626731691286130
  0.87668650799663783  0.88710082550656388  0.89750279457437909  0.90787895759900106
  0.91827242163030132  0.92866494217731954  0.93906341312928354  0.94943267201163528
  0.95980634419366906  0.97014584271928384  0.98048365822284145  1.00000000000000000
 -0.00247036122897757  0.00989401203041222  0.02014838507863046  0.03068485797146434
  0.04124273336691215  0.05177767435079490  0.06229248456391034  0.07276332344776774
  0.08328952696697976  0.09385358124737715  0.10448232592724661  0.11507621824414810
  0.12564220305960316  0.13617761982621793  0.14673200520592058  0.15728929384199528
  0.16782831288806807  0.17836770307101502  0.18893597682968361  0.19950212176556512
  0.21007286732369204  0.22061740952723408  0.23115895943817411  0.24170260589447842
  0.25225574194069617  0.26281394967891730  0.27336251069360556  0.28390128053545688
  0.29443171452353756  0.30497641039129036  0.31549245271125165  0.32599566763318755
  0.33647394826291155  0.34696300014134057  0.35751472379171428  0.36807653944544017
  0.37868605686710904  0.38926468780242363  0.39986712144955894  0.41043040661595420
  0.42100081501937830  0.43154119627086740  0.44208233448814066  0.45260512116781476
  0.46310133295978612  0.47363145610676238  0.48416437377357113  0.49471390736143456
  0.50523426192205778  0.51574450426417517  0.52625865512974024  0.53674332335719765
  0.54725117487226649  0.55772729311900648  0.56822293281214364  0.57871050762009546
  0.58924781259896775  0.59976765178896296  0.61031756470448673  0.62082623714503804
  0.63136199457502407  0.64191334722198445  0.65250183224330849  0.66305243996785113
  0.67357920274761729  0.68408746936258802  0.69462226037332664  0.70511672402503589
  0.71562792687228804  0.72616409785566038  0.73670997717071152  0.74722628998885776
  0.75771508613682392  0.76818318975469568  0.77868823446816704  0.78918144505525123
  0.79972020341258221  0.81022489985184842  0.82075170678278497  0.83130222789383923
  0.84188107924887046  0.85243354960896589  0.86297808868361514  0.87348073951107208
  0.88400889622947221  0.89446740886195031  0.90497317685127143  0.91551554493999310
  0.92612530584368846  0.93670673462449128  0.94726025819761606  0.95777046269569077
  0.96830061273330714  0.97885404251616304  0.98942254481214331  1.00000000000000000
 -0.00228861010887241  0.00992059621343153  0.02017656244635788  0.03068111307790772
  0.04118289798961336  0.05168968579683546  0.06222856883614350  0.07279986717536402
  0.08335928150674497  0.09390176081434715  0.10440708430883702  0.11492152872026695
  0.12544962373973428  0.13600526963961315  0.14652730648720264  0.15698249616226539
  0.16742548460836584  0.17794661771449771  0.18853122818921497  0.19915362287737989
  0.20974825202823216  0.22034661056559646  0.23087789630435451  0.24140682703991229
  0.25193013782466417  0.26250176673812464  0.27310012790029081  0.28371078813255601
  0.29429894337921564  0.30485858794349607  0.31536469987218319  0.32583119833129481
  0.33627854487513231  0.34676957917892959  0.35730226080631272  0.36782666498134747
  0.37836210504359863  0.38890206553709133  0.39946655736487996  0.40999321309961745
  0.42054285005233594  0.43106178081756608  0.44158828636026198  0.45209759563297636
  0.46263187920731025  0.47316407534149141  0.48363895768149240  0.49412627661169506
  0.50461786952077603  0.51512101217262929  0.52560852173634265  0.53609589137357050
  0.54663072130952184  0.55719257729141036  0.56775279323423322  0.57829848619891111
  0.58884767464216137  0.59938510790951360  0.60998492443326136  0.62056003187095110
  0.63115429498588271  0.64167344627504752  0.65217800896336542  0.66268867037177859
  0.67321384746373980  0.68378423488354323  0.69435214842170945  0.70492129413457982
  0.71545279821643337  0.72596983069599041  0.73651058256124047  0.74702140946605167
  0.75756362763586460  0.76807680402101997  0.77861960893631377  0.78914393824522377
  0.79974137324432548  0.81034784198421805  0.82093824206263522  0.83147749387980641
  0.84201448713361615  0.85258888956059320  0.86312418054457751  0.87363799144838927
  0.88412894680687704  0.89462756808377497  0.90515846835222247  0.91570300258008197
  0.92623648285938720  0.93677825958550887  0.94731706140124039  0.95787832724603095
  0.96840611176222857  0.97891368803038081  0.98944380303868673  1.00000000000000000
 -0.00159337684070440  0.00984825765188372  0.02008410816905825  0.03064604100653354
  0.04118051011781793  0.05169002936239259  0.06218708864839115  0.07274188552666765
  0.08332067470707066  0.09392947876200854  0.10445645562488572  0.11499034731394518
  0.12552255051106651  0.13607688310286858  0.14662055570581151  0.15718982553598199
  0.16776168605475369  0.17835153231893278  0.18891488031144649  0.19952213654446574
  0.21007910812094455  0.22061513229099036  0.23109379276893524  0.24158946150477864
  0.25209675641117413  0.26261876305098936  0.27315929649237813  0.28375994438669699
  0.29438724663315746  0.30498038375268627  0.31550319827175011  0.32600844570193632
  0.33651970857904806  0.34704907760651160  0.35757658797176706  0.36813365046268098
  0.37870383911635846  0.38929530518150418  0.39986787561950377  0.41039571161291827
  0.42090119304823831  0.43139419588788386  0.44191574345668078  0.45244100703820139
  0.46298244352373513  0.47352067210316229  0.48406946074822804  0.49460490655167944
  0.50518136094009092  0.51577468567308937  0.52637348942315043  0.53692076775553665
  0.54745208656894084  0.55799769375734165  0.56855995333225040  0.57912068124322791
  0.58972843943433595  0.60033889779927874  0.61092459479837524  0.62144243990217873
  0.63197332524975969  0.64251006943455280  0.65306584100177145  0.66359466356459151
  0.67411946526397237  0.68460963078492076  0.69505893970427568  0.70552990105382951
  0.71599943157865598  0.72651907983468977  0.73701664110628107  0.74756433205032058
  0.75809840848517529  0.76864035038524015  0.77919422873961353  0.78972596961845998
  0.80023265355794371  0.81070228692503910  0.82120415505741207  0.83173283649503782
  0.84226724913993400  0.85278299337425478  0.86325602804412338  0.87373606935265136
  0.88421816283178345  0.89473212947887415  0.90526047424950640  0.91581725636870426
  0.92637221972611894  0.93690652387460660  0.94742304984017189  0.95792153327238705
  0.96842631730508788  0.97896201421999818  0.98950981454198128  1.00000000000000000
 -0.00244680925690103  0.00967382241737561  0.01985438242365189  0.03035011830459643
  0.04090539515468238  0.05146718664896243  0.06198310080573551  0.07244796622004314
  0.08299220352588055  0.09355553104744925  0.10413977746203749  0.11468354890549376
  0.12524121477077399  0.13578333471087942  0.14628022364964099  0.15680197184734251
  0.16729065327670134  0.17779790193382897  0.18826749809839105  0.19880558533890322
  0.20937306016228055  0.21995466279382969  0.23054462551404331  0.24108944645073921
  0.25164872510752945  0.26215114732783024  0.27265801317264593  0.28315636151621365
  0.29368869661870756  0.30425890560989544  0.31481346196103865  0.32536609166845631
  0.33587869468252346  0.34643035360299457  0.35698040347431442  0.36753381038706157
  0.37806280389509828  0.38861269895256884  0.39919149459943343  0.40978010169622936
  0.42030062433938148  0.43081646515696964  0.44132127189042847  0.45187463350509438
  0.46240420847116886  0.47287939307868776  0.48334252684231271  0.49381070275207206
  0.50435291210651512  0.51490067932800399  0.52545016154859892  0.53597206698273936
  0.54647354854714769  0.55695577448343314  0.56746968981373314  0.57800355997835007
  0.58857622833617440  0.59915333773968893  0.60974628958126409  0.62030623234122007
  0.63083537770178744  0.64136178685407441  0.65195939533749148  0.66255362387228822
  0.67313293688302334  0.68365633526645175  0.69418060784464708  0.70470521943960152
  0.71522123036971441  0.72574425269475407  0.73627627475186030  0.74681918921628598
  0.75735433212725556  0.76787931748994864  0.77845995837590565  0.78904142450238812
  0.79964826342382966  0.81018379789325390  0.82075204567598381  0.83132179132866901
  0.84192475500215969  0.85250705410847594  0.86305571108903489  0.87358118246621674
  0.88411557993459089  0.89464461290842501  0.90518474231904678  0.91570333664671766
  0.92624250154595678  0.93678298517807679  0.94734092390365143  0.95788624610697959
  0.96840107081306992  0.97891732288046240  0.98944053240869978  1.00000000000000000
 -0.00210989396269327  0.00990618850498442  0.02013993464539272  0.03068672981051301
  0.04122783657431470  0.05177400944885198  0.06229580699974437  0.07278955852560330
  0.08323945108733895  0.09369489754087686  0.10415933892146145  0.11464964196525336
  0.12516149263277432  0.13569253041700324  0.14621037666620701  0.15676343135968140
  0.16727511089728064  0.17779268179583022  0.18826840586986635  0.19883611165617238
  0.20943701011889837  0.22001643842879345  0.23049849168140263  0.24098257918469926
  0.25147540633208859  0.26201788917629021  0.27258104717186349  0.28314246634876900
  0.29370912095591889  0.30426789698319201  0.31486297478245850  0.32545638787402098
  0.33604763850792641  0.34661399796269016  0.35717637610409186  0.36774163910612689
  0.37830974822333668  0.38887901584193418  0.39940416508530707  0.40992524126683438
  0.42043309033907655  0.43095455281880574  0.44146823601285323  0.45198665802665489
  0.46253867436314106  0.47309419494541843  0.48365779787968566  0.49417942922761504
  0.50473804925372767  0.51531981809994321  0.52593644121147132  0.53654266513686355
  0.54712405317102630  0.55767752341344301  0.56818428536441190  0.57869109178576161
  0.58916763428865937  0.59969297719811865  0.61023462571222375  0.62087083839523238
  0.63145864870068524  0.64199607859106111  0.65246504621490120  0.66294999432423030
  0.67345103944135820  0.68396432397917517  0.69444961392756321  0.70497318002492293
  0.71549228704829537  0.72604752130134809  0.73657378184420186  0.74714014797064976
  0.75767222630419828  0.76823926154550182  0.77877211133132229  0.78935515481952245
  0.79991156988750622  0.81047971243996941  0.82104044101955453  0.83159865878626671
  0.84215835595286226  0.85267594562286142  0.86325353720003972  0.87381560643510292
  0.88439892809664811  0.89491241855143866  0.90538545110197044  0.91587200127799429
  0.92636072143880677  0.93687594979315281  0.94739970249743244  0.95792193458461261
  0.96845863504201735  0.97896769912432147  0.98948578834625633  1.00000000000000000
 -0.00246001951870160  0.00963189554186604  0.01982148030956617  0.03039462047825256
  0.04096489781539454  0.05150885830485122  0.06201223118788016  0.07247394441158279
  0.08297742345921799  0.09351695348530924  0.10404191337040498  0.11457648032972180
  0.12511806686908730  0.13570698026412503  0.14629013165196883  0.15684116108920615
  0.16733449307956713  0.17778894736129011  0.18824148480653374  0.19873117769835849
  0.20925597089180106  0.21977835876938678  0.23030571660739488  0.24079397178440065
  0.25130838527896809  0.26187682026769460  0.27248499049455405  0.28307636601821212
  0.29360777174070496  0.30411055574443918  0.31464420775224455  0.32517589614105569
  0.33570703766263249  0.34621554178298519  0.35675753465422572  0.36729772377684200
  0.37784140105298930  0.38836953190773943  0.39890675681345078  0.40945599057533866
  0.42002361329566434  0.43058502485340044  0.44116127768867902  0.45174139633943405
  0.46233426319063697  0.47293701193955251  0.48352780949499652  0.49412897267587891
  0.50470447468862367  0.51528746652850099  0.52585130747376829  0.53642485510849858
  0.54694988304610614  0.55752235877590750  0.56812511019531708  0.57876032471432692
  0.58937369030475162  0.59992212614313511  0.61048175362118784  0.62104257613925129
  0.63163831425822203  0.64221375258310887  0.65276343902055267  0.66324472145545255
  0.67368682414837422  0.68413100801811189  0.69462593267902850  0.70515753537768244
  0.71566649187647791  0.72615075086216829  0.73665231631493600  0.74716765386897410
  0.75768864349849152  0.76821122886817428  0.77874145554457774  0.78928590374543750
  0.79980692902923911  0.81035832836046984  0.82093121099411670  0.83150759682090836
  0.84207271388863880  0.85261924677122081  0.86313686416300528  0.87364021944271475
  0.88414486721409613  0.89467582557518355  0.90520905703744570  0.91572778738161675
  0.92623379607872414  0.93673211775960474  0.94725552803926483  0.95779503601678273
  0.96837632683213526  0.97892275413703367  0.98948225112579702  1.00000000000000000
   2.6571166234250103E-015  -1.0000000000000000     
 F F F F F F F F F F F F F F F F F F F F F F F F F F F F F F F F F F F F F F F F F F F F F F F F F F F F F F F F F F F F F F F F F F F F F F F F F F F F F F F F F F F F F F F F F F F F F F F F F F F F F F F F F F F F F F F F F F F F F F F F F F F F F F F F
  <DiscreteSampler_grid>
  grouped_processes
  1 # 1 for a reference and 2 for a running grid.
  10 # Attribute 'min_bin_probing_points' of the grid.
  1 # Attribute 'grid_mode' of the grid. 1=='default',2=='initialization'
  0.0000000000000000 # Attribute 'small_contrib_threshold' of the grid.
  0.5000000000000000 # Attribute 'damping_power' of the grid.
 # binID   n_entries weight   weight_sqr   abs_weight
    10   10   2.422602999831710E+001   9.505427290358973E+002   2.422602999831710E+001
    11   10   2.422602999831707E+001   9.505427290358955E+002   2.422602999831707E+001
  </DiscreteSampler_grid>
