  0.00955434272079442  0.01550964958352733  0.02479439512702369  0.03559174168980651
  0.04596280474853358  0.05631858286838037  0.06666223151604528  0.07700936208725408
  0.08736963522403975  0.09773897517423913  0.10811413943676021  0.11849900627604695
  0.12888526440212100  0.13927396531234709  0.14968255599344829  0.16010352995391589
  0.17051590802801797  0.18091388595385430  0.19130764733529651  0.20170858340272402
  0.21209526708902027  0.22246591969845333  0.23283614319413759  0.24320425770594398
  0.25354350026061956  0.26387293739100937  0.27420306458360794  0.28457911751721715
  0.29496863282732194  0.30537103741869293  0.31577465855419645  0.32617138590016365
  0.33658145192695255  0.34697949240768533  0.35739132948420499  0.36776485867986491
  0.37815160062319353  0.38853990663661692  0.39895691920537257  0.40937019818715220
  0.41977142710805793  0.43015017584361265  0.44052539116901290  0.45092197727695921
  0.46132597597803748  0.47171705612068526  0.48208657062834948  0.49245485103252756
  0.50283537332123707  0.51321951375675945  0.52361763624303437  0.53402589794660027
  0.54445659634878452  0.55488256796383462  0.56528614996644155  0.57566063943159473
  0.58602101001770102  0.59638970635949173  0.60676554466519195  0.61715355227145363
  0.62754623115077446  0.63793547425950170  0.64832345050150642  0.65870743906095330
  0.66909252295004396  0.67946145922941159  0.68981085814244514  0.70016502906408540
  0.71054355462065777  0.72093303551065313  0.73129081878555735  0.74163285041579730
  0.75198626516679701  0.76238200334760542  0.77278216713022718  0.78317113683030071
  0.79354064586853190  0.80390539097316227  0.81427389909468895  0.82465366365347526
  0.83505060319117019  0.84545191048099266  0.85584241995609067  0.86621286658965901
  0.87658548837967842  0.88695844198912099  0.89733747570114852  0.90773071825034379
  0.91813360036552016  0.92852852741169600  0.93893534400574519  0.94933340130528232
  0.95975216919823569  0.97012456237989486  0.98049713553457485  1.00000000000000000
  0.00951213370045049  0.01566962549365561  0.02486162606370210  0.03565989686926293
  0.04600173053336506  0.05636035907984360  0.06672106096070850  0.07709164549628224
  0.08745496057720459  0.09781326762360115  0.10820608997551885  0.11860907189211008
  0.12903038098186584  0.13943118426729950  0.14984290371343836  0.16022247656665115
  0.17061502583568058  0.18099795486320031  0.19138927315485388  0.20175484016759551
  0.21212080513802428  0.22249235959026481  0.23287055525189293  0.24325047117626028
  0.25363635017952829  0.26402408661529297  0.27440097800823887  0.28477335676936977
  0.29512902595962154  0.30549808939961359  0.31587322867241308  0.32623141199548589
  0.33658049655004479  0.34690708681149057  0.35725707066025719  0.36762406434160222
  0.37801222389404643  0.38841310370665039  0.39881737665551231  0.40923185284710545
  0.41963838550598842  0.43004594605009933  0.44044362794546676  0.45083623835114128
  0.46122003819436108  0.47159396437772655  0.48197780934879619  0.49236698967318171
  0.50275505706183732  0.51313056760567344  0.52348870124876457  0.53384002253033513
  0.54419967687502679  0.55458630752935834  0.56499470472553304  0.57540557789863367
  0.58579463957215572  0.59616959231877475  0.60654591104081024  0.61691805538912203
  0.62728437779082757  0.63764611239094160  0.64802354237243698  0.65841782449397557
  0.66881019867459035  0.67919481851140751  0.68957268021357521  0.69995278996662080
  0.71032379791501699  0.72069608067748314  0.73108290776453067  0.74149238368252912
  0.75191303491889283  0.76232961766973306  0.77275004842275541  0.78316823477719999
  0.79359473667103919  0.80401630144420677  0.81442548707341877  0.82481406708635974
  0.83517269397661265  0.84554087438603587  0.85593059711560948  0.86633999759470948
  0.87672916128433331  0.88709993662457753  0.89747879943840358  0.90785730041783264
  0.91823893040278626  0.92861693646779697  0.93902129165831094  0.94943221416399570
  0.95983617691949408  0.97019865606375866  0.98055337881605176  1.00000000000000000
 -0.00235560978425411  0.00965024709824003  0.01985891665881435  0.03041913629185632
  0.04098671019419440  0.05151658491767160  0.06207201911241338  0.07263388644817144
  0.08320631410382186  0.09374562433958843  0.10430462661783961  0.11485852326649350
  0.12541495266868935  0.13592551875963221  0.14642341957318028  0.15692288681466507
  0.16745442498826743  0.17801446061267220  0.18857174953870851  0.19909891326768125
  0.20962645915971523  0.22016228558989084  0.23069256327829055  0.24122485263553217
  0.25174444470840890  0.26229004668767436  0.27281159624968337  0.28336769195736167
  0.29389625206536191  0.30445398661984058  0.31499141905920991  0.32552207244262965
  0.33603275141529532  0.34654461939418657  0.35709379605418334  0.36764817776580383
  0.37821513034318233  0.38875849253930456  0.39929467666933594  0.40980354700959370
  0.42031287108486265  0.43083435798060749  0.44136201174462442  0.45188616016590394
  0.46243010211843821  0.47298507175709437  0.48355006581695431  0.49410633754785471
  0.50465840634499026  0.51519930225617572  0.52574443283643513  0.53628501993576727
  0.54686586304560358  0.55746182351139995  0.56802593795381640  0.57857942353501857
  0.58909902463720332  0.59965237066903954  0.61019639768182843  0.62073362581990432
  0.63125365554767010  0.64176913906188926  0.65229421941463872  0.66283115665700942
  0.67334868090760802  0.68385823999408601  0.69438256921334740  0.70493321083646143
  0.71549967773424827  0.72604114094757888  0.73658820631913480  0.74712180925261218
  0.75765752599842806  0.76818323972851377  0.77870921400642623  0.78924742093458455
  0.79976229051954428  0.81026551950162440  0.82076616046545570  0.83127705710913624
  0.84181616179059304  0.85233776888105095  0.86287323687212225  0.87339181173131608
  0.88389945863045605  0.89441419252243926  0.90492385343910575  0.91546030764384911
  0.92602910731400101  0.93660203476325610  0.94718480131289839  0.95773101117404913
  0.96828544162681796  0.97884750525114006  0.98941488707628122  1.00000000000000000
 -0.00245158531325158  0.00954009745126175  0.01972132236842689  0.03025124755472230
  0.04079282705423205  0.05131385348626830  0.06180052282482580  0.07232072115806243
  0.08285941035025765  0.09342096265400532  0.10396714147026621  0.11451864206553485
  0.12506337601247366  0.13562317953551675  0.14616891784495614  0.15671325291863172
  0.16722954124619188  0.17776682012198311  0.18829073416189748  0.19885070223758650
  0.20939569661495153  0.21995434129184091  0.23048132843141583  0.24099163011872826
  0.25149791785658948  0.26201034846388210  0.27250431541168357  0.28300827489903285
  0.29350125429304452  0.30403089858663823  0.31457422298989501  0.32512275508364963
  0.33566202532576439  0.34616885975293055  0.35670486878922913  0.36724107418700996
  0.37777306294724311  0.38828603287805463  0.39879558066868565  0.40932973736395856
  0.41986886638231691  0.43041782857348793  0.44096325361685673  0.45150970535572887
  0.46205930566174508  0.47262776276551316  0.48319196442592460  0.49375276585748035
  0.50429229198906833  0.51483792344992252  0.52537699985807795  0.53593100386765313
  0.54647477725754889  0.55702458485129402  0.56755653106508375  0.57809741020685890
  0.58865966892379262  0.59921318742295748  0.60975768077027326  0.62031456007400354
  0.63087895492941015  0.64145147101631472  0.65197831871227185  0.66250934348162516
  0.67304726155246009  0.68360084115172004  0.69417310362784601  0.70472064269688672
  0.71526999892261289  0.72579229339605422  0.73634520340164078  0.74688497279411437
  0.75746712324061316  0.76801325336448123  0.77857601042508295  0.78910759822584209
  0.79965332895306029  0.81018479915386388  0.82073173626422902  0.83129010729153918
  0.84185277774145173  0.85239388464508803  0.86293987346696110  0.87349302551936958
  0.88403357107129477  0.89457133461331262  0.90507085545266086  0.91559226265663085
  0.92612369194128985  0.93669513283602401  0.94726871370845889  0.95783976130242698
  0.96838834453474998  0.97893420957009902  0.98946198474813496  1.00000000000000000
 -0.00243559112648413  0.00964160587914290  0.01982037947499609  0.03034614708933110
  0.04086161173858432  0.05139801083513185  0.06192171525871383  0.07247303226829262
  0.08301508012994560  0.09357384056073419  0.10411629181764535  0.11468735616005443
  0.12525120977041948  0.13582937328737940  0.14637722906633482  0.15692855853584370
  0.16748187918731663  0.17806501421584281  0.18864447441653009  0.19922644076938628
  0.20978058148617632  0.22032421098616664  0.23085090773602049  0.24135092840668973
  0.25186664207301174  0.26238058788896557  0.27291311361344395  0.28341178635481634
  0.29392127660364747  0.30445097921017561  0.31497794448648797  0.32550824501593878
  0.33599665265967144  0.34650953724056471  0.35702675513746346  0.36758878613124235
  0.37813680566674174  0.38868342661281469  0.39922951342262830  0.40977784975233134
  0.42032839786984683  0.43086925507741353  0.44140625996260918  0.45193019147713909
  0.46242072532859507  0.47292771756888508  0.48346355666965485  0.49402633167355875
  0.50456160158187413  0.51507102495527524  0.52558583868619457  0.53613479779606699
  0.54668312815021458  0.55721827922059819  0.56772525437733501  0.57824271989183240
  0.58878243955918630  0.59933808394584465  0.60987757948179766  0.62040591337214424
  0.63096087501204423  0.64152708574520501  0.65209680510612134  0.66263906113706783
  0.67315953006827123  0.68370941808688956  0.69426158953829686  0.70486599301564867
  0.71540110948442170  0.72596791995298948  0.73650469506923422  0.74707102582744145
  0.75759704531597716  0.76810907604768286  0.77864405198840070  0.78919725204618385
  0.79978476019325950  0.81036142614638951  0.82093686294261370  0.83149659535375486
  0.84204369086161979  0.85259101047574770  0.86312049776854682  0.87365476143533749
  0.88418462379730556  0.89473500829003683  0.90530032319174336  0.91582067211654417
  0.92633789478696471  0.93683340312153718  0.94735732854418853  0.95787683930063561
  0.96839122315386927  0.97892235036365982  0.98945255885441386  1.00000000000000000
 -0.00249104974986234  0.00952458637304240  0.01969753311988881  0.03019056822654166
  0.04071227380066004  0.05122695123399294  0.06175879796543417  0.07228827603397850
  0.08282885502724956  0.09337959520113592  0.10393210389126022  0.11447480406062784
  0.12499652324693074  0.13551302519079467  0.14602682415538892  0.15655096690528222
  0.16709834607755453  0.17765192798844032  0.18820069292301392  0.19874307508937508
  0.20926656469989829  0.21980856385159595  0.23036915843908012  0.24094701501471152
  0.25151463884171193  0.26204243324439003  0.27257147751288030  0.28308605800433256
  0.29363559222573776  0.30416738270277766  0.31472121469539727  0.32524510250135097
  0.33577696179865701  0.34633144214663064  0.35689738670184112  0.36747774580113673
  0.37802190597806168  0.38854976971934152  0.39908372606747522  0.40963979782482196
  0.42022080095993380  0.43079617380747526  0.44133628765372596  0.45186447941610453
  0.46239922607247536  0.47292798782325768  0.48345375420571668  0.49395131324020619
  0.50446561310399496  0.51500438472154109  0.52555127734998830  0.53609341560038237
  0.54661294893306211  0.55716063700556262  0.56771511350592097  0.57827181309405551
  0.58880464815784783  0.59934801428484474  0.60989773906619615  0.62042483116524227
  0.63096632741612735  0.64148944513230910  0.65203201306764991  0.66256615272824315
  0.67313717185349475  0.68368188539200225  0.69420473011505490  0.70472054977439191
  0.71525110622796884  0.72577342449016558  0.73628952936926362  0.74681712466646544
  0.75736979095488666  0.76790973944216556  0.77847178038096931  0.78900399168790081
  0.79954532716279836  0.81005720495280420  0.82058788658931836  0.83112952579576738
  0.84164063977911785  0.85218556353218222  0.86271742977043275  0.87331646743322267
  0.88385809217148903  0.89439505134587016  0.90491770384022086  0.91549203932554546
  0.92605735579177706  0.93661624612872285  0.94717841418467263  0.95776279517528939
  0.96834845644988110  0.97891999326395573  0.98946311695855715  1.00000000000000000
 -0.00242004781427861  0.00952852178548430  0.01969516525408301  0.03021898987368845
  0.04078700077029766  0.05134516588277752  0.06189044417781568  0.07241982700193343
  0.08295329157627410  0.09347370074602236  0.10399267377969329  0.11451777919433852
  0.12507450076559770  0.13563312704235211  0.14619721886601625  0.15673656674090261
  0.16727789511713065  0.17781928955689616  0.18836604447415103  0.19892172240518316
  0.20945500568525163  0.21998504362356783  0.23050481511652976  0.24104562275696634
  0.25160841623647373  0.26218697719873435  0.27276231682516988  0.28332025994197335
  0.29383125723480019  0.30435292899562866  0.31484369930592288  0.32535180085917875
  0.33586671538435414  0.34642249389770341  0.35699631441535062  0.36754331254495787
  0.37808697636975092  0.38863545504928720  0.39916995478396089  0.40967981546050747
  0.42017421803974564  0.43068329096947555  0.44121143992886452  0.45175648352441833
  0.46228924055444826  0.47283456209260333  0.48336665328210027  0.49390175933451502
  0.50441720165775850  0.51494417430575379  0.52546496806486975  0.53598220603412494
  0.54648866119274209  0.55700340782950941  0.56754166271900508  0.57808742189852202
  0.58865454981054788  0.59921883728591352  0.60976532236530800  0.62030400273923381
  0.63084684359481757  0.64137207320737788  0.65188538516161099  0.66238536756882027
  0.67288827895152381  0.68340048123016262  0.69393008013497681  0.70449040026282184
  0.71504918992062139  0.72561126155207678  0.73617753590515800  0.74676486562327027
  0.75733692797624574  0.76787776489427872  0.77842187513668848  0.78900127476609005
  0.79960241120928266  0.81017639455236123  0.82071412271837252  0.83124890072168534
  0.84180511463085650  0.85235899386697966  0.86292140869348954  0.87346577817919979
  0.88402561935024848  0.89458833352580613  0.90516158771001809  0.91570552610780487
  0.92626686773143041  0.93679832042417932  0.94732205332791208  0.95781832298141700
  0.96832259216198646  0.97886134306993777  0.98941541817158474  1.00000000000000000
 -0.00248516052940589  0.00947166700972719  0.01958700207028899  0.03006761365959327
  0.04057328749219864  0.05113264180524640  0.06171786332935510  0.07230316408386152
  0.08283919228694051  0.09336374994974247  0.10387752031649856  0.11442552716251389
  0.12500170044175074  0.13555628257493532  0.14610355140349049  0.15661101761610544
  0.16716291932134408  0.17771462704164082  0.18829857777744155  0.19887731408430587
  0.20944781211025665  0.22000966109469733  0.23055764926891714  0.24110902732014985
  0.25163837906734032  0.26215679841488632  0.27269062045576864  0.28323217496035480
  0.29378753310588168  0.30434148734175648  0.31491553224149749  0.32549393458593145
  0.33608033336398768  0.34664742648326985  0.35720380487482362  0.36774730917363613
  0.37828262759307452  0.38882514001772406  0.39935598399771921  0.40989234033407074
  0.42041989465205809  0.43092074922573065  0.44142760094227163  0.45195488524306338
  0.46253437102350509  0.47309406073339244  0.48363094039459564  0.49414397363182927
  0.50467464262046657  0.51517241462299801  0.52568125226303897  0.53618665856982428
  0.54671045591552714  0.55722885095831542  0.56773709058958544  0.57826589338753553
  0.58879502881523094  0.59936570908864339  0.60993809700169843  0.62053150230832388
  0.63108740846777589  0.64164261166647985  0.65219588163762587  0.66276053610556784
  0.67332097307565264  0.68386666612638769  0.69439564907868190  0.70493145927530998
  0.71546730622064036  0.72598535288580313  0.73650959443771313  0.74704238360990372
  0.75759944969294402  0.76815611398812789  0.77871584470689181  0.78927089579278931
  0.79983041957881029  0.81037709513990241  0.82093229599672957  0.83147024826876104
  0.84200854941802306  0.85254770790171241  0.86308122999852244  0.87361667876083282
  0.88415770101987301  0.89473109936476591  0.90527457068639106  0.91578937400033444
  0.92627868594448615  0.93677641735371919  0.94733424761736362  0.95788069006004484
  0.96844686598489149  0.97895612203739535  0.98948257809855955  1.00000000000000000
   1.5513901443728767E-002  -1.0000000000000000     
 F F F F F F F F F F F F F F F F F F F F F F F F F F F F F F F F F F F F F F F F F F F F F F F F F F F F F F F F F F F F F F F F F F F F F F F F F F F F F F F F F F F F F F F F F F F F F F F F F F F F F F F F F F F F F F F F F F F F F F F F F F F F F F F F
  <DiscreteSampler_grid>
  grouped_processes
  1 # 1 for a reference and 2 for a running grid.
  10 # Attribute 'min_bin_probing_points' of the grid.
  1 # Attribute 'grid_mode' of the grid. 1=='default',2=='initialization'
  0.0000000000000000 # Attribute 'small_contrib_threshold' of the grid.
  0.5000000000000000 # Attribute 'damping_power' of the grid.
 # binID   n_entries weight   weight_sqr   abs_weight
    10   10   2.834113326683162E+013   2.072360114725558E+027   2.834113326683162E+013
    11   10   2.834113326683161E+013   2.072360114725558E+027   2.834113326683161E+013
  </DiscreteSampler_grid>
