  0.00993546412248686  0.01346330923616447  0.01964929927030737  0.02725323682952632
  0.03550309467396429  0.04395213868822840  0.05273628994168644  0.06167817892474740
  0.07080020767165408  0.08004108047124948  0.08942022232213437  0.09886787951004389
  0.10836815719922147  0.11790869715329697  0.12751478547659895  0.13721426412072099
  0.14695625394313794  0.15673156136495631  0.16655373198919668  0.17642714204288784
  0.18632907575221003  0.19622535488046475  0.20611104378048797  0.21601085740134432
  0.22593228337713706  0.23587777891290487  0.24585065865997413  0.25585549887189357
  0.26591814032926231  0.27603804432245410  0.28617217068836487  0.29626557919497504
  0.30631754757325480  0.31635624571522503  0.32641752744750907  0.33652497993834940
  0.34671068279287914  0.35694421768462709  0.36718337754101421  0.37743333862936490
  0.38770377847286691  0.39794865610465341  0.40817508727607327  0.41841873349566167
  0.42865629357913093  0.43882656616033572  0.44894792951764556  0.45909811657655197
  0.46929635628259186  0.47956072677254130  0.48987657066025142  0.50020284851635810
  0.51052460330580895  0.52082723716633472  0.53115226920512215  0.54151119962468275
  0.55186241615307230  0.56216092270375773  0.57238857182473557  0.58266460217197336
  0.59305935581844116  0.60350286032989131  0.61390293037189714  0.62425505057328556
  0.63460749870238564  0.64496448364773495  0.65532707846625160  0.66572952214296111
  0.67617659349770420  0.68664347083022637  0.69712323726646974  0.70765986029727612
  0.71827416966484592  0.72890452382419013  0.73951477871540239  0.75011877496363333
  0.76076928027734569  0.77149870548631938  0.78231199976477717  0.79312536357576058
  0.80389964614552822  0.81466344615875042  0.82541603152885323  0.83616473169349836
  0.84694484831492456  0.85783527716122621  0.86886067803008582  0.87998090298682774
  0.89126777232726162  0.90273156638783014  0.91436265335008871  0.92623623989209669
  0.93862278114563324  0.95219505188575460  0.97031247205066540  1.00000000000000000
  0.00974939406127399  0.01424452024344804  0.02123258624099211  0.03041239655569428
  0.03942329435928586  0.04847147781585903  0.05768343004133385  0.06698063888544463
  0.07643821155415716  0.08602629046566995  0.09565533774693816  0.10529334538905429
  0.11494880556242221  0.12468352410568190  0.13446879757682581  0.14427970067669507
  0.15411382949497918  0.16399604903194973  0.17392952227896297  0.18389590825047444
  0.19390933558624263  0.20394753618224562  0.21398218947544770  0.22397081407679509
  0.23393160551488906  0.24390215923596484  0.25389615852642311  0.26393721671757564
  0.27404420375834454  0.28419021827260521  0.29430576840342915  0.30440006312699730
  0.31451632204437813  0.32468415681281604  0.33489799842209694  0.34513677596318415
  0.35535260035913524  0.36551948937187040  0.37570088412784947  0.38594569981416854
  0.39623118952354469  0.40651243416421595  0.41679171205428084  0.42708977702611745
  0.43740001834624770  0.44772838862080744  0.45809947440439586  0.46848222046396554
  0.47885508052681736  0.48920885018095162  0.49953403234975857  0.50984422358536852
  0.52015514769995064  0.53051429856831855  0.54092576396420422  0.55138718302266421
  0.56186901348602114  0.57233525188316170  0.58279462256913817  0.59326899215617934
  0.60374826903035017  0.61418635966862600  0.62457742062470134  0.63495883333693948
  0.64535916715732333  0.65578224510030669  0.66624114586533367  0.67673621240673421
  0.68722401556911794  0.69769317921220753  0.70819133856513683  0.71875285391374055
  0.72936902697323613  0.74001012939114574  0.75067271944454750  0.76132024750730443
  0.77193086800884347  0.78254770092313641  0.79322923715383764  0.80399896739555476
  0.81481543299623649  0.82565743703799599  0.83654391745262247  0.84748812387840466
  0.85850207488187402  0.86958053326033535  0.88074749224588589  0.89203340133256115
  0.90344799971425338  0.91503430127756735  0.92682618171815134  0.93906459287442257
  0.95214963344700254  0.96647532805091640  0.98215423692863246  1.00000000000000000
 -0.00244103518408633  0.00932649228487246  0.01935282046394563  0.02978343697650747
  0.04024420437592411  0.05072588120989176  0.06121727439261777  0.07176572382543912
  0.08232588905692374  0.09288207719307326  0.10342932450421692  0.11404592491768538
  0.12459482729771880  0.13500070681788920  0.14540452962206074  0.15595227470120301
  0.16655383036548724  0.17715130867793308  0.18773467484011447  0.19832641475875648
  0.20895240445326688  0.21948972029845942  0.23003093499193736  0.24041613391471992
  0.25078104520844058  0.26125936857116405  0.27171727727869188  0.28228905749880723
  0.29285972024592799  0.30345252598510775  0.31410043836884877  0.32462762661784672
  0.33516912768380130  0.34562889358282722  0.35607678009829552  0.36657347081644853
  0.37701412641149668  0.38747491304604975  0.39791249469052353  0.40844983217174285
  0.41901237592255985  0.42957778181594503  0.44006857515785208  0.45067030464887115
  0.46129065318887541  0.47186379969788023  0.48238818711242976  0.49297006694213130
  0.50359127109016089  0.51423436989103732  0.52484689527029216  0.53546584881920267
  0.54609798568158230  0.55675275137161695  0.56740111959524420  0.57798232631557411
  0.58852322341293106  0.59891906620287638  0.60944103874817879  0.61998141240506377
  0.63056216894302575  0.64112214910326670  0.65170062072520474  0.66234911525220075
  0.67288037779506249  0.68335146503566424  0.69382669220273874  0.70434786188584875
  0.71483613391584866  0.72529473904828135  0.73577957398580540  0.74630260331473108
  0.75681251383718873  0.76726582168915558  0.77778341594269551  0.78833725144442379
  0.79884006031585775  0.80940030121512907  0.81990379365985344  0.83047262093322249
  0.84103660245579970  0.85178036803651591  0.86249718383866070  0.87321896845600033
  0.88380158321812741  0.89440803762877574  0.90494297627945586  0.91544940987555778
  0.92591198123676788  0.93642821766736195  0.94711369799752199  0.95778943490394475
  0.96831877463999816  0.97877089050002120  0.98934728155177865  1.00000000000000000
 -0.00218218753576049  0.00979943055769325  0.02004073834860282  0.03062638516389428
  0.04118460039802460  0.05171555824354952  0.06221084032218297  0.07269627533507454
  0.08323618901856883  0.09376838010124269  0.10429225401787100  0.11493541236793220
  0.12551664476360824  0.13614483120992191  0.14656524463810497  0.15701004793056958
  0.16743833869175495  0.17794769014582837  0.18846631405364780  0.19919035125619189
  0.20983111179229466  0.22061021634905825  0.23122067689609915  0.24181741667117612
  0.25232339677664550  0.26283392708758557  0.27334018678093341  0.28386536613161784
  0.29437815486866564  0.30489866165708451  0.31545252422878245  0.32607446090671327
  0.33670893527515383  0.34724958660485788  0.35778930433804235  0.36835321109889346
  0.37884204506823455  0.38928260044881391  0.39976445347021666  0.41030410943585377
  0.42085121269843256  0.43134386772164079  0.44182426672310221  0.45233060305870182
  0.46287242369163401  0.47357919529484960  0.48423435465875059  0.49495403980294411
  0.50555616283313554  0.51618781850729922  0.52663914514872090  0.53703704844536315
  0.54750213671345915  0.55796011546997915  0.56849868906791678  0.57895456155230152
  0.58953442942889422  0.60017431613499050  0.61081285871459379  0.62150270963224108
  0.63218405283105106  0.64283462985023276  0.65338524747494720  0.66388202844119393
  0.67440863352752123  0.68485148241452398  0.69525043297717937  0.70560201395022082
  0.71603040659387707  0.72654895602891245  0.73711379472399763  0.74770644179779333
  0.75823451085779736  0.76869592554809008  0.77918735309132681  0.78966352526659300
  0.80022250531993411  0.81076097841073391  0.82130282417118172  0.83190838445289705
  0.84245456686674070  0.85301432474044203  0.86343141636583276  0.87385644021373043
  0.88430741295737902  0.89472716022177623  0.90517478782598104  0.91564334389132063
  0.92616138388725255  0.93666006954795844  0.94718170501126797  0.95774409892974277
  0.96843608546356930  0.97898533121163056  0.98955705782079506  1.00000000000000000
 -0.00246803851136120  0.00943278023618164  0.01950697958488658  0.03007020551942386
  0.04069731163753387  0.05139284352366105  0.06205337957778307  0.07266284970485704
  0.08329322205432403  0.09383946535582062  0.10435345523966143  0.11486253812766475
  0.12527119787146171  0.13576929386043010  0.14621797707503059  0.15681273212334707
  0.16737244975587512  0.17796750370838454  0.18846648667031426  0.19894702562806513
  0.20941208788246526  0.21993709503357831  0.23046364206992281  0.24109450870560067
  0.25176446240560091  0.26240269677034994  0.27299066518601556  0.28361523692306218
  0.29424404560463496  0.30488738067168469  0.31543866274421595  0.32605569323458450
  0.33665395609785648  0.34734424737503655  0.35800164299347759  0.36865552577955735
  0.37933504277802893  0.39001299909849507  0.40076283469319440  0.41143000081842557
  0.42202428336652870  0.43249701780739896  0.44293819037802468  0.45343354565992039
  0.46386575389895629  0.47436702155090976  0.48486299393368165  0.49548913620864793
  0.50608114442416741  0.51659225568753586  0.52706247164713427  0.53744289816783286
  0.54800311530980694  0.55855350969273188  0.56921866468919458  0.57977583217353257
  0.59031980673456441  0.60089812609696247  0.61133396349997682  0.62175569445065615
  0.63219873290975659  0.64270045477538040  0.65318242274443628  0.66368759356442442
  0.67419228660696795  0.68467109853836883  0.69505794316447778  0.70544972343117640
  0.71591969504840902  0.72642509052374760  0.73700325984868031  0.74754473918977904
  0.75806612013730845  0.76860105630849074  0.77910745248514213  0.78959308791001659
  0.80017107490140493  0.81077033283565036  0.82135134027785994  0.83185884159452861
  0.84243020227052923  0.85296109313513557  0.86348196148471357  0.87399899922516167
  0.88452132593793242  0.89504522878064052  0.90549002876417584  0.91604182669497036
  0.92650460724748429  0.93694478200150499  0.94745594358571028  0.95804927514455485
  0.96860533090198964  0.97910602510208267  0.98956689963832045  1.00000000000000000
 -0.00219729712317984  0.00948233676374616  0.01962995333781763  0.03009392912234209
  0.04059717056420595  0.05105864027283966  0.06154955439860110  0.07202754034139450
  0.08250617123378398  0.09293140970925366  0.10336817953212415  0.11378056451308019
  0.12416785456008492  0.13465445229608683  0.14510753705491877  0.15567462950795985
  0.16624841821148975  0.17680302845114107  0.18728820649025552  0.19778786808764487
  0.20831360797911788  0.21880034465470688  0.22929600803183722  0.23991350660260322
  0.25057656074818707  0.26112792936975332  0.27160182815279699  0.28214384005291582
  0.29275000026527020  0.30341674093526799  0.31396516146514236  0.32451882942783628
  0.33507608760044910  0.34570678285545414  0.35626644512667405  0.36684905076841801
  0.37743021743941751  0.38811225362010188  0.39865226010166388  0.40914015312494345
  0.41956624930327829  0.43005799675311340  0.44060694764529945  0.45117415365203739
  0.46181564845860096  0.47238411047573653  0.48292333946876542  0.49341801962116422
  0.50397234800907886  0.51461152970072133  0.52520582327287446  0.53576801430288612
  0.54626463157063387  0.55674929148648811  0.56717830208316089  0.57767684898146743
  0.58811420489498334  0.59865000023226644  0.60904646164855603  0.61952628502835005
  0.63002956437701962  0.64063059084960405  0.65109853325601497  0.66149900638916725
  0.67183292833063446  0.68229226463624915  0.69276856366156137  0.70326320766801953
  0.71370009809186952  0.72403149985537196  0.73439887201633480  0.74474819631680467
  0.75538904469376955  0.76599685893411518  0.77664620046993960  0.78711161337368185
  0.79779383006079563  0.80858247708766862  0.81928486678667112  0.82991449608832257
  0.84055077777029885  0.85122586071274997  0.86187381584585776  0.87238656569342843
  0.88297791756193911  0.89354203687332068  0.90425178071918699  0.91499057416885965
  0.92559919641170552  0.93621512819248343  0.94673098958101110  0.95734260238777213
  0.96801278393321499  0.97866133303186342  0.98932944868523087  1.00000000000000000
 -0.00172903166855834  0.00982067901715786  0.02005844777755808  0.03058222618926053
  0.04111955341140955  0.05165984371926624  0.06217253768212062  0.07271574295532292
  0.08329012174547651  0.09393250534291919  0.10462377070055853  0.11522381944190320
  0.12579408181924284  0.13630240116974715  0.14685122359442385  0.15734911875618079
  0.16787234449437766  0.17848767291697293  0.18918937109481904  0.19992893620691984
  0.21063948705374499  0.22132872536802761  0.23183521794426237  0.24234633000602696
  0.25286766312300818  0.26338624233129937  0.27376968404658725  0.28413468155162680
  0.29457389346930746  0.30512248904974687  0.31569509295234532  0.32627527437335080
  0.33686881303946437  0.34743997418873929  0.35805162349513753  0.36859107291146426
  0.37912055785406029  0.38962036934004707  0.40019428474116558  0.41072217455008897
  0.42126030206956966  0.43173224327474141  0.44225215632496345  0.45285144934766369
  0.46348726337693352  0.47414366838826055  0.48463172169797308  0.49504818430832248
  0.50546500926598470  0.51588296022202718  0.52633075938404050  0.53684529462464248
  0.54739848330810592  0.55796552470069960  0.56852012723193002  0.57900158837460802
  0.58952619618067947  0.60002546307472715  0.61061265907826923  0.62118595994854942
  0.63178680988249492  0.64232800234051879  0.65283016366892843  0.66342949129484097
  0.67413819811434117  0.68490807645726426  0.69550355410267006  0.70602639991761817
  0.71648920621238821  0.72696749308054420  0.73745700471451747  0.74787858098058124
  0.75834348560912601  0.76882959262298545  0.77934350465655389  0.78986215861459097
  0.80033351832174138  0.81085896745155572  0.82127868478623922  0.83183920008298140
  0.84231322628860472  0.85289574945180258  0.86334539204359717  0.87381787914025544
  0.88428619885487092  0.89477788291979310  0.90544527487729143  0.91602467871402404
  0.92655506356506345  0.93704329193727753  0.94753206107665566  0.95811541735152794
  0.96864122253562479  0.97912719415679750  0.98961113063583617  1.00000000000000000
 -0.00207159315176338  0.00958820838007876  0.01962501532730297  0.02998957477972944
  0.04037316153396078  0.05074061943420981  0.06109538999929803  0.07159976759292873
  0.08208324021623026  0.09268281254527319  0.10320726894589465  0.11382150555257931
  0.12436592323144825  0.13488591227051477  0.14538787983202406  0.15582404234059569
  0.16624511515423515  0.17674550851284257  0.18725491673318539  0.19781403457332861
  0.20841096590871369  0.21910712672535507  0.22981529819834629  0.24042163821926468
  0.25103223556458848  0.26157357265128428  0.27213012763880440  0.28263625577861068
  0.29322724951397022  0.30377253437117868  0.31430176493604106  0.32474034175392213
  0.33517138295542276  0.34566821935759007  0.35616253962770150  0.36680488895883673
  0.37741146090721195  0.38804114543633766  0.39859395999736458  0.40901630739761602
  0.41944449708986592  0.42988008529135080  0.44042717562539263  0.45102478029149318
  0.46164254694742646  0.47232724634142786  0.48289867110464413  0.49351181672992139
  0.50411266870484683  0.51479987410270389  0.52544780371636912  0.53616976904927838
  0.54686109310342590  0.55751686132407152  0.56812592384030625  0.57879197053251297
  0.58941727888870654  0.59995860916427612  0.61042705543603726  0.62096827853330760
  0.63150899141462458  0.64206264634291721  0.65253969769508102  0.66302697280492484
  0.67345863679837048  0.68394423346383693  0.69448111922119804  0.70501917065901509
  0.71552945322630612  0.72609132338321047  0.73674953915817143  0.74737583629003224
  0.75791052345488696  0.76837733973829658  0.77890496530391284  0.78937827444178155
  0.79997586195433401  0.81049564618976633  0.82101632907191002  0.83155246220773793
  0.84212011804119646  0.85263981453188897  0.86313154174093942  0.87366404592444313
  0.88424483886012017  0.89487218248644773  0.90543388077873210  0.91597840850685330
  0.92643202737374108  0.93702415119065086  0.94764791334576104  0.95821863144305452
  0.96861928491929550  0.97906251233617503  0.98949381133593661  1.00000000000000000
   5.5605021040791414E-025  -1.0000000000000000     
 F F F F F F F F F F F F F F F F F F F F F F F F F F F F F F F F F F F F F F F F F F F F F F F F F F F F F F F F F F F F F F F F F F F F F F F F F F F F F F F F F F F F F F F F F F F F F F F F F F F F F F F F F F F F F F F F F F F F F F F F F F F F F F F F
  <DiscreteSampler_grid>
  grouped_processes
  1 # 1 for a reference and 2 for a running grid.
  10 # Attribute 'min_bin_probing_points' of the grid.
  1 # Attribute 'grid_mode' of the grid. 1=='default',2=='initialization'
  0.0000000000000000 # Attribute 'small_contrib_threshold' of the grid.
  0.5000000000000000 # Attribute 'damping_power' of the grid.
 # binID   n_entries weight   weight_sqr   abs_weight
    10   10   1.589003474829258E-012   5.732615423890774E-024   1.589003474829258E-012
    11   10   1.589003474829252E-012   5.732615423890721E-024   1.589003474829252E-012
  </DiscreteSampler_grid>
