  0.00958780226731452  0.01565074506439185  0.02489329088874898  0.03568227341263901
  0.04604128619694149  0.05643528008858363  0.06682170111386095  0.07719535761968679
  0.08755280209061798  0.09791259822419211  0.10827569421897987  0.11862996835701557
  0.12898305216310169  0.13934781638462582  0.14973264000361824  0.16014336310200172
  0.17056457668799316  0.18097187615617025  0.19138361113018634  0.20178316593647605
  0.21218278985111275  0.22256652030336260  0.23295517141204014  0.24334699075049870
  0.25374169392731871  0.26411290549865984  0.27449125618680087  0.28487236703986935
  0.29527077348554992  0.30569433281479180  0.31612473095482951  0.32655095156955743
  0.33694022419503322  0.34730632578456738  0.35765643257186652  0.36800798181899075
  0.37837344767440806  0.38876430769605086  0.39917446673038576  0.40957260390088984
  0.41995645503439716  0.43033156257390964  0.44071356468384454  0.45110474604035694
  0.46149473537817698  0.47188633255511508  0.48227955803121397  0.49266830933904127
  0.50304704919396914  0.51341443813093868  0.52376736146093295  0.53410666662204964
  0.54444426553743985  0.55478354140807895  0.56512172940026961  0.57546110833459974
  0.58579844356872246  0.59614550680663458  0.60650356947350736  0.61689057733740127
  0.62730387222657269  0.63770830870297879  0.64809534447300088  0.65847506397024402
  0.66886519538402045  0.67926900062293605  0.68966534567313142  0.70004097716363045
  0.71040716539481585  0.72077474291429444  0.73115863007304149  0.74154594733768331
  0.75193821385182080  0.76233109849696334  0.77272553482786543  0.78311541771724846
  0.79352009485195396  0.80392929739093122  0.81432987892399833  0.82471056846477564
  0.83510090989444785  0.84551610888694095  0.85594232875863796  0.86634453896066577
  0.87672620117618805  0.88706602591432737  0.89742012891773904  0.90778621671300597
  0.91818477882914395  0.92857946677526226  0.93897423985817585  0.94936838132441126
  0.95977177032704641  0.97015233994641747  0.98052773652432967  1.00000000000000000
  0.00952007291932049  0.01580733216917727  0.02497569931973783  0.03579671170275959
  0.04617013649244162  0.05656662126391933  0.06695865998291078  0.07735104932441847
  0.08774071676864034  0.09814640810479655  0.10853289648259398  0.11891776709436334
  0.12927088986843452  0.13960908869304556  0.14995614781790023  0.16032912840925448
  0.17071227270480901  0.18110657799026059  0.19150102353370069  0.20191211180569388
  0.21231071155876929  0.22267431630062709  0.23303738780461314  0.24340099709712140
  0.25379839524263637  0.26420896793711640  0.27461723047367925  0.28500998037077180
  0.29538368360216516  0.30575881368790292  0.31616122318693313  0.32657977069645361
  0.33699546563794436  0.34737386671966108  0.35774247739475001  0.36810440283963608
  0.37848999507809472  0.38888393838268492  0.39927671013336741  0.40967279291951048
  0.42006512826730796  0.43045866839963343  0.44082488550731985  0.45117581986839844
  0.46151735895242890  0.47187135899564292  0.48223142694169024  0.49260098322284979
  0.50297935116716475  0.51336642362306961  0.52375515086512714  0.53415326661563889
  0.54456071964459651  0.55497174499221058  0.56536426531374429  0.57573733447158892
  0.58609091457275853  0.59644359171428207  0.60681541022987318  0.61721349410381876
  0.62761790667952755  0.63799876380521092  0.64835853260070697  0.65871344736788107
  0.66907735041356220  0.67944471745839741  0.68982041542741024  0.70020046351669119
  0.71058180259326764  0.72097669720440294  0.73136917264175350  0.74177178071905314
  0.75217020312682581  0.76257423085121689  0.77297083758146579  0.78334052133033560
  0.79369662952939479  0.80405804912514156  0.81443139650036533  0.82480803869458563
  0.83518961130934999  0.84556137584910684  0.85594819030976177  0.86632823303185835
  0.87671995398031755  0.88710800503835485  0.89750757390081881  0.90789989888475253
  0.91828153271422619  0.92864867433435150  0.93902306348927067  0.94939049480578708
  0.95977454639448678  0.97014399104974136  0.98050659840317766  1.00000000000000000
 -0.00244048444974541  0.00962972203833438  0.01983762924198617  0.03034778720866420
  0.04089200868646773  0.05142684295981755  0.06197571854850838  0.07251476523285665
  0.08304895247758859  0.09358612524278229  0.10414421829619040  0.11466720947865702
  0.12521472245569945  0.13574166461803960  0.14629530785725425  0.15686598032043192
  0.16745320463417560  0.17801874347121255  0.18854491432356429  0.19904435105163712
  0.20956571484603467  0.22009885627144310  0.23063681512808595  0.24115046163288439
  0.25166263208124506  0.26215962592838782  0.27268081593852461  0.28324007534405082
  0.29383585953380781  0.30441945194584852  0.31495352289810113  0.32546225697084835
  0.33602105243891894  0.34657980106747943  0.35711971585043262  0.36762165088871901
  0.37815844950754851  0.38872683298082594  0.39926393488474632  0.40977463661753921
  0.42028230684857293  0.43082820472354100  0.44136305722340130  0.45189297466077522
  0.46241458540069436  0.47292101222285116  0.48342924351721539  0.49396535161435307
  0.50453426469124740  0.51509960918125008  0.52563464265406779  0.53614175300799527
  0.54663019103221888  0.55714685455226653  0.56767973929713145  0.57823100573762576
  0.58874814071648984  0.59928383327014645  0.60982257529638284  0.62036048230892771
  0.63090542155681062  0.64143674870493139  0.65196275924648917  0.66248158942822022
  0.67300775532383272  0.68355528095177187  0.69409215148576697  0.70463949016253735
  0.71522234569286114  0.72578808596303290  0.73635170216282808  0.74688654563027512
  0.75742463888517786  0.76794686308756765  0.77845331436088128  0.78897270956642174
  0.79950507393305803  0.81005335957084634  0.82059360367376999  0.83116401248946170
  0.84171134940147241  0.85224706390676463  0.86275823444852073  0.87330259071252747
  0.88386925249675374  0.89444891928670978  0.90498918142355689  0.91551490821107773
  0.92603437553094425  0.93656933306604540  0.94712661140491528  0.95770675450341158
  0.96830763964233202  0.97889926485020651  0.98945629115930700  1.00000000000000000
 -0.00235243818321665  0.00954664768335355  0.01969789223853672  0.03018814659190804
  0.04071221890554347  0.05123307724861317  0.06178954556102392  0.07234871370439162
  0.08290268714335854  0.09344258075388172  0.10396737563144601  0.11450093363286076
  0.12502385028866347  0.13555043291598060  0.14610109411922564  0.15665926947980061
  0.16724802744388878  0.17782659159539618  0.18839582469765667  0.19894796255605024
  0.20949513913356019  0.22005977458032655  0.23060616978956572  0.24115325682688046
  0.25167857187477288  0.26221886442148856  0.27275079710880723  0.28330580708053554
  0.29384197285718505  0.30435301197542641  0.31487491568514347  0.32540225726726019
  0.33594619185049923  0.34647777578138833  0.35700222180051350  0.36754355294331403
  0.37808119967023635  0.38863369245865864  0.39915339370596109  0.40965029547382548
  0.42014664226413034  0.43065122062830247  0.44116968894708092  0.45168277104133137
  0.46221693587549867  0.47277370366039223  0.48334092373684429  0.49391766004789334
  0.50446638046792658  0.51503389822775769  0.52561034375688143  0.53618833785566600
  0.54676285211319975  0.55730980970938782  0.56787183982510536  0.57842317709092428
  0.58896656348292842  0.59953043959960461  0.61007484336728379  0.62061857166063539
  0.63112662732774483  0.64163042662208558  0.65214856315898451  0.66269464249631416
  0.67324796399888887  0.68379962817281270  0.69434289357939705  0.70489065816147933
  0.71544211423991277  0.72596989132971712  0.73652765719547675  0.74708142236716346
  0.75764903398734029  0.76819990567122309  0.77875562171734269  0.78929588135648943
  0.79983576251244837  0.81037608810561745  0.82092875854501923  0.83144566800977182
  0.84196027213676738  0.85246278210513593  0.86297984734395516  0.87349709662469388
  0.88402212877290387  0.89455804934031569  0.90506652411498423  0.91558641191722834
  0.92611757940568928  0.93669522347916723  0.94727342136762638  0.95784193367672554
  0.96836966147192649  0.97890859645308714  0.98944116689571671  1.00000000000000000
 -0.00230716242386267  0.00966279661794602  0.01986843604422519  0.03037108546108213
  0.04093920224363104  0.05148732372538022  0.06204614745136504  0.07257661863903750
  0.08311255482974293  0.09366282295223964  0.10419956115298061  0.11475618481360685
  0.12531205425312045  0.13587153961990905  0.14639706222106089  0.15691589947044909
  0.16741787778356018  0.17793596914360049  0.18847061345005497  0.19902202780843456
  0.20956774818965360  0.22008651763334205  0.23062407489586886  0.24117314568566961
  0.25172473572015275  0.26227225668052856  0.27283206705296953  0.28338503546673549
  0.29394382665379593  0.30446922477933042  0.31500796951652399  0.32550062165652488
  0.33601486187661023  0.34653257180628050  0.35709467169596609  0.36763830092825506
  0.37816370783490288  0.38868563424490599  0.39921063793631517  0.40976291126524117
  0.42031049938663900  0.43086706025809751  0.44141372475928453  0.45196963417115155
  0.46250777963189271  0.47307436361262223  0.48362602090202828  0.49420343174836240
  0.50474404856590338  0.51528682086811495  0.52581472874941937  0.53634405405219909
  0.54686975338547283  0.55739777750373964  0.56792100992095162  0.57846192411849950
  0.58899901432384472  0.59951738643102759  0.61001612374990055  0.62052851774018369
  0.63105786630507754  0.64159030659959548  0.65210928542022462  0.66263821927993682
  0.67317991426674584  0.68373236401128212  0.69429703554362188  0.70485463193286380
  0.71538196955625943  0.72588976425731966  0.73640372304744761  0.74693599231936469
  0.75750204380077235  0.76808176139470319  0.77865726623442599  0.78920814531356276
  0.79974600688649877  0.81027874301874481  0.82079532369778341  0.83131608185992656
  0.84185419525469785  0.85239995004997138  0.86294100116274053  0.87348719567612199
  0.88402367252204550  0.89454883403371122  0.90504472643067591  0.91556584805255570
  0.92608512209805227  0.93663045737880946  0.94718009981581319  0.95774672293547047
  0.96831080281252135  0.97885651788239803  0.98942284758979726  1.00000000000000000
 -0.00240281767507099  0.00958688657243340  0.01975906833711993  0.03028649401135254
  0.04084801533283330  0.05139640559568689  0.06193084602806240  0.07244842409445706
  0.08296563472228849  0.09347972284568291  0.10401274686659295  0.11456604001370414
  0.12511043666317198  0.13564118454928223  0.14615245169530461  0.15665971100884693
  0.16715976559433943  0.17766310774760297  0.18817956539414005  0.19872403361907737
  0.20927998858363125  0.21985619973873727  0.23040242740185293  0.24093163082331109
  0.25145729377474296  0.26198429231496739  0.27254725288205578  0.28307934584613287
  0.29363040652057282  0.30413123269075087  0.31466499887241500  0.32519506911882334
  0.33573630620079187  0.34625163834126921  0.35675334863968522  0.36727707626016670
  0.37780434110810723  0.38834918108410438  0.39887297084170137  0.40937763889681722
  0.41988748755775662  0.43042413494771675  0.44099176866874473  0.45155867857180143
  0.46210454344862517  0.47265080404783028  0.48320850739816745  0.49376280265601835
  0.50431489500665905  0.51487085245323694  0.52543421328487283  0.53598448654832409
  0.54650687676134480  0.55704228903062536  0.56758725612764860  0.57813864784059654
  0.58865617331209430  0.59916835888104070  0.60969430927728419  0.62024707469937734
  0.63080354958241358  0.64132454324052079  0.65183712231283220  0.66234980951687095
  0.67287996554238727  0.68341088384784654  0.69395080543643595  0.70447558509204167
  0.71501709518411372  0.72554624708293391  0.73610130835784626  0.74663072644991013
  0.75717156871607505  0.76769425567976302  0.77824089660945384  0.78879024322195279
  0.79937719612082470  0.80995190671708972  0.82053792684270366  0.83111324103761786
  0.84166757908855183  0.85222841188267773  0.86280580323979650  0.87341532283694567
  0.88397996750348007  0.89452518114844792  0.90507183862428153  0.91562752395311797
  0.92618706971836795  0.93671784948270964  0.94726441786836169  0.95780699055706042
  0.96834940939411118  0.97889692598316391  0.98943752962161102  1.00000000000000000
 -0.00242369896051425  0.00951283932899044  0.01967791667126636  0.03017848618860852
  0.04074839136429678  0.05130952840221505  0.06185741212538143  0.07237653599314428
  0.08291100488547935  0.09345322082196891  0.10399246282076884  0.11452878464508853
  0.12507583669468381  0.13563952135150201  0.14617177030727471  0.15670823375119911
  0.16724818000473465  0.17779690993601607  0.18833300966273300  0.19890023000508722
  0.20946662874206015  0.22000926204283697  0.23053482798548011  0.24105109928291063
  0.25158235867708151  0.26209394180090817  0.27262234278842046  0.28314737238424670
  0.29367031865996174  0.30418674116241401  0.31473795741321520  0.32528831647367873
  0.33585190551843114  0.34638132650505993  0.35691218291000404  0.36742913936814064
  0.37797508987193162  0.38853659180648259  0.39912404461404261  0.40968441752314105
  0.42024621907591608  0.43080973126916572  0.44137734285600999  0.45192961549448307
  0.46246984365694854  0.47302084562531460  0.48357876556480711  0.49411544000661278
  0.50461515522569378  0.51512710924167537  0.52563909392726871  0.53617871043005405
  0.54667397270254325  0.55721004568280297  0.56770742729761980  0.57825075575123730
  0.58877805119714821  0.59934827264296664  0.60990648272222503  0.62045112091688581
  0.63097577140815297  0.64147615986382878  0.65197934337412866  0.66249659077850542
  0.67304477232459781  0.68358383029376657  0.69413253424441879  0.70465861303587873
  0.71520091266869290  0.72572144500668911  0.73626640756979755  0.74680694158153982
  0.75736152844179527  0.76791266884739739  0.77846508241192292  0.78903722302698265
  0.79957230482473574  0.81010172847063633  0.82063724563595564  0.83121451277174963
  0.84178578299542961  0.85232214030774156  0.86285237548804783  0.87337790267808491
  0.88390936014120269  0.89447703903740028  0.90507439941916068  0.91570344036174633
  0.92626455413488462  0.93681621208940591  0.94733225745064387  0.95788467969411017
  0.96842138682595824  0.97896062755200397  0.98947971151879588  1.00000000000000000
 -0.00250514878506940  0.00964400691473442  0.01983107789870694  0.03035768498531363
  0.04087790836862914  0.05140421663465980  0.06193067554513429  0.07248675809054403
  0.08305002165256183  0.09361970316137169  0.10417787933808859  0.11470827998529794
  0.12523889053942050  0.13575143418022090  0.14625857209186024  0.15675773466856849
  0.16725459477060123  0.17779949149746316  0.18833864590171756  0.19888634751776291
  0.20944511301277716  0.21999678137408701  0.23055303503585742  0.24109384034575862
  0.25164693557801626  0.26218141497123143  0.27269705403891620  0.28322513532304433
  0.29376167904663852  0.30434391312868225  0.31491821713572571  0.32547932414367992
  0.33601348495821515  0.34654316464503532  0.35708558450104855  0.36762073537346079
  0.37816603461329296  0.38871002359436818  0.39925783681646859  0.40977560948774661
  0.42030696372554310  0.43083155900920600  0.44136678657333744  0.45187476857851810
  0.46239617793464949  0.47292392616794754  0.48345646763120320  0.49399649746734775
  0.50453198284361289  0.51507092417478617  0.52561635150198405  0.53616819156775919
  0.54673646783463237  0.55727056876436376  0.56779604591876409  0.57830874139408950
  0.58881334086172443  0.59933708724559265  0.60986026133820492  0.62041396037147933
  0.63095454823250796  0.64150384011787698  0.65206968807667209  0.66264425725154408
  0.67323138331753585  0.68377621087442531  0.69432914057502526  0.70488787108523576
  0.71546991922744063  0.72602581934130495  0.73658196192531078  0.74713325317272250
  0.75770498199316894  0.76823835111822336  0.77875189520636101  0.78923734416483360
  0.79973000217655854  0.81024381548831736  0.82077860575942196  0.83130938446220393
  0.84184304504113816  0.85238553536553208  0.86292139231707998  0.87342438483388551
  0.88392024931252133  0.89444837764687435  0.90500472915473107  0.91556089455228007
  0.92609503022867901  0.93662998298943956  0.94717462284959719  0.95774380683475746
  0.96831333344933845  0.97887080080416711  0.98943387072562361  1.00000000000000000
   1.5418794777113306E-002  -1.0000000000000000     
 F F F F F F F F F F F F F F F F F F F F F F F F F F F F F F F F F F F F F F F F F F F F F F F F F F F F F F F F F F F F F F F F F F F F F F F F F F F F F F F F F F F F F F F F F F F F F F F F F F F F F F F F F F F F F F F F F F F F F F F F F F F F F F F F
  <DiscreteSampler_grid>
  grouped_processes
  1 # 1 for a reference and 2 for a running grid.
  10 # Attribute 'min_bin_probing_points' of the grid.
  1 # Attribute 'grid_mode' of the grid. 1=='default',2=='initialization'
  0.0000000000000000 # Attribute 'small_contrib_threshold' of the grid.
  0.5000000000000000 # Attribute 'damping_power' of the grid.
 # binID   n_entries weight   weight_sqr   abs_weight
    10   10   2.302161184006255E+013   1.504818862900166E+027   2.302161184006255E+013
    11   10   2.302161184006255E+013   1.504818862900165E+027   2.302161184006255E+013
  </DiscreteSampler_grid>
