  0.00947964484049531  0.01598149938638874  0.02498872667967417  0.03579806636485087
  0.04618002103391883  0.05659583751951985  0.06701200660594736  0.07740283750583893
  0.08779520789726421  0.09817368859385431  0.10855259799634201  0.11895124005632522
  0.12934880431267679  0.13973852571931425  0.15010212561150066  0.16047346561269174
  0.17087029241885993  0.18126894448602757  0.19166963301170045  0.20203299743048370
  0.21241083957700899  0.22278419888619952  0.23318777403636945  0.24359905475873014
  0.25401614291673197  0.26443558170480447  0.27484273740009163  0.28523508803967462
  0.29558834446945481  0.30594171043204021  0.31631639348806440  0.32671463046192739
  0.33708282913508042  0.34743923069958893  0.35780073029341830  0.36818865465022588
  0.37857872612414151  0.38896881440034076  0.39934244717751172  0.40969571914847008
  0.42003093708002220  0.43038234229291250  0.44076994652473622  0.45116812353560587
  0.46156429762767681  0.47194564958719054  0.48233263735001392  0.49270598514227532
  0.50307417805734211  0.51342018619347018  0.52377141571869679  0.53413233657437287
  0.54451237013445308  0.55489194196996439  0.56525308253863782  0.57559874024153235
  0.58595843995470442  0.59633816939628170  0.60672744787197719  0.61711526799335070
  0.62750029315659994  0.63788258272293052  0.64825281730744533  0.65861741794167827
  0.66898730873652679  0.67937861453819126  0.68978091694101218  0.70017438542796795
  0.71056038228701712  0.72093788226226774  0.73132978103465685  0.74173387584786354
  0.75214715612339356  0.76255032326007399  0.77292890160780803  0.78329713650171162
  0.79367267332327829  0.80407300212913213  0.81447938773448847  0.82488466271394767
  0.83528035197789929  0.84567223673943093  0.85606837147135173  0.86645544259535279
  0.87683835479921191  0.88721252562540642  0.89758820734938627  0.90795671952177304
  0.91833677042458572  0.92871353369527077  0.93910708760661676  0.94949696451262533
  0.95989294538372094  0.97024912147126108  0.98057437055216456  1.00000000000000000
  0.00957543115782364  0.01576028284909293  0.02495682911275708  0.03573985690294164
  0.04608686759971496  0.05646681676489665  0.06686173697160598  0.07727335993282172
  0.08766161974758978  0.09803179941090126  0.10838373950417721  0.11872629741167909
  0.12907666556637407  0.13944159146280097  0.14984221248291349  0.16021775868144000
  0.17059765426333567  0.18095625037470919  0.19135241902255581  0.20174352897019840
  0.21213346669386660  0.22252248426183541  0.23290327183710721  0.24330401153491552
  0.25371137623351342  0.26409623420963108  0.27446630513863723  0.28483908305022032
  0.29523201656126469  0.30563355589397079  0.31601364602838161  0.32639117064001727
  0.33677152330178067  0.34715684281158643  0.35754898334976826  0.36793113174770986
  0.37833089997300973  0.38871574832525446  0.39911775187349308  0.40950917686767480
  0.41990512820405701  0.43029387135404201  0.44068307851841532  0.45107438960050655
  0.46147061522484550  0.47186280884866261  0.48226593336286805  0.49265585475717705
  0.50301329649629034  0.51334709562690983  0.52368239811742667  0.53404765869739534
  0.54443557774806794  0.55483019567448233  0.56522651020031911  0.57561950768080761
  0.58601524793849091  0.59641555241946076  0.60682705188054276  0.61722865376862046
  0.62760603072022780  0.63797148199712816  0.64833618056860054  0.65871115691966886
  0.66908852177662714  0.67946003223211671  0.68983264073815342  0.70021345603311169
  0.71060450321504187  0.72100012325552865  0.73138005276289941  0.74175163424598012
  0.75212745388234115  0.76252136872971399  0.77292646478293792  0.78332988162678019
  0.79370985090363000  0.80409013307983246  0.81446946950056553  0.82484338708827409
  0.83522035342271395  0.84560436148077389  0.85600271626074509  0.86637479019630081
  0.87673095077834240  0.88706753584190245  0.89743218256485835  0.90780406133381752
  0.91820349415169078  0.92858609766294242  0.93898009360437240  0.94937365028017495
  0.95977826776214270  0.97015654710613886  0.98052165680686043  1.00000000000000000
 -0.00248282756128050  0.00951966343554752  0.01967982874551912  0.03021719149159549
  0.04075697665571066  0.05129649502783552  0.06182770782788228  0.07238216359623145
  0.08294309476893638  0.09351381108098683  0.10407958539347395  0.11464817841069186
  0.12519959922144747  0.13572755518953533  0.14623790006663828  0.15673501514191726
  0.16725204865885171  0.17774074477025512  0.18824376646450106  0.19874276993684073
  0.20928680079577527  0.21984442172654151  0.23039279017766168  0.24092018835393175
  0.25144612301178076  0.26197112444116821  0.27251204083632186  0.28303183334512461
  0.29358930651859172  0.30414061057712377  0.31473781068517753  0.32530633690245497
  0.33583085030590315  0.34632893358418321  0.35684051131278999  0.36737887744763997
  0.37790609277486775  0.38844080178486540  0.39899110768168466  0.40954181697905734
  0.42005783296374355  0.43059916991353364  0.44111868261087850  0.45166523977786061
  0.46214068519224077  0.47264334340695080  0.48312835747080835  0.49365738307807716
  0.50420916616977129  0.51477900869507354  0.52536396374656535  0.53592926084757730
  0.54647324827116839  0.55698642849217994  0.56750689256574349  0.57805527885028962
  0.58862971689660293  0.59919337452986277  0.60972140261551888  0.62023605978293084
  0.63074313816774086  0.64129171424148801  0.65184044149160603  0.66239668237740990
  0.67292347741948133  0.68344665229323465  0.69397993137716674  0.70451862226555362
  0.71505987472372545  0.72558999744654906  0.73613137069650292  0.74666701118014445
  0.75721904684388353  0.76775577544634421  0.77831331312661312  0.78888092320756475
  0.79944434339118864  0.80999448549812370  0.82053101859456912  0.83108721403442032
  0.84163383686569793  0.85216935660700399  0.86269195259678444  0.87321783349730620
  0.88377406098028066  0.89431845541803501  0.90487013494532087  0.91540126889461726
  0.92593012355038873  0.93646351082607082  0.94701114068962411  0.95760941123606458
  0.96822775108511272  0.97882296130498270  0.98941459005304244  1.00000000000000000
 -0.00248501724822406  0.00952900847509492  0.01971387261359945  0.03023505493347540
  0.04077327989339154  0.05130409514394060  0.06183546765479129  0.07238134515248952
  0.08291260995577347  0.09348436127547079  0.10405105650115039  0.11462612260662468
  0.12520336002990184  0.13577664019888397  0.14634643831616159  0.15689747565631817
  0.16744602440396431  0.17799303329779728  0.18858183514823307  0.19918522908432171
  0.20975595147704210  0.22030310309392112  0.23085183699408768  0.24141628281601085
  0.25197466902652765  0.26252714664371052  0.27310088554471967  0.28365670257913811
  0.29420965852160053  0.30475205719234466  0.31530748222766158  0.32584129530976441
  0.33640521138995005  0.34692235918751690  0.35745078020444038  0.36793061890136297
  0.37846004040378006  0.38898937551754093  0.39953728629995194  0.41005896045912338
  0.42060076295813009  0.43113764103340868  0.44168877088215269  0.45219490279865854
  0.46269267589350327  0.47319513426415377  0.48370604170348114  0.49422856902903894
  0.50473282948425957  0.51525127300853490  0.52577004895629798  0.53627911130357986
  0.54680416146541044  0.55733081061788992  0.56789249148295129  0.57843838090003541
  0.58898782635623737  0.59952150572574703  0.61005543936183249  0.62056958068280377
  0.63110763402908809  0.64165944143346221  0.65220334036070937  0.66270294615771042
  0.67318524044267225  0.68370069548314538  0.69425308510522499  0.70477097356022222
  0.71528996937200351  0.72579268461069302  0.73635367175108957  0.74690068921880937
  0.75745047770667639  0.76801265198177160  0.77856925161252233  0.78911399918174163
  0.79964654328061413  0.81017908077638423  0.82071181050900754  0.83124335518691017
  0.84176319992015525  0.85225964384148012  0.86273128721274994  0.87326672859984167
  0.88382564095332072  0.89439379427762611  0.90492085102485698  0.91547421840317489
  0.92604394117929190  0.93663941880259061  0.94721473561006075  0.95779582214299652
  0.96834758426567091  0.97890512755836179  0.98945036150970544  1.00000000000000000
 -0.00247786650645610  0.00948992046769973  0.01964151448637279  0.03017798800630758
  0.04072817548672339  0.05127351761698105  0.06180117389087163  0.07233528336527181
  0.08286549541218854  0.09341709706148928  0.10396364430436121  0.11450102628114234
  0.12503714022422449  0.13560761022198994  0.14618772115463319  0.15674621293073709
  0.16726325340429876  0.17779034279445466  0.18831600852898256  0.19886316459555606
  0.20939894485502303  0.21996678170884112  0.23049946020458312  0.24106297305901123
  0.25160622895818696  0.26216416707245599  0.27271307375984860  0.28322876413345244
  0.29373098307641698  0.30422470175716243  0.31473478970375945  0.32524470849542264
  0.33574886272646487  0.34627170555072256  0.35679733534021763  0.36734058229081173
  0.37787988841089704  0.38844086456615701  0.39902227432926479  0.40962181785912449
  0.42020442415858811  0.43076501367629405  0.44130988239789837  0.45188082700748927
  0.46243031568757748  0.47297701900290418  0.48350865088972977  0.49404909687791670
  0.50458657793464545  0.51513929613673870  0.52568653035400170  0.53623482455485172
  0.54675339577816284  0.55729486470881717  0.56784616059110415  0.57845104397218494
  0.58902834710891538  0.59959805207106620  0.61010444035717348  0.62063303539741110
  0.63114091104933412  0.64166968356477749  0.65216475818547115  0.66268624239654994
  0.67322441577853587  0.68375964597606909  0.69431658889902859  0.70487178951768648
  0.71543306458111877  0.72597681279584703  0.73648526311822859  0.74702856930261119
  0.75758504987399911  0.76814937399729144  0.77870307229807079  0.78923991511836977
  0.79979038640442668  0.81033481889855541  0.82085302385612524  0.83136965845871913
  0.84187746931738827  0.85241564123390789  0.86298628428516222  0.87355018087944414
  0.88409124294067998  0.89458134166385828  0.90507809258481065  0.91560263764934890
  0.92614147946802283  0.93670327307703694  0.94724358273927434  0.95782292899481092
  0.96837804726185395  0.97894082848666297  0.98946776332878739  1.00000000000000000
 -0.00253147484584535  0.00947332971339711  0.01964520173750767  0.03015889685496230
  0.04069818286323177  0.05122993623580972  0.06176881465403793  0.07230425194738040
  0.08282007659724724  0.09334575045520585  0.10388340225763967  0.11443774781119612
  0.12498106485830265  0.13547105152666231  0.14598447274393572  0.15651325738559330
  0.16709229720072416  0.17761796884178141  0.18814539466128138  0.19867564158483059
  0.20922782687082458  0.21978259783839776  0.23032490154575105  0.24085430198137278
  0.25139002407728356  0.26192582956470423  0.27247046576940248  0.28300932191580636
  0.29353286316899291  0.30409525545275029  0.31466121622883753  0.32523578544624249
  0.33576372822217260  0.34632062000135111  0.35688363824541280  0.36746648939833643
  0.37802659881223188  0.38858139937095437  0.39912590943796672  0.40967445069339725
  0.42022721167344124  0.43080801065115992  0.44135414240891491  0.45192214410919324
  0.46245178267806275  0.47299883942041565  0.48353856892583386  0.49406399330923623
  0.50457716322274748  0.51507150265710699  0.52561532598773419  0.53616840717042225
  0.54672033196274250  0.55724757257668411  0.56776832847049896  0.57827992674095108
  0.58879168486271516  0.59932485874114971  0.60987044133238066  0.62040330860845649
  0.63092668181034484  0.64146892188652338  0.65201520105226984  0.66259650613716559
  0.67317982968474777  0.68376323470762512  0.69432008824750180  0.70487398397894419
  0.71543971359492653  0.72598252002638675  0.73649616256508121  0.74701275253159904
  0.75753880042048305  0.76807137161957018  0.77860045612012119  0.78911705802772125
  0.79966397676580869  0.81019680084011148  0.82075899886200088  0.83129859316049248
  0.84184533604164302  0.85238065021386411  0.86293941059221713  0.87350212493836810
  0.88407074818372144  0.89461259087495448  0.90515666470590461  0.91568458729482205
  0.92620549862704282  0.93673368391727097  0.94728287813199186  0.95783867408214762
  0.96836960529737925  0.97890560828488626  0.98944148820948696  1.00000000000000000
 -0.00246738273586652  0.00957103446482347  0.01974532567352336  0.03025507450549297
  0.04082316940963963  0.05140161869719697  0.06195863813851732  0.07246685445883719
  0.08295174472067275  0.09342781213790602  0.10392507376576751  0.11443949063599916
  0.12494866769164215  0.13546436048336333  0.14600440923340033  0.15657452361450802
  0.16714288104654493  0.17769939204796642  0.18825666404803587  0.19881181864892067
  0.20935650780659715  0.21990916153550580  0.23044719046039025  0.24101897827552626
  0.25161163372678413  0.26220894381928861  0.27279089405149903  0.28334358716767261
  0.29390116100186531  0.30443818655039812  0.31498116803320209  0.32556174518316811
  0.33614315392838301  0.34670783678553091  0.35724376567047006  0.36779984100190793
  0.37835563592608640  0.38890914660607873  0.39946917302545409  0.41003707228716235
  0.42059713371598917  0.43110232767175177  0.44159147435760659  0.45207948161606482
  0.46259575110005935  0.47311635482907560  0.48365365940890587  0.49419264296953314
  0.50471595540556935  0.51523497867219492  0.52574954100189053  0.53626247120731962
  0.54677419925567960  0.55726514007173122  0.56778206758026606  0.57833067029027263
  0.58889528705349181  0.59946653782851622  0.61002046236791652  0.62058232809462688
  0.63114558836897006  0.64168405613975277  0.65220711094863171  0.66270285883032010
  0.67324324193577068  0.68382104778649522  0.69442537494771606  0.70500179442872357
  0.71556640484773315  0.72612001358789102  0.73667630231522896  0.74721285810713678
  0.75776630599960770  0.76828856729356232  0.77878222974722999  0.78925385407792470
  0.79972575293213877  0.81026396908243536  0.82079487574726240  0.83133885388205309
  0.84185319508944323  0.85237867820419566  0.86290400832251113  0.87344256254181107
  0.88398694797144739  0.89452960590942776  0.90508010879370882  0.91564731358644413
  0.92622667348862264  0.93675361679909308  0.94727161494640910  0.95777018996782870
  0.96831212291838298  0.97887536362142469  0.98943957523891035  1.00000000000000000
 -0.00251860238829005  0.00961532361468172  0.01979435852739466  0.03033745384535549
  0.04088437170868429  0.05143870401984359  0.06198673183942748  0.07253649643417799
  0.08308091988270672  0.09360763193510990  0.10416253672352739  0.11474410617442186
  0.12532487057786867  0.13588476580175263  0.14643603028026803  0.15695981109076626
  0.16745025151074194  0.17792009172710263  0.18840259405657878  0.19890654362134394
  0.20940970225764335  0.21992936922285211  0.23044929688445973  0.24100430629613379
  0.25153937991559294  0.26207808717124120  0.27260644527991101  0.28316119345498042
  0.29372247111352745  0.30427141198099023  0.31481937200400506  0.32534869267224487
  0.33586882301556409  0.34640393109764350  0.35695980461992821  0.36753173856149590
  0.37810089549605264  0.38866127127445033  0.39922066360197778  0.40975908945246747
  0.42031375336401877  0.43087499089793235  0.44144494214185276  0.45201160238086802
  0.46256225811630297  0.47310594293344216  0.48363594396795551  0.49418426605686111
  0.50472752827810607  0.51528052155575932  0.52581799448674471  0.53635517774407959
  0.54688968572587282  0.55740816267155857  0.56792399884286859  0.57842739094983275
  0.58895140631876586  0.59948983122475630  0.61003397653855806  0.62058921229298925
  0.63114384688651326  0.64167756599986492  0.65222283350560106  0.66274498114866376
  0.67331969953366344  0.68386679390304206  0.69444820991091383  0.70500157557025833
  0.71553106998705651  0.72605370819671489  0.73656508868439019  0.74709746974779545
  0.75762974489991164  0.76817577215147881  0.77874245668757291  0.78929409723878108
  0.79983471567836983  0.81039779770803388  0.82094033287849955  0.83148513315815709
  0.84202800418751522  0.85257878693003764  0.86312335738604840  0.87362783951517020
  0.88415575353068443  0.89467871090639828  0.90519893141485708  0.91572221924700381
  0.92624012963291247  0.93677703439826754  0.94730674469681586  0.95782697531931826
  0.96832973777953946  0.97885505279438056  0.98941367568317506  1.00000000000000000
   1.5494210988778080E-002  -1.0000000000000000     
 F F F F F F F F F F F F F F F F F F F F F F F F F F F F F F F F F F F F F F F F F F F F F F F F F F F F F F F F F F F F F F F F F F F F F F F F F F F F F F F F F F F F F F F F F F F F F F F F F F F F F F F F F F F F F F F F F F F F F F F F F F F F F F F F
  <DiscreteSampler_grid>
  grouped_processes
  1 # 1 for a reference and 2 for a running grid.
  10 # Attribute 'min_bin_probing_points' of the grid.
  1 # Attribute 'grid_mode' of the grid. 1=='default',2=='initialization'
  0.0000000000000000 # Attribute 'small_contrib_threshold' of the grid.
  0.5000000000000000 # Attribute 'damping_power' of the grid.
 # binID   n_entries weight   weight_sqr   abs_weight
    10   10   3.791535610721248E+013   2.892350310593507E+027   3.791535610721248E+013
    11   10   3.791535610721248E+013   2.892350310593510E+027   3.791535610721248E+013
  </DiscreteSampler_grid>
