  0.00955348232789160  0.01564991709622443  0.02484662974606431  0.03561211134412121
  0.04595523317602943  0.05632736770423014  0.06670631027778498  0.07710326685404277
  0.08752289026466224  0.09795368536519818  0.10836151115228622  0.11875219057969215
  0.12914441574804070  0.13952439884557452  0.14989779941609227  0.16024702797167770
  0.17059988276036456  0.18094913255540154  0.19131416437104901  0.20170039664922254
  0.21210043798200040  0.22250155735763194  0.23287197254556385  0.24326730446522310
  0.25364252852985880  0.26403350631046196  0.27440108042290517  0.28479711460358897
  0.29518920371098145  0.30560703707485187  0.31601006135864629  0.32641028237560904
  0.33678210741145936  0.34715326238673022  0.35751172746647264  0.36787868595747897
  0.37825505864542158  0.38865492847251887  0.39905985519364534  0.40944784801125145
  0.41982926461652698  0.43019282981714146  0.44056127019620950  0.45094278641048335
  0.46135074437680779  0.47177793354873510  0.48220041141025211  0.49260049951782037
  0.50296586961112211  0.51332772960126694  0.52370924023003096  0.53411587750782974
  0.54452418218169696  0.55492490696787045  0.56532174968827376  0.57571351489070344
  0.58609036937961778  0.59644219754567251  0.60677460174783049  0.61710185577177312
  0.62744609699797804  0.63781105603015797  0.64818197094563357  0.65855568968686162
  0.66892924122977404  0.67930114918838669  0.68967355072916725  0.70005734639534023
  0.71045638607725914  0.72086065705565583  0.73126973419548003  0.74167613305986180
  0.75208809445620572  0.76248809251446303  0.77288898661828920  0.78326594232274072
  0.79363146956707953  0.80400258374461886  0.81440444760268571  0.82481150242852830
  0.83522894947928161  0.84563586993793161  0.85604430003501952  0.86643222655240748
  0.87679576737660569  0.88717243690803749  0.89754481693783639  0.90793436646426817
  0.91831990685181775  0.92870079330813748  0.93908083443336954  0.94944461020105542
  0.95979164356303870  0.97013925128769696  0.98048411303798000  1.00000000000000000
  0.00946416331797856  0.01603995726869092  0.02508917594183924  0.03593727454979931
  0.04629615138085497  0.05666837554511861  0.06702413259387653  0.07736667820619683
  0.08770732402930462  0.09805260679941188  0.10842157136152263  0.11880011650303143
  0.12919366290737047  0.13958492227346564  0.14995299078916435  0.16030795108988366
  0.17069042248876240  0.18110241593058113  0.19151293765772950  0.20188190250909765
  0.21225989493725619  0.22264107242572292  0.23305845452836629  0.24346784769127511
  0.25385445189826367  0.26424121318987509  0.27463033523103814  0.28505788733410453
  0.29547240059178098  0.30587755189510674  0.31625754482861845  0.32663547271870125
  0.33702683909164066  0.34745350097572192  0.35786148255438549  0.36826450333483285
  0.37864408952303535  0.38903617035426219  0.39941837217940346  0.40977897142142250
  0.42013331470768445  0.43048397697819019  0.44083648381209561  0.45119892933177097
  0.46158011906406071  0.47199678414727853  0.48241056414531164  0.49280055352606117
  0.50317696652389954  0.51355803810462575  0.52394426651774062  0.53430761413740091
  0.54466202721739110  0.55503388198400683  0.56542493944788763  0.57582242681223372
  0.58621898357361157  0.59661501537194495  0.60700008234093283  0.61737085811714787
  0.62773372572262909  0.63809610989573906  0.64845820291671064  0.65881986350089872
  0.66919178203846330  0.67957782059508143  0.68995542583762015  0.70031217661347311
  0.71066925650238566  0.72104421403780883  0.73144101520671090  0.74182941348215281
  0.75221247753760301  0.76259828935091833  0.77298801312067511  0.78336985566096407
  0.79376088749461093  0.80415228019708851  0.81453990204432902  0.82489331747698669
  0.83523532566397540  0.84559430749745801  0.85597730849639508  0.86635124594849366
  0.87670483520033193  0.88705971402567618  0.89744827370534208  0.90786962711610808
  0.91829038661808859  0.92870141342874446  0.93911106207384887  0.94952121002188927
  0.95990557111133157  0.97023628715295240  0.98055674682406646  1.00000000000000000
 -0.00242688126496432  0.00950584829608068  0.01965148913143150  0.03014470274367706
  0.04065942052218662  0.05118002709353786  0.06171504318352922  0.07224458623164635
  0.08277459999199412  0.09331953104622930  0.10388195120870766  0.11445744297375754
  0.12500519885467123  0.13557251491084171  0.14613407099153117  0.15672043824139267
  0.16728202200322892  0.17785114648112293  0.18839263072929732  0.19892129873391384
  0.20943887691104643  0.21996287992812932  0.23048709643834853  0.24101992801789110
  0.25157920564697950  0.26211632581923017  0.27265472109821842  0.28316696576447475
  0.29372256465281793  0.30425948459087560  0.31478869804033854  0.32534385419224149
  0.33588876258252665  0.34648441067565550  0.35703777064689340  0.36760169776998758
  0.37810845774798868  0.38863415823558078  0.39918667825548432  0.40974837863637947
  0.42028087194658098  0.43079247707705920  0.44130507316979323  0.45187571092084072
  0.46245864631096695  0.47303220475241764  0.48354991731434194  0.49407423019204327
  0.50461704439508603  0.51518250329889770  0.52572614239426674  0.53625272858647488
  0.54675241432270316  0.55727446944638892  0.56778937362948168  0.57834002247940364
  0.58886392048916958  0.59943526764572697  0.60999694948252625  0.62058068419459600
  0.63113573368390519  0.64166728785069227  0.65220809328730922  0.66273615790585938
  0.67328838022827397  0.68381334879620914  0.69434590668805363  0.70488389283120267
  0.71546048647373295  0.72602899903013285  0.73661206053955830  0.74717046275444887
  0.75774617595731864  0.76831973399758569  0.77887020753179870  0.78941538279175394
  0.79992770115923095  0.81044709017782990  0.82095212213686219  0.83145791584267781
  0.84198288673271116  0.85251546695740055  0.86304625570396953  0.87357875133104235
  0.88410684015236651  0.89463248608863899  0.90512913607901957  0.91561609334702687
  0.92611124671118950  0.93662623485851426  0.94715343202616753  0.95769787818319041
  0.96827642469808617  0.97887106338281737  0.98945200477993656  1.00000000000000000
 -0.00242959709786356  0.00949713605710217  0.01964647282602163  0.03013070153168931
  0.04065268240370585  0.05114196307733971  0.06164571876059873  0.07215655317466534
  0.08269357727747580  0.09322232850957496  0.10376814404871694  0.11433168154269815
  0.12491314524043653  0.13547640486428153  0.14602604815901390  0.15655813348202563
  0.16708537752819974  0.17763587549456730  0.18817884172275834  0.19876040107281040
  0.20929182646566050  0.21984551136764283  0.23036254611190243  0.24092868649197766
  0.25148847908536770  0.26206775688167333  0.27261923685267131  0.28317887358273913
  0.29371746760371731  0.30427233203928844  0.31483777821197917  0.32544171212093542
  0.33603135016347169  0.34659225862575443  0.35711700063331442  0.36765930708740147
  0.37818399607817305  0.38871636443133989  0.39920446449615860  0.40972222095764788
  0.42022373088003012  0.43075651123161995  0.44128861596260843  0.45185054090946969
  0.46240403537522173  0.47292555876728753  0.48345297125869852  0.49398096392664770
  0.50454620313858478  0.51507773083827735  0.52558517650324477  0.53607166265057882
  0.54657028690102227  0.55707523976183959  0.56760824561973355  0.57814401751741140
  0.58872002552228908  0.59926699525913618  0.60984085278731859  0.62039594650191587
  0.63092607871311823  0.64144520144624628  0.65195641970621765  0.66249548047234719
  0.67298958743792270  0.68351621796042039  0.69406672799050151  0.70464964551518705
  0.71521459829626544  0.72574680803545066  0.73627959035614132  0.74682383996546631
  0.75738274365674618  0.76794175060111991  0.77846703678855311  0.78900597239734160
  0.79952755869922720  0.81007139972234732  0.82061208166343802  0.83116062504803689
  0.84172097934294854  0.85228047203642443  0.86283261575630976  0.87337752451575223
  0.88393757629694170  0.89450962758395358  0.90506118044750350  0.91559498210245505
  0.92614133369417373  0.93669932720509430  0.94724971728768348  0.95780818130060841
  0.96835565184700423  0.97893744609107558  0.98946361546438000  1.00000000000000000
 -0.00252568107285652  0.00945029404223856  0.01958726977666398  0.03006793703006087
  0.04059922939385290  0.05113720246201822  0.06169622777379043  0.07223794502216850
  0.08279035293259540  0.09333999414056438  0.10391089826967022  0.11446942696044116
  0.12503548452802701  0.13560313980406882  0.14615897879886269  0.15669698117271935
  0.16722028263006306  0.17774239255195814  0.18827387711537055  0.19878486942745366
  0.20933158396745513  0.21987829518651589  0.23042568636088909  0.24096976521368857
  0.25151542170560881  0.26207320699570524  0.27260090644140050  0.28314284974052567
  0.29367172768739086  0.30421681038636889  0.31475856618299453  0.32528842786586915
  0.33579453409060345  0.34627721203979900  0.35680443751758556  0.36735682303098760
  0.37792370074560278  0.38850055280612988  0.39907455005900871  0.40965905726233770
  0.42020754515914011  0.43072906743687728  0.44124012133566731  0.45175085122411773
  0.46230575378378996  0.47285678609707432  0.48339999862275435  0.49390915043227768
  0.50440830739080156  0.51491195762939457  0.52543662607359520  0.53597625693151574
  0.54651425094179118  0.55705013699442096  0.56759677456803115  0.57816859469341775
  0.58872964896142188  0.59927399690602445  0.60982142711628606  0.62037090317411769
  0.63092305384439495  0.64147748809907279  0.65202227403358759  0.66257482315378724
  0.67311295202542643  0.68364546273074434  0.69417004169274876  0.70469504279400974
  0.71522665721831868  0.72577233744040004  0.73632037719713928  0.74691228212242478
  0.75750184419494737  0.76807800123738112  0.77864338610140160  0.78918491726318363
  0.79970374977658076  0.81020835676333092  0.82074659008293693  0.83129070397017335
  0.84183996173191888  0.85235725394693351  0.86287921437618698  0.87339604135024729
  0.88391838824979840  0.89447283660640731  0.90500847786913763  0.91555038004741129
  0.92608140843184306  0.93662128285421831  0.94718900730458866  0.95776733171802897
  0.96835751043380591  0.97891530210792721  0.98946181297153690  1.00000000000000000
 -0.00238967610968048  0.00949305363082709  0.01961741302021197  0.03011091441011009
  0.04061667673975458  0.05115014120832065  0.06166666391855575  0.07219063356051068
  0.08268101150761041  0.09316633476139408  0.10365589410776113  0.11418361637051481
  0.12470532822330335  0.13522861335574193  0.14574760852576801  0.15628173265707651
  0.16681372888828275  0.17734722614496018  0.18790085053273151  0.19847201254903357
  0.20902894373495357  0.21958362623282460  0.23014012909737425  0.24070835421644002
  0.25126717050114289  0.26179885916043216  0.27232495376440308  0.28284830497708463
  0.29339234142744908  0.30394464955606620  0.31451754933699339  0.32508952238781391
  0.33563999000989847  0.34618132607635932  0.35669958320161804  0.36722888802077447
  0.37774916744595050  0.38829161043666183  0.39884006417145784  0.40942539540326489
  0.42000422866840947  0.43061937948856949  0.44119157407025733  0.45173862780625340
  0.46228176856157227  0.47280811507786968  0.48336900496344376  0.49389478229616968
  0.50443870708556970  0.51500316954407133  0.52558142961817467  0.53618926271247003
  0.54677852346482370  0.55734440231442250  0.56788623832775720  0.57842967158046266
  0.58899717171391364  0.59956221900947870  0.61011265199039366  0.62066650781657351
  0.63119813344181808  0.64173348142756315  0.65225364123007445  0.66280312965904908
  0.67337045570830489  0.68393308753784943  0.69448073197393800  0.70502584689721781
  0.71556761668800417  0.72608839534862146  0.73661903745577972  0.74715418993773675
  0.75771375387939166  0.76826246511585761  0.77880256552317673  0.78933647144280217
  0.79987318940231689  0.81040819941712472  0.82093830137677615  0.83143265488236273
  0.84193552809624017  0.85244833557204769  0.86297466192485950  0.87352298621357505
  0.88409089299567745  0.89468018260768245  0.90524533257758255  0.91577789641191965
  0.92629079613332177  0.93680524492941930  0.94733611321848465  0.95788396319685787
  0.96843050540949838  0.97897630493377552  0.98949845596385855  1.00000000000000000
 -0.00250556723081965  0.00963648552959429  0.01984613659364278  0.03036753867750867
  0.04089908275418697  0.05139142051427773  0.06190469389325909  0.07245181424052589
  0.08302103183204611  0.09358214001743337  0.10411712981134921  0.11464485335741754
  0.12516979504661369  0.13567516824545614  0.14618783295775012  0.15670627131144421
  0.16723407276170715  0.17775820965174663  0.18828313674767652  0.19878000328839127
  0.20926464010419116  0.21973485192923450  0.23024946090866097  0.24077244042358217
  0.25131002551504750  0.26186887357101246  0.27241987386956651  0.28298065369035874
  0.29352379815575103  0.30407589300183985  0.31461310705116852  0.32517344023889827
  0.33572437955602302  0.34626673844673883  0.35677801494255745  0.36730649105366003
  0.37782829170592463  0.38836625645117284  0.39889782963262088  0.40942686259655064
  0.41995210123850835  0.43049283974790742  0.44103955897442149  0.45156505938855263
  0.46208321849268241  0.47262957341215645  0.48320197453228719  0.49377006461019701
  0.50433706716541826  0.51488309292447454  0.52543937581963052  0.53596207349499558
  0.54649771853008322  0.55702543862601961  0.56758186060960047  0.57813530632647825
  0.58870409316900463  0.59924948376148868  0.60979132617615384  0.62030385506084196
  0.63081338843109580  0.64131506873560074  0.65184138014961623  0.66238890252733740
  0.67294247537357954  0.68350279560292215  0.69408292204695710  0.70466737066953056
  0.71524626331080710  0.72578656808234399  0.73634932930954267  0.74690384177441538
  0.75748444842220042  0.76803704984754828  0.77857688225404398  0.78911764537250506
  0.79967149864848741  0.81025735560320988  0.82083042128860217  0.83138730934222971
  0.84191044512829349  0.85245026765488752  0.86297491959562334  0.87352139952938890
  0.88404043254149756  0.89460345968660271  0.90515368489210180  0.91570453760318038
  0.92623428367220817  0.93677596757609105  0.94729849699301627  0.95781956045410299
  0.96833343380064862  0.97887014343767420  0.98942932464036859  1.00000000000000000
 -0.00247772784345104  0.00968453436113670  0.01989433307453283  0.03043753541151585
  0.04099277132442972  0.05152938071468410  0.06207174106958145  0.07260263156205791
  0.08318248931137577  0.09377361504756378  0.10436775262680442  0.11491618665709126
  0.12545682472188241  0.13598987101175866  0.14654574847292534  0.15709008080997491
  0.16765284620979606  0.17821802703163900  0.18877816481550136  0.19933559855681993
  0.20987846249839251  0.22044364843765030  0.23100138929736744  0.24152295523494727
  0.25205356038779186  0.26256283361584598  0.27311167157223820  0.28364044092127483
  0.29420172063899264  0.30476240017392414  0.31529933904563789  0.32582963768903367
  0.33637290294335059  0.34693439290157474  0.35747368158854548  0.36802819227787803
  0.37858480598268951  0.38916093899242571  0.39971314276464320  0.41025329578806102
  0.42077358725062752  0.43126879237815624  0.44177962132055604  0.45233900647804481
  0.46289046008638962  0.47345834023058170  0.48400881095282849  0.49459916172561003
  0.50514482784890213  0.51568485505449579  0.52620898247760350  0.53675041080319275
  0.54725079092433626  0.55775268308369996  0.56825939637127154  0.57880898100813927
  0.58932644115279909  0.59987074059823997  0.61039264892523593  0.62094419792427991
  0.63147050912651481  0.64199418222834181  0.65251753742731511  0.66304598999465281
  0.67361646333945502  0.68417438184677615  0.69473975669251453  0.70528525678770471
  0.71585089388655609  0.72640460496217940  0.73696789234919524  0.74752839467109922
  0.75804069728074763  0.76853239056218048  0.77901797588586308  0.78955165087028856
  0.80008719594696109  0.81064658311467874  0.82120359558620004  0.83177072736981150
  0.84228770459464175  0.85280625677469191  0.86332492781689185  0.87382831947891626
  0.88431438097961268  0.89479649953818596  0.90531483909007560  0.91585325015707730
  0.92635215441223595  0.93687475791470420  0.94737346684387713  0.95788732153781841
  0.96838769723551865  0.97893023134496548  0.98946702130158837  1.00000000000000000
   1.5450969570556122E-002  -1.0000000000000000     
 F F F F F F F F F F F F F F F F F F F F F F F F F F F F F F F F F F F F F F F F F F F F F F F F F F F F F F F F F F F F F F F F F F F F F F F F F F F F F F F F F F F F F F F F F F F F F F F F F F F F F F F F F F F F F F F F F F F F F F F F F F F F F F F F
  <DiscreteSampler_grid>
  grouped_processes
  1 # 1 for a reference and 2 for a running grid.
  10 # Attribute 'min_bin_probing_points' of the grid.
  1 # Attribute 'grid_mode' of the grid. 1=='default',2=='initialization'
  0.0000000000000000 # Attribute 'small_contrib_threshold' of the grid.
  0.5000000000000000 # Attribute 'damping_power' of the grid.
 # binID   n_entries weight   weight_sqr   abs_weight
    10   10   4.386480463754596E+013   3.183482644419932E+027   4.386480463754596E+013
    11   10   4.386480463754600E+013   3.183482644419936E+027   4.386480463754600E+013
  </DiscreteSampler_grid>
