  0.00963021603039413  0.01620527751918446  0.02565212988852123  0.03669722631261295
  0.04736852412632298  0.05794843257640128  0.06845075950540168  0.07887467900052725
  0.08930215896741239  0.09964494165575807  0.10995287090503128  0.12024861373915068
  0.13066981203579373  0.14121568161158005  0.15154469992248168  0.16088200526222443
  0.17017930561934422  0.17943536141745373  0.18958142980896239  0.19991715582135969
  0.21030559728896009  0.22076404445915598  0.23128225634168947  0.24177096935461850
  0.25223621939014157  0.26266412343060702  0.27312859756268582  0.28356659435584575
  0.29401150985883956  0.30447919016986702  0.31500067452255615  0.32554267699377976
  0.33604153513933349  0.34655384140769557  0.35705140157052206  0.36752866051891198
  0.37802709661830830  0.38859211328573351  0.39918410324151649  0.40967131490588954
  0.42011618054631683  0.43055656748429433  0.44102925707356877  0.45150175261419118
  0.46197568230953667  0.47242320825158535  0.48290481058463924  0.49346848846173896
  0.50402639411851857  0.51447055431731292  0.52485309309800021  0.53527544474297784
  0.54571249488275642  0.55617414306951352  0.56663314574828227  0.57707876449546025
  0.58749929467146023  0.59793220043103512  0.60767688191349312  0.61696578174603611
  0.62622278371519580  0.63577921517589109  0.64621021691315494  0.65675628906021799
  0.66725550768790831  0.67776390744572679  0.68817762795030224  0.69861359064050776
  0.70901300203666029  0.71946580187718201  0.72990595923739110  0.74037449235966124
  0.75076061588954579  0.76112124578989104  0.77149181490259466  0.78193246641971137
  0.79240562661905467  0.80287977909040309  0.81337103466842231  0.82387676251443276
  0.83439324457095754  0.84486013358322654  0.85529462942772816  0.86564957828721290
  0.87599357997196392  0.88632650200881824  0.89675919404827908  0.90717774307974985
  0.91762375653401806  0.92805966923917727  0.93861029252827122  0.94909618558809050
  0.95955692846761642  0.96997595505471246  0.98042019307933082  1.00000000000000000
  0.00959200536429482  0.01645008788228602  0.02558403576141601  0.03648752688644684
  0.04693505174811553  0.05749331534411715  0.06819399801840781  0.07889553019415053
  0.08947305855178816  0.10000624365782466  0.11050454109580277  0.12102084556070153
  0.13144208472740740  0.14181946418546409  0.15215548490721759  0.16250025620647482
  0.17291603100156686  0.18331789957563888  0.19372641364840520  0.20409121029521859
  0.21449067829748297  0.22496870498774807  0.23550932057714868  0.24610924423995242
  0.25672682120558876  0.26733088096755298  0.27791739666817278  0.28843919059484874
  0.29892281486755301  0.30942375288016588  0.31995275969144299  0.33046611791105052
  0.34089136906511863  0.35124394540092102  0.36162402553608808  0.37199229128833361
  0.38246450404590077  0.39280229012683510  0.40207768996091853  0.41130460595744378
  0.42044835921436124  0.43039514831050063  0.44072229614424868  0.45108595585924055
  0.46152427129646167  0.47196123004670371  0.48244220547086258  0.49294970603156396
  0.50345763701020907  0.51401695526053459  0.52456764298730985  0.53504546037169021
  0.54544181128788294  0.55579117957321089  0.56615339968297940  0.57650267650473463
  0.58685256014943976  0.59722071428578649  0.60761734226592456  0.61801904470733227
  0.62843978557154623  0.63884745625725181  0.64924124604585853  0.65961792976959266
  0.66947213685758555  0.67884755684785991  0.68821951378814894  0.69774461707268387
  0.70813180302522238  0.71855434100452509  0.72901348673565369  0.73958615109630532
  0.75011481725139506  0.76063031434127137  0.77100742479126505  0.78137846388548904
  0.79170989031908701  0.80213734313798168  0.81259121865371597  0.82311154795592389
  0.83363639786366339  0.84423385569569787  0.85478333973037268  0.86527695324026177
  0.87579090125681702  0.88636938106271246  0.89707668779292193  0.90769812491083857
  0.91826184490289453  0.92865206778043674  0.93907660033517504  0.94954194377374423
  0.96004872510433703  0.97040591118756236  0.98068319217931554  1.00000000000000000
 -0.00178494103918237 -0.00120408488522056 -0.00062322873125875 -0.00004237257729694
  0.00052248567634450  0.00057349769219549  0.00062450970804649  0.00067552172389749
  0.00081953250127192  0.00098471135372674  0.00114970592493072  0.00131463927312576
  0.00147960396385588  0.00164503948159623  0.00181032086569672  0.00197537996444549
  0.00214039758581500  0.00230600969531517  0.00247156533814306  0.00263776419373844
  0.00280437326174678  0.00297122593528193  0.00313807940910433  0.00330491787826751
  0.00347186225798626  0.00363913215321126  0.00380634893087247  0.00397374684285930
  0.00414089426502255  0.00430795575611691  0.00447484059731218  0.00464187585495560
  0.00480871305921996  0.00497560957853709  0.00514278202133913  0.00530983260923482
  0.00547628706504146  0.00564280087445311  0.00581013238776062  0.00597808209273464
  0.00614607267436283  0.00631363399100515  0.00648126616408522  0.00664956753556950
  0.00681830652360013  0.00698739611476887  0.00715613673324589  0.00732480437158720
  0.00749341138744513  0.00766249094054563  0.00783167838675795  0.00800032168944961
  0.00816896642354704  0.00833796735146947  0.00850769483850116  0.00867738449897154
  0.00884730885912496  0.00901737393972796  0.00918785284640443  0.00935863965620616
  0.00952988565414687  0.00970114804187461  0.00987247182334829  0.01004380125685845
  0.01021545753995863  0.01038706123516257  0.01055842198091109  0.01073017553056313
  0.01090265105436647  0.01107536850888719  0.01124824663521076  0.01142096812985384
  0.01159357902438918  0.01176591890154837  0.01193851648428924  0.01211153171243797
  0.01228471936840125  0.01245781897028804  0.01263111934229042  0.01280466811754202
  0.01297838345217819  0.01315208747740492  0.01332557198757278  0.01349901135009976
  0.01367225768293857  0.01384565984287659  0.01401970006468839  0.01419392507370600
  0.01436830417463876  0.01454264786048354  0.01471813018836217  0.01490136778240646
  0.01502131720656236  0.01507459167664824  0.01508390233505669  1.00000000000000000
 -0.00249694437727570  0.00964161227596889  0.01985068301525487  0.03031571849953606
  0.04077059866150911  0.05129390167820414  0.06190062115841000  0.07255241226535702
  0.08326002064802580  0.09399873980342122  0.10466140539231261  0.11529347873026710
  0.12585843129440538  0.13648892605873003  0.14710544038620990  0.15773368281469630
  0.16831573758815824  0.17885955623849742  0.18947042088457541  0.20017018951189983
  0.21081871310984160  0.22142415945709104  0.23197586536983217  0.24265710925201625
  0.25328929984060988  0.26393844095187735  0.27452130665988533  0.28516221770593086
  0.29577204747591440  0.30629301900123024  0.31674009218360205  0.32718669176535026
  0.33774852034814401  0.34840631853750764  0.35907879434926271  0.36987728832186317
  0.38065225424161259  0.39144440262215913  0.40205954031864510  0.41261310332101525
  0.42313681550587451  0.43370372110086164  0.44430441515435010  0.45484412808693186
  0.46535857406817710  0.47585888539729682  0.48647648343094491  0.49719054758879377
  0.50756865774955495  0.51694112145514182  0.52623064167527100  0.53551167822898316
  0.54590053737608291  0.55646188640160377  0.56705162986752566  0.57772424439545556
  0.58838128492489505  0.59898340451531451  0.60958428698740375  0.62027774224490173
  0.63095015750994465  0.64153972105799451  0.65198462244281141  0.66252174892081617
  0.67313276366837782  0.68270419567615603  0.69219639451089787  0.70169064371478274
  0.71189980286283783  0.72258437376009232  0.73324462597918139  0.74386580946856851
  0.75449142395155544  0.76513751431321719  0.77584397087082169  0.78657096374620450
  0.79724608844941158  0.80789668084288169  0.81852813186403295  0.82919462116963372
  0.83991120864962487  0.85059418132721487  0.86125290934196241  0.87191535711392609
  0.88258910670106405  0.89337283342319107  0.90409133535794917  0.91478919872993980
  0.92544063176069669  0.93608638903434427  0.94679718706157268  0.95750835155163694
  0.96820817783495106  0.97882234443396698  0.98940518708487479  1.00000000000000000
 -0.00232531506399635  0.00977040776795027  0.02007339318203941  0.03077325163067605
  0.04147753488694041  0.05211298603602352  0.06275434760597125  0.07337474086955288
  0.08402056175536247  0.09473972587531075  0.10544434479180721  0.11623788721416012
  0.12694603473790514  0.13759270150389791  0.14816556410584480  0.15877345882117258
  0.16944327039460494  0.18014437933956012  0.19085108987917446  0.20153493785836324
  0.21215895133548199  0.22274629147805108  0.23332477304002958  0.24388150427963867
  0.25442571184822244  0.26499940976476249  0.27562486559016691  0.28628467930201751
  0.29689746974166947  0.30748455201733504  0.31799607754393117  0.32847781557466343
  0.33895103010765720  0.34952204731527631  0.36013500220298039  0.37075552561782388
  0.38134679499572643  0.39192942791986773  0.40253734935384800  0.41316311387393695
  0.42386134860605013  0.43462002789490517  0.44535276648889116  0.45553436541246561
  0.46496048064979045  0.47434218057423805  0.48379182925953790  0.49430787873747106
  0.50484512000572990  0.51403711382635719  0.52321701129645770  0.53235131206597086
  0.54232503799821075  0.55290880123867281  0.56359686060741498  0.57436777578812970
  0.58509404627037254  0.59574304998726046  0.60633242292956191  0.61694938260155663
  0.62762558583918837  0.63831205703658089  0.64900110842486025  0.65963707039236552
  0.67029690071103443  0.68094205088189208  0.69154334305697673  0.70211143573203660
  0.71271773055095045  0.72337628704283463  0.73405607233200332  0.74466917844623581
  0.75526563063856655  0.76582592052621601  0.77648157417377262  0.78712792403118825
  0.79774184740432941  0.80830919167730941  0.81898427233511761  0.82979665409278114
  0.84060676903710152  0.85132920897709097  0.86199998730413885  0.87267925487258557
  0.88332522955371029  0.89393741700318397  0.90455870310776565  0.91524485806212863
  0.92596225417829670  0.93664924270881300  0.94729042192518587  0.95790077378194305
  0.96845017633071029  0.97900053601098114  0.98950190561126827  1.00000000000000000
 -0.00237497274600118  0.00970071607569110  0.01990135217262696  0.03051260153588257
  0.04119850813798825  0.05189525484714123  0.06252080827822050  0.07308516108791092
  0.08372963864308999  0.09442576948640055  0.10516668040477012  0.11592134452971840
  0.12670207049635851  0.13741574932933528  0.14802070799017597  0.15849378911620979
  0.16897537684046948  0.17950253801968605  0.19011928786404353  0.20074182349693528
  0.21133526948803857  0.22188448952854764  0.23253747350557785  0.24326496557052610
  0.25397759634421457  0.26454712895876736  0.27486951277943367  0.28431697263406258
  0.29385678201336074  0.30341550103189563  0.31402996258616850  0.32477630613218311
  0.33545258761330249  0.34610453724593288  0.35689191930226222  0.36779353511291185
  0.37866862500156884  0.38939547814348929  0.40006810575884649  0.41065863223116783
  0.42122868406626690  0.43179125933944740  0.44233775528075886  0.45288260662744950
  0.46341672817474971  0.47392176851580431  0.48449493174758151  0.49511851219599567
  0.50582656511116530  0.51643890606397547  0.52699936073522580  0.53756104533270421
  0.54818558523448979  0.55880658279989737  0.56944515181675226  0.58006249954663569
  0.59069709370522550  0.60143150849174454  0.61220196627749113  0.62297109535250639
  0.63358318825753768  0.64414462134624295  0.65467637138654988  0.66522306796341113
  0.67578755613270181  0.68642049732037969  0.69711089386079417  0.70774816901782089
  0.71834855322273594  0.72901230319358878  0.73977181904898481  0.75053297847930134
  0.76121081149398195  0.77181842825321012  0.78236011460339849  0.79285884110212312
  0.80337560063328473  0.81386362884334840  0.82438021363723080  0.83494407861561792
  0.84557411254724502  0.85623182313454338  0.86684200726017868  0.87746437929448018
  0.88807043736970981  0.89866452870042191  0.90921820001941056  0.91926036454679694
  0.92845033293107815  0.93770673303342944  0.94694718116841381  0.95758120507898659
  0.96822295472886333  0.97890263622145623  0.98947350241712562  1.00000000000000000
 -0.00206391120466281  0.01005404065731512  0.02037918347288995  0.03096604382928369
  0.04163806102815687  0.05235176941155724  0.06295532954481825  0.07346716673879537
  0.08394656726799643  0.09443047485338885  0.10491524717678836  0.11540540337175646
  0.12465859994930226  0.13396513897332693  0.14333837195427862  0.15364704615317673
  0.16450223854446117  0.17525771995589190  0.18591603347046795  0.19658069145427307
  0.20723020486349403  0.21786617438558503  0.22849019732338094  0.23908778459692390
  0.24968362101851896  0.26028461025292349  0.27085604888923054  0.28145107788898033
  0.29205937685611327  0.30276632309414547  0.31345445076854500  0.32405115263136336
  0.33460169171820658  0.34514210915773152  0.35574229402051255  0.36632144323629329
  0.37685968352747523  0.38727608164616162  0.39775198444949211  0.40830355298005744
  0.41897648208974936  0.42972697369202029  0.44052482873980481  0.45128091534564507
  0.46190100587859839  0.47250756535730581  0.48318139627126117  0.49382401189542563
  0.50438957511920157  0.51488016194391173  0.52539825012896291  0.53597503037076710
  0.54660472340748478  0.55721774295354831  0.56780612596794544  0.57831735987212984
  0.58891203521359492  0.59954636416566420  0.61029994046767511  0.62100003328944720
  0.63158297722363821  0.64214024382651680  0.65271728610118818  0.66340167705189923
  0.67406939030897073  0.68468611682883906  0.69523341273552020  0.70579783326182555
  0.71640910897410104  0.72712936637649805  0.73792164025482687  0.74870899836195581
  0.75932705712505388  0.76983800474176811  0.78026975253381659  0.79076891118330506
  0.80132086748718911  0.81207831865847602  0.82278786531787229  0.83350398721527841
  0.84410493148515497  0.85451512181086875  0.86397933795950843  0.87345073280459229
  0.88283266221232137  0.89315111973393313  0.90355482495754502  0.91417705822124795
  0.92492348262193558  0.93574307178579430  0.94643501296195753  0.95708693317892946
  0.96770769855793803  0.97837279910494246  0.98910950835006994  1.00000000000000000
 -0.00252527095561196  0.00972745363835457  0.01995479129362180  0.03054721713723021
  0.04117391671704007  0.05179657518177357  0.06243441663261617  0.07305425639036876
  0.08370980285040035  0.09433164904685884  0.10494741918804378  0.11555852116153249
  0.12622238458442242  0.13682368445819698  0.14746989039448344  0.15814354010124762
  0.16884657775567175  0.17951977432260774  0.19010952867089334  0.20066743781626525
  0.21121524787895943  0.22182664106408873  0.23243803357833379  0.24307722678845364
  0.25371939694027074  0.26439997997766101  0.27501689938024138  0.28566058916433940
  0.29638090626611607  0.30715825450338874  0.31783145914568611  0.32837626966358147
  0.33887548481471258  0.34942306182586619  0.36009135791816044  0.37081525910161522
  0.38151871831195805  0.39214317508211305  0.40266438073959487  0.41315962372816645
  0.42362156001929124  0.43410472469028283  0.44468523673501548  0.45535858301427912
  0.46605944192616455  0.47629056249912810  0.48563662778518280  0.49497602519868145
  0.50433446796143311  0.51492573576458400  0.52570313522517298  0.53641265722278975
  0.54704861467241073  0.55758342958424101  0.56812218908606549  0.57861722989985043
  0.58921663527558732  0.59977072042361823  0.61038183269599944  0.62085872566032529
  0.63141771703757965  0.64201930121686879  0.65274133702686077  0.66357077318504276
  0.67430771009019530  0.68495730046012027  0.69555933069015796  0.70626100602442310
  0.71691363487533588  0.72662247878581721  0.73623733809203451  0.74583828175348565
  0.75631558439823765  0.76701267112584914  0.77764916402682227  0.78829221426645180
  0.79896049589707430  0.80967851302027971  0.82036968706988656  0.83095767696288991
  0.84146349441770207  0.85196355189957595  0.86254139939826069  0.87312081725506940
  0.88370362021867455  0.89430581474493520  0.90488478220880664  0.91548029360269778
  0.92603798476514143  0.93669231358944582  0.94735870120723276  0.95797571627846489
  0.96853360126679222  0.97902323169093841  0.98952871002535792  1.00000000000000000
   1.0720616327850495E-008  -1.0000000000000000     
 F F F F F F F F F F F F F F F F F F F F F F F F F F F F F F F F F F F F F F F F F F F F F F F F F F F F F F F F F F F F F F F F F F F F F F F F F F F F F F F F F F F F F F F F F F F F F F F F F F F F F F F F F F F F F F F F F F F F F F F F F F F F F F F F
  <DiscreteSampler_grid>
  grouped_processes
  1 # 1 for a reference and 2 for a running grid.
  10 # Attribute 'min_bin_probing_points' of the grid.
  1 # Attribute 'grid_mode' of the grid. 1=='default',2=='initialization'
  0.0000000000000000 # Attribute 'small_contrib_threshold' of the grid.
  0.5000000000000000 # Attribute 'damping_power' of the grid.
 # binID   n_entries weight   weight_sqr   abs_weight
    10   10   2.904435367150392E+007   3.253923096384869E+015   2.904435367150392E+007
    11   10   2.904435367150392E+007   3.253923096384871E+015   2.904435367150392E+007
  </DiscreteSampler_grid>
