  0.01027133084029777  0.01134404008230245  0.01421117247586322  0.01729300659386433
  0.02072727341265926  0.02482059229459036  0.02932940078232611  0.03403089070921986
  0.03889815570476666  0.04401306023838409  0.04935307111504747  0.05484831214495047
  0.06046400048565972  0.06643566031581588  0.07266726267198345  0.07898845334534389
  0.08544958369428815  0.09199098419368008  0.09860075808672839  0.10534492568229775
  0.11231183414345659  0.11951268158394127  0.12682712036602806  0.13436844101028378
  0.14170155125539743  0.14913842289441462  0.15661985099315304  0.16444365002943323
  0.17250597082940028  0.18063957075592527  0.18877405889706414  0.19675129677315506
  0.20481504564852174  0.21295829045818288  0.22132059078708058  0.22978107302493828
  0.23834736215400593  0.24703222494831092  0.25581632443316471  0.26460726048971112
  0.27331831089227721  0.28200086104086908  0.29072260240405556  0.29953260185209929
  0.30844739298068918  0.31747345568673013  0.32665982670791088  0.33600252528050673
  0.34543826180277853  0.35487732666658656  0.36435444225084268  0.37398359731229314
  0.38391188199272142  0.39396702139260698  0.40388593421159552  0.41371711538778799
  0.42361967020628050  0.43362463847247074  0.44396541671596568  0.45437972703193058
  0.46480420235657838  0.47517268322473211  0.48557356890107040  0.49610251835181768
  0.50659178992724385  0.51730078453098693  0.52815612168847859  0.53900395140166846
  0.54981230919442414  0.56053058594001104  0.57145661729894603  0.58251498819607361
  0.59384936587164672  0.60531810178925749  0.61699506763692025  0.62871877172033797
  0.64025940228953304  0.65186119195596970  0.66383881265934397  0.67631206635891827
  0.68915321061888180  0.70223418677576477  0.71561883977126894  0.72921657228627179
  0.74374800814166120  0.75853690568566978  0.77346706232277473  0.78883077455030248
  0.80501181816449086  0.82225672732453103  0.84083812826284066  0.86141170653066679
  0.88424016294821106  0.91214954194051057  0.94711294040690863  1.00000000000000000
  0.00975373113100549  0.01294210212352289  0.01846210220407236  0.02540971584086089
  0.03274038492889676  0.04032738226263474  0.04813390229235937  0.05610577923368296
  0.06427678204698750  0.07259225932251334  0.08104691447253630  0.08952002215911210
  0.09820812903843434  0.10714517814485769  0.11622408444023587  0.12540987523800595
  0.13465424547159638  0.14392911569485620  0.15323288313824165  0.16254908915062322
  0.17191281212566911  0.18131382361781234  0.19082245165071687  0.20052393842952132
  0.21038132006694041  0.22032614528985775  0.23025933163749859  0.24020968415751384
  0.25025336760023764  0.26031863051189902  0.27040874030624146  0.28044867160115772
  0.29052298470615734  0.30075792222299097  0.31099338271667754  0.32115943509372524
  0.33127728089713310  0.34158913711135591  0.35202936615122915  0.36262713683104442
  0.37314443589917240  0.38377189890625263  0.39424899474912384  0.40481876266655309
  0.41529458146056564  0.42591973390116544  0.43638163061720253  0.44709045585113472
  0.45789825472401591  0.46901142328854567  0.48005515560136769  0.49104745513837933
  0.50209053044128715  0.51313822056215874  0.52427890494865614  0.53548776694191724
  0.54674937525037770  0.55802782233410853  0.56923603831784830  0.58051245098884963
  0.59183234411249486  0.60316299101527293  0.61434395039642209  0.62554234835686651
  0.63678211339164326  0.64802076204249981  0.65911990803840570  0.67020748486259063
  0.68136968666427700  0.69237569551786282  0.70346896258179659  0.71470901848124280
  0.72638775003863332  0.73808782197501466  0.74969474596832009  0.76139793312956461
  0.77325494950195706  0.78556279228390613  0.79733335243103343  0.80863082551139098
  0.82014472367817037  0.83197234128138797  0.84393683522227392  0.85596822577103093
  0.86780416202093791  0.87885081890740868  0.88927739539395467  0.89955924859923309
  0.90983161806182467  0.92024433294384522  0.93119276066184231  0.94156759103486354
  0.95233484138166924  0.96282016686475647  0.98206735922464117  1.00000000000000000
 -0.00267552921517387  0.01029778905917021  0.02111134654791482  0.03193416198675263
  0.04256143444275366  0.05305000056120892  0.06317680133339171  0.07324692917565784
  0.08337880015004666  0.09406604053713992  0.10498702315071420  0.11556441746830202
  0.12604991121196005  0.13662669044520101  0.14720239399652191  0.15793584304158526
  0.16850149991661806  0.17901091682379486  0.18926208914448162  0.19959449531974965
  0.20993902751150351  0.22010462484443633  0.23006757353583634  0.24024818844745913
  0.25049134918491739  0.26108983932331220  0.27146552723333822  0.28198456428900870
  0.29272102337469125  0.30305414831254918  0.31352852103639062  0.32361023696603375
  0.33375129275648679  0.34400560888647813  0.35451038985786160  0.36564946094648576
  0.37675722033701886  0.38720031159445312  0.39736463188072579  0.40736881312918877
  0.41755055471317726  0.42796379064953971  0.43826416896599280  0.44921549820903811
  0.46014068096775546  0.47136776307317613  0.48258004538450505  0.49392399776604962
  0.50496801717621254  0.51563659948770346  0.52599058948947852  0.53630543791297269
  0.54660843044604124  0.55701942348156464  0.56744452242500842  0.57758352827668868
  0.58765971505739056  0.59820843956697600  0.60903234236701365  0.61991443178498162
  0.63036188473515642  0.64062570427975107  0.65093305243218014  0.66124118420446776
  0.67154093766880441  0.68185127949545710  0.69214658606126400  0.70254924960935194
  0.71314337941241379  0.72411840965472130  0.73505104574435687  0.74597170934251611
  0.75654437554478204  0.76702898434578826  0.77736065115943798  0.78770376657441954
  0.79829638587176732  0.80893216073000795  0.81965134385772787  0.83036650362553821
  0.84110556171564566  0.85187432694145482  0.86266321298027748  0.87349399468082800
  0.88441385511440684  0.89519769801117510  0.90575785887061433  0.91642146541920466
  0.92717052374689701  0.93799832659343696  0.94836513477698836  0.95874907683923594
  0.96894547580981627  0.97926193650785787  0.98952178979376548  1.00000000000000000
 -0.00247009386755194  0.00892092945544833  0.01874692216014753  0.02848078822941010
  0.03830213183183142  0.04845936383019248  0.05869749540204467  0.06914263307070645
  0.07936172238470045  0.09018241938772183  0.10119341623819449  0.11221211771832502
  0.12340236682401264  0.13435742408712026  0.14530864167552035  0.15587065820367599
  0.16643827219208537  0.17686509731254518  0.18704766407513909  0.19717421715244460
  0.20724782460093855  0.21780548650894763  0.22849249257004367  0.23920304540328757
  0.24981933889489311  0.26015929410856137  0.27040131722072763  0.28057295102754343
  0.29094696085809441  0.30147876056648942  0.31213154617400363  0.32263923106256870
  0.33321840827553156  0.34357145931598143  0.35398939876358498  0.36445031326943522
  0.37510282292121688  0.38592297744879356  0.39683562953097945  0.40754237593095649
  0.41812016734793944  0.42858354864046849  0.43908480892394697  0.44942120670049124
  0.45970961692391143  0.46996735761048108  0.48022363268272156  0.49037476964030041
  0.50045106707910303  0.51087752866127156  0.52131024866467091  0.53192799219825093
  0.54250734472346052  0.55324015977536112  0.56395562183954495  0.57464388112777232
  0.58541152269133079  0.59627442633677330  0.60713087040372293  0.61785635609013023
  0.62856315240980787  0.63912758781844270  0.64983505483462856  0.66038126897031035
  0.67096563275616050  0.68136338748767589  0.69203184277803320  0.70271952860068465
  0.71340964864108214  0.72402212232135077  0.73446261841453697  0.74471586644780907
  0.75509100089868120  0.76564666054284869  0.77660464787675487  0.78718590028488855
  0.79761150398372704  0.80806438119416335  0.81854573152185317  0.82930560529383146
  0.83986986558857091  0.85037439023077510  0.86088229583661668  0.87169614600495804
  0.88265405033602617  0.89348748648014387  0.90437546962835380  0.91515110446915737
  0.92588534366858244  0.93654184272435170  0.94744447398177589  0.95834364252163118
  0.96890984291304216  0.97933149498798211  0.98962621348329405  1.00000000000000000
 -0.00234364803080721  0.00975324556727447  0.01983054425691880  0.03074120899314954
  0.04116790773842413  0.05149838836281558  0.06172368126616050  0.07218089869083302
  0.08266629570539592  0.09343263314307372  0.10446312615973673  0.11586604472575118
  0.12687802385398678  0.13761525544419997  0.14826658841984108  0.15891295135092265
  0.16952553146299007  0.17981790366330683  0.19001700280964265  0.20016960972462430
  0.21076113983291486  0.22147467638806179  0.23218168888924165  0.24276305210034668
  0.25324903294704271  0.26359497750016642  0.27398419251509448  0.28445162666459911
  0.29497476696578079  0.30533652058302946  0.31561376701441757  0.32594521799522358
  0.33615033881322076  0.34631665518202615  0.35665736487905025  0.36708266130706912
  0.37732663627657392  0.38772553225793038  0.39814072161443415  0.40854427057119863
  0.41865251094170186  0.42861676947702121  0.43872669782378726  0.44916884393081963
  0.45979464966273087  0.47033012181874079  0.48072293049207232  0.49113450988212737
  0.50151798124136848  0.51209427931972640  0.52275068847507689  0.53335510389191099
  0.54371134045500324  0.55397894670342052  0.56451724694632821  0.57499128209865225
  0.58567546828630312  0.59610872625731848  0.60646398213860575  0.61670973067952151
  0.62708433805051433  0.63762270817953670  0.64807156853395409  0.65842829646370205
  0.66866965334386741  0.67893965193413275  0.68923313436879508  0.69963394994853145
  0.71010563033316898  0.72095810305966457  0.73197946388500623  0.74311869591766777
  0.75409063241445640  0.76518907872349851  0.77638701958702661  0.78748692875426762
  0.79825659423481821  0.80881185404042444  0.81937443196337378  0.82991093439838615
  0.84043775574156099  0.85072122657693794  0.86109361771097792  0.87164488179433075
  0.88255437327087993  0.89349469889953603  0.90440338689024213  0.91528968550799761
  0.92573527589107119  0.93589162957907523  0.94613326773444983  0.95667087517662663
  0.96751546377816777  0.97820318124195260  0.98906939407419803  1.00000000000000000
 -0.00214690822449940  0.00968288411196058  0.01981026818883086  0.03010396556029565
  0.04038156462163927  0.05107346038384318  0.06179893832189905  0.07243449278528957
  0.08292349082632690  0.09357097462409272  0.10434386541259127  0.11514925607181613
  0.12581731402315127  0.13660789192071096  0.14740583998321072  0.15813156841612130
  0.16887403077182961  0.17971439939124662  0.19039428070017964  0.20108758631363749
  0.21164797494552270  0.22240557229464611  0.23300097547583948  0.24346467041659561
  0.25389494534092166  0.26431181426048184  0.27473102918532344  0.28519381839123981
  0.29561422694496925  0.30611478411485937  0.31636385835533420  0.32657268348115204
  0.33686579708325975  0.34742035280648587  0.35810118947342801  0.36878230285685382
  0.37940301552740563  0.39009365045151878  0.40085529558160848  0.41168222860145304
  0.42223391504306546  0.43244088657704138  0.44258299413148994  0.45264850833853904
  0.46277628318112579  0.47271888264935724  0.48288882346275402  0.49318632263052503
  0.50376580062977683  0.51445477131678852  0.52500791545875158  0.53554593773628123
  0.54613941345094763  0.55683543943068758  0.56754088869708219  0.57798954273907921
  0.58852307984129859  0.59929872959900665  0.61030367563052146  0.62130694113964358
  0.63205640359968107  0.64291122730969363  0.65372524643153296  0.66450257620447339
  0.67519659067075277  0.68580388534586989  0.69639688987611514  0.70708394629171167
  0.71777261189584796  0.72827680418436169  0.73864560223836095  0.74912587869667080
  0.75954302857424150  0.76987055207511901  0.78029695364463825  0.79078842248631676
  0.80125280154907386  0.81159874017926081  0.82202133188291626  0.83237288254751118
  0.84285400170645175  0.85334465442390062  0.86371537700504486  0.87421062697293461
  0.88481268497090504  0.89563519199827024  0.90596071619509366  0.91641264541727263
  0.92689756517744659  0.93708873017223848  0.94733024606455019  0.95730674616952771
  0.96796066586485519  0.97848031573487348  0.98925437185516218  1.00000000000000000
 -0.00219629838835580  0.00910915377781515  0.01925890773474024  0.02989777212762459
  0.04081613638589671  0.05157180250722931  0.06229223069002027  0.07301743597200187
  0.08365727597115466  0.09406242533602439  0.10449778638743021  0.11506806962869179
  0.12556948365155182  0.13601881085884382  0.14647576720673827  0.15704754439869267
  0.16783007565566566  0.17843928604639236  0.18916331897700631  0.19989734775475990
  0.21060664107784105  0.22141761641181032  0.23205709507419411  0.24267001205476282
  0.25306080740775150  0.26344858231916213  0.27398731923112041  0.28459607174755125
  0.29506430804318562  0.30563044664471689  0.31630922856322990  0.32716393433391722
  0.33769791056705878  0.34807547610077205  0.35829350563841128  0.36853361859191908
  0.37876899985857243  0.38911296004068663  0.39956213761142723  0.40983721333731377
  0.41990087353852995  0.43026857475559854  0.44057655208418817  0.45133314823238874
  0.46167153337085542  0.47229966744500024  0.48313133338475972  0.49396715632875221
  0.50455028143939906  0.51470071309252652  0.52508822281370882  0.53533346250411906
  0.54555505907197033  0.55581259859640197  0.56605324981705440  0.57670258477402458
  0.58725410543345691  0.59784889648304673  0.60832598969317486  0.61848722571986448
  0.62877562970284029  0.63904110716516571  0.64962872714643083  0.66005922451899324
  0.67038753566085640  0.68072834918429093  0.69116603310050806  0.70168515573927059
  0.71225286599855786  0.72290417447171418  0.73363490703190548  0.74412007483860199
  0.75430607464515786  0.76460334344786540  0.77493961751956431  0.78561295363510508
  0.79615843669804409  0.80689192319496117  0.81761749881514234  0.82835986805132777
  0.83924079776651306  0.85009421805235852  0.86097065805980644  0.87164221904584260
  0.88207179392929458  0.89251682021564516  0.90290144116276361  0.91339368322942216
  0.92384558856394239  0.93458342549598461  0.94563599726801206  0.95701617537586570
  0.96818238236880794  0.97916948729579623  0.98959254755300530  1.00000000000000000
 -0.00250394784295561  0.00953807708775621  0.01960929570028889  0.03040871425766036
  0.04104034239939894  0.05185128241895687  0.06251690235730926  0.07319813097037053
  0.08392785065639659  0.09441640064753132  0.10505323075558484  0.11559499787946721
  0.12639526315270144  0.13732320198264039  0.14795699971183590  0.15852585035419389
  0.16896640267977503  0.17970247798793004  0.19024775456486331  0.20097098024496368
  0.21186960130223459  0.22295540718862264  0.23359342040632539  0.24387494835197326
  0.25406074038578064  0.26429732555219826  0.27445002748288722  0.28463555032511773
  0.29494418709650533  0.30575253873659891  0.31623441262995566  0.32686352635859034
  0.33715191070543565  0.34759874132060042  0.35778234568071965  0.36812878111428138
  0.37865306717370556  0.38926396899072008  0.39976787018239446  0.41034549072660559
  0.42094979171972075  0.43162833152011632  0.44258146600998366  0.45325512680783059
  0.46390581790163399  0.47420815975453778  0.48458689309086533  0.49480171613598556
  0.50490032028807874  0.51495143167213497  0.52517175872995903  0.53551655895514372
  0.54591066525299647  0.55625584650247928  0.56646989370962963  0.57697860451056326
  0.58713266993264968  0.59773500586268036  0.60828532354883691  0.61945847784335828
  0.63074213774310295  0.64183912881933891  0.65249405431937169  0.66295998506604781
  0.67348963707363119  0.68436380314558820  0.69512657977260150  0.70598774704795542
  0.71667144207346434  0.72733035036877136  0.73792289206996942  0.74824741972308229
  0.75854605416598275  0.76890534038595815  0.77938765453594117  0.78983021053489177
  0.79989908575292701  0.81000314192900091  0.82025400253465686  0.83058930342985504
  0.84099445879452828  0.85137691040242547  0.86192801204918912  0.87250529507221530
  0.88321113861084866  0.89382982413463030  0.90441256444962737  0.91471862246276137
  0.92486217742781374  0.93525112722504988  0.94609248572003934  0.95695361574015148
  0.96769248538624864  0.97811707510351509  0.98914478287660668  1.00000000000000000
   1.3071824797843057E-027  -1.0000000000000000     
 F F F F F F F F F F F F F F F F F F F F F F F F F F F F F F F F F F F F F F F F F F F F F F F F F F F F F F F F F F F F F F F F F F F F F F F F F F F F F F F F F F F F F F F F F F F F F F F F F F F F F F F F F F F F F F F F F F F F F F F F F F F F F F F F
  <DiscreteSampler_grid>
  grouped_processes
  1 # 1 for a reference and 2 for a running grid.
  10 # Attribute 'min_bin_probing_points' of the grid.
  1 # Attribute 'grid_mode' of the grid. 1=='default',2=='initialization'
  0.0000000000000000 # Attribute 'small_contrib_threshold' of the grid.
  0.5000000000000000 # Attribute 'damping_power' of the grid.
 # binID   n_entries weight   weight_sqr   abs_weight
    10   10   3.445814791542014E-017   2.456289909075766E-033   3.445814791542014E-017
    11   10   3.445814791542014E-017   2.456289909075766E-033   3.445814791542014E-017
  </DiscreteSampler_grid>
