  0.00957913210798773  0.01629248506288702  0.02516018783637735  0.03597377936962771
  0.04630885525288497  0.05667641688445379  0.06702787345377788  0.07737995074986290
  0.08771875882116030  0.09808396443491731  0.10843678589108009  0.11882946721789345
  0.12920366378344159  0.13958107321461719  0.14991432560900653  0.16022998950178594
  0.17051923704516267  0.18086426749109338  0.19124309775817688  0.20166255922765638
  0.21207451494495008  0.22248734165720785  0.23289418881447663  0.24328061545187013
  0.25363565654754872  0.26398688259403552  0.27435582639566808  0.28473515165733410
  0.29512732927152885  0.30550420519198879  0.31588950734735660  0.32626600846039872
  0.33669145608291173  0.34712004583488471  0.35756650877237073  0.36797787739015148
  0.37836172513525523  0.38875706703437540  0.39914587408014707  0.40955912247255782
  0.41996912750498322  0.43036411305582145  0.44075823348458915  0.45110455674466204
  0.46144097624558383  0.47177511532133115  0.48213919703493613  0.49251595973782447
  0.50289179472796308  0.51326866293371898  0.52365192909792813  0.53403438821349569
  0.54440175555810899  0.55475551793958422  0.56509027760913932  0.57543314509788934
  0.58578736037158841  0.59617181248952456  0.60656141651105966  0.61694963261728064
  0.62734921500650120  0.63774573581077565  0.64813191284100757  0.65848507111913379
  0.66881008922515850  0.67913678486832474  0.68948600029236617  0.69988728966085845
  0.71032093685313680  0.72072490953451873  0.73109608260375014  0.74143749032368433
  0.75179158451630779  0.76214210350926970  0.77250044565454556  0.78286555039821415
  0.79325271259648911  0.80363939886800240  0.81403279466315648  0.82442305555465445
  0.83483617732862392  0.84524670982948313  0.85566941445832023  0.86606093457904931
  0.87646386410953614  0.88685708734536839  0.89726325832803089  0.90766847569497722
  0.91805699529671170  0.92843496286868876  0.93880164302679792  0.94918710584721300
  0.95961966878983807  0.97005225321893906  0.98048437345599804  1.00000000000000000
  0.00955407140822596  0.01559281161335994  0.02485042087555051  0.03559851280530945
  0.04591514637723031  0.05624691196621981  0.06662702944977558  0.07700032661418177
  0.08736427392139738  0.09772156075303802  0.10810432810827333  0.11850610907325917
  0.12891033085657644  0.13932849280257295  0.14975415430191089  0.16017255216909632
  0.17057323275883740  0.18096709025783730  0.19135849248399084  0.20176242068688166
  0.21215858244436953  0.22253504116792239  0.23289783159940483  0.24327027833234730
  0.25367672900811589  0.26411195178694702  0.27451807646907178  0.28489337636685041
  0.29525626694992518  0.30565320158391523  0.31607805530155869  0.32648444488339701
  0.33688363198315896  0.34726200364664694  0.35767130146187076  0.36806748892833885
  0.37845772091356089  0.38883855890696900  0.39923848176863153  0.40966250094071105
  0.42007298886478367  0.43046130765353152  0.44084557609094482  0.45123957062651499
  0.46164489016901378  0.47205141733842149  0.48246246040143714  0.49288034334112535
  0.50330697693799820  0.51373477481130991  0.52415357884394853  0.53455524803898602
  0.54495230219837820  0.55534179015514773  0.56573156019825133  0.57611321266494775
  0.58650724170770152  0.59691041704240866  0.60732223172274546  0.61771569404494087
  0.62807436239613668  0.63840627767600822  0.64872641830213018  0.65906854221726929
  0.66944409328483023  0.67984748855723698  0.69024939289676002  0.70062955627503498
  0.71099591273750418  0.72135817134776548  0.73170864640225008  0.74204720650223543
  0.75239835207872030  0.76276543540908459  0.77313997533406909  0.78350900076307339
  0.79387736336149539  0.80424774504040997  0.81462437410651656  0.82501439363100593
  0.83540178877611337  0.84577536244534357  0.85611716491744383  0.86647144490511996
  0.87683238734783009  0.88721276012085959  0.89760348671327861  0.90800564376254489
  0.91839682654348098  0.92879330487548506  0.93919521112511750  0.94959441843347436
  0.95997154777198412  0.97029606613233144  0.98059006352950573  1.00000000000000000
 -0.00123555350898597  0.00990197252810035  0.02013209855966449  0.03068323680331460
  0.04119912200480061  0.05173771983255787  0.06227183054158378  0.07281804892750716
  0.08333260724873991  0.09385474505833870  0.10437419987290963  0.11485797402885942
  0.12538805787394650  0.13591733489871818  0.14648680805432948  0.15699384067024694
  0.16749141091035907  0.17796793640821909  0.18847967027332044  0.19898923926303808
  0.20949730402049693  0.21996386658343695  0.23043767317973898  0.24093172599745921
  0.25147480512486192  0.26200738815710756  0.27255154423388145  0.28303729771938430
  0.29354061817256905  0.30408602739797874  0.31467603454601450  0.32531057357570409
  0.33590496570171152  0.34648199811656832  0.35701672926886135  0.36754813681024773
  0.37808001744630898  0.38860536936374784  0.39913512751405972  0.40967662523663784
  0.42021563182123212  0.43073656808852401  0.44125323980286496  0.45177423058624394
  0.46225725490993352  0.47275838308411489  0.48325951661250749  0.49379036940935039
  0.50429075839026571  0.51481121151665021  0.52535535406159772  0.53595393191655938
  0.54651160077247685  0.55706727597510752  0.56761240409835834  0.57817930879358104
  0.58873782890571491  0.59928784671637036  0.60983288448932504  0.62038343318669598
  0.63092553023702247  0.64147050067267963  0.65196766745644330  0.66251832464870952
  0.67302945983583529  0.68356747179442034  0.69407630230849648  0.70460968270030822
  0.71518247749612962  0.72575435292662505  0.73629340803910714  0.74680955230346369
  0.75728215050993730  0.76782582624928186  0.77834806686249713  0.78887025325337590
  0.79933489437476635  0.80984425448645392  0.82039108517527259  0.83097699843775807
  0.84152689815891690  0.85203810356317178  0.86261866018206679  0.87320210452430347
  0.88382194822783355  0.89435959921385688  0.90491288315164464  0.91543450613934418
  0.92597659329600124  0.93654223757283317  0.94708889850491507  0.95764491395275864
  0.96817679053152295  0.97876642437440464  0.98937127798197788  1.00000000000000000
 -0.00218341512092434  0.00988665273058410  0.02015975933992245  0.03063189433394208
  0.04116520953106689  0.05171767393265785  0.06229364286556057  0.07284768185766777
  0.08333582191804439  0.09382296598036749  0.10429803433439916  0.11482229157327925
  0.12534912885449589  0.13590578589650251  0.14643471218356940  0.15695929539207482
  0.16746006340940570  0.17794782184187327  0.18842815213421160  0.19892872755127097
  0.20949759004359658  0.22005333407476363  0.23061784625367343  0.24116719281044455
  0.25173224160513197  0.26230430887547679  0.27282494005556945  0.28335839717667805
  0.29389752196581997  0.30444883797136602  0.31500661349465059  0.32551763743241463
  0.33606983190960954  0.34660538819308473  0.35715775651237269  0.36766737852643927
  0.37820296350036597  0.38872558546945241  0.39930295999007287  0.40985867691474032
  0.42040952701968937  0.43088329840890766  0.44139263414382091  0.45193557743282381
  0.46249924151986793  0.47306149735131436  0.48363432874093526  0.49423274101162074
  0.50484343823581423  0.51540421134973957  0.52598774789578173  0.53652559000680167
  0.54710503578687475  0.55766179166687657  0.56827871871840130  0.57886567654976795
  0.58945561502652222  0.59998340319741283  0.61053361098108794  0.62105938899633151
  0.63159085531741344  0.64213685359345185  0.65267223998543922  0.66323801441979080
  0.67376333540963040  0.68427443107418495  0.69475408369719938  0.70526032889726475
  0.71583864129521624  0.72642454129462597  0.73699083109741936  0.74749775092159632
  0.75801991703437699  0.76853746435634762  0.77911718099962657  0.78969617571151207
  0.80028473120984500  0.81086907039912748  0.82145439806277354  0.83203263708484199
  0.84257797601187112  0.85311236564170712  0.86366413769795136  0.87422619100312349
  0.88476203556163047  0.89526381372475472  0.90573501322791361  0.91621002545823327
  0.92670586100409957  0.93720929421161270  0.94772353955986810  0.95823875538079328
  0.96870063299861364  0.97916212902020394  0.98958680016731060  1.00000000000000000
 -0.00245785564254130  0.00959829851112886  0.01980419578796842  0.03030829635553603
  0.04089372529171336  0.05148037727890335  0.06205803810682460  0.07262750383656480
  0.08315636373902771  0.09365955841955877  0.10415190109578494  0.11464558322923631
  0.12513300471523839  0.13564979527076959  0.14615979332118428  0.15662292471973494
  0.16705505353644209  0.17754115531094203  0.18813339236973003  0.19873246220831278
  0.20928199343495754  0.21980947668879636  0.23031641051174445  0.24083620186911062
  0.25134001550090895  0.26185698001499780  0.27238522500238804  0.28290897290677613
  0.29343810169624318  0.30396038912311718  0.31452199387287211  0.32506537237420091
  0.33562656875904057  0.34616509587283878  0.35668528541557143  0.36723417527093105
  0.37780139445725225  0.38839486234959175  0.39894909026831038  0.40949058101766750
  0.42004931978232257  0.43062999135975266  0.44119855244579276  0.45175192710432388
  0.46228774373499870  0.47283140389538642  0.48338299477637453  0.49394283764054925
  0.50451017071493787  0.51508976487504143  0.52566677218255597  0.53621376840577317
  0.54673052026157587  0.55723449005700532  0.56775346469393295  0.57831739864452902
  0.58886445524759901  0.59942092494799815  0.60996352864624326  0.62046578085796222
  0.63099100864085533  0.64148436532696218  0.65204960546983748  0.66261398505496338
  0.67321982366124478  0.68378949810388534  0.69429602108076605  0.70483116526531087
  0.71535896182413683  0.72591240148967273  0.73642920706253001  0.74697179786976853
  0.75749607808433606  0.76799057163002937  0.77846994548259929  0.78896520362911560
  0.79944546868746236  0.80997217981482517  0.82056827236395469  0.83118076447525724
  0.84172641733860465  0.85221081067195559  0.86269659115278896  0.87325121385702598
  0.88379470037508223  0.89433531673591693  0.90488011671114987  0.91544035519363887
  0.92601004769701634  0.93653598008277417  0.94710659708564726  0.95768752916696143
  0.96831313812837405  0.97887609907513207  0.98945431991724087  1.00000000000000000
 -0.00236063590644822  0.00961871521024371  0.01978809825208638  0.03029779960416431
  0.04079731753622940  0.05130499518034180  0.06182110999993053  0.07234339904410038
  0.08286584618258190  0.09337798097123824  0.10391027841879799  0.11442133009943560
  0.12495257977706287  0.13548918767531209  0.14602920542300807  0.15664172609857643
  0.16728003907573263  0.17793425245067837  0.18849932515709664  0.19905183935745582
  0.20963883617665310  0.22022701313038706  0.23080644309217349  0.24134065116749912
  0.25190772859416261  0.26247324556885526  0.27304658080397465  0.28358545544077135
  0.29409039625221867  0.30462331347161403  0.31514310083085983  0.32568720452506250
  0.33620071355177622  0.34671094202341873  0.35722318132082065  0.36774351913771014
  0.37827128252489917  0.38879294161442979  0.39933690465035832  0.40990660564395742
  0.42046217871848163  0.43099979819627399  0.44153632671401583  0.45209716044611897
  0.46266236001971417  0.47318826531713115  0.48373659434294303  0.49430513582638330
  0.50486797327313782  0.51542215556565318  0.52592539470870792  0.53648591991119166
  0.54702178759678743  0.55755189372719316  0.56808362444583627  0.57861843110749256
  0.58917592337653091  0.59971813780515459  0.61026992407111091  0.62084919756032997
  0.63140179323534340  0.64195977145169125  0.65250258357210278  0.66306143468510648
  0.67364326098857630  0.68418507371728776  0.69474354552204054  0.70527302089030253
  0.71582391064082962  0.72634893596258898  0.73685342354741068  0.74736407610278410
  0.75788729074821881  0.76842876337912580  0.77896468691173959  0.78944994582006345
  0.79991042336087825  0.81035262725230994  0.82084625310788073  0.83136722960934106
  0.84193945317534924  0.85248683373940848  0.86303000870916391  0.87355732195684044
  0.88412579641161360  0.89467410268690795  0.90519696135416805  0.91570347723224521
  0.92620478773705506  0.93675816031896786  0.94730806869073936  0.95790283523401953
  0.96840052525331410  0.97894886097867562  0.98945128120565962  1.00000000000000000
 -0.00237427412998000  0.00957843925534981  0.01975233531997231  0.03028569902131478
  0.04085256577564355  0.05140397698903696  0.06195900608042185  0.07249469337527618
  0.08306188231002228  0.09361198552348185  0.10417195717279300  0.11472973892563054
  0.12526503974009146  0.13581586407631882  0.14634983917025585  0.15689373451537414
  0.16747326333908497  0.17802118494685854  0.18860485819911124  0.19913305408399148
  0.20970797482136264  0.22026220324188570  0.23082306997908345  0.24136188562506186
  0.25188604090774031  0.26241129971468552  0.27290189914117252  0.28338920521577471
  0.29389883891349883  0.30439335208512169  0.31488218445012256  0.32534858837959402
  0.33587080906202338  0.34641653552750201  0.35697395682632471  0.36751984473934268
  0.37808085769636851  0.38862493563590417  0.39916359227607573  0.40968168308693098
  0.42022282148130130  0.43078991460901928  0.44140455420508329  0.45199444182672666
  0.46256484385398544  0.47309390905703735  0.48362942781004126  0.49413339998589934
  0.50461218425068488  0.51510513036191397  0.52565240172420258  0.53621371869976764
  0.54678035197303732  0.55734923900537248  0.56792302670405925  0.57848735658887906
  0.58903872499034060  0.59956909886459464  0.61010311541139817  0.62063959976369432
  0.63114111158945596  0.64165269947304171  0.65212542372624016  0.66269192929710596
  0.67323267295513833  0.68379710288573325  0.69433084977495962  0.70485049178325898
  0.71537281437549582  0.72593076295317305  0.73651359845793041  0.74711053723832355
  0.75765148584434605  0.76820713447500621  0.77873392519005569  0.78926553573064773
  0.79978826225331356  0.81035658955468026  0.82093580524196874  0.83147118428274136
  0.84200024007416674  0.85249145854208197  0.86301538267078393  0.87355321230250749
  0.88412714628141653  0.89470050549592606  0.90525571074346245  0.91580732581462265
  0.92639769009200368  0.93694266154432504  0.94748991140290106  0.95799519127614419
  0.96851361358105925  0.97901113724103028  0.98950702614395558  1.00000000000000000
 -0.00233524112493712  0.00961184889740331  0.01978083261802269  0.03026650608624654
  0.04079168879010094  0.05130722585167515  0.06183832160776565  0.07240945622883366
  0.08298880711068773  0.09360326891500485  0.10417260340075365  0.11476010540952897
  0.12530048804258132  0.13583707533601544  0.14636162219132048  0.15688865620084749
  0.16739510516998965  0.17790768688782102  0.18844819330018595  0.19899580873844044
  0.20953087840923315  0.22003024208474653  0.23055680151515645  0.24110573286192377
  0.25165238275838320  0.26218428396019117  0.27268328998688968  0.28321377794157326
  0.29373337489213164  0.30426454167197559  0.31479246423689800  0.32532400516825494
  0.33585074333325515  0.34636420099891085  0.35689573676910658  0.36743013619587112
  0.37794867421244449  0.38845119582606397  0.39899547525350343  0.40958644588545545
  0.42018780576166853  0.43075785494368762  0.44129348096577159  0.45183710714773395
  0.46238675789648165  0.47295188574820773  0.48353052016554970  0.49411715897659775
  0.50469453694151889  0.51528377491249511  0.52582517378527849  0.53638143528246796
  0.54692225751407064  0.55752370587630817  0.56810415666236402  0.57867438403548122
  0.58920742289210215  0.59976138482372854  0.61030259999666048  0.62081000744806236
  0.63131115041304486  0.64179977905665153  0.65234111445259835  0.66289978249453752
  0.67348999710958524  0.68405200942013578  0.69460639189287365  0.70512580999250074
  0.71563952846621870  0.72617169569352480  0.73674284340663787  0.74730994707467591
  0.75783447844447493  0.76832600496887160  0.77882356810381470  0.78933165647029757
  0.79982504092735529  0.81034375757708932  0.82087982521266811  0.83142778581587684
  0.84196400095320234  0.85251584076968445  0.86308312767164874  0.87364100276591949
  0.88415769891707208  0.89467545711243512  0.90519071843060417  0.91574816087928135
  0.92629605583186425  0.93687453164310930  0.94741643178564250  0.95798710871028625
  0.96847765048908352  0.97897589593815926  0.98947421776958833  1.00000000000000000
   5.9268905746899064E-011  -1.0000000000000000     
 F F F F F F F F F F F F F F F F F F F F F F F F F F F F F F F F F F F F F F F F F F F F F F F F F F F F F F F F F F F F F F F F F F F F F F F F F F F F F F F F F F F F F F F F F F F F F F F F F F F F F F F F F F F F F F F F F F F F F F F F F F F F F F F F
  <DiscreteSampler_grid>
  grouped_processes
  1 # 1 for a reference and 2 for a running grid.
  10 # Attribute 'min_bin_probing_points' of the grid.
  1 # Attribute 'grid_mode' of the grid. 1=='default',2=='initialization'
  0.0000000000000000 # Attribute 'small_contrib_threshold' of the grid.
  0.5000000000000000 # Attribute 'damping_power' of the grid.
 # binID   n_entries weight   weight_sqr   abs_weight
    10   10   3.855611560319886E+004   3.441234275410279E+009   3.855611560319886E+004
    11   10   3.855611560319886E+004   3.441234275410281E+009   3.855611560319886E+004
  </DiscreteSampler_grid>
