  0.01002412125649086  0.01328908313299602  0.01963452104409012  0.02727969011818240
  0.03557546355372544  0.04399581626065019  0.05274885663963828  0.06161042624175641
  0.07070625755145617  0.07991415966488881  0.08927572107878198  0.09873323423689573
  0.10829324893465347  0.11789943226317748  0.12752134393923450  0.13718834177755795
  0.14690677632431839  0.15669429863422080  0.16648337584617640  0.17628053666495075
  0.18608308460200756  0.19590083077310513  0.20575452763299823  0.21568636209468689
  0.22568814948470348  0.23574707155961186  0.24581694151840405  0.25590558613015801
  0.26599828809919368  0.27607499080514508  0.28614518817423296  0.29624128350874396
  0.30632178356359541  0.31639893226877425  0.32646990973783335  0.33658120105758493
  0.34671212849533095  0.35687294787357743  0.36704501947658996  0.37724914767212925
  0.38746116745137416  0.39768038495969055  0.40789231987979002  0.41807938135651174
  0.42827432642915325  0.43849843583822035  0.44875343566237164  0.45902475331610743
  0.46929277017530435  0.47956727715549285  0.48985649704858020  0.50015021041443097
  0.51043542656894370  0.52074848635915516  0.53108925377696248  0.54143876364068222
  0.55176513905278435  0.56209930042523426  0.57249427577467626  0.58289055423505154
  0.59323909440873857  0.60357221514952442  0.61392628421635598  0.62427311274082975
  0.63460943065048647  0.64499441472532515  0.65549077146315526  0.66605660401097888
  0.67660879872877244  0.68711762914825636  0.69759312868422629  0.70807874952908101
  0.71860020711210837  0.72914702694943856  0.73971581226495298  0.75028025376229956
  0.76085883979628721  0.77148466928170756  0.78218711244399686  0.79299110155893493
  0.80383981035259866  0.81467421725856026  0.82549404918512514  0.83634554804264982
  0.84727342710613784  0.85824663314277383  0.86927594719349921  0.88041163482793394
  0.89167012682938640  0.90307627283488001  0.91465697692594605  0.92651781225227314
  0.93891585568006430  0.95252763030494580  0.97061998271563132  1.00000000000000000
  0.01010436353558181  0.01421090490278826  0.02148640485613351  0.03023575983057464
  0.03923429796334476  0.04831579491573761  0.05761595859697388  0.06703801288008833
  0.07661341883555124  0.08622618866289790  0.09590613206691545  0.10557701907510836
  0.11537942741127008  0.12528522696077046  0.13527487938333690  0.14530608549360322
  0.15531395886051447  0.16536317957705077  0.17540022664851548  0.18547087183107031
  0.19557491936582605  0.20568594314407823  0.21582683589570476  0.22597103412554650
  0.23620087392147165  0.24646470121283984  0.25677650340631852  0.26706547754451837
  0.27729044819691384  0.28751393168928174  0.29771547354043720  0.30793998407721496
  0.31817960341104912  0.32846070869321503  0.33874775761184389  0.34904244957887764
  0.35937411725787316  0.36971502214196877  0.38006083688020781  0.39041920298724553
  0.40079387857954146  0.41114051588070044  0.42151367475381479  0.43186881451366993
  0.44224088030853032  0.45262454630830051  0.46307541530739327  0.47359085028047604
  0.48411943864033125  0.49466459988633799  0.50511701994405978  0.51553041259656096
  0.52596397324032784  0.53649539639629806  0.54701642077782331  0.55753400568619216
  0.56806026299387469  0.57860902208252518  0.58918125120208875  0.59974039979697447
  0.61033259008230278  0.62092231849150403  0.63152441174109908  0.64212856520775108
  0.65271929731461709  0.66339887864008218  0.67407314224884440  0.68485777623752209
  0.69565897834207324  0.70648993282199080  0.71731954372656437  0.72812368928591786
  0.73894156257989696  0.74976666491827881  0.76058463270362131  0.77144243568735871
  0.78225910240449448  0.79312790083845786  0.80405961963977235  0.81500902313143753
  0.82597052708663321  0.83691852396234356  0.84798900136809074  0.85915323838749014
  0.87042932904590875  0.88176695507305669  0.89324230830175821  0.90485494481588680
  0.91670860464234494  0.92888156138351896  0.94160876960586870  0.95539425437661751
  0.97060602056211454  0.97926603956765634  0.98242102999752468  1.00000000000000000
 -0.00219992563956415  0.00948680910002617  0.01959636996691929  0.03018053478938186
  0.04083389571991677  0.05155702272349384  0.06234727413119134  0.07301596188933533
  0.08358675455235294  0.09410358699429965  0.10458739377880641  0.11509984197296134
  0.12560184498576310  0.13616647626517608  0.14683089456736065  0.15748480863332212
  0.16818990525785393  0.17877764432749541  0.18927807138871633  0.19979552820056076
  0.21026937132052631  0.22088087360088168  0.23142714011398602  0.24208981370438601
  0.25266137217300411  0.26328981103171700  0.27394284160218729  0.28462056014529064
  0.29526577964212758  0.30577287387971186  0.31629517697246795  0.32669918490762823
  0.33711951384190975  0.34750912174526111  0.35795471869589096  0.36839578468705747
  0.37878136328034800  0.38922232622221703  0.39976818545487425  0.41035688435078155
  0.42093148032043598  0.43152195410972199  0.44205433491790547  0.45255870069455240
  0.46306031557676036  0.47364009596539841  0.48419026580815377  0.49469348756994763
  0.50531414624890625  0.51595191204258883  0.52654055021659607  0.53706851239936737
  0.54763593296153379  0.55816797744565261  0.56864571687954968  0.57912017424261142
  0.58962966261114214  0.60018968259106831  0.61081591569452220  0.62139755967445665
  0.63198040551074164  0.64254618200023073  0.65319145126201950  0.66387235998687433
  0.67450703197485462  0.68505721307503209  0.69561744489415367  0.70613826839812888
  0.71666593652402899  0.72719678229069495  0.73769533868804582  0.74825251671713100
  0.75883346922609374  0.76943325241227700  0.77995899255949241  0.79033738631541584
  0.80080821521133283  0.81121690306551042  0.82173004698614172  0.83221641691324155
  0.84270859188813774  0.85310641804669485  0.86357468327972653  0.87413365348075478
  0.88463513333934118  0.89516210508379113  0.90561327489207422  0.91613060429318893
  0.92659816985808863  0.93722145160918646  0.94774245151370839  0.95825306138115063
  0.96865208338706243  0.97917105033862595  0.98961412702576634  1.00000000000000000
 -0.00230874056743216  0.00928546384157123  0.01931445998296107  0.02971991867090053
  0.04019142681079053  0.05064525551023889  0.06118933954915759  0.07173839599024874
  0.08233509800592295  0.09285974663298353  0.10335148071505197  0.11383928635610330
  0.12433036904982271  0.13487782794222233  0.14547772801783487  0.15612452098516411
  0.16678607401881285  0.17731206969149851  0.18788243529181875  0.19845832625470899
  0.20905206766683496  0.21970066970376637  0.23027940935740349  0.24080340981030202
  0.25132205911433014  0.26184269708097063  0.27233530326180094  0.28277764671819100
  0.29328876291457151  0.30388678154135923  0.31447664774016859  0.32495685500730476
  0.33551138106841394  0.34597863671297818  0.35646145847725019  0.36691915312418372
  0.37745048429481332  0.38800045311621650  0.39851741696487553  0.40905101193168447
  0.41960432975819351  0.43029027061135194  0.44095283808129504  0.45159176889278546
  0.46218715774507563  0.47278883681276507  0.48340902467420832  0.49392305234056355
  0.50443940558577727  0.51494347800157447  0.52548623440655129  0.53605333055627868
  0.54668207787149814  0.55737214634634191  0.56803541754962406  0.57869150296053806
  0.58936251307384324  0.60005799625378953  0.61072252889238410  0.62129226916031766
  0.63182214177269924  0.64231065100914775  0.65277136354403642  0.66323842390450516
  0.67370914004948934  0.68426060060963190  0.69477507659046989  0.70523468784070575
  0.71578756121965259  0.72633780489192334  0.73692912744262495  0.74747519950989094
  0.75818308781518562  0.76895523280169831  0.77955435759497571  0.79007994101660994
  0.80054559307645212  0.81102790466874985  0.82145533457347863  0.83192906149338597
  0.84236785395506142  0.85286663181492761  0.86339625212261539  0.87397235318181843
  0.88436480463060785  0.89472862708464551  0.90517977294521179  0.91575668604886706
  0.92630758436846949  0.93684492169043609  0.94738119608883320  0.95797189205215583
  0.96850121776651477  0.97902175399875557  0.98950606772996463  1.00000000000000000
 -0.00241123118491702  0.00955421566510126  0.01978270388709524  0.03031143330219690
  0.04094101473568846  0.05154368553619692  0.06217825316862181  0.07269616111984643
  0.08321923629144423  0.09370273192056891  0.10423452793997916  0.11472764207325004
  0.12523935151974389  0.13581085540461607  0.14643849290803870  0.15707363541614353
  0.16767170622159808  0.17819939084552097  0.18869302419191683  0.19918379560678759
  0.20965167406573759  0.22022741804151930  0.23077327934607963  0.24134870719844786
  0.25191001718144701  0.26246635683393832  0.27301651760248324  0.28350909427814347
  0.29399138238492134  0.30452307248991323  0.31508401996434898  0.32561328020779434
  0.33609131322414443  0.34651720769387545  0.35699640526188936  0.36745790131675526
  0.37806402342667084  0.38860628343496784  0.39922980427476862  0.40969526221603214
  0.42020245884205004  0.43076006477256085  0.44131460605623396  0.45192156700975772
  0.46245497125310769  0.47300400953106042  0.48352612072808249  0.49400628775775601
  0.50446724261383458  0.51499427642678075  0.52548001586701210  0.53601331206281067
  0.54653118660863553  0.55712225259841386  0.56765630012996238  0.57818120624307723
  0.58868236300475019  0.59921573760401614  0.60963176134013419  0.62010246438844452
  0.63069398597894899  0.64135102057634408  0.65201245059533741  0.66262362779791384
  0.67328091052102235  0.68388377976428205  0.69447295028173317  0.70511560231170567
  0.71583327082088766  0.72645410159148471  0.73697163198383553  0.74752391644899974
  0.75811590864286349  0.76877098157348456  0.77932111010699023  0.78995188050701337
  0.80044830303151537  0.81093403270555442  0.82132922968724109  0.83175506774158992
  0.84220340180733011  0.85266039448685260  0.86323408825671721  0.87383715139765283
  0.88433316419179053  0.89477818755501926  0.90519663346495827  0.91570892653161740
  0.92616735979993592  0.93659875165635453  0.94704484568266700  0.95758669372700600
  0.96812723944570034  0.97878183341067604  0.98937461441539531  1.00000000000000000
 -0.00239711111190473  0.00952526281913492  0.01966662739566799  0.03014098577393780
  0.04064947570183493  0.05124009053086789  0.06181200138326115  0.07235894140059007
  0.08284171373900638  0.09330167383059340  0.10378985858762155  0.11430783878687617
  0.12493012476331410  0.13549592240575817  0.14613355513536808  0.15678708880250075
  0.16746252898658531  0.17800622696812515  0.18859278863072304  0.19925385624433178
  0.20994167480440143  0.22054790171570934  0.23107866298905269  0.24162139067248187
  0.25212157112425537  0.26280573782519856  0.27352018535350719  0.28422784165269377
  0.29491560339235795  0.30551961280532208  0.31607025970739860  0.32656477582849869
  0.33701626744684537  0.34752021231402663  0.35799107006150788  0.36850667760454348
  0.37897139567816296  0.38936811218468648  0.39980891601165341  0.41030034251636116
  0.42082759425440619  0.43143335478872619  0.44206948501052179  0.45270756598401835
  0.46329796474525475  0.47390260249758270  0.48441540674752415  0.49487480226732294
  0.50539294556545900  0.51593273185208188  0.52653336844176502  0.53707051285857965
  0.54757902518582668  0.55805271377890320  0.56845443196312484  0.57899074366546588
  0.58950355671888821  0.59998713181288088  0.61039796837343208  0.62085570785013833
  0.63143668431463729  0.64204176015125269  0.65257268032028104  0.66305128531823743
  0.67348569488273058  0.68392713400250904  0.69439088165843843  0.70485990321559733
  0.71546068273354646  0.72609582496886060  0.73677063987336677  0.74735178658641488
  0.75789375506051193  0.76839358462006024  0.77886347814264767  0.78932170629665921
  0.79983123798155142  0.81035671390969843  0.82090606699996882  0.83154987674314207
  0.84218630082861679  0.85279896763012286  0.86326660318510762  0.87370676817876680
  0.88421556967801662  0.89475083187146986  0.90530804486127381  0.91583030512337427
  0.92629114500536958  0.93677201839719448  0.94725459758331576  0.95781006528683943
  0.96836483662075323  0.97888525220977118  0.98945043789003928  1.00000000000000000
 -0.00249638917601320  0.00966681276325105  0.01993250522699369  0.03044325421886572
  0.04090191225742471  0.05141760008888083  0.06197307115690980  0.07266319627623255
  0.08334057289320358  0.09402520022689841  0.10459529033370439  0.11508124084943003
  0.12563738566567240  0.13616449107834463  0.14675519912225191  0.15713642505524239
  0.16755362677708033  0.17801459775779865  0.18850092457930642  0.19899055150976830
  0.20943633519979946  0.21999760397700613  0.23051412381861147  0.24106264008834333
  0.25162311039221485  0.26225678950835019  0.27283399279624637  0.28331873759739906
  0.29378487204704723  0.30425348938386693  0.31475333567690905  0.32520213547743076
  0.33561253503201188  0.34607843155199086  0.35651396810367036  0.36697997156133727
  0.37737345930562616  0.38780405172570259  0.39827068825941403  0.40894446184619510
  0.41962628290483045  0.43028243181153020  0.44069988700684443  0.45107686360906635
  0.46149345378600343  0.47192963894801532  0.48242508165055775  0.49290286454986015
  0.50350574715455620  0.51416963541458638  0.52484487039706462  0.53543585345689659
  0.54598368408428832  0.55651093116281902  0.56707405858340809  0.57769792063348113
  0.58832279742161042  0.59884836848742085  0.60939858146073256  0.61992072370282381
  0.63053414319538492  0.64119696352650246  0.65190366107754283  0.66258097739713440
  0.67310506566577455  0.68364184987824905  0.69412903502398815  0.70460511099114831
  0.71502678356004268  0.72541289894279803  0.73579423105841324  0.74621934009851387
  0.75669814882227260  0.76719912563334591  0.77769026169069588  0.78819978470669327
  0.79870548653210982  0.80929333221649369  0.81988698639827562  0.83058277202488895
  0.84123370466529013  0.85198420931142527  0.86266080688962621  0.87334999736612107
  0.88397656542758007  0.89458252110891301  0.90519764499647393  0.91577297948624836
  0.92628387382146549  0.93687537091352058  0.94752379312964219  0.95820985655465141
  0.96871402099623727  0.97915516575358841  0.98958221690817705  1.00000000000000000
 -0.00225337971160065  0.00984948869567688  0.02008026863853596  0.03055099623435252
  0.04109160822954289  0.05168737638000538  0.06224923946244046  0.07270963180363554
  0.08318715126183343  0.09367099352453523  0.10426126556703734  0.11478647908518497
  0.12538922758428175  0.13590329388707642  0.14645200806592848  0.15695862371326511
  0.16744470584022372  0.17798028336172550  0.18852196179296421  0.19915223802045559
  0.20977932345845429  0.22042880927628053  0.23109267301488498  0.24166610142376324
  0.25231726650212816  0.26298992318234626  0.27365122921103430  0.28423735894865382
  0.29474358850657523  0.30525922872337485  0.31577085428980983  0.32623036586131371
  0.33663015687477243  0.34700675894307820  0.35740852183840721  0.36781530408294799
  0.37822069732906427  0.38869794470235280  0.39922946896702566  0.40978368363913914
  0.42036373495708562  0.43099999242067510  0.44165928128813620  0.45223333535385274
  0.46275882653774242  0.47327389820821375  0.48383746609608630  0.49449114277489659
  0.50510789889981222  0.51564204033290661  0.52619154908561594  0.53683326821002264
  0.54753014385972931  0.55811659431677330  0.56867512618762084  0.57917690389265020
  0.58971483947941816  0.60025229504863964  0.61082960102966821  0.62137383788975398
  0.63184561469718414  0.64245135915115903  0.65302927555396806  0.66362316441452218
  0.67412852553086300  0.68468361117909948  0.69527509640521690  0.70583937906545968
  0.71633641277242799  0.72679952164379369  0.73730026048333641  0.74782386736562301
  0.75834742264887611  0.76879813945491504  0.77930304482655621  0.78981562801285821
  0.80038835950863541  0.81080227125031656  0.82120362100337185  0.83160785408933990
  0.84219325879383056  0.85276704560027916  0.86328476058570947  0.87373342037260782
  0.88427086548339462  0.89481549922047887  0.90538738772124983  0.91587804120219551
  0.92647434339280987  0.93702672528427911  0.94755736798384305  0.95804557206683516
  0.96853747806482005  0.97904090685187040  0.98949887176869189  1.00000000000000000
   2.2613343531338545E-015  -1.0000000000000000     
 F F F F F F F F F F F F F F F F F F F F F F F F F F F F F F F F F F F F F F F F F F F F F F F F F F F F F F F F F F F F F F F F F F F F F F F F F F F F F F F F F F F F F F F F F F F F F F F F F F F F F F F F F F F F F F F F F F F F F F F F F F F F F F F F
  <DiscreteSampler_grid>
  grouped_processes
  1 # 1 for a reference and 2 for a running grid.
  10 # Attribute 'min_bin_probing_points' of the grid.
  1 # Attribute 'grid_mode' of the grid. 1=='default',2=='initialization'
  0.0000000000000000 # Attribute 'small_contrib_threshold' of the grid.
  0.5000000000000000 # Attribute 'damping_power' of the grid.
 # binID   n_entries weight   weight_sqr   abs_weight
    10   10   1.105286433011874E-002   3.281848673726994E-004   1.105286433011874E-002
  </DiscreteSampler_grid>
