  0.00961943399060494  0.01565253673676203  0.02492336172585206  0.03573319584036670
  0.04612684458449687  0.05652587570756220  0.06692002516328512  0.07729519689388266
  0.08767788340132729  0.09807292643563362  0.10846482835522933  0.11883591612346549
  0.12919227050692447  0.13956218070253310  0.14994242408530495  0.16032329643043480
  0.17069981304076709  0.18105359213309244  0.19142819733727853  0.20181157522943804
  0.21220756071628089  0.22257643347479042  0.23293963115729435  0.24331952168440860
  0.25372369524661809  0.26412453072705266  0.27451323426142099  0.28489033402386987
  0.29526053155014031  0.30562248792955982  0.31598356436659431  0.32635202418337178
  0.33671013583226705  0.34707754889628845  0.35743017193467413  0.36780306734720680
  0.37816612007034839  0.38854801756569146  0.39892890151301613  0.40930687714153369
  0.41967159115973113  0.43004129215541942  0.44044728949706879  0.45086957707023778
  0.46128775895549518  0.47168493214719737  0.48208647136560956  0.49249202780034329
  0.50289838832501021  0.51329458549987073  0.52367244792220491  0.53403504522770573
  0.54439738892311496  0.55477401252282277  0.56517464426460562  0.57559229852447291
  0.58601447700464870  0.59641318964514023  0.60679538214509765  0.61717076129491111
  0.62754980904856639  0.63793499044633994  0.64831936086297526  0.65869458353272659
  0.66904926019398847  0.67940579416245928  0.68979087938423889  0.70020083520594589
  0.71061537596678903  0.72102622824941287  0.73142238960638073  0.74180047219462264
  0.75217817181353130  0.76256746272900389  0.77297793180763130  0.78336961430280982
  0.79374577222019582  0.80411986238276967  0.81450815742028082  0.82490486755834480
  0.83528420411023896  0.84566428149642436  0.85604778613206356  0.86645383353044392
  0.87684730995436622  0.88724666218525838  0.89764609389286343  0.90805793987512307
  0.91845581415371513  0.92884066682229194  0.93922849230192373  0.94960574731605540
  0.95997654299939916  0.97029653868903531  0.98060626389569239  1.00000000000000000
  0.00961314823852248  0.01577643256253653  0.02499495471283072  0.03580288367592657
  0.04618222005115517  0.05656108369246207  0.06693454804202435  0.07731443006814481
  0.08771339689794300  0.09810423105440219  0.10849467389079838  0.11887409898292456
  0.12926477857906207  0.13963960411539816  0.15000985951157411  0.16037249505743167
  0.17074881416871882  0.18112541171569299  0.19148569059555240  0.20184122515770458
  0.21218761273636855  0.22255202126033119  0.23291920597209465  0.24331797186101314
  0.25371664832471125  0.26409571244995012  0.27444821564452609  0.28481382937844429
  0.29521737005476856  0.30562553616832844  0.31599977603686596  0.32636568946092587
  0.33673860506004372  0.34713588826135588  0.35751087617555449  0.36786986382861048
  0.37823378248336925  0.38861347467105190  0.39901484587572938  0.40942618071662723
  0.41982642537902665  0.43021699052710982  0.44058766958599160  0.45095124345130888
  0.46130964858315393  0.47166702001305938  0.48201897230866575  0.49237457578030308
  0.50273574474945903  0.51311112897218525  0.52349985169326618  0.53390100386524630
  0.54431464542140839  0.55473704178619909  0.56515264945537325  0.57556243045551536
  0.58595321460462613  0.59633086073880004  0.60670747017151738  0.61709378528343262
  0.62748182373065864  0.63785958762405282  0.64823173058876493  0.65861371440581962
  0.66901314700575931  0.67941163676346439  0.68980372816005875  0.70017683388857421
  0.71053802186630244  0.72090544960574121  0.73126414717646127  0.74163031564607307
  0.75200196095829674  0.76238003266569065  0.77275546381331872  0.78311990430012179
  0.79349532966995062  0.80387053789602725  0.81424440714454582  0.82462433847069272
  0.83501545021822199  0.84540115517195735  0.85578170761605599  0.86615618920701998
  0.87653316940426029  0.88690135833323636  0.89728670470789973  0.90769597405767899
  0.91812926852087218  0.92856246344859905  0.93898129211160097  0.94940777051532610
  0.95981442571868802  0.97020291101144607  0.98054539095463666  1.00000000000000000
 -0.00248806753723869  0.00950595699525228  0.01964807754784703  0.03013898627210807
  0.04064875844870157  0.05117096963894419  0.06170256886653249  0.07227085250571441
  0.08286366334859220  0.09343970124910264  0.10399127648296140  0.11454697957363806
  0.12510736678174439  0.13567678950842835  0.14621043166217113  0.15674219966758748
  0.16726542921133705  0.17779806463735631  0.18834335685369374  0.19886402193977676
  0.20940742984757521  0.21994598116543018  0.23051246960711502  0.24105355265198275
  0.25157515190836155  0.26210079597589248  0.27265735066503705  0.28323052304269208
  0.29380028535484309  0.30434955375283834  0.31488486752472034  0.32541166485528877
  0.33593391837500847  0.34645807349121910  0.35698398949312776  0.36750769200545336
  0.37803470528453953  0.38856536436466682  0.39911580406151176  0.40967964316453764
  0.42021892904297975  0.43075216030172458  0.44127743209252812  0.45182642762710001
  0.46235040394799237  0.47287540796824779  0.48340890835043698  0.49396211122260658
  0.50450819017354820  0.51505360078901430  0.52560841270461989  0.53618329857482627
  0.54674817797532382  0.55728361296006135  0.56779572210519014  0.57831135929338351
  0.58885708667882952  0.59942338182481048  0.60999206392782623  0.62055237471143598
  0.63110153819962311  0.64165059824294657  0.65217964166014863  0.66271817010828604
  0.67324375541401471  0.68378304515135946  0.69431892465240619  0.70487256842479051
  0.71544616799226535  0.72598888427566011  0.73649955716680737  0.74700612124534449
  0.75755430733899809  0.76812367862218800  0.77868095337946575  0.78922993920704421
  0.79974600358511405  0.81024091455177760  0.82073213595025829  0.83125542215477022
  0.84180646725032682  0.85238194598737171  0.86294498338689984  0.87350734050924639
  0.88406213029868985  0.89461034017934205  0.90514868320980135  0.91568955546718211
  0.92624787875358972  0.93682802547179878  0.94737646440096956  0.95792872925952854
  0.96843966328784281  0.97897041365114756  0.98948302264659072  1.00000000000000000
 -0.00224323918112034  0.00967413634221865  0.01987730201805880  0.03040184220781924
  0.04094588016917255  0.05148972114672878  0.06200711857811197  0.07253770551251577
  0.08303556212254717  0.09356584332310812  0.10407458771167455  0.11461383147123852
  0.12514545577553038  0.13568957599834897  0.14621477848321102  0.15675032186809890
  0.16728039371279302  0.17783548832279056  0.18836472884912972  0.19889401698132955
  0.20943258610520271  0.21997712374561820  0.23053632415707143  0.24107228783558243
  0.25160829374064692  0.26214976366567422  0.27269591144619698  0.28326142411752947
  0.29385150316850128  0.30443875078214955  0.31501941500811248  0.32556326456527873
  0.33614406629106131  0.34671196867897208  0.35726915476767679  0.36781163600646166
  0.37837649923706052  0.38894120525278086  0.39949077338699118  0.41005443771823896
  0.42061538012797067  0.43117778754078712  0.44170966126874106  0.45224227700066899
  0.46279052060855208  0.47335058717476797  0.48389487438483042  0.49444716477037814
  0.50498467772313582  0.51553949370478946  0.52605501079373207  0.53658401313915483
  0.54712285636716596  0.55767733991543467  0.56824759962273541  0.57881128826866823
  0.58938709193706462  0.59993116941692259  0.61048547146515886  0.62102291706407631
  0.63157779063505903  0.64212016922930049  0.65264404033551593  0.66317254388848890
  0.67368153371767459  0.68419583716751275  0.69470552062867874  0.70524262839299801
  0.71578061147245564  0.72631465854199817  0.73685087789861725  0.74741131072374423
  0.75795165153684918  0.76848552573506157  0.77899998587265895  0.78951563183328255
  0.80004201786137163  0.81054213038483292  0.82106184919430469  0.83156062381237483
  0.84208832326362681  0.85263803807519556  0.86316749338743848  0.87372214218902755
  0.88424945381839049  0.89479566939966826  0.90529603190288899  0.91580214969520490
  0.92631039494105205  0.93683375035307259  0.94735263322828023  0.95786302453393246
  0.96836720923125463  0.97889359105007034  0.98944189866181420  1.00000000000000000
 -0.00243109105203636  0.00958446082557762  0.01973093978896694  0.03021639283337322
  0.04073193745477773  0.05127910487391413  0.06181081399159803  0.07235528335302815
  0.08290431290589573  0.09346956465867130  0.10401668480305017  0.11454572098818218
  0.12506602397156580  0.13560838875575390  0.14616196628044109  0.15673466437266997
  0.16729427083617524  0.17786239076458304  0.18841692056206336  0.19895958330341224
  0.20948607640089434  0.22001307929185085  0.23057897401387303  0.24114894075988616
  0.25172206913657658  0.26229138551005132  0.27282672187394080  0.28335765794389972
  0.29382016403563127  0.30434008081184866  0.31488293619378799  0.32545948133520380
  0.33604546327034257  0.34660824363366560  0.35715743043823261  0.36768641114937634
  0.37821557107251391  0.38875232658489783  0.39928482864999287  0.40981019500935700
  0.42033901006840696  0.43085959130816348  0.44139009825199477  0.45191151476962221
  0.46242693158750220  0.47293475552005582  0.48345392626093342  0.49399459488134201
  0.50454486354708139  0.51510082973566584  0.52565036547164090  0.53620274943498047
  0.54675914785836111  0.55731466655235340  0.56788218589331196  0.57843720932875820
  0.58896192457291674  0.59948362417912693  0.61003258309909825  0.62057533917739294
  0.63112869737713384  0.64166451632034061  0.65221299504970465  0.66273262939195199
  0.67330979343395980  0.68388143183196526  0.69447329961266202  0.70499894298651822
  0.71553774535911141  0.72606446445086170  0.73660509977885691  0.74715733651270144
  0.75770791985396790  0.76824104415208105  0.77875078520933105  0.78925493958243487
  0.79975795383961634  0.81028646438024921  0.82085837751042101  0.83144717306657656
  0.84201950843484730  0.85254842663146724  0.86307713018090726  0.87362588909076311
  0.88418420836458567  0.89473638868229899  0.90527823104549865  0.91581315867928559
  0.92631604306955484  0.93682568075582184  0.94733604014815531  0.95789412675688268
  0.96842641682979391  0.97895372933940850  0.98946766309683187  1.00000000000000000
 -0.00230399721268765  0.00963944901044573  0.01982600259955166  0.03036344108601790
  0.04090058112773375  0.05143244692501960  0.06195307683131689  0.07250344223362017
  0.08305188395610134  0.09357713900874721  0.10409564532713200  0.11461720466414026
  0.12515824634140313  0.13568601603872754  0.14622510273601755  0.15677631938407879
  0.16736635599864436  0.17792492307459359  0.18848677974182290  0.19902427456589869
  0.20953635897193762  0.22002580781694803  0.23049797172646469  0.24101041236720158
  0.25154601777717694  0.26209751355415167  0.27265311452859203  0.28317124905339786
  0.29369738995251043  0.30421258960274838  0.31474006126207593  0.32526090846338657
  0.33579157430301121  0.34632689091009994  0.35685761038352648  0.36737600637457540
  0.37787740309649392  0.38838835526468901  0.39892650626432397  0.40950477499287513
  0.42005774720682459  0.43062434926294607  0.44117166863822227  0.45174668338831653
  0.46229004772370602  0.47284010435723201  0.48338944547633128  0.49394426517788498
  0.50450256360794943  0.51506501969600760  0.52562836223097398  0.53617582424938071
  0.54671753609241747  0.55724362521938331  0.56779610714894890  0.57833062900536703
  0.58890274194555137  0.59946219305454596  0.61004092117583086  0.62058199156326199
  0.63110702269405039  0.64162008229672929  0.65214638566254612  0.66267102598580074
  0.67319026331978227  0.68370994941792929  0.69421882050060379  0.70472634804406853
  0.71522779252308510  0.72575121357676242  0.73628439387488498  0.74681110962204689
  0.75733719754738116  0.76787668150312383  0.77843179680904273  0.78898402726964556
  0.79954891181773757  0.81012119270080263  0.82070083886327228  0.83126414478930799
  0.84181022627373892  0.85236342390098829  0.86291226260219389  0.87348732183595612
  0.88404070916325950  0.89459873890266661  0.90517003424138887  0.91575567069578101
  0.92632554541104772  0.93684653021112874  0.94737469101815730  0.95790868320711453
  0.96844486848320133  0.97896947862719752  0.98948845638604810  1.00000000000000000
 -0.00247062323131400  0.00954390950556735  0.01972943027790600  0.03026865579131741
  0.04085449055656320  0.05143089272524723  0.06199164885164352  0.07253881199561187
  0.08306216947890344  0.09357367699548136  0.10409686997434774  0.11462914058526134
  0.12517160917197048  0.13571940190432058  0.14626705251290417  0.15680472649863905
  0.16732780830522220  0.17787770066380340  0.18843566906813780  0.19898923498567450
  0.20951866548775799  0.22005621092687319  0.23061942979901509  0.24117277979561069
  0.25171735886676155  0.26224381161972748  0.27277050303536121  0.28329017439026988
  0.29381184120781234  0.30435876180806420  0.31491061980321811  0.32545993396867190
  0.33601813275007497  0.34659184272436089  0.35717231573090663  0.36775924408254562
  0.37830853891894539  0.38885454466003044  0.39936349890268175  0.40989006363121117
  0.42040223108747704  0.43094413619795691  0.44149872478620933  0.45206596947559824
  0.46261075365237964  0.47316118775643934  0.48371674993266095  0.49425797549803946
  0.50479022170646903  0.51530030723861275  0.52583863533042585  0.53636866093051272
  0.54694009455700399  0.55748098598881657  0.56802252280821874  0.57853658966716348
  0.58904987187855784  0.59955944037296804  0.61005770779286017  0.62055891113029671
  0.63107222619964776  0.64160631454603390  0.65213915893216279  0.66266544405903749
  0.67318498694053985  0.68371944987894684  0.69424634212868130  0.70478149965846992
  0.71531324171808197  0.72584563797923918  0.73640016406484576  0.74695494960474396
  0.75750473399305984  0.76803568054078186  0.77856954829861225  0.78911919899331184
  0.79965552623633041  0.81023561790689325  0.82080641989671033  0.83137737108982024
  0.84191949773078267  0.85246269106051242  0.86301719484856465  0.87356131090862144
  0.88412565603478188  0.89470078394204522  0.90525395616875759  0.91577487062036855
  0.92630891800771087  0.93684486953016943  0.94740280367561969  0.95792520977089402
  0.96843715981059797  0.97894150831381366  0.98945424025878503  1.00000000000000000
 -0.00247977278810282  0.00957651479978941  0.01976572630029220  0.03029314921930999
  0.04083908936027265  0.05139038759582179  0.06192570943118195  0.07245894409032258
  0.08298662544911113  0.09352355696163264  0.10404889509659145  0.11458548699514201
  0.12513505522821791  0.13569777312761785  0.14621291494903230  0.15672740585069231
  0.16725238842857809  0.17783173486588194  0.18841515028153416  0.19897802867592562
  0.20951375027402150  0.22005053947537020  0.23059341106956147  0.24113506843086849
  0.25167761780335962  0.26224415416892560  0.27280872517186544  0.28337737351854930
  0.29392530567302616  0.30447476510240595  0.31499380521031800  0.32550985822155187
  0.33604440923460083  0.34658405001505194  0.35713344122815149  0.36766226577697897
  0.37821474251816228  0.38876475039134167  0.39933002749797530  0.40986114661076961
  0.42039632253158699  0.43088831788749810  0.44141437749790835  0.45195494041148326
  0.46251853974315194  0.47306515401549376  0.48358137211938701  0.49408923856226328
  0.50458610494985867  0.51510086794261878  0.52562175933545707  0.53614828849889129
  0.54667677041759311  0.55721846292393051  0.56777408046354816  0.57832010257315192
  0.58887122256167967  0.59942195331012194  0.60999397169012815  0.62055866866619946
  0.63110090794228035  0.64164329730576586  0.65219355091711162  0.66273866284377869
  0.67325174182187708  0.68376867835409827  0.69429416662814303  0.70484604353565505
  0.71538807761037426  0.72593717453224227  0.73647523480351929  0.74704578199850891
  0.75762775401164517  0.76821769244875882  0.77875962518273312  0.78930321723541619
  0.79982831648712716  0.81037681808035789  0.82089361468970157  0.83142754851953415
  0.84197599257603439  0.85254631941076675  0.86307008148004694  0.87358426550075818
  0.88411675681658830  0.89466163179154956  0.90520720246155972  0.91574645487536466
  0.92633005393768220  0.93687898696329375  0.94740131428096397  0.95789550822597724
  0.96841424955857702  0.97893766227622769  0.98947369708761512  1.00000000000000000
   1.5492110489665244E-002  -1.0000000000000000     
 F F F F F F F F F F F F F F F F F F F F F F F F F F F F F F F F F F F F F F F F F F F F F F F F F F F F F F F F F F F F F F F F F F F F F F F F F F F F F F F F F F F F F F F F F F F F F F F F F F F F F F F F F F F F F F F F F F F F F F F F F F F F F F F F
  <DiscreteSampler_grid>
  grouped_processes
  1 # 1 for a reference and 2 for a running grid.
  10 # Attribute 'min_bin_probing_points' of the grid.
  1 # Attribute 'grid_mode' of the grid. 1=='default',2=='initialization'
  0.0000000000000000 # Attribute 'small_contrib_threshold' of the grid.
  0.5000000000000000 # Attribute 'damping_power' of the grid.
 # binID   n_entries weight   weight_sqr   abs_weight
    10   10   2.332214919376877E+013   1.547972138563991E+027   2.332214919376877E+013
    11   10   2.332214919376906E+013   1.547972138564039E+027   2.332214919376906E+013
  </DiscreteSampler_grid>
