  0.00004778892998868  0.00031837330932610  0.00080637141760734  0.00148530772316549
  0.00235263498971689  0.00345443061336344  0.00475699898842074  0.00619758651792376
  0.00772890860215650  0.00941551229135189  0.01121980245951344  0.01319454665392515
  0.01529560914774323  0.01752256069246739  0.01965089497548721  0.02177789733501532
  0.02392430096901181  0.02612576223514167  0.02843561960516033  0.03083839477780052
  0.03328080954176482  0.03571465334153107  0.03813829245948444  0.04064218407807542
  0.04313311264779795  0.04568520808269325  0.04832115592945212  0.05103011728920897
  0.05380689996040993  0.05664930580537003  0.05952970983903421  0.06246262963612986
  0.06537076949310548  0.06821831228746597  0.07115636720456200  0.07414988567110256
  0.07720004412255546  0.08044666842503226  0.08364650397506421  0.08694051974281292
  0.09024291299107637  0.09353126027664346  0.09686978008037284  0.10026647971001583
  0.10368469007149650  0.10718952301959407  0.11079005924866167  0.11444287219035787
  0.11815970227301077  0.12213676466670385  0.12631350070580563  0.13057208110419363
  0.13494745444171033  0.13950596348589819  0.14394888672170486  0.14836889687650406
  0.15279075877385850  0.15725878829228582  0.16180158714642590  0.16640646959144201
  0.17103669916020908  0.17606813936989832  0.18110087783549966  0.18626923996808520
  0.19172154133348526  0.19744241827739029  0.20290638005784536  0.20878635942732440
  0.21508394619253160  0.22167624468159397  0.22846390511310152  0.23536858614213682
  0.24236497329001366  0.24957409175288500  0.25657456606608298  0.26373061225474947
  0.27113947336795335  0.27883083006107517  0.28698724804662784  0.29607082520132411
  0.30582178810210214  0.31583995356325978  0.32630529355103149  0.33777897837392051
  0.34963038707149746  0.36256433458903981  0.37723929234316528  0.39356236802753269
  0.41203967026191740  0.43290015471374260  0.45617228719909680  0.48635163705432222
  0.52486131425412585  0.58050734866898857  0.68362910244023833  1.00000000000000000
 -0.00088849695273571  0.01560551271253254  0.03167899001640916  0.04557959202844883
  0.05886263068624970  0.07151197848877895  0.08354742427796223  0.09509030392274014
  0.10540175292799178  0.11602647166916095  0.12632040074090262  0.13623829707008425
  0.14537325852643102  0.15391489900176944  0.16262138239398433  0.17114620683536133
  0.17969663373033468  0.18826552951364789  0.19667746469575978  0.20524512888380464
  0.21345980824542238  0.22148852597414864  0.22919434070117617  0.23684611599690414
  0.24428260121857739  0.25144580412319439  0.25841843530415159  0.26523662655751928
  0.27196553622438863  0.27866187040473572  0.28570834251792371  0.29271513629884421
  0.29968680854733104  0.30651093605373575  0.31335681913781688  0.32016552104273088
  0.32715896880971851  0.33416561310634774  0.34112609481559841  0.34793201524110040
  0.35461984138973740  0.36137905726873804  0.36828674191528371  0.37524003216613588
  0.38221529434276613  0.38918340246935418  0.39615494263893075  0.40301217270652706
  0.41004155982721308  0.41698549167595816  0.42394702000593726  0.43085077658410481
  0.43771178379427117  0.44475520955434200  0.45209077473150172  0.45957295358652939
  0.46708703512828292  0.47438934004425187  0.48159155677805937  0.48886130250509230
  0.49616437883784381  0.50353254032583872  0.51077315365670994  0.51782824983888631
  0.52496928863099279  0.53201516340139321  0.53922857456352047  0.54678769770462410
  0.55468705238497484  0.56277498955401661  0.57093283933365768  0.57912222323457807
  0.58732068270695026  0.59545651962398971  0.60379635824056577  0.61268416130147629
  0.62163055274747692  0.63072931484308592  0.64000929886513547  0.64934961570885519
  0.65887993525571986  0.66919465121253729  0.68024847518076248  0.69167385637899137
  0.70345704607138826  0.71573834490952981  0.72826065664232287  0.74215677245374256
  0.75927296981430203  0.77640752486299247  0.79452304899553217  0.81465338522180708
  0.84185690743012276  0.87533116136633449  0.92477032316036623  1.00000000000000000
 -0.00267477386583677  0.01081724591395377  0.02180575352181373  0.03323505932931973
  0.04436035147738406  0.05527469596470098  0.06617805539759031  0.07706974023552818
  0.08761166138746887  0.09829749059300241  0.10937824189935931  0.12051177450765532
  0.13089651769855434  0.14134314705124737  0.15263653603607580  0.16422517033032188
  0.17551434317150624  0.18670165523103563  0.19839332110563063  0.21000663657154195
  0.22080524378697289  0.23121192904680343  0.24146836925064707  0.25183970357020347
  0.26193166264220108  0.27216952815784201  0.28251977697297614  0.29313304760460462
  0.30387862406785282  0.31526812348208916  0.32671930041622782  0.33757614126985463
  0.34767692578590920  0.35786895135997299  0.36830360654643030  0.37839731420361866
  0.38821067467797832  0.39833684251283119  0.40908880344756260  0.42006612642401814
  0.43018896994219830  0.44010210753023038  0.44959121872992008  0.45911163669415050
  0.46881392384405329  0.47912996698365623  0.49015036860518624  0.50167135344707958
  0.51295861296501366  0.52423184742530804  0.53431070950871717  0.54502147314844374
  0.55519722270978444  0.56580248640269359  0.57674061190841752  0.58762392561664334
  0.59850300660337097  0.60910255922042322  0.61924632201765473  0.62915501319805978
  0.63886488793467455  0.64860716828587073  0.65894253825972826  0.66984672536120260
  0.68155939619097894  0.69279730289862451  0.70348732138740566  0.71398349328731525
  0.72456046426594689  0.73492065276440355  0.74492448411365719  0.75531074545795085
  0.76582749933173655  0.77668791675912063  0.78708076438310537  0.79759202881944169
  0.80814777430166285  0.81873577786223095  0.82954282228226517  0.84019166158250957
  0.85093942350186802  0.86148275511149019  0.87187053515966073  0.88209475391590408
  0.89210299545610305  0.90186008349184643  0.91166705902982770  0.92149292377044334
  0.93150596389424600  0.94136486056925162  0.95100759928476308  0.96048828814734866
  0.97032279099635443  0.97974080255830476  0.99004116707498546  1.00000000000000000
 -0.00182651867454235  0.00818339236154161  0.01755499415347255  0.02789374968843493
  0.03908451088330218  0.05072634239810609  0.06222199294195700  0.07380411144360993
  0.08545979426059118  0.09745237354185082  0.10976451871362990  0.12113436540210347
  0.13245738145504313  0.14351027463232141  0.15439281389482196  0.16524954995102467
  0.17610641049322953  0.18663196577192784  0.19650177806884811  0.20613496460516703
  0.21560766276960033  0.22492305556012027  0.23405519862926447  0.24343060227548144
  0.25326949949373961  0.26294845076870721  0.27227254324125733  0.28169528943351629
  0.29162695399874206  0.30206833648850373  0.31235481176072089  0.32224754620222462
  0.33191686262083986  0.34169121233355310  0.35161428844722903  0.36160485855282903
  0.37154037506800591  0.38202195036076747  0.39251670461951838  0.40337623407721057
  0.41423467043815082  0.42559982330772478  0.43702688274196166  0.44836129277396497
  0.45924880771346716  0.47005346064070735  0.48099771408784625  0.49213635442224968
  0.50311327205492684  0.51363557791869741  0.52404381091730556  0.53418365667904499
  0.54424636951858263  0.55402924785347096  0.56387248521570366  0.57415002646936575
  0.58451037414070084  0.59513165192217177  0.60578123945138918  0.61639830544393981
  0.62691618114772019  0.63725723330114836  0.64813269230379711  0.65926798863441038
  0.67061820982820519  0.68192706417458959  0.69302400687178667  0.70387172460009373
  0.71447338674882888  0.72518689488761801  0.73598645586681066  0.74678354153355631
  0.75765806934198732  0.76836333590026451  0.77922581465912832  0.78989546487406592
  0.80084822465839800  0.81195915556824805  0.82261523985852203  0.83285245711278932
  0.84257651353784846  0.85207925840660137  0.86134580547031725  0.87048558880025706
  0.88010172089302563  0.89039297135671713  0.90099965915516045  0.91175231132937995
  0.92304812352848276  0.93490710014300726  0.94625974562625981  0.95696305647162172
  0.96729208013793355  0.97789381271478959  0.98861204060353947  1.00000000000000000
 -0.00193645096771553  0.00922902223218865  0.01912986789907325  0.02995960963280958
  0.04084539929508191  0.05145600135260992  0.06172294018631776  0.07188662177428808
  0.08238330390864335  0.09326133286118229  0.10390698078391233  0.11496807404358299
  0.12601112045188903  0.13729859234539191  0.14786490336488367  0.15898928528948572
  0.17007653045792670  0.18139176026487422  0.19242848122666517  0.20358879916698805
  0.21413692330431594  0.22505474553679031  0.23582525204011245  0.24714316064632438
  0.25775499058123241  0.26847961839556667  0.27868058848920735  0.28875949031081993
  0.29921459372113612  0.30957933097468149  0.31999560871702792  0.33060572482540268
  0.34118706349707478  0.35159757207750136  0.36163631864454376  0.37163287002486944
  0.38183306035034542  0.39174993018434412  0.40152034251004259  0.41121315090096944
  0.42100157861442028  0.43073552069816590  0.44082605058041491  0.45111301214945670
  0.46129412638657313  0.47125681575580997  0.48131417373904145  0.49180466277518942
  0.50267279559451816  0.51361773314465331  0.52445202799743529  0.53536291848307471
  0.54600366304758385  0.55599124350891060  0.56584956356176486  0.57569390226470030
  0.58563097829561572  0.59561997340828010  0.60619923664816056  0.61766694929710575
  0.62935229292884942  0.64101185316246423  0.65250865674569003  0.66373923321127171
  0.67473421398409239  0.68516884693237112  0.69475050133941507  0.70420385176973233
  0.71363080656841560  0.72288902833520208  0.73246416538605186  0.74214821848743129
  0.75215507279298210  0.76187675768039387  0.77185509139571795  0.78279572709867806
  0.79405488971833815  0.80527190551564398  0.81622639052481560  0.82723306119936602
  0.83780131750067288  0.84790521677773023  0.85872995385844020  0.87009478952826069
  0.88107521754163953  0.89267284131767000  0.90451434946758480  0.91648963142552908
  0.92740259911147704  0.93821188951501977  0.94851632343815984  0.95885042363913764
  0.96945929146675358  0.97978956414444895  0.98986775675926508  1.00000000000000000
 -0.00207089781832934  0.00913807941266808  0.01855359995074944  0.02912348617350681
  0.04016550499702806  0.05286199517792049  0.06518503416339089  0.07731890506793408
  0.08791355376511392  0.09811404887324877  0.10894464641642249  0.11999845254108693
  0.13039724290048327  0.13997343255760486  0.15041297825835931  0.16123523527338626
  0.17180243371461984  0.18179066812378553  0.19211979899191020  0.20325298502795708
  0.21405946783059851  0.22493706577527911  0.23535090911700979  0.24540346889795631
  0.25545659804029075  0.26624200849077129  0.27730696785595105  0.28827437742586898
  0.29893996420056257  0.30990935909175310  0.31947815039528704  0.32910827997889402
  0.33893032598241896  0.34877509941827989  0.35866606020524194  0.36807500770203722
  0.37740818105125701  0.38707370194854396  0.39711117154187719  0.40761873183720504
  0.41813088732003362  0.42852118073968648  0.43892795795433959  0.44937957178615145
  0.45993939632319603  0.47097694014433233  0.48235510713715080  0.49354191364089367
  0.50405782807486799  0.51401832386883772  0.52384239838293423  0.53338832351564913
  0.54307796748101089  0.55287819606989752  0.56253324373110591  0.57325170281618032
  0.58401414971009780  0.59518959508142621  0.60658549781438742  0.61788277535313618
  0.62914723081065205  0.63944618894554539  0.64971640764784466  0.66017460107153714
  0.67087744234459412  0.68187291402742711  0.69266267857472896  0.70357145728282489
  0.71425201447362663  0.72512527750652456  0.73581113977765311  0.74632116518823577
  0.75677819684659631  0.76702008614701356  0.77763928270293203  0.78842399529346296
  0.79953175293703582  0.81124867421389457  0.82289430572383027  0.83499133606379339
  0.84621422203780983  0.85747401947330393  0.86812162477850774  0.87877732780638118
  0.88944400767057885  0.89969900156019345  0.90982260816222271  0.91990560631885743
  0.92986344113891828  0.93926604345264786  0.94847035047793393  0.95810371555713569
  0.96866672980970892  0.97913886598415467  0.98968619767153243  1.00000000000000000
 -0.00245851283810378  0.00932260864858962  0.01902276543081039  0.02859429548559959
  0.03835294588981469  0.04858461182066440  0.05901618660816157  0.06954491168087085
  0.08021233319615149  0.09112184532951560  0.10245179548829379  0.11436101578049468
  0.12578183360371989  0.13634300529975119  0.14649310828595924  0.15684505671383003
  0.16747075407780854  0.17811015862016027  0.18842062660881415  0.19870470862129125
  0.20915906641076418  0.22021885084719495  0.23132910000645579  0.24181969093539321
  0.25210741778453688  0.26196485508065309  0.27214460011192687  0.28208295777294973
  0.29219228421647286  0.30281350497084381  0.31344607976396538  0.32390898459782180
  0.33438768748276776  0.34530486184868431  0.35625700110343395  0.36606464470899452
  0.37523451702908933  0.38454195277616360  0.39408016618821129  0.40380591606866284
  0.41355187432901958  0.42389071557216507  0.43453089440292708  0.44519468970356213
  0.45634141155276114  0.46746883007892087  0.47822998516807824  0.48834455182500147
  0.49822127879400063  0.50864890456498169  0.51913806794818440  0.52934757943232080
  0.53895640301664960  0.54904345444138325  0.55904537636837270  0.56882333934572493
  0.57807549751064458  0.58781272304268850  0.59805506312452406  0.60856282144932528
  0.61955967966615999  0.63042220220391987  0.64150417694694384  0.65243360603355838
  0.66335002917965991  0.67442104090979538  0.68568031295474297  0.69657201946063463
  0.70738705076324804  0.71788051491408233  0.72856837620748494  0.73853605706182945
  0.74813262981008999  0.75783187882062908  0.76795320507077824  0.77853936315866079
  0.78906642175084130  0.79946779946159285  0.80980723463904936  0.82057984995674271
  0.83143595668716519  0.84207042125411569  0.85238330184861755  0.86344609872992639
  0.87473266177243258  0.88573026271704292  0.89619348296292622  0.90771307377641552
  0.91978819770404319  0.93209150495574056  0.94398089764979409  0.95579550711930317
  0.96667300238577980  0.97774198209078356  0.98864986573396241  1.00000000000000000
 -0.00219770919257235  0.01058710764494322  0.02168660994947523  0.03183248202053562
  0.04222703945619622  0.05280068137786251  0.06327770414014527  0.07362098906715776
  0.08358786432688062  0.09367968296421580  0.10410797666667991  0.11506754088879435
  0.12586771159420762  0.13636184755363312  0.14704246635689761  0.15876600754594908
  0.17095085433263615  0.18265943791752215  0.19369743070010134  0.20403650162026815
  0.21432566875330850  0.22453447135316087  0.23484107038959154  0.24484003152064043
  0.25513976450830333  0.26512785030930258  0.27490164462062638  0.28470808251305635
  0.29480970239308762  0.30527710774574074  0.31592245168931404  0.32622951033842668
  0.33635764121201672  0.34635533891336329  0.35677790817009775  0.36832633427303257
  0.37937296497736273  0.39001211769269195  0.40053764299620770  0.41088773022042840
  0.42133804255029161  0.43140768603724855  0.44167417715188589  0.45173624379500971
  0.46190770856674945  0.47244508784535638  0.48300919793110253  0.49334677937236743
  0.50392765924402938  0.51456070031756862  0.52539410939547182  0.53634239946191786
  0.54739707550548566  0.55794095268711053  0.56789533313338658  0.57786076443457057
  0.58820847890163774  0.59881993901852748  0.60902479335497806  0.61961804181865476
  0.63061394352623446  0.64214184167935295  0.65333736481329419  0.66443279863042048
  0.67525888979542625  0.68593801473423777  0.69593220058957350  0.70576024945672811
  0.71547505017427693  0.72530864045446697  0.73508649701548523  0.74466608464959472
  0.75440066205659839  0.76430028637779690  0.77471788096977878  0.78543514671779491
  0.79654782664262502  0.80773354718179924  0.81919279334719286  0.83071588970386168
  0.84185729514922292  0.85247099647272817  0.86297340790178667  0.87328957731583234
  0.88334585460548043  0.89335547957738581  0.90390538903655027  0.91448951173760196
  0.92518177343823427  0.93569397933754817  0.94668693459369779  0.95769955839177945
  0.96843837648521580  0.97935069841642752  0.98980767054344687  1.00000000000000000
   2296650284.4759355       -1.0000000000000000     
 F F F F F F F F F F F F F F F F F F F F F F F F F F F F F F F F F F F F F F F F F F F F F F F F F F F F F F F F F F F F F F F F F F F F F F F F F F F F F F F F F F F F F F F F F F F F F F F F F F F F F F F F F F F F F F F F F F F F F F F F F F F F F F F F
  <DiscreteSampler_grid>
  grouped_processes
  1 # 1 for a reference and 2 for a running grid.
  10 # Attribute 'min_bin_probing_points' of the grid.
  1 # Attribute 'grid_mode' of the grid. 1=='default',2=='initialization'
  0.0000000000000000 # Attribute 'small_contrib_threshold' of the grid.
  0.5000000000000000 # Attribute 'damping_power' of the grid.
 # binID   n_entries weight   weight_sqr   abs_weight
    10   10   1.440553357693321E+012   3.332754372310798E+024   1.440553357693321E+012
  </DiscreteSampler_grid>
