  0.00958636183230779  0.01561545736291578  0.02492278266197637  0.03571574801219705
  0.04608765772024678  0.05648529582924627  0.06689303921994166  0.07729393847053559
  0.08768796074099168  0.09805725388450622  0.10842876677487168  0.11877716932233585
  0.12912046681736436  0.13946602200753649  0.14983352230632069  0.16021211423396459
  0.17059933922900045  0.18096996938215576  0.19134427277607846  0.20171862442606028
  0.21211120632868319  0.22250942475010388  0.23289614119796540  0.24327241888294041
  0.25364262048260322  0.26402725418525225  0.27440267819721981  0.28478132507533283
  0.29515474367664768  0.30552385880051447  0.31586035237665411  0.32619399197566495
  0.33654151745649397  0.34694392015784886  0.35735460844428568  0.36774830675533166
  0.37811544211683862  0.38847724680100632  0.39884334699500479  0.40921376993670650
  0.41958141197342419  0.42996489938271215  0.44035669617508016  0.45074677201809016
  0.46113679098018773  0.47150882958957319  0.48188687736542973  0.49226795118668021
  0.50267644393435729  0.51308881476667789  0.52349526933245749  0.53389076161289417
  0.54427464032662165  0.55465907190181474  0.56504909995494645  0.57543961063794280
  0.58583519488900226  0.59622075239264427  0.60659337409200498  0.61695604588789321
  0.62733032373932296  0.63773743473731259  0.64815393520268694  0.65855642529927072
  0.66894871593497784  0.67935153027095607  0.68976210642490776  0.70015785800926311
  0.71053192535398124  0.72089059567577563  0.73125455078013202  0.74163386946803178
  0.75203400022630640  0.76244880674985982  0.77285359582131297  0.78325341600330778
  0.79365782918511318  0.80407303104144856  0.81448337403748183  0.82486864125332127
  0.83524442152841893  0.84561539272562669  0.85599976772106556  0.86638461647593190
  0.87675794508470639  0.88713053603144776  0.89751091013283124  0.90791625295328460
  0.91830527717067134  0.92869270665577308  0.93908574244793563  0.94948001584532560
  0.95986646362218042  0.97019559703729563  0.98054313077301647  1.00000000000000000
  0.00956604496292963  0.01558080634304707  0.02484145794516796  0.03564367969784055
  0.04602174771646918  0.05641728312167965  0.06680644788914086  0.07720110968786942
  0.08760344722350887  0.09800143458655131  0.10838578888078924  0.11878307193012186
  0.12917917501311199  0.13959440674045190  0.14999893897536948  0.16039901639312457
  0.17078059929847636  0.18113634413743485  0.19150375530294295  0.20187678672286244
  0.21226486360062988  0.22266183370881323  0.23304933727138952  0.24343944010103288
  0.25380771347616810  0.26418372924763367  0.27455378664210206  0.28492551050394027
  0.29530346727263079  0.30566961209484372  0.31603959874776782  0.32639546324787039
  0.33676444032266067  0.34713067913030043  0.35748998622284622  0.36783678386484214
  0.37820254871820463  0.38859013108280716  0.39900937420943816  0.40943001153379505
  0.41984860751074121  0.43025081381792285  0.44063762780615934  0.45103058858791722
  0.46142673230606912  0.47183315585493751  0.48223240335445355  0.49261220276606466
  0.50297359166091615  0.51332736026190462  0.52370844972280006  0.53410863492948768
  0.54450592450006852  0.55489540092679368  0.56527620254327160  0.57565266035533036
  0.58601934054486648  0.59639723337534800  0.60678944791120426  0.61718121624280986
  0.62755464980764064  0.63791423021859084  0.64827730874666201  0.65864907115022142
  0.66902379402672074  0.67939622813406175  0.68977760991466663  0.70016935127287239
  0.71057708060568525  0.72098920271551992  0.73138541443433847  0.74177150237298428
  0.75214981298745798  0.76253091181079480  0.77291295362195578  0.78330443784592707
  0.79370054602460394  0.80407907391828037  0.81444890720308516  0.82481357156514312
  0.83517851394576470  0.84552426907249290  0.85587644376176020  0.86626637755238289
  0.87665508989666852  0.88704285317050313  0.89741905994943316  0.90781411358793540
  0.91820748817235720  0.92860444900526684  0.93900056329882564  0.94939274264810225
  0.95978572008233387  0.97016392084562841  0.98053294238627786  1.00000000000000000
 -0.00252793728419841  0.00945238109762107  0.01961070388906893  0.03010906928991668
  0.04066158076432832  0.05122252519084480  0.06178782846776334  0.07232268999589250
  0.08282919197660385  0.09336127339393560  0.10389721754250734  0.11445705848886781
  0.12501474258575859  0.13558035120803813  0.14614944638159255  0.15671969300159055
  0.16729698922437516  0.17785011961156319  0.18837160810049322  0.19886908507488865
  0.20937488451232911  0.21989362450922836  0.23042699499686428  0.24096374438372894
  0.25150958895148190  0.26206601242358568  0.27261478710063169  0.28315839866891568
  0.29370855191244805  0.30424883361312866  0.31476255417112980  0.32524367099689661
  0.33573805484568764  0.34627840848058117  0.35683837849593170  0.36739752792952424
  0.37793810895214214  0.38850515412377307  0.39903752014333743  0.40958348688698970
  0.42010465553415755  0.43066611442082947  0.44121203216864907  0.45175756304768910
  0.46231024099060614  0.47285843813978418  0.48339449524781758  0.49391167222399701
  0.50442405221583619  0.51493285247807141  0.52545053585754897  0.53600880332779943
  0.54661572117572166  0.55720707535465852  0.56777337850325149  0.57832502307033684
  0.58888418287357358  0.59943780518282874  0.60994070737313333  0.62045036736041903
  0.63095863643147132  0.64149041782063865  0.65202038917183758  0.66255128753099546
  0.67307628816973120  0.68364228944676986  0.69419217283591717  0.70476460426654941
  0.71530339417832700  0.72583457948353025  0.73635881156825955  0.74688213565229999
  0.75744325781567046  0.76799499389490999  0.77853845534118815  0.78907401779969422
  0.79962805696111372  0.81017403205418981  0.82070428029458797  0.83120622650437859
  0.84170822298155978  0.85224609134919094  0.86278051652378407  0.87331381200838432
  0.88383258346150995  0.89436228284755503  0.90491734079552200  0.91545754452117212
  0.92604203772719107  0.93660002521909214  0.94719627685660657  0.95777280979940538
  0.96835912286348558  0.97889680061821249  0.98944590132638466  1.00000000000000000
 -0.00250542988304805  0.00948767983536325  0.01963404428745189  0.03015485606475789
  0.04070700900718408  0.05126520973141202  0.06182796218890725  0.07240115221971050
  0.08295799144016279  0.09352590159256738  0.10406599213964741  0.11460912746782047
  0.12515684461133697  0.13567421881915290  0.14624937957031955  0.15679926135073460
  0.16736605553349510  0.17787729146932807  0.18838921769660191  0.19893293690914610
  0.20948486397131733  0.22003830954191156  0.23059409614744747  0.24114558431215297
  0.25168065645208898  0.26220291117144440  0.27274021004197407  0.28329922766575849
  0.29385845353394857  0.30440242187633115  0.31494619099616405  0.32548109133216119
  0.33600990862535257  0.34651089859095591  0.35702329340140460  0.36754967999664750
  0.37811417637103506  0.38868043454347828  0.39924571050895413  0.40978042379606400
  0.42030543569319834  0.43082090970101278  0.44133226329538544  0.45185814243933037
  0.46238913821417904  0.47295447977536126  0.48349748741889270  0.49403058699790214
  0.50458573433233289  0.51513962904038468  0.52571052845608957  0.53622299523896666
  0.54673160700641388  0.55724123543705151  0.56776109677852082  0.57829955191813409
  0.58881821349512331  0.59936584131487236  0.60991294693852183  0.62048537486618660
  0.63100613160541219  0.64152517511158924  0.65201745459521454  0.66254655703912779
  0.67308198326740243  0.68364785795121896  0.69424843215113619  0.70481651646769339
  0.71536591401580307  0.72589430798855803  0.73645040107801207  0.74700929254140724
  0.75755352218324812  0.76809283201857304  0.77862036123480005  0.78914278065641563
  0.79965866702645738  0.81019006669989968  0.82073058222742779  0.83127650170030698
  0.84185292836591363  0.85240893724783484  0.86298623582439149  0.87353086384176992
  0.88408835638655936  0.89465613730685256  0.90518847633054866  0.91570069559174561
  0.92620990135524051  0.93674084717779005  0.94731704500708347  0.95785003133319901
  0.96840943740196772  0.97893780403938047  0.98948074535891251  1.00000000000000000
 -0.00244736621052110  0.00951492427621010  0.01968160667486248  0.03018930106567095
  0.04071868682433734  0.05120924985452936  0.06172264708602901  0.07223068913183811
  0.08274646655303228  0.09325824031923972  0.10376143143858431  0.11427022853029675
  0.12477399692781847  0.13530230749150188  0.14585598657993409  0.15640340847839265
  0.16692862118571600  0.17746454099537731  0.18801664068827473  0.19859001887492203
  0.20914908122575673  0.21972086865239815  0.23024673296422773  0.24077184499215210
  0.25125100406998224  0.26177112941091291  0.27229312724485760  0.28286799741087804
  0.29343238335607791  0.30398871704022989  0.31452013187587813  0.32505768093097293
  0.33557839879694723  0.34609811525821099  0.35661185244463017  0.36715029985109976
  0.37768676724917105  0.38822709355546420  0.39879957433844582  0.40936937434072790
  0.41993482875964955  0.43046122210666837  0.44099753608235248  0.45152369659507052
  0.46206287494334164  0.47258617526040947  0.48312717100784436  0.49366647725419310
  0.50421218115204891  0.51476536144705631  0.52531939530676697  0.53587944450120206
  0.54641958134654489  0.55695013020808493  0.56747372130485008  0.57802199084546646
  0.58857029423669172  0.59910116604709296  0.60962038911621463  0.62016452307979719
  0.63072391157282182  0.64130530434675559  0.65185721475257985  0.66241900342344218
  0.67293087957304620  0.68345917028654435  0.69395973900624142  0.70449260343728992
  0.71502791688580736  0.72558497472557015  0.73614242849200173  0.74669487887102670
  0.75725907183454433  0.76780562374240502  0.77831810553509762  0.78883450455974435
  0.79935523985928936  0.80989876283901996  0.82042939653525593  0.83096679349568492
  0.84152142815759712  0.85207206181985562  0.86263635532999972  0.87319404840510373
  0.88374956921206527  0.89430802892682393  0.90487227989411156  0.91545621760701956
  0.92602301752316762  0.93659402424117744  0.94716916636280879  0.95773314267322973
  0.96827834925290612  0.97883837821176833  0.98940845252404475  1.00000000000000000
 -0.00247409909802903  0.00942514611152349  0.01956389045825235  0.03007869403153239
  0.04064008158862018  0.05119431669964643  0.06175052774276121  0.07229283782252427
  0.08284460726006307  0.09341146693239606  0.10396772292624228  0.11451727521182342
  0.12505935223876077  0.13559102536491718  0.14610440780625017  0.15663814838623941
  0.16719514011540143  0.17775657211515003  0.18828846633409049  0.19879958189847036
  0.20930435732516428  0.21978652648613628  0.23026641188565522  0.24077267266173114
  0.25130878583922561  0.26187760153435946  0.27242934219210152  0.28296805375923390
  0.29349341260781020  0.30401418491552568  0.31453589590639203  0.32505020477011487
  0.33557031997666170  0.34609142380503161  0.35659488014199819  0.36711918165649537
  0.37767428744533960  0.38826326904448627  0.39883001896103887  0.40938225074237278
  0.41990683963634473  0.43043131022492348  0.44097305410420867  0.45153681290969166
  0.46211336405118303  0.47265683971122724  0.48318767782293498  0.49372197806023865
  0.50429896330103285  0.51487621940685657  0.52543395747413246  0.53596406818071674
  0.54649873878629773  0.55705497557415240  0.56759836558793741  0.57812822872990022
  0.58864123067769369  0.59915765668244159  0.60968235438835650  0.62022641402427903
  0.63075462085290768  0.64128373152504303  0.65178090382576626  0.66231119503662050
  0.67284073970220626  0.68339543848534601  0.69392756477314832  0.70449665971615705
  0.71507292813139756  0.72565224529929140  0.73620501340133715  0.74674448239382585
  0.75729864099660116  0.76785871696528718  0.77842613363863089  0.78896956245818062
  0.79949112895717567  0.81000825472226812  0.82055403788333448  0.83112035070217904
  0.84170062922487765  0.85226423964868037  0.86281145829365169  0.87334653632981030
  0.88388508769222918  0.89445777911528002  0.90502383545434240  0.91558497166424602
  0.92611312297077575  0.93664397379482334  0.94718100648604653  0.95774050593972404
  0.96831931823919049  0.97889135310807029  0.98945592166462604  1.00000000000000000
 -0.00250459408961809  0.00940555157516223  0.01953116132818689  0.03003581529388748
  0.04057885619986953  0.05112495463518095  0.06167653781142776  0.07224508660517005
  0.08279329386423850  0.09333337059826839  0.10384762615020600  0.11438338857073366
  0.12491268709685743  0.13545877729272399  0.14600599908455839  0.15657273190567278
  0.16713482221339920  0.17768662902625959  0.18821824438913390  0.19873952980426138
  0.20926178766102477  0.21977330164543918  0.23028899472235984  0.24080208556854366
  0.25135676499777870  0.26192978374829823  0.27249188774580979  0.28305682484172018
  0.29359809869805487  0.30416237160895065  0.31472113790897455  0.32530481656286475
  0.33588667651972914  0.34642786846262896  0.35696323310266831  0.36749693397163474
  0.37805775440654427  0.38859918055898479  0.39912467143889135  0.40962835222678884
  0.42013953450464570  0.43063818132762693  0.44114935146678080  0.45167509289537033
  0.46222940101361693  0.47279984554470816  0.48335415065158843  0.49390624730652405
  0.50445064055847499  0.51499975501069961  0.52554370799885830  0.53609117854107657
  0.54666308500608696  0.55724932392746773  0.56781075631598621  0.57835150967032767
  0.58888166703292244  0.59942290935876108  0.60992591986285094  0.62043004150260106
  0.63093526397258015  0.64148092637718479  0.65203505361780456  0.66260715316733976
  0.67319717062700113  0.68377509691670713  0.69433729855956727  0.70487155167539450
  0.71542224691480749  0.72596656884280719  0.73649948105827356  0.74702014972461117
  0.75757473558800692  0.76813612416671218  0.77869341364003497  0.78923531136355385
  0.79978849109595662  0.81037154560645375  0.82096027911051650  0.83154327184758592
  0.84207438012531177  0.85260661278173677  0.86314845523746753  0.87370783570863919
  0.88425969624306333  0.89477005770455664  0.90528529440296301  0.91578004896132104
  0.92631246560914182  0.93683955537489760  0.94734498253489097  0.95782090631401406
  0.96831506863832040  0.97885020919341914  0.98942590762483751  1.00000000000000000
 -0.00243219090201939  0.00956104337222397  0.01974068321219113  0.03024272140209359
  0.04075841015331641  0.05128299061110331  0.06182873383932577  0.07238647132161928
  0.08294372629421676  0.09349352487476481  0.10404517131809675  0.11457354130545164
  0.12512361906675082  0.13566036978166260  0.14619992745228985  0.15675066718920702
  0.16729913646777023  0.17784909823882342  0.18838068399636354  0.19892257149682754
  0.20947884599954683  0.22004374224614004  0.23062241312588763  0.24117885664092725
  0.25174315157700766  0.26230909923176382  0.27288438435302881  0.28345750921641150
  0.29398557568049993  0.30451074022799957  0.31502588864220055  0.32555017935831321
  0.33608519465051956  0.34661221588067465  0.35714819027821598  0.36767029683162356
  0.37820882756798524  0.38877499708733476  0.39934975023379488  0.40989672090553403
  0.42041943257900050  0.43093490503931303  0.44144770599733357  0.45198935267949397
  0.46251899131982904  0.47305660288278378  0.48358827741991778  0.49413085128009143
  0.50466116580584086  0.51517953292818330  0.52566061705760458  0.53616452033334105
  0.54668261852636901  0.55723436620548705  0.56778821039836702  0.57833467495655544
  0.58889539742409869  0.59944381207663278  0.60998981050972578  0.62052220784759238
  0.63104665118257830  0.64155815663856641  0.65207903927016853  0.66261271363681495
  0.67313519487424600  0.68365890283636832  0.69420604251903018  0.70476720434647944
  0.71534934958585594  0.72591433239695879  0.73645989584399563  0.74698837030362919
  0.75751178451866230  0.76805727043862426  0.77860038613769500  0.78916027903501085
  0.79971199070936649  0.81027204569813804  0.82081304920368658  0.83135412018515409
  0.84187699516556036  0.85239130308379973  0.86293435537164120  0.87347727627684957
  0.88402886878853426  0.89454283136951618  0.90506644207997944  0.91560809112756025
  0.92615553627444225  0.93672539622281392  0.94728178358711301  0.95785603305197586
  0.96837896313796856  0.97889599458925891  0.98943203246691280  1.00000000000000000
   1.5498580218481000E-002  -1.0000000000000000     
 F F F F F F F F F F F F F F F F F F F F F F F F F F F F F F F F F F F F F F F F F F F F F F F F F F F F F F F F F F F F F F F F F F F F F F F F F F F F F F F F F F F F F F F F F F F F F F F F F F F F F F F F F F F F F F F F F F F F F F F F F F F F F F F F
  <DiscreteSampler_grid>
  grouped_processes
  1 # 1 for a reference and 2 for a running grid.
  10 # Attribute 'min_bin_probing_points' of the grid.
  1 # Attribute 'grid_mode' of the grid. 1=='default',2=='initialization'
  0.0000000000000000 # Attribute 'small_contrib_threshold' of the grid.
  0.5000000000000000 # Attribute 'damping_power' of the grid.
 # binID   n_entries weight   weight_sqr   abs_weight
    10   10   4.174288050657192E+013   3.182558841667722E+027   4.174288050657192E+013
    11   10   4.174288050657192E+013   3.182558841667721E+027   4.174288050657192E+013
  </DiscreteSampler_grid>
