  0.00988644785537763  0.01590400802193539  0.02505018902235245  0.03577628843114610
  0.04610107762813801  0.05642722314411588  0.06675794027719981  0.07708412413796313
  0.08744732511531061  0.09789474420288503  0.10835460209446324  0.11882816347116791
  0.12928106534500333  0.13972425691032481  0.15016199674402328  0.16054919080331814
  0.17092281344436491  0.18124693922234331  0.19158733372145567  0.20191383167394972
  0.21227968951535675  0.22262412627979974  0.23299458671910850  0.24333076341921611
  0.25367473713694894  0.26402289591527101  0.27437344131588104  0.28472283969959256
  0.29507304470056334  0.30545885015234781  0.31588275980604352  0.32630792689064736
  0.33671865991177624  0.34714409157242038  0.35756038114133537  0.36798535166262780
  0.37838322909325445  0.38878232978889049  0.39917908954227582  0.40955666222513137
  0.41992424480397250  0.43029348350407270  0.44066635030888218  0.45103199742729427
  0.46139074043496842  0.47173863904764551  0.48209189561314281  0.49244911457140056
  0.50283178337832402  0.51323148012589792  0.52361324236048523  0.53399079351931722
  0.54435263291787017  0.55469170250830413  0.56500236822230554  0.57531885149353224
  0.58567101370157637  0.59604426470802552  0.60642397822714256  0.61680351021703594
  0.62718188744976677  0.63756191502353432  0.64796567757928292  0.65841436566384515
  0.66888628057615174  0.67933535886917484  0.68975209242391700  0.70015554821351911
  0.71054441019409942  0.72090049942545820  0.73121328313737655  0.74152274677167829
  0.75186424702275723  0.76224767446548147  0.77266341069865374  0.78309026233595924
  0.79349898221601189  0.80385441726391371  0.81418994936350497  0.82453163858174083
  0.83493843891547481  0.84536874748249968  0.85581095423935338  0.86624290581001451
  0.87667881925611058  0.88709586887266612  0.89747312017352787  0.90783740487722375
  0.91820698267284273  0.92860532072329405  0.93903063124155239  0.94944694278065545
  0.95986237748341241  0.97022278920186533  0.98056163636072435  1.00000000000000000
  0.00950195750799620  0.01642993051197338  0.02521778613879876  0.03609437087434402
  0.04649788838782242  0.05692342726565312  0.06733946526521728  0.07772984372183743
  0.08810196661002552  0.09845674448390704  0.10879683299215957  0.11915393372097639
  0.12955101399732072  0.13997304030141355  0.15034978031180565  0.16069430398687290
  0.17107948707637460  0.18146993250056026  0.19186730968216820  0.20220024054923885
  0.21255461090060415  0.22288882738866070  0.23324745970766728  0.24363038697354727
  0.25405282600052181  0.26449613863407584  0.27489929221292181  0.28529451173258480
  0.29565817582944354  0.30605394942413661  0.31644340868284287  0.32682553286688787
  0.33719589507987485  0.34756154700642344  0.35792886924645168  0.36827816114374351
  0.37867282628214871  0.38908175126686140  0.39951606865193623  0.40991344314383121
  0.42027665147073340  0.43063114430319255  0.44099267239819573  0.45140397717746172
  0.46183883435290662  0.47227600108189943  0.48268856472304600  0.49307890414743666
  0.50343784342777242  0.51379507144280978  0.52415974833863310  0.53453114121982759
  0.54489684867990917  0.55525178141047327  0.56562336153328141  0.57602313841858799
  0.58642808657906786  0.59680847658260761  0.60714916156737597  0.61748864884241428
  0.62784478377797592  0.63821252770459191  0.64857846483602244  0.65893702633953954
  0.66929736776223325  0.67964285620276899  0.68999005085257614  0.70032699765326578
  0.71065782360828078  0.72099643899915855  0.73136520543030581  0.74176250988930703
  0.75214064078969844  0.76248884669464634  0.77283324621167848  0.78319398279274166
  0.79356906360648272  0.80394484931988375  0.81435287998620343  0.82477223995592241
  0.83519175763446030  0.84554388791507007  0.85588900769746312  0.86623030343062302
  0.87660545649544508  0.88699691248924628  0.89740753546591712  0.90781830322308943
  0.91821293078265520  0.92858393405461392  0.93899217695459836  0.94942140832465871
  0.95982371576331460  0.97019101713351485  0.98051667713423651  1.00000000000000000
 -0.00222337868417263  0.00971600056992332  0.01997313606786736  0.03057750686528391
  0.04115042470340045  0.05164473754648094  0.06214667143283487  0.07268189420809056
  0.08320862349663577  0.09372317286610567  0.10424764077053041  0.11480197866644387
  0.12534348371204543  0.13587672542139359  0.14638394417780898  0.15688075050191100
  0.16736132177385882  0.17783688013541316  0.18833985263436881  0.19883764597705644
  0.20932935507025940  0.21987686364195580  0.23045245546661053  0.24108105110105069
  0.25167913207727133  0.26226007047740058  0.27283729508315990  0.28334230222388918
  0.29382942213218366  0.30431461191918080  0.31489319162098517  0.32548102120842243
  0.33601479039139026  0.34650155134890542  0.35700845933311492  0.36753947301868839
  0.37802369408027930  0.38850680648622204  0.39901820991532305  0.40957647323362872
  0.42014015654548120  0.43069292368941808  0.44123657672487393  0.45174208945802469
  0.46224620621035989  0.47277364735366861  0.48335313466146801  0.49399312094653780
  0.50459471837209391  0.51518471213055173  0.52569485109897718  0.53624610878657120
  0.54678710843970679  0.55730901929839460  0.56781543685622227  0.57837705724557587
  0.58895724780734704  0.59951439153147679  0.61003543787332803  0.62060550634870015
  0.63121206448663947  0.64176499776113560  0.65226519568646124  0.66276856041521082
  0.67328621322737392  0.68384260159077548  0.69441507580084672  0.70503065778836482
  0.71561563309670462  0.72613305185791710  0.73663910459558768  0.74709755945581136
  0.75758414888313352  0.76806772405213675  0.77862277532662005  0.78917804652895152
  0.79972059410862406  0.81022957498601944  0.82077354058944674  0.83127165469565301
  0.84180349560841639  0.85226400265762892  0.86278616080018755  0.87331637947490592
  0.88388600876343282  0.89443635727588999  0.90498106718213500  0.91555172225810200
  0.92611371684873967  0.93671075275530924  0.94730100741869661  0.95788607951311500
  0.96839036505181431  0.97890625696032618  0.98944307720042346  1.00000000000000000
 -0.00247762366352575  0.00952271692939426  0.01964487657333237  0.03009162216761592
  0.04054271617121435  0.05103315453304558  0.06158180160104354  0.07218833696759601
  0.08275682094697392  0.09330934179582773  0.10384419655486475  0.11447398595843895
  0.12512652060655499  0.13571781856226503  0.14622566436594056  0.15670987486045326
  0.16720709424811792  0.17773564105710551  0.18824078553503285  0.19875806990546493
  0.20927483197046304  0.21983551715710759  0.23039000200336476  0.24096045596962279
  0.25142888469069097  0.26191702668855693  0.27241567302930714  0.28302861689241726
  0.29359617015464823  0.30412659390240582  0.31464360800458463  0.32522087439953640
  0.33581866501526692  0.34639622478260501  0.35697731517738723  0.36749057534963908
  0.37806017625704369  0.38858571161718541  0.39920684290433506  0.40976878785693199
  0.42035003225795126  0.43084301683876131  0.44133895894259928  0.45178716836202704
  0.46233511473627914  0.47284420048388115  0.48337217133635274  0.49385763723300774
  0.50441097813454594  0.51497512525945321  0.52551564345238322  0.53599680616137235
  0.54651263424490348  0.55707629770924860  0.56766035867640063  0.57823128774512267
  0.58876218432290361  0.59932239901305906  0.60987852184601632  0.62047546086830030
  0.63106121047350339  0.64163407072666911  0.65218764265009466  0.66276259282259287
  0.67331942992181215  0.68384511519130287  0.69432960579891267  0.70481923307307204
  0.71532373196901067  0.72580685756473196  0.73630778802321706  0.74681659029841829
  0.75735338668033625  0.76787945243127564  0.77847049045061656  0.78909676465157197
  0.79972024060643188  0.81026473207642902  0.82077045062497678  0.83130250209245515
  0.84182669734019133  0.85239983164694177  0.86291469870535120  0.87347876859254303
  0.88402113095359003  0.89461425886120338  0.90517647736254647  0.91570161122758387
  0.92622481652696598  0.93673975038132407  0.94728028708457235  0.95779924175356057
  0.96837142281821553  0.97893602302030414  0.98949508729764735  1.00000000000000000
 -0.00250116800400554  0.00944986581017442  0.01960465726775059  0.03013371530915340
  0.04071326146781364  0.05127749026134459  0.06180789302856336  0.07232261448199954
  0.08281182546094355  0.09330462650224809  0.10379624693202520  0.11431252535400536
  0.12482998311761945  0.13533829953892765  0.14587458515712945  0.15643451869034858
  0.16698528031359525  0.17752513572841766  0.18807964214409201  0.19865500210157391
  0.20923609882906208  0.21979839639249329  0.23034416726723816  0.24087835804387389
  0.25142315295252554  0.26199583469005178  0.27256053668728447  0.28312660815221069
  0.29369682097169930  0.30431275820944853  0.31491783035200827  0.32551043059163598
  0.33603905350335633  0.34656319733300650  0.35707533638482586  0.36762360908030545
  0.37823086963688535  0.38882662724900724  0.39938739026904080  0.40988280062660437
  0.42038463071891330  0.43088275614764959  0.44138271549280600  0.45192582001004622
  0.46247708894784095  0.47303520238817476  0.48356757630356723  0.49410014741515185
  0.50460438368395522  0.51514083684207468  0.52569704389914973  0.53629336756551305
  0.54683998435995229  0.55740205435492529  0.56794797514193029  0.57851266492989617
  0.58906596559897195  0.59963369037426484  0.61016962732370372  0.62072717829604607
  0.63130473272345444  0.64192566633617787  0.65247978304994692  0.66304506655219309
  0.67357846643203945  0.68413529736923373  0.69472421956533126  0.70530793838503669
  0.71589807387276527  0.72640329692440908  0.73694298316565565  0.74747445692550052
  0.75798890664454921  0.76851048102223529  0.77905005027048035  0.78963128635968227
  0.80021152629608927  0.81074852546944032  0.82130877834514338  0.83187032630934044
  0.84244320589380328  0.85293436299170711  0.86336807195028931  0.87382332935911844
  0.88438110927186242  0.89495810958392075  0.90551177446662923  0.91601321702647587
  0.92651033242857184  0.93701254049030103  0.94752012492989457  0.95804983808945898
  0.96855132296404922  0.97907205086639504  0.98954184253753796  1.00000000000000000
 -0.00238392325417955  0.00962504285835936  0.01982977182455875  0.03038578134478175
  0.04096740003968231  0.05152619436389143  0.06208720084426382  0.07261844674550540
  0.08313003558750742  0.09363323819911112  0.10415561256511519  0.11477476376659532
  0.12542452544496061  0.13607037894580887  0.14661970017356929  0.15716356199028941
  0.16767159540217513  0.17819519014662080  0.18868362443653028  0.19922039681999870
  0.20975387587089103  0.22027517759388546  0.23078980290341955  0.24128868568185446
  0.25178778814203623  0.26227107311135328  0.27277961777236437  0.28334477728010304
  0.29389587396763339  0.30443420713539016  0.31495838989223413  0.32549262357120595
  0.33602588243793619  0.34653695440112819  0.35702497533080846  0.36755255079373245
  0.37806642053950695  0.38862831897350536  0.39918997514871712  0.40985002818844429
  0.42046757546417962  0.43105065502831375  0.44158629589480647  0.45213662268721361
  0.46265397717711965  0.47311536598360610  0.48359688309075621  0.49413172306025194
  0.50473688937170869  0.51527459581409052  0.52573743387258998  0.53615973953297258
  0.54665475330214319  0.55721979741746319  0.56778637454316450  0.57830719077914616
  0.58880961272606025  0.59932624316978911  0.60984655332725934  0.62033931522052166
  0.63079157434017330  0.64127378537575319  0.65180536189283100  0.66233811035875867
  0.67291778033206373  0.68350371653092878  0.69409374766464360  0.70465496903246416
  0.71518877897623745  0.72572173104411186  0.73624226044105934  0.74677305401350402
  0.75737204829001392  0.76795911142531148  0.77853086313221342  0.78909064268844287
  0.79964956892484762  0.81023738079907892  0.82081921494082200  0.83135482349136669
  0.84186850683174796  0.85234513914718657  0.86290406061571967  0.87347222718113449
  0.88409134389013688  0.89466669997118276  0.90524955275738916  0.91577786054279386
  0.92631368853862461  0.93686350393517770  0.94740310153870111  0.95796308716884693
  0.96846409351939311  0.97898664230256038  0.98947974224554480  1.00000000000000000
 -0.00194247737447356  0.00972968980765490  0.01994106791441221  0.03045382034182881
  0.04097962577752619  0.05144818519872144  0.06193131113814104  0.07242583134566530
  0.08293419644161587  0.09344377936907285  0.10393958590914122  0.11444886533561392
  0.12496699302405595  0.13550970481298663  0.14606911087974236  0.15661708211422098
  0.16718615834842301  0.17779425453872805  0.18838287187234612  0.19894048728776367
  0.20941541923386400  0.21992001025340135  0.23042135941233696  0.24097143735769419
  0.25146509755821844  0.26197660069673573  0.27249163015703848  0.28304393234011521
  0.29354790857888385  0.30407930388057230  0.31462557337362351  0.32521700034567880
  0.33578066806632162  0.34637422037600424  0.35699893416194267  0.36763643782153832
  0.37825487539179387  0.38882693098628485  0.39940306212737242  0.40998462566211746
  0.42063179215054580  0.43123772380909609  0.44180461147756217  0.45230687192773494
  0.46282260610056902  0.47337099434637231  0.48387475227991206  0.49442957937694038
  0.50497921690161807  0.51561363174451069  0.52619167454805482  0.53676081766689443
  0.54725561636728892  0.55775143387042281  0.56825759814489896  0.57880246264670598
  0.58936657808582693  0.59986266641041952  0.61033424500346767  0.62081069384275223
  0.63131437346794994  0.64183532301959922  0.65232697785639548  0.66283824327902430
  0.67336486640654813  0.68393583819504600  0.69452777812643152  0.70515533028546673
  0.71578396452392878  0.72640198974656367  0.73696305931055850  0.74747603353551928
  0.75796046380128301  0.76847841929034399  0.77903635046278374  0.78960976299890795
  0.80015038149730711  0.81067016103980905  0.82122949653451693  0.83179400194605768
  0.84231603146221312  0.85275111090188760  0.86319668832803964  0.87364646235307419
  0.88415099827658505  0.89464246369471034  0.90515116820083708  0.91566791610003928
  0.92618463709929233  0.93676134524004107  0.94735092823856726  0.95795428925855630
  0.96848781012698104  0.97899099108835674  0.98948934199365512  1.00000000000000000
 -0.00252327879581331  0.00977391332313356  0.02000938993091441  0.03056164849099011
  0.04106403932660853  0.05157206337695368  0.06210822993722045  0.07265277435519343
  0.08323144118414802  0.09381494069888942  0.10437281398518963  0.11488600830468196
  0.12542783580428415  0.13597082991953224  0.14656061307164014  0.15711746634402099
  0.16770637580634642  0.17829997482607662  0.18890877759328120  0.19951776679306779
  0.21006073906699349  0.22067577981046654  0.23123790293115654  0.24181363576433601
  0.25227854049740722  0.26275862197391514  0.27323552628034492  0.28369412426802093
  0.29413920303945362  0.30464725495408668  0.31522049576950162  0.32578662213276005
  0.33631149402071536  0.34683327211106812  0.35746802141838985  0.36808869410290213
  0.37867124424257664  0.38913703892549273  0.39963553129720580  0.41013873299155118
  0.42066074189052727  0.43116939737051602  0.44166794991080993  0.45219456542388203
  0.46269952931301700  0.47326037451969716  0.48384808098041054  0.49449511890054615
  0.50512168695096360  0.51571402738734906  0.52624688292824773  0.53680334270450902
  0.54738643695414813  0.55799304657328552  0.56853909749053222  0.57905239537667264
  0.58953499889744376  0.60004708699169540  0.61053683132875014  0.62104050943525801
  0.63151378728291541  0.64202972374682865  0.65257542271530489  0.66315153942162741
  0.67374840450552820  0.68427959174265029  0.69478872687837323  0.70523399451159596
  0.71574192819696170  0.72621965959353318  0.73674056056742221  0.74724601006118174
  0.75778765737006060  0.76829740858011197  0.77875021033022040  0.78922974956161029
  0.79973626454019442  0.81026828407083895  0.82082473561639369  0.83133652610613262
  0.84186630120354788  0.85232610708193068  0.86282349845161677  0.87332888615832105
  0.88387602755587746  0.89443370844438752  0.90500936834027490  0.91558139912104586
  0.92612116835837321  0.93666493758369807  0.94719318623253701  0.95776071070312485
  0.96830800505848691  0.97887137595182283  0.98942667847180488  1.00000000000000000
   1.9284816019214790E-017  -1.0000000000000000     
 F F F F F F F F F F F F F F F F F F F F F F F F F F F F F F F F F F F F F F F F F F F F F F F F F F F F F F F F F F F F F F F F F F F F F F F F F F F F F F F F F F F F F F F F F F F F F F F F F F F F F F F F F F F F F F F F F F F F F F F F F F F F F F F F
  <DiscreteSampler_grid>
  grouped_processes
  1 # 1 for a reference and 2 for a running grid.
  10 # Attribute 'min_bin_probing_points' of the grid.
  1 # Attribute 'grid_mode' of the grid. 1=='default',2=='initialization'
  0.0000000000000000 # Attribute 'small_contrib_threshold' of the grid.
  0.5000000000000000 # Attribute 'damping_power' of the grid.
 # binID   n_entries weight   weight_sqr   abs_weight
    10   10   3.819078489716186E-003   2.554829943308472E-005   3.819078489716186E-003
    11   10   3.819078489716186E-003   2.554829943308475E-005   3.819078489716186E-003
  </DiscreteSampler_grid>
