  0.00954020738786085  0.01555707614254158  0.02482810116098147  0.03559479660342694
  0.04595871634758422  0.05634805149579478  0.06671308846324830  0.07705763365238767
  0.08744971149104745  0.09787630735730429  0.10829821947066526  0.11868356335712126
  0.12904636258181196  0.13942526203073002  0.14980739917221650  0.16020615109081515
  0.17057347194713487  0.18093586032119707  0.19129662714204052  0.20167958157145585
  0.21207134256886950  0.22245345501791644  0.23283800216756992  0.24321459591524566
  0.25359462730225540  0.26398339466398946  0.27439072212573179  0.28479460538343754
  0.29518224134392118  0.30555661505733289  0.31592532288760772  0.32631935486624558
  0.33673211042622564  0.34713931225853661  0.35753094981826833  0.36790815568196678
  0.37831108414722736  0.38871463420109809  0.39911591365881272  0.40950794374078292
  0.41990498083961569  0.43029491952139498  0.44067200721819538  0.45103075794551328
  0.46140559538945691  0.47180654043215642  0.48221984317020183  0.49261667635863660
  0.50298880668211454  0.51334912097486685  0.52370460278351805  0.53405943421090729
  0.54441266219057405  0.55475597248150510  0.56508719068751390  0.57542410745729855
  0.58577138303940890  0.59612975960531833  0.60649704766571133  0.61687466941372293
  0.62726646528322816  0.63766834519586191  0.64807626437857435  0.65847797662187213
  0.66885715903141807  0.67922654900359425  0.68960735619628988  0.70000231270379443
  0.71040272175579666  0.72079341267488084  0.73119522955483185  0.74160694072836819
  0.75200469353051946  0.76239487234486492  0.77276793824916223  0.78315332577924723
  0.79355082577689218  0.80396084444604932  0.81437033747041621  0.82475919815098908
  0.83514336863402860  0.84553999439578131  0.85593640328953902  0.86632773448920175
  0.87671982457807118  0.88711205945583871  0.89752270848633020  0.90792101955287796
  0.91832053413631620  0.92870435555253827  0.93909857149506659  0.94948358226646246
  0.95984929933894447  0.97019027612983566  0.98051913080475206  1.00000000000000000
  0.00946395215124726  0.01623584356004881  0.02519031525927128  0.03598896414717905
  0.04632050763753490  0.05668999778489969  0.06706137373484268  0.07743167140881295
  0.08783018380136169  0.09821886881096756  0.10859435501626377  0.11893709380164803
  0.12929315471688194  0.13967932660884852  0.15011147404833383  0.16052877471825439
  0.17092993046292923  0.18129700982817773  0.19166857431517137  0.20203413290384978
  0.21241197026551031  0.22280730485973133  0.23319007945598519  0.24356113308851948
  0.25392786761547548  0.26432391545330342  0.27472921482062168  0.28512050060046484
  0.29547271359012567  0.30582915903647823  0.31617506750406776  0.32655304719452738
  0.33691988087946301  0.34729355002810353  0.35764244482606977  0.36798944935377398
  0.37835115846964673  0.38874101447094128  0.39912156045215619  0.40949767836304690
  0.41986237882893129  0.43024414631427738  0.44062703021516814  0.45101190466433932
  0.46140371672767427  0.47180379176845544  0.48219267045101011  0.49256690911727302
  0.50292101150736435  0.51326862040988552  0.52361537681469628  0.53396756082582542
  0.54433559436383283  0.55471757956648182  0.56509766759841285  0.57546867714581196
  0.58582825878414135  0.59618784650146239  0.60655724153963575  0.61694038472634738
  0.62733865701410063  0.63773380082107434  0.64811956746404975  0.65849867341454615
  0.66886434480000945  0.67922035418110016  0.68958207904008595  0.69996460779276859
  0.71036885923539306  0.72077341273235851  0.73116881900562614  0.74156188971209447
  0.75195120923141734  0.76234637212654710  0.77273194174440762  0.78310930372503573
  0.79347001953288410  0.80380381898123165  0.81413848819684564  0.82448890343047587
  0.83487715142710184  0.84527922150160917  0.85569153640727946  0.86611126314142028
  0.87652705746116510  0.88692264006617805  0.89731776007022657  0.90772524751851835
  0.91813558939209061  0.92853129638851495  0.93890665386774841  0.94926787977819005
  0.95964608965242115  0.97001453032501050  0.98037874532813518  1.00000000000000000
 -0.00239026817943385  0.00957922918240095  0.01976181826468229  0.03030886212091645
  0.04086721170454779  0.05142494347169566  0.06198652082459510  0.07253879797861953
  0.08312359178185844  0.09370235056101821  0.10428771812786293  0.11482181100341544
  0.12536449256523427  0.13592273107890596  0.14650119931542027  0.15706777146699952
  0.16762434989209160  0.17817330508463036  0.18872948760039041  0.19925470118601196
  0.20977597366322934  0.22028861594991353  0.23082561076234367  0.24139512915777536
  0.25196883106708240  0.26252459946168549  0.27303402882569622  0.28354222396528189
  0.29405367985846376  0.30457776488100707  0.31510345195168404  0.32564224521742385
  0.33619710136557268  0.34674144980765120  0.35728613019883460  0.36782223739847292
  0.37832485650181119  0.38880980238588381  0.39929722230702219  0.40982071116014157
  0.42035888756351064  0.43087880356862074  0.44141005344303286  0.45195963951592338
  0.46253893951695030  0.47308532734445125  0.48361329449774065  0.49414257403264650
  0.50468619506013013  0.51524318322947704  0.52577181717073573  0.53630078536441084
  0.54683873301125652  0.55738045946270931  0.56796568862033314  0.57852943933963874
  0.58908561282782568  0.59961740696315058  0.61015925200614640  0.62071649116478433
  0.63126910817110782  0.64182293397437173  0.65237943618952754  0.66294394820739710
  0.67347799245828188  0.68402077443716869  0.69452998006469968  0.70504972626492124
  0.71553902867556873  0.72605898480019071  0.73660074748621363  0.74713919239859605
  0.75766541929980935  0.76817762878887885  0.77869811085776564  0.78921722617214840
  0.79974963686859601  0.81027600575960879  0.82080389935706022  0.83132954507467416
  0.84190525578196074  0.85249419568091711  0.86306898144737010  0.87361193482075494
  0.88413623988103196  0.89465831238600191  0.90520440088398679  0.91575747373871041
  0.92630901296371071  0.93684451135177504  0.94734903536412873  0.95786565308319760
  0.96837291044774143  0.97892795814016520  0.98947031082467951  1.00000000000000000
 -0.00250925748776465  0.00949556155381583  0.01966170051293773  0.03017186632237822
  0.04072308918025153  0.05124738141073196  0.06179916517790713  0.07233092599627282
  0.08288859913871870  0.09342699976676680  0.10397927566511145  0.11451031131875278
  0.12506964875266569  0.13560718786866049  0.14614863792577565  0.15666687477283925
  0.16718963250043092  0.17772493132051548  0.18825608569835417  0.19878753295629392
  0.20935400159455073  0.21992962461145132  0.23050865943657323  0.24107716058970707
  0.25165132555778774  0.26224831963453360  0.27281838297422850  0.28336244964380480
  0.29387691464998628  0.30440468286542832  0.31494659956445176  0.32553299107335903
  0.33612158711615159  0.34670253433670323  0.35725603560042740  0.36778662027392744
  0.37831569070310400  0.38884178385349488  0.39936707010688927  0.40992912614547539
  0.42046210105349230  0.43100151666467945  0.44154227817516978  0.45209844390467047
  0.46269168960074331  0.47325296596565486  0.48379581094275370  0.49428495188583998
  0.50478114976179300  0.51529192427440396  0.52582309840284991  0.53635392439303231
  0.54690066088222300  0.55745324071326396  0.56797921811934704  0.57851657975770621
  0.58901396953050522  0.59954514197154785  0.61008628173342994  0.62067115853715249
  0.63125834317486984  0.64179335610334398  0.65231671146619130  0.66279178547433981
  0.67329251742975060  0.68378635434754720  0.69432669829580707  0.70486268023778809
  0.71539029252137587  0.72592270444381823  0.73646386964595445  0.74702982103434623
  0.75756957240098521  0.76810342535511511  0.77863239242466575  0.78915419015901833
  0.79968174075016607  0.81021765327095208  0.82076100658547979  0.83133288790740556
  0.84188312842866064  0.85243370784027794  0.86295217673747782  0.87345472689996873
  0.88394816566444168  0.89446087980616340  0.90500255133020857  0.91555956898366042
  0.92612135807677209  0.93667424161704249  0.94721575079014675  0.95774076139757536
  0.96826778249810086  0.97880426261004716  0.98938754213647184  1.00000000000000000
 -0.00250278799858198  0.00955980942456767  0.01973942774786775  0.03023609334027523
  0.04077674843946309  0.05129585671095806  0.06182099850183105  0.07233589097432995
  0.08287743798932100  0.09342966956205145  0.10396930579771603  0.11452478412297067
  0.12507409451694951  0.13562961364575291  0.14618428705274583  0.15671264713447910
  0.16724947327440895  0.17774877226558422  0.18830276754156408  0.19886090779939519
  0.20942415357415087  0.21997045579891730  0.23051500385374687  0.24107139874996653
  0.25161120209879384  0.26215120197427416  0.27271464467702150  0.28329199313529818
  0.29387030619324039  0.30444995468572972  0.31503262829200890  0.32560219173202098
  0.33615066445009306  0.34668360291877931  0.35725979364528571  0.36783783423238925
  0.37842973932565865  0.38899954562826361  0.39956323947605754  0.41011692980090619
  0.42064440194563552  0.43118229312521583  0.44170225609233160  0.45223450517047370
  0.46274940927030211  0.47329975431909616  0.48384367828248770  0.49440520739090471
  0.50493605521123275  0.51550144756340210  0.52604567051429729  0.53660468970109854
  0.54714440537275777  0.55770159982259415  0.56821578657053373  0.57871585597969244
  0.58921145479453318  0.59976255653930544  0.61031581521979694  0.62083770783622494
  0.63132942919861224  0.64181372650311597  0.65233528173134359  0.66285142787051843
  0.67340537055844196  0.68396149214575630  0.69452816086503144  0.70508556955549351
  0.71562631430915014  0.72616117254011081  0.73665781207601921  0.74714279447273457
  0.75762366092523614  0.76813430404766481  0.77866117060385109  0.78921267210652979
  0.79975197453760249  0.81028419972822718  0.82081576132672485  0.83133611574763011
  0.84186202203094729  0.85238165700787549  0.86291216734390874  0.87347007546900779
  0.88401320653583459  0.89452984732256735  0.90502978011064850  0.91556026749907415
  0.92612316156918661  0.93667877352932161  0.94722622021493674  0.95778186075439586
  0.96830854399348132  0.97886361675171973  0.98941595704119423  1.00000000000000000
 -0.00253478115473986  0.00944335800903555  0.01955233374424883  0.03002746659010366
  0.04052498942984879  0.05105090864138576  0.06160381050484656  0.07216759832756495
  0.08274295911912005  0.09330553502470490  0.10383235417900870  0.11436594026728250
  0.12488961258955529  0.13543465871998189  0.14596428349310231  0.15647471018971845
  0.16695401005055358  0.17743860818530843  0.18797959247683874  0.19854923931139370
  0.20914167865056926  0.21970644196442488  0.23028013912761575  0.24082580729995387
  0.25137192165233224  0.26189988160949929  0.27245288240108401  0.28299955141396954
  0.29354653677022069  0.30407553735537135  0.31460916867393796  0.32515410418131113
  0.33569709996141323  0.34624224561649519  0.35677384622294050  0.36731878921018390
  0.37787936727020582  0.38845468581749243  0.39900255095355885  0.40953744453634500
  0.42005281962877333  0.43059447248072896  0.44112985973289914  0.45167013851309029
  0.46220921471556614  0.47274151661425035  0.48327634076925768  0.49376666480777059
  0.50425754333191397  0.51477232645209692  0.52533184479347128  0.53591863715364607
  0.54649059114612475  0.55707017520896818  0.56765756768478037  0.57824199137345444
  0.58881571016057599  0.59939490831545250  0.60996297498498231  0.62051832479850466
  0.63102485743641290  0.64156403235094783  0.65212495226863332  0.66271950992122874
  0.67331157273485842  0.68387319903459265  0.69444332118455598  0.70499426246496155
  0.71556468063182366  0.72613627171333472  0.73671753699003806  0.74728092124845602
  0.75781607620038105  0.76833094601227203  0.77883625946105683  0.78933726929957881
  0.79983543487853115  0.81033854290360796  0.82084912266470589  0.83138326854137179
  0.84192547373318738  0.85245472568940528  0.86299525444208458  0.87352211242288713
  0.88407043081200587  0.89458661131688633  0.90510965956330003  0.91561391084585453
  0.92611735645333493  0.93663767416846722  0.94718221835773619  0.95773007984523262
  0.96828397341052930  0.97885655787655457  0.98942848528739624  1.00000000000000000
 -0.00250731636421898  0.00963951089824476  0.01985062796914512  0.03037677745995743
  0.04091985863123683  0.05146097414101868  0.06199527539484045  0.07254290047374951
  0.08308885615084939  0.09366646274008987  0.10423234795499620  0.11477114896920244
  0.12531127065990089  0.13581834103151352  0.14637159039191941  0.15690451460567656
  0.16746762974563320  0.17801255625998688  0.18857576934135087  0.19913236884637750
  0.20969063186664783  0.22023444611840706  0.23079446273004464  0.24134188972302317
  0.25190814396250188  0.26242902368031995  0.27297204357325877  0.28350442299767403
  0.29403910900720409  0.30452633818298896  0.31500135112494976  0.32550117307376175
  0.33605258118392789  0.34659983184998056  0.35714582836947262  0.36768087228053375
  0.37821883358163716  0.38876644408111410  0.39931922545808890  0.40988780067067682
  0.42044975880249857  0.43100146742790235  0.44151978645955547  0.45201939770710159
  0.46252268599843360  0.47307178508561376  0.48363490147726340  0.49421048851148713
  0.50477819578153249  0.51535305629626826  0.52590094378087948  0.53644583532054479
  0.54696878701756935  0.55750092705401977  0.56803091439720022  0.57859398658823824
  0.58913251562358382  0.59966743317968074  0.61017906412518663  0.62069270768417550
  0.63120059308936505  0.64172896492752884  0.65229155942917194  0.66283941286895054
  0.67336663869380209  0.68389635385268865  0.69443666878574051  0.70498535473228618
  0.71552474436002111  0.72606042881582189  0.73657352871160420  0.74708095091590887
  0.75760135795403927  0.76815380645362674  0.77869625772918760  0.78925460365273481
  0.79979688379401137  0.81035801147348563  0.82091564922454674  0.83149696765535108
  0.84205611042842199  0.85261239931782340  0.86312417941664954  0.87364663365333972
  0.88416983068158594  0.89469636261575791  0.90523075516083229  0.91573827146239883
  0.92624769917790517  0.93676134196137417  0.94728393262753297  0.95781021496237617
  0.96832336461224411  0.97885706282400042  0.98942336043882184  1.00000000000000000
 -0.00248681823987354  0.00960583450710773  0.01978928878919960  0.03030287530847576
  0.04085417617182821  0.05139208825395734  0.06193521570580158  0.07246102034550696
  0.08302202629011173  0.09358313755216500  0.10412550179785235  0.11463686495579424
  0.12515201281490768  0.13569458740112994  0.14623982615498446  0.15676683118433377
  0.16726363270246628  0.17775837859676080  0.18826476340788739  0.19880922283953592
  0.20936555758867118  0.21993614253805518  0.23049143960402588  0.24102554826598541
  0.25153431659969738  0.26203057010803987  0.27253366575276383  0.28307028728969352
  0.29362738114023090  0.30419084832063370  0.31476925050088300  0.32533873190043949
  0.33592365588013351  0.34645921159764581  0.35702370946150230  0.36756590272378975
  0.37810963698684857  0.38863285784375390  0.39915207340993997  0.40971858651491566
  0.42026022802628521  0.43080891408000671  0.44131179587890595  0.45183511357029038
  0.46236808071443647  0.47289151568032944  0.48343237365159741  0.49395876467196026
  0.50451842784822309  0.51502996932204870  0.52555167174093986  0.53606888100005401
  0.54659331635046682  0.55711250340792640  0.56762777931624331  0.57816284711340860
  0.58871516047126382  0.59925487231163688  0.60981488825691832  0.62039084621182694
  0.63094553156601962  0.64148156783791122  0.65199394480893191  0.66251990542286376
  0.67306554971850885  0.68360396617909602  0.69414761673841618  0.70467088946288503
  0.71518121008560420  0.72571288896275299  0.73624584578793595  0.74681275090833099
  0.75736776443747000  0.76791718517531782  0.77844761861131939  0.78896775254852469
  0.79949369602422937  0.81000925776322530  0.82056261779441486  0.83111710729023780
  0.84168340824548593  0.85220845596829042  0.86273224417750127  0.87327160287534800
  0.88382774468926695  0.89440772998347429  0.90497165105113619  0.91551767005049967
  0.92607169172751125  0.93663186152683098  0.94721334686314940  0.95779552575609672
  0.96839109378401911  0.97898114477443277  0.98950624353200178  1.00000000000000000
   1.5460851330813862E-002  -1.0000000000000000     
 F F F F F F F F F F F F F F F F F F F F F F F F F F F F F F F F F F F F F F F F F F F F F F F F F F F F F F F F F F F F F F F F F F F F F F F F F F F F F F F F F F F F F F F F F F F F F F F F F F F F F F F F F F F F F F F F F F F F F F F F F F F F F F F F
  <DiscreteSampler_grid>
  grouped_processes
  1 # 1 for a reference and 2 for a running grid.
  10 # Attribute 'min_bin_probing_points' of the grid.
  1 # Attribute 'grid_mode' of the grid. 1=='default',2=='initialization'
  0.0000000000000000 # Attribute 'small_contrib_threshold' of the grid.
  0.5000000000000000 # Attribute 'damping_power' of the grid.
 # binID   n_entries weight   weight_sqr   abs_weight
    10   10   2.449841107829970E+013   1.531960352815891E+027   2.449841107829970E+013
    11   10   2.449841107829961E+013   1.531960352815889E+027   2.449841107829961E+013
  </DiscreteSampler_grid>
