  0.00953536936272593  0.01556260530742679  0.02480088845815066  0.03554554283299605
  0.04588696986993665  0.05626777104779065  0.06665789359840445  0.07703562293518068
  0.08742551676561230  0.09780418005112226  0.10818829897411349  0.11857096567466875
  0.12895757857565321  0.13934123263879344  0.14971342038960625  0.16009230969219068
  0.17045497018555081  0.18083125371930417  0.19120535834719776  0.20160892082733911
  0.21202158414004879  0.22246018140675128  0.23290481408190461  0.24333437473341887
  0.25372961508427039  0.26410307265533500  0.27448546934146306  0.28488787053181269
  0.29529340584783331  0.30568329290961727  0.31605501200288111  0.32642858152207577
  0.33680303480868362  0.34716984621374963  0.35754413193528839  0.36792947685327759
  0.37833193381026514  0.38871252999608613  0.39908334078496316  0.40946012226875617
  0.41984912335141966  0.43024018483039089  0.44062274932133960  0.45102295262353853
  0.46143981538795731  0.47184743738973234  0.48223934742302377  0.49261918630357887
  0.50298549524802005  0.51334316086174958  0.52369371699130385  0.53404991676335101
  0.54441852440812488  0.55479722929422326  0.56518664663924467  0.57556483240591394
  0.58593369398672257  0.59631481260280927  0.60671074418180138  0.61708469617346906
  0.62742657123909207  0.63776019380910542  0.64811855895976711  0.65851395420303738
  0.66891997232859179  0.67932603775566291  0.68972813199750072  0.70013209852896319
  0.71054723741826298  0.72096274105753599  0.73136628420890037  0.74175142720249776
  0.75212899775927033  0.76251402775507204  0.77290388935441934  0.78328790452646135
  0.79365795057049693  0.80402781038591964  0.81439863257305045  0.82479804623631736
  0.83519141015567411  0.84558024128506526  0.85593623534554109  0.86630468051572407
  0.87667735423284976  0.88706319590959548  0.89746811202159871  0.90788819454995784
  0.91831242428864679  0.92871058753105495  0.93911300338107739  0.94949470433459904
  0.95987049710645378  0.97020713513546353  0.98055027727353106  1.00000000000000000
  0.00953746443960174  0.01553826495418788  0.02479224363506352  0.03555337089570258
  0.04591857200807399  0.05632446439951833  0.06672055417580305  0.07709713626785281
  0.08746835572262464  0.09782240086026361  0.10820692455088828  0.11858905134103358
  0.12897862051867978  0.13933656335918496  0.14968136873934401  0.16003006803268943
  0.17040057954181048  0.18080008518877877  0.19121111302173152  0.20163267371685969
  0.21204400776885762  0.22246876814068903  0.23286817375818705  0.24326493978886404
  0.25363794056960853  0.26402532892201336  0.27442530062135639  0.28482959184912149
  0.29524547981004257  0.30563090997035663  0.31600018906908944  0.32635164486392754
  0.33672560811652524  0.34711072757726036  0.35748471661092152  0.36785885736410145
  0.37825139038786726  0.38862784914068371  0.39899202168873760  0.40933763769839521
  0.41968262301273568  0.43001794345937222  0.44036358431239014  0.45074167845338003
  0.46115508190117188  0.47158132191318664  0.48198605276816953  0.49238411102988605
  0.50277503599629536  0.51317937665156887  0.52357434640982548  0.53396582642903967
  0.54436101619474475  0.55475416550307655  0.56513566903931500  0.57551981287457610
  0.58591442011105277  0.59631855295467562  0.60671514198838250  0.61710612394547926
  0.62750427519119722  0.63790902923536152  0.64831795579215346  0.65871935518858316
  0.66910503766725438  0.67947294471128716  0.68983247141729209  0.70019840672550604
  0.71057405947065244  0.72095265875690684  0.73132132487099344  0.74169775714743935
  0.75208926537730292  0.76248096081518324  0.77286553607831343  0.78322838319820576
  0.79360536876213750  0.80397788570067441  0.81434981590706057  0.82471503320762485
  0.83508963838927097  0.84546815322450264  0.85585694513777610  0.86622642402285654
  0.87662485118682543  0.88703166985299320  0.89744821734091373  0.90784051472213434
  0.91821133915356024  0.92857575181343022  0.93892902362718955  0.94926270434214199
  0.95963617416788904  0.97003651154422066  0.98046880092663746  1.00000000000000000
 -0.00250198539270650  0.00954724531519780  0.01974625657469250  0.03031045364442056
  0.04087339022334985  0.05141603331664885  0.06195415026708904  0.07251634485654515
  0.08306406715856891  0.09362942448045353  0.10416961553611623  0.11471674543002958
  0.12525334537622443  0.13580449861082844  0.14634674767450526  0.15688227549524794
  0.16741982494294905  0.17797333123766587  0.18853306051217830  0.19908082917871320
  0.20960919598220104  0.22012938920067240  0.23066141462880091  0.24120689699637463
  0.25175991094632538  0.26231179365061336  0.27285464631740874  0.28339298792579409
  0.29390983062241699  0.30442699341196583  0.31496485202755670  0.32553032263914183
  0.33607223632993222  0.34660135144938736  0.35709500255019788  0.36762467181561104
  0.37814573450028421  0.38871950440194569  0.39929432349559452  0.40986526939499851
  0.42042729028526971  0.43095983213455469  0.44149933667399033  0.45201140029899906
  0.46253750838849944  0.47307170151244043  0.48361933825563114  0.49417154586144191
  0.50470090554234304  0.51520070759665471  0.52566587251484143  0.53615284052053291
  0.54666154707520342  0.55719593980500581  0.56772105620437430  0.57823042137584346
  0.58872715987188984  0.59921995431139596  0.60975578741169578  0.62032931193541274
  0.63090532622885021  0.64145158895610255  0.65199457443198017  0.66251608086031932
  0.67304821071670240  0.68356350725878201  0.69410543704564664  0.70464620629189478
  0.71519499013019527  0.72575762135122879  0.73630736686553067  0.74685828671747101
  0.75740140539435274  0.76794399523362522  0.77847444518183329  0.78900872722664639
  0.79955914410881790  0.81013936155748656  0.82071508286394079  0.83128529740755208
  0.84186742722737695  0.85244393601351542  0.86302310034146612  0.87358046052993343
  0.88412864915948053  0.89466177939990410  0.90518343107973898  0.91570261941266318
  0.92623950669203114  0.93677141870430980  0.94728141432991197  0.95780612416566846
  0.96831377355663728  0.97887766686309097  0.98942067895873997  1.00000000000000000
 -0.00241700437513709  0.00955184468948005  0.01972655662064525  0.03022996689056749
  0.04080363640254476  0.05136031016625651  0.06193882203308291  0.07247992039097273
  0.08301654473931434  0.09354819963108681  0.10408391264779331  0.11463107767552838
  0.12514773697920098  0.13567292112347312  0.14619386794937636  0.15674497409078333
  0.16729668855697472  0.17784720753621916  0.18838813597197338  0.19892367894164104
  0.20945527370147485  0.21998613427449268  0.23051401005938843  0.24104477928574339
  0.25157419440900597  0.26212844319748346  0.27264964945094255  0.28320206442227591
  0.29372277328327590  0.30429364336482462  0.31482711538791464  0.32538618277265358
  0.33592325618762009  0.34647670093641753  0.35703365512445051  0.36759592371206334
  0.37818397872595488  0.38876190816382972  0.39933696122410239  0.40987267379026210
  0.42040594837129086  0.43093098497210397  0.44145036900607215  0.45195722142003830
  0.46248808534053470  0.47302898427143392  0.48359540798173967  0.49414841104247709
  0.50471004045438594  0.51524769256120717  0.52579313263242289  0.53634631478191952
  0.54690517153864937  0.55746757876102493  0.56799116656093618  0.57852767947436512
  0.58903690674320630  0.59959298715881348  0.61014548783437872  0.62071932702199295
  0.63127108561221279  0.64180830534340072  0.65231044888364886  0.66277780598855773
  0.67325605914721098  0.68376958482704175  0.69435571647229055  0.70493903399431446
  0.71552176256304312  0.72610082772726336  0.73667414621990224  0.74723569849417382
  0.75778471081471355  0.76833140591603510  0.77889023100628241  0.78943370893346554
  0.79998723931909443  0.81051866668963268  0.82103601537052218  0.83153528435908342
  0.84208161625977906  0.85263999309339833  0.86320227018341467  0.87374236812197326
  0.88426438693970799  0.89478211436902189  0.90528286209652253  0.91580546090309434
  0.92632918324985158  0.93681883692826762  0.94731181974107481  0.95782302257513396
  0.96837362233619129  0.97890173857699869  0.98944800285352708  1.00000000000000000
 -0.00241062278429836  0.00945409967405215  0.01960586929839270  0.03010934416937981
  0.04068787215744267  0.05124604057240525  0.06181367847590211  0.07237004329661073
  0.08292091178768987  0.09347432846141908  0.10403225355417900  0.11458288253341244
  0.12513858498306776  0.13566045273998428  0.14619606470854096  0.15673037213858526
  0.16728558838797675  0.17786767870159917  0.18844192109982147  0.19896351413754654
  0.20947718931223683  0.21998492727335595  0.23053764626855930  0.24107066467130947
  0.25161617696298277  0.26216729200040639  0.27271006486975291  0.28326360735218659
  0.29379714474837199  0.30432418112393300  0.31483250531265022  0.32535897534565716
  0.33589541053002619  0.34643053132602447  0.35697424716461157  0.36751020489496827
  0.37806335185010903  0.38859731665075775  0.39915611474420398  0.40969406136998732
  0.42023149691192785  0.43075299633972408  0.44130271602377902  0.45186483306174319
  0.46242517681029888  0.47296948550632067  0.48349023237742328  0.49401574685500149
  0.50454846481825211  0.51510470809696240  0.52563473078129397  0.53616612808100139
  0.54668545786200462  0.55724299929765531  0.56780098044060923  0.57836979750970985
  0.58892029793777323  0.59946600942268113  0.61000000328980397  0.62053677310199340
  0.63105854664897620  0.64158291620452401  0.65208711754880810  0.66259386811035637
  0.67308587696239186  0.68363537248090744  0.69417516367967391  0.70475565377062399
  0.71529704255753301  0.72585111275727010  0.73637877693508136  0.74689990665918549
  0.75741499375688537  0.76793235546941530  0.77848683150542208  0.78901548755723416
  0.79955538935156545  0.81008647286935642  0.82064656837169536  0.83117428156907447
  0.84167066466322060  0.85219757814202934  0.86276621033348355  0.87335141061572086
  0.88389823135453094  0.89442746158459296  0.90498427732148490  0.91554868750789065
  0.92611444298640122  0.93667172089845552  0.94723890416421286  0.95780453531960552
  0.96834726107268043  0.97887968706538764  0.98943328386680252  1.00000000000000000
 -0.00237532418117093  0.00958473039693259  0.01976038423839545  0.03026884834872652
  0.04080255154759973  0.05133691188566905  0.06187405996478849  0.07241973028534235
  0.08295861818239014  0.09351625213742194  0.10405841327678353  0.11460992062774264
  0.12513791583867417  0.13567775694570733  0.14622913896800069  0.15677215573955541
  0.16729552694513547  0.17781501429446245  0.18835664603449812  0.19895652075580073
  0.20954643124338390  0.22014877444552525  0.23071189091383673  0.24124894925437224
  0.25177651719581268  0.26226599560922192  0.27279959624712269  0.28333493706571622
  0.29390642950670631  0.30447461806849324  0.31501377170501788  0.32553561100009287
  0.33603457159707284  0.34656094357481726  0.35710492314074327  0.36766028122887484
  0.37821879803422304  0.38875581699793810  0.39927172755777124  0.40977751954554753
  0.42030354327164593  0.43087309280475367  0.44144568536224676  0.45200337237947041
  0.46252648249753070  0.47308204179421842  0.48362238585903944  0.49417403463676046
  0.50467397679654979  0.51521505932262712  0.52576760542163792  0.53634634355552258
  0.54692901021383189  0.55749714875883594  0.56807388988772922  0.57859674108781767
  0.58910758877094460  0.59960602714157862  0.61013417928742164  0.62066658788233342
  0.63119469617056456  0.64173750733799995  0.65225523410972042  0.66276857973645087
  0.67323450998906531  0.68372436566495254  0.69420773836842853  0.70474398933339732
  0.71528868633431941  0.72586138558834246  0.73639093180473236  0.74693144154935465
  0.75748137546035543  0.76803125393970229  0.77858665967021590  0.78911932505337345
  0.79967160834090389  0.81020991437403567  0.82075571130886460  0.83129801016727656
  0.84186127811556910  0.85240225506303080  0.86295505746356005  0.87347163823705076
  0.88400671153494947  0.89452776161021608  0.90507262197434790  0.91560514044165853
  0.92615907053763591  0.93670427810542911  0.94725748283102829  0.95778696477215930
  0.96835309962559246  0.97891581208505685  0.98948145133721699  1.00000000000000000
 -0.00250917814624341  0.00944914854816509  0.01956198928664077  0.03004184350868638
  0.04056526061715014  0.05111287146849916  0.06166048016677084  0.07219468369357247
  0.08271801996212755  0.09322308943858372  0.10375110775201205  0.11427544876863337
  0.12479166453646454  0.13529408809525437  0.14581613663743931  0.15636112495379278
  0.16689521877682886  0.17744681364277112  0.18796514256151586  0.19851758497745262
  0.20904753506767151  0.21961067909508167  0.23018638334624930  0.24077737774079980
  0.25135926189633345  0.26192064929602282  0.27247932692814220  0.28303011554664259
  0.29356527273753563  0.30407721456380354  0.31461582842631525  0.32515695356247876
  0.33571838595415404  0.34626590473467100  0.35678878431594269  0.36730755241059448
  0.37783853904470588  0.38840195706923830  0.39895375516450104  0.40947346454438410
  0.41999974613548191  0.43054077269209851  0.44112508498908726  0.45168793087774628
  0.46225446624577066  0.47276759186109479  0.48329732040183998  0.49379813884942636
  0.50434508774980302  0.51486453092245887  0.52543483233246258  0.53596910284975707
  0.54650383746282982  0.55701857475771466  0.56753877423005794  0.57809154212967562
  0.58862295063583259  0.59918504914234150  0.60977176980074355  0.62037009141653154
  0.63094859075843290  0.64149883857095003  0.65206621582708491  0.66263070863692186
  0.67318062210775498  0.68370502725109683  0.69422887169793213  0.70475118038072193
  0.71528477507492916  0.72583341247965383  0.73640860508101946  0.74696781981680715
  0.75749970070080752  0.76798563914114470  0.77847178956701335  0.78897539651500903
  0.79949689016363856  0.81005126425799312  0.82058130546630359  0.83112093368046636
  0.84163364332844059  0.85218718125205661  0.86274390942893830  0.87333812284876666
  0.88391136833534334  0.89449422078737406  0.90502471264522100  0.91557464150027579
  0.92611620297386954  0.93668089611446625  0.94723824598164219  0.95779851402418636
  0.96838159289259185  0.97895145870293476  0.98949287356183047  1.00000000000000000
 -0.00247246552898149  0.00954958334504399  0.01973329174533298  0.03026526817963172
  0.04081730606465931  0.05135715271558269  0.06192009531910341  0.07248073973563617
  0.08301601547297895  0.09356204901044568  0.10408102603753705  0.11462463806420217
  0.12513836015783195  0.13566091808803471  0.14618819699482144  0.15670294251229622
  0.16725307714407295  0.17778226283677784  0.18833449659654092  0.19887177704243150
  0.20941366749271279  0.21995614527721868  0.23050001407994616  0.24104620812123001
  0.25158866472297869  0.26213766508518405  0.27268569944134952  0.28323957430771685
  0.29378073874184102  0.30430000375330341  0.31479341667539185  0.32531990852809783
  0.33587975546993176  0.34647535861934031  0.35704232749518772  0.36760310751050151
  0.37814575317287707  0.38869449844090814  0.39926265097544661  0.40981861895736993
  0.42035757415334346  0.43088350617520710  0.44143579473704991  0.45198044136845633
  0.46253543031160171  0.47312460068437145  0.48370996005759254  0.49425829476811456
  0.50473101620059890  0.51521958726068129  0.52572267385240401  0.53626141673252314
  0.54679683680889002  0.55732684892521922  0.56783077948500182  0.57833866910656739
  0.58885768076564260  0.59939801445447760  0.60995685015130785  0.62051228788601731
  0.63108821120646386  0.64164398982938819  0.65217615748857238  0.66267530797456575
  0.67315059780847875  0.68365864179552072  0.69418886576480443  0.70472062973320670
  0.71524189078521538  0.72575722957741684  0.73632146072485294  0.74689877325700993
  0.75747257570726523  0.76801362316347155  0.77854317333510148  0.78907761115492037
  0.79962665728496574  0.81017732496187400  0.82073597083925032  0.83129833372270345
  0.84188739265123225  0.85247913201029213  0.86307472433702526  0.87364282297966800
  0.88422137976591897  0.89477787772693806  0.90532488139079592  0.91578859720972483
  0.92627063543506105  0.93677089807421932  0.94730840841654895  0.95783763272175704
  0.96837712336526860  0.97894858796034956  0.98948879506732512  1.00000000000000000
   1.5478099732048309E-002  -1.0000000000000000     
 F F F F F F F F F F F F F F F F F F F F F F F F F F F F F F F F F F F F F F F F F F F F F F F F F F F F F F F F F F F F F F F F F F F F F F F F F F F F F F F F F F F F F F F F F F F F F F F F F F F F F F F F F F F F F F F F F F F F F F F F F F F F F F F F
  <DiscreteSampler_grid>
  grouped_processes
  1 # 1 for a reference and 2 for a running grid.
  10 # Attribute 'min_bin_probing_points' of the grid.
  1 # Attribute 'grid_mode' of the grid. 1=='default',2=='initialization'
  0.0000000000000000 # Attribute 'small_contrib_threshold' of the grid.
  0.5000000000000000 # Attribute 'damping_power' of the grid.
 # binID   n_entries weight   weight_sqr   abs_weight
    10   10   4.871748753500018E+013   3.799285519966241E+027   4.871748753500018E+013
    11   10   4.871748753500022E+013   3.799285519966248E+027   4.871748753500022E+013
  </DiscreteSampler_grid>
