  0.00960876741206800  0.01564245645451454  0.02490581670242493  0.03569515390081984
  0.04605590108262250  0.05644039495489832  0.06682783576295720  0.07722105956534764
  0.08760780946129956  0.09800390437373256  0.10842614554882241  0.11887461209477219
  0.12931475574216930  0.13972056896456420  0.15008272360988389  0.16045094363244641
  0.17082984205470478  0.18121983820940663  0.19162681068690343  0.20201802135781166
  0.21242802028450936  0.22280168009311413  0.23317544613380511  0.24353977156085480
  0.25393039147580032  0.26431966364704529  0.27471832973370519  0.28510950891791748
  0.29550226031551419  0.30588520419495502  0.31626144880477891  0.32664177644515235
  0.33702687698742340  0.34740456042399737  0.35777868910881339  0.36815332107151794
  0.37851495568546262  0.38887745612375352  0.39924043170615164  0.40962251831006297
  0.42001698766030710  0.43040069939999970  0.44078469896602551  0.45116829072024400
  0.46156603945252339  0.47197667381056874  0.48237411366088939  0.49275647575158177
  0.50311666133434352  0.51347197664153121  0.52383852786001206  0.53421986210572281
  0.54460814365570309  0.55498761936748242  0.56535872617604244  0.57572295130330797
  0.58607848127402629  0.59642494123280165  0.60678013812287657  0.61716478436215638
  0.62758198363506157  0.63801382106370919  0.64843560059798366  0.65883527763519723
  0.66921678829383680  0.67958789575940237  0.68995829114356200  0.70033645458482774
  0.71071898731479377  0.72111314168045126  0.73151032024114615  0.74190889671865801
  0.75229233888867386  0.76266721843089103  0.77304267378356117  0.78342080537279857
  0.79378609068718575  0.80413577731106112  0.81447810873612669  0.82482679637572864
  0.83520166522348782  0.84560662400037212  0.85602992455648474  0.86644450017327712
  0.87683462057271200  0.88721646071615723  0.89759479763679395  0.90796757541967710
  0.91832023016061759  0.92866891617164071  0.93903820913582048  0.94941855287485255
  0.95979028805133548  0.97014090843914935  0.98049000003710085  1.00000000000000000
  0.00955917979592054  0.01559687437204929  0.02482553725098709  0.03560222584398487
  0.04595767241162445  0.05633312367969096  0.06673254815668815  0.07712642136033994
  0.08751524461803425  0.09789384240910406  0.10826890799546646  0.11865694972433073
  0.12904262160801294  0.13941617410980703  0.14978334777576993  0.16016014269565065
  0.17055196635952163  0.18095690416814300  0.19136044741818126  0.20175467871157124
  0.21214282389380867  0.22253109712918787  0.23291824590682433  0.24332071680611217
  0.25372765235769307  0.26414369699578871  0.27456655648916467  0.28497641084555325
  0.29537841332979037  0.30576218282493500  0.31615763095684934  0.32655983774395225
  0.33694226783467762  0.34731880668233894  0.35769340796372007  0.36808444915374106
  0.37845825287212526  0.38882980958061397  0.39917957385511599  0.40952955197049018
  0.41988918711564149  0.43023028537553609  0.44056889741113198  0.45089846308313775
  0.46124806346392544  0.47160224619204322  0.48196313804779167  0.49233916013116658
  0.50273418488916688  0.51312544187116838  0.52352274128039655  0.53392663887151526
  0.54433440213399764  0.55473146826131303  0.56511280492190741  0.57548714496571651
  0.58585917664585829  0.59623399671111277  0.60661329725448399  0.61700598984811694
  0.62740802239472060  0.63780622721872726  0.64819482179526822  0.65858052971923642
  0.66897663459507173  0.67938704089850799  0.68980269822705165  0.70020093135426886
  0.71057694970149643  0.72093840531587527  0.73130296374492587  0.74168176071823089
  0.75206483428466497  0.76244610496861298  0.77280431755531487  0.78316949896460231
  0.79354520805495388  0.80393756299546670  0.81433499450367097  0.82473618109600411
  0.83514807657289203  0.84555755355333495  0.85595719029508532  0.86634502766683319
  0.87670744751446583  0.88707194077432638  0.89745431191599168  0.90785861303038418
  0.91825748123134943  0.92864005395505911  0.93901162218128542  0.94938572195014892
  0.95975436669997904  0.97012500368969312  0.98048135967169781  1.00000000000000000
 -0.00250390928690340  0.00956220542196070  0.01974038023273375  0.03024542712556409
  0.04077531634890493  0.05130457023685269  0.06185003313399109  0.07239790811115911
  0.08295481006582417  0.09350255982743227  0.10404980509122846  0.11459576199065276
  0.12515982466039352  0.13570013668994954  0.14622837886176596  0.15676392290255675
  0.16732725403634324  0.17788949091285206  0.18843219069530592  0.19897200602033946
  0.20951929026749905  0.22010355468238249  0.23068133290552387  0.24126484358795863
  0.25179934962585704  0.26233639030534267  0.27286370708232516  0.28340796747136660
  0.29393759518457441  0.30448757039862301  0.31500515928054368  0.32554637922255608
  0.33605131712164998  0.34658555193711249  0.35710334666425370  0.36763313105762768
  0.37815616818804998  0.38866425619568595  0.39918221506358254  0.40972462596838366
  0.42028298999796232  0.43083756866894657  0.44138699724992941  0.45194708269533784
  0.46249966688964494  0.47302139050684172  0.48355528870980213  0.49408601889576897
  0.50464348125597502  0.51518000828671562  0.52572945860729081  0.53626391794952621
  0.54680531663198173  0.55732527301643586  0.56783269229192679  0.57835342254729305
  0.58891371046568375  0.59947121575492612  0.61002626779550018  0.62056061344849167
  0.63112166372753875  0.64164707925057463  0.65218890442008914  0.66272186908937447
  0.67328292079584739  0.68381522519054461  0.69433841327285895  0.70484289237116315
  0.71535108353689447  0.72586963303572760  0.73639401703279173  0.74694446424359884
  0.75750025840537594  0.76807890987882388  0.77865354234342565  0.78921773608957968
  0.79977706028903439  0.81032226772683180  0.82087046147562903  0.83142290523909013
  0.84194675419354281  0.85248420166139072  0.86299645039469275  0.87352518895994224
  0.88402684146612764  0.89456179701362304  0.90511578514088464  0.91568970532691729
  0.92623749976465952  0.93678761616268547  0.94732459893629006  0.95787179113260412
  0.96839621603005543  0.97892293239932238  0.98945369339378220  1.00000000000000000
 -0.00247786429762355  0.00959374179131956  0.01977119470490819  0.03031470038896340
  0.04087755496101007  0.05143999013869495  0.06199276482763941  0.07252537398279933
  0.08305486604107357  0.09358740550149013  0.10414102504381409  0.11470727139052651
  0.12527135691582822  0.13582769782321163  0.14637447992356997  0.15691961715619590
  0.16748647609055681  0.17803547339452577  0.18859689651272687  0.19913940548672743
  0.20970875398674904  0.22025442596662859  0.23081662708632278  0.24136151946028989
  0.25191542570001374  0.26244682095164024  0.27297277833832739  0.28351875964560402
  0.29405314278868122  0.30459882023956514  0.31510973760925937  0.32563903908655223
  0.33617569401868808  0.34670708728243077  0.35723283525452360  0.36775371725314621
  0.37827191339440308  0.38880239206233852  0.39931599469105206  0.40984406490656217
  0.42036632397864471  0.43090499314830738  0.44142447261741230  0.45193094462620026
  0.46245134523558490  0.47298834288466163  0.48351075981727043  0.49402229144957871
  0.50454319915860513  0.51508787109941367  0.52564749217327822  0.53622220393558473
  0.54677604480327591  0.55732986058885570  0.56782990571855330  0.57833192590695404
  0.58880752036011186  0.59933597791858972  0.60988687287128518  0.62044447665649460
  0.63099870926467772  0.64152956185497978  0.65205550129709056  0.66259235881723200
  0.67316366008667883  0.68374454913520244  0.69428710983368958  0.70479276316486805
  0.71530775783445011  0.72585155739267038  0.73642960298841220  0.74699555545591756
  0.75754273198012045  0.76807028721865034  0.77858755176747363  0.78911587611414769
  0.79966058533562212  0.81022623826627704  0.82080347923865526  0.83137887018810297
  0.84194276817413016  0.85247649907933187  0.86302325170073224  0.87353878137251939
  0.88410556542823326  0.89462483208923982  0.90516402204983171  0.91567296082080940
  0.92618645643085951  0.93670063323880726  0.94720461077453699  0.95776559180803633
  0.96834890316021405  0.97893409660686703  0.98947737041258599  1.00000000000000000
 -0.00240955410214258  0.00963627291144933  0.01982427667446758  0.03035657878972634
  0.04090787251173876  0.05145594240714942  0.06198664546885155  0.07254994837609527
  0.08310919800860350  0.09366341932470960  0.10419427090199707  0.11473762914931761
  0.12529599364926652  0.13583606623519207  0.14635753943368465  0.15687061100412866
  0.16741793409791605  0.17797877154418912  0.18854897871072285  0.19909272011255782
  0.20967505152457300  0.22022919206306854  0.23079996186877719  0.24134196567562674
  0.25187370841994505  0.26239124200384933  0.27286515521913401  0.28336193773593299
  0.29384015764806876  0.30436161523819882  0.31486549322359175  0.32539892809168508
  0.33592527821297830  0.34645110909793991  0.35695130613536169  0.36744898764687933
  0.37798271328735000  0.38854069153220538  0.39908979034859654  0.40962890970292115
  0.42017833625835216  0.43075477398255058  0.44132566509769411  0.45189231506915062
  0.46244651881197940  0.47298629775621742  0.48351993302504720  0.49403842900600065
  0.50458185593830451  0.51510177503033072  0.52560826521291715  0.53610488791382349
  0.54660809365622365  0.55711720244780683  0.56762765239167701  0.57815458429192901
  0.58870351210342420  0.59923841032779790  0.60976639418683698  0.62025719128069368
  0.63078566023101701  0.64130231039049701  0.65184810766926304  0.66236356643178573
  0.67292286965047809  0.68348709464142476  0.69407369606022606  0.70464242890121276
  0.71520620776354693  0.72578441756867329  0.73636413487012431  0.74694912362860277
  0.75748382105874501  0.76799674869744372  0.77851505800232712  0.78904449140686106
  0.79957483616513114  0.81010110126867019  0.82065490031380706  0.83122434574588444
  0.84176405669906196  0.85229760931818999  0.86280794688985385  0.87335436708292757
  0.88388871517000678  0.89444530648169418  0.90500860548406914  0.91555126615945637
  0.92609559782784490  0.93662785343294419  0.94718556365242490  0.95775244584671371
  0.96832608522434471  0.97889667929130608  0.98945433073749123  1.00000000000000000
 -0.00244333966363746  0.00954895266664408  0.01972506042854109  0.03026677314825570
  0.04079963716261838  0.05131558912181450  0.06180839808162717  0.07230793502327101
  0.08278500168574636  0.09328775693863431  0.10381544144750462  0.11437714664613953
  0.12494369501876133  0.13551420720635654  0.14607100302389966  0.15663124982142443
  0.16716587514087794  0.17771764614785751  0.18826615926170753  0.19884796481227429
  0.20942220496468983  0.21997981658102392  0.23050351319093543  0.24104003152241982
  0.25158726023798683  0.26212572569871390  0.27265436416151645  0.28318944080490271
  0.29373156172959791  0.30424227037733903  0.31473604047161818  0.32524406759412422
  0.33578001208296748  0.34633650710074892  0.35689807381803496  0.36741993081634572
  0.37793472674513384  0.38843275239348229  0.39897417281427866  0.40950573588247519
  0.42004551058269501  0.43056559888053303  0.44112162805347854  0.45166941278649414
  0.46223791542131043  0.47278157931267084  0.48334833687014500  0.49389914528216367
  0.50444601436973580  0.51496761741467512  0.52548960192377359  0.53600765405310546
  0.54653457454402365  0.55704956881141610  0.56757349301147730  0.57811030364411631
  0.58867962848458211  0.59924718541368482  0.60981140957376168  0.62035222658210420
  0.63089330419092138  0.64142688941657988  0.65199502197635151  0.66257153452908168
  0.67314230234817762  0.68367444778089448  0.69418517182101713  0.70472332522111358
  0.71528576023856949  0.72585583454839597  0.73641429928997204  0.74695690283221594
  0.75748540802482056  0.76802171958315080  0.77856609538495281  0.78909526480995895
  0.79963115520286843  0.81017793401389138  0.82075130898693338  0.83130405717642131
  0.84183644903200705  0.85238750076267789  0.86291904072385706  0.87345498216188944
  0.88399290639555073  0.89455155386425445  0.90510511824285333  0.91562011798539311
  0.92614570006690633  0.93669835451246675  0.94726101367620597  0.95782853923237610
  0.96838364994918857  0.97894919780552991  0.98948241847359497  1.00000000000000000
 -0.00246483057576094  0.00962118286524143  0.01982848765827971  0.03035210185440491
  0.04090741345874054  0.05145462488207048  0.06199096248116995  0.07253100574467874
  0.08306484582593693  0.09362139591995981  0.10416240228816322  0.11468285124144117
  0.12519986639847183  0.13573146568258307  0.14628365061796486  0.15682314804976608
  0.16736737110773403  0.17789233099649032  0.18839808544322692  0.19889461807683420
  0.20940521389913225  0.21993540795076388  0.23047621897120640  0.24104852419544201
  0.25163991433475169  0.26222579496285497  0.27275153897034354  0.28325537121408312
  0.29375818840134449  0.30428763209550602  0.31484094990356171  0.32541695264207721
  0.33599670217151140  0.34655890289534369  0.35709562823050872  0.36763208001654635
  0.37817251537471924  0.38870835716794722  0.39924938091049655  0.40982406597031845
  0.42041792618622942  0.43101487212929412  0.44156510341530419  0.45209870812342845
  0.46264154243822259  0.47319470711708866  0.48374954670741110  0.49429609127662866
  0.50483974766939599  0.51536844674840399  0.52586637634017408  0.53636717180486770
  0.54689275783681224  0.55744177078109636  0.56799307315002889  0.57853080494168196
  0.58908186878471036  0.59961004665745943  0.61014928682432179  0.62066593177532348
  0.63122179365317110  0.64175538767456131  0.65228757639043611  0.66275980490415787
  0.67325561550239010  0.68375362418982488  0.69427381893775930  0.70478005071706440
  0.71528274035662054  0.72578874004978966  0.73629746974024957  0.74682347464804888
  0.75735723567273006  0.76789291923310210  0.77842164325829954  0.78897117040309683
  0.79953795051789323  0.81011447751598653  0.82068167087649335  0.83123514607584392
  0.84178789700526480  0.85233419336090244  0.86289178022813651  0.87342691515519666
  0.88398661929776856  0.89452092989260568  0.90507078564353061  0.91560972137227570
  0.92617571290214640  0.93675893513361175  0.94733663758213771  0.95786250009494023
  0.96836202049069864  0.97884976148529745  0.98941292316589047  1.00000000000000000
 -0.00250247161839867  0.00958395168151282  0.01975350375107568  0.03026512767540602
  0.04080215000920956  0.05133508852032594  0.06186071126266268  0.07235951966178664
  0.08286876904456175  0.09336095369981798  0.10386365238936124  0.11437390280379456
  0.12489326069386424  0.13543218002820123  0.14597761290236361  0.15651042890944131
  0.16703913163802842  0.17754797584905258  0.18810050382953478  0.19865343471565536
  0.20922674055113361  0.21978144366761820  0.23033339290421420  0.24089707304413116
  0.25145998152092025  0.26201214531685113  0.27256117098218735  0.28310941827968417
  0.29363860610676307  0.30415604037512606  0.31468180872330076  0.32522560891799918
  0.33578838023009694  0.34635282424753416  0.35690764807413022  0.36745102290551618
  0.37794323681993025  0.38847441892040668  0.39898526290940495  0.40955567363479350
  0.42011523215870106  0.43069887569360693  0.44125952836522586  0.45180507935017267
  0.46232776948332466  0.47285581663485388  0.48338020161888046  0.49390231128237588
  0.50442539045439849  0.51495955055904186  0.52549761802482353  0.53604222933511769
  0.54658185924763403  0.55711168126302357  0.56763181895051551  0.57816418973859240
  0.58875379868591282  0.59933590343336540  0.60989207939564016  0.62042283561035450
  0.63094507076008910  0.64148523687572956  0.65201652957114808  0.66256300124487788
  0.67309069358502605  0.68361512054563556  0.69413179992684948  0.70468023157515136
  0.71523663369655188  0.72579860672365992  0.73633963784551992  0.74688005845932282
  0.75743637267014030  0.76797957458103672  0.77849929429165732  0.78900742787663647
  0.79955569713414831  0.81012696572444165  0.82070459482809943  0.83122177730320745
  0.84174536787403009  0.85227495836796729  0.86284888479280886  0.87337414559052895
  0.88391445032364613  0.89446286754414295  0.90504958852797213  0.91560127584901974
  0.92614941202484657  0.93669919162417870  0.94725374524173955  0.95782024344466421
  0.96836873617806762  0.97892514756780502  0.98945788006018454  1.00000000000000000
   1.5501813543091448E-002  -1.0000000000000000     
 F F F F F F F F F F F F F F F F F F F F F F F F F F F F F F F F F F F F F F F F F F F F F F F F F F F F F F F F F F F F F F F F F F F F F F F F F F F F F F F F F F F F F F F F F F F F F F F F F F F F F F F F F F F F F F F F F F F F F F F F F F F F F F F F
  <DiscreteSampler_grid>
  grouped_processes
  1 # 1 for a reference and 2 for a running grid.
  10 # Attribute 'min_bin_probing_points' of the grid.
  1 # Attribute 'grid_mode' of the grid. 1=='default',2=='initialization'
  0.0000000000000000 # Attribute 'small_contrib_threshold' of the grid.
  0.5000000000000000 # Attribute 'damping_power' of the grid.
 # binID   n_entries weight   weight_sqr   abs_weight
    10   10   3.963900863553773E+013   3.182611394963842E+027   3.963900863553773E+013
    11   10   3.963900863553777E+013   3.182611394963847E+027   3.963900863553777E+013
  </DiscreteSampler_grid>
