  0.00955990868165241  0.01585090740742348  0.02505962587581982  0.03588901349721493
  0.04627525120328646  0.05668950670478196  0.06711080012886823  0.07752600132209062
  0.08793468924301899  0.09830058996666446  0.10867301041663738  0.11902840829695605
  0.12941229108916430  0.13978507060976603  0.15016941948698201  0.16056767563719179
  0.17096194950219970  0.18136178708444603  0.19173300875770297  0.20212260692561151
  0.21251243017613089  0.22291711874118678  0.23331554129895204  0.24373434825701018
  0.25416622198352529  0.26459159341437999  0.27498502261908886  0.28535371131920101
  0.29569277680181555  0.30602191870280293  0.31636227538585682  0.32673862389406305
  0.33713120099738197  0.34752059449980810  0.35791315675374735  0.36828983686817940
  0.37867759052302391  0.38905042066420442  0.39944157262308921  0.40979753671577124
  0.42013366064075108  0.43047159995848427  0.44083830564900672  0.45123012406697360
  0.46161752408753948  0.47198717878468799  0.48235609128011692  0.49271998168497544
  0.50308697065183172  0.51344583711455993  0.52380919414808991  0.53417314085859535
  0.54455229432232632  0.55493685907181889  0.56531222877886167  0.57568281073020311
  0.58605335177442341  0.59643192447110271  0.60681663490036930  0.61720496326465490
  0.62759794936813251  0.63797760751431976  0.64834174051291593  0.65870600874735630
  0.66908102275899528  0.67946598032479799  0.68985031142441855  0.70022915794081786
  0.71059979087740266  0.72097614616345884  0.73135972510716007  0.74174141670096783
  0.75211472631259590  0.76248491292973009  0.77285648169365806  0.78323662043113396
  0.79362098926277536  0.80401734414856640  0.81441495702129985  0.82481259101527482
  0.83520314649976379  0.84559737860375084  0.85600470892577585  0.86643050210714945
  0.87683901658186225  0.88722089576959517  0.89759890163873768  0.90796169045141772
  0.91834876432296042  0.92871033304113915  0.93908363784657900  0.94944381078318729
  0.95981922803816744  0.97019269388496865  0.98054846233633153  1.00000000000000000
  0.00947119202379583  0.01603110390470277  0.02511946342031904  0.03596174129928117
  0.04630675922112785  0.05667244599421900  0.06703338364644160  0.07742109215632871
  0.08779606863548872  0.09816277521230501  0.10852461021280665  0.11887870241025997
  0.12924152762776425  0.13960415053702893  0.14998980073416809  0.16037907536242074
  0.17076263987237791  0.18113248506708679  0.19150206603009196  0.20188389029884135
  0.21228526507314432  0.22268053284045128  0.23307995854525207  0.24344816519676274
  0.25382161627945399  0.26419218994571125  0.27457719725149038  0.28496998809532570
  0.29536282343215947  0.30575122970432350  0.31614847268421292  0.32653790227885421
  0.33691248132039481  0.34726196694425132  0.35762270415573938  0.36800935359597203
  0.37841870179098691  0.38881342155767562  0.39919424199307885  0.40956607213215512
  0.41994535063202115  0.43033983035316065  0.44072071971970822  0.45108227737463946
  0.46144235077190843  0.47182772084738278  0.48224018167165650  0.49265595496032066
  0.50304348461464554  0.51341376779193204  0.52377997841858670  0.53416825745678487
  0.54457289657925834  0.55498092425644818  0.56537234571165818  0.57573630831311795
  0.58607773085067438  0.59641540818676619  0.60677701173750132  0.61717067156139338
  0.62758914467370830  0.63801364671582728  0.64842271616071145  0.65881243917387666
  0.66918872419431707  0.67955465636227452  0.68990915095289829  0.70025186847681187
  0.71059794226544071  0.72096583953201798  0.73135414561017376  0.74175865529653884
  0.75216317566943103  0.76256052562355203  0.77294928976162014  0.78334630837610186
  0.79374141560104405  0.80413626392202020  0.81451188238656935  0.82487625014235277
  0.83523354242125192  0.84559570530482497  0.85597398764134691  0.86635413500401526
  0.87673993954925367  0.88712507063445678  0.89752053029510359  0.90790540457229463
  0.91828265854194691  0.92863634893919966  0.93900424326048126  0.94937809393697614
  0.95977789825241377  0.97016124757105249  0.98052761784256515  1.00000000000000000
 -0.00253216549461138  0.00951602924400985  0.01968016665969244  0.03019535566153010
  0.04074101467354139  0.05130203303497549  0.06183969407655535  0.07239635282844632
  0.08293089187868992  0.09346381972944637  0.10397345463038719  0.11448786551360740
  0.12500482050598011  0.13553125110821590  0.14608429438872417  0.15662611550733360
  0.16715709101854204  0.17768264348455345  0.18822173978262841  0.19876100533314442
  0.20928272788020930  0.21980861496124454  0.23037269769296831  0.24093644898455385
  0.25149343137214059  0.26204043575079089  0.27260884571998362  0.28318423085428512
  0.29375923965537853  0.30433039315189420  0.31487106677071941  0.32540208386638908
  0.33590495812480536  0.34642953402163357  0.35694421345012678  0.36748136820497185
  0.37802342698148134  0.38853684807956551  0.39904961409167639  0.40955629592583770
  0.42009116540562152  0.43061252557467944  0.44115934218213959  0.45170575071840624
  0.46226151965457052  0.47280577766831938  0.48335593577305391  0.49391406590303055
  0.50446833321991913  0.51503495092240015  0.52558617495011506  0.53613943369879258
  0.54667251772390602  0.55723207097697014  0.56776604489509896  0.57830446052411422
  0.58880391714365066  0.59936309450523895  0.60991968905981264  0.62046808404549980
  0.63098278875222102  0.64151891325653154  0.65210171175826570  0.66268710676148768
  0.67323941984328928  0.68377060055861927  0.69430604100695192  0.70485134181839670
  0.71539738926454521  0.72592920334017341  0.73643615297728693  0.74697152701999014
  0.75750395773879509  0.76806670816200362  0.77859584003930615  0.78917165627825459
  0.79975184941877908  0.81033703071002228  0.82087643638028363  0.83140072900380857
  0.84193643644703053  0.85246744793128693  0.86300957684114932  0.87353886865172359
  0.88406571021888969  0.89460016483119875  0.90511998893455037  0.91565265452792532
  0.92617360318625297  0.93672515469382467  0.94727034794156906  0.95782877232094177
  0.96836083401651551  0.97889301655798699  0.98943850506631648  1.00000000000000000
 -0.00230883633483865  0.00967767537411900  0.01986113385096512  0.03036393288180105
  0.04090457976216764  0.05146056111789169  0.06201647386721398  0.07255048248233373
  0.08310163385727026  0.09366700585651662  0.10420961228200809  0.11473020503779427
  0.12526660105234072  0.13580949932514338  0.14637394070157506  0.15691651477292565
  0.16746978549856317  0.17800784974641684  0.18856541123027643  0.19909148714791813
  0.20960488068590427  0.22011142399718953  0.23063608862850826  0.24116845219245933
  0.25169981328924151  0.26222081695417526  0.27276793866710763  0.28331487658838245
  0.29386758339688496  0.30438923370541243  0.31488775070525782  0.32539793513345294
  0.33590297966310517  0.34643516955341136  0.35697238525274022  0.36750044534408599
  0.37800182507320668  0.38850612851059096  0.39903780984041570  0.40959404781874742
  0.42011746720089321  0.43063177132948133  0.44115872510408050  0.45171962672901572
  0.46228467810894991  0.47283158609795944  0.48340691710124856  0.49397319466119877
  0.50453885611052640  0.51505006908449302  0.52555398725339963  0.53608479289088717
  0.54663847074987204  0.55719142563139179  0.56774250007091587  0.57829540586594741
  0.58886390069062944  0.59941812650286308  0.60992571771926141  0.62044134265367823
  0.63092406406041746  0.64143935340276959  0.65195540963041232  0.66248540947850365
  0.67303139161396863  0.68355631623456636  0.69407713338854127  0.70460803134792049
  0.71513569565910640  0.72569047559045097  0.73620642620318932  0.74674459450861341
  0.75723537275489683  0.76771742560730372  0.77822159805386648  0.78875718912993531
  0.79932886074657827  0.80985396644756336  0.82040485933970275  0.83095728590915019
  0.84155040456024277  0.85211056873514990  0.86269097457130017  0.87324735687506649
  0.88380403824453435  0.89433070719491781  0.90488006227915530  0.91546576600321372
  0.92604429899619278  0.93662517993321981  0.94719823980597795  0.95779909507235728
  0.96837174833418593  0.97892227530500520  0.98946025941466420  1.00000000000000000
 -0.00246035874522517  0.00962225170794384  0.01980476946585148  0.03033624928941642
  0.04085424533623575  0.05135278804841816  0.06187610047401869  0.07239744740701606
  0.08292675060305528  0.09344664471796787  0.10396588666747064  0.11448844327946880
  0.12502227457054219  0.13556197806834833  0.14610379795374032  0.15661796067662265
  0.16710696737933334  0.17762458730327454  0.18818176896470395  0.19874793696618828
  0.20927217131804632  0.21980589017775590  0.23034916998622065  0.24091007123604954
  0.25143430370813447  0.26198164239231819  0.27252169660726272  0.28306754793248029
  0.29360400235937084  0.30414960921096779  0.31468814551588048  0.32524901371226050
  0.33580783547623988  0.34637590035596627  0.35690533928709550  0.36741824455993638
  0.37792237725406863  0.38843216809111342  0.39897345491270497  0.40951476367585127
  0.42006031046760406  0.43059787577934222  0.44116741390248648  0.45175059012060442
  0.46233692847525204  0.47290113575299969  0.48345090868167018  0.49399908560230965
  0.50454572344605553  0.51508963184089607  0.52562181860479595  0.53616000117883633
  0.54671618375356446  0.55726344743841583  0.56780162414444257  0.57833932809780031
  0.58890977696449409  0.59948789862060181  0.61009862046006602  0.62066266041595741
  0.63125826620924275  0.64180840944953832  0.65237943637783335  0.66290427665089091
  0.67343067535553991  0.68393044992774565  0.69445033157936187  0.70497988409764434
  0.71556320001388407  0.72611644544742626  0.73665870753213092  0.74718908717193322
  0.75772050909244382  0.76826479634180456  0.77875579153213181  0.78924053090169377
  0.79970386710128871  0.81019304632523848  0.82068714806692633  0.83120088939648495
  0.84172330786800054  0.85227844954201026  0.86283868766718830  0.87341342321081683
  0.88396274685498999  0.89454029719488126  0.90509014215110173  0.91564681645551693
  0.92616827949985603  0.93671646822378363  0.94724795391010985  0.95777909439902109
  0.96831525720107747  0.97889070667356115  0.98945729542322358  1.00000000000000000
 -0.00246552580288080  0.00945007540727956  0.01959444067032689  0.03011648974157551
  0.04069393300711138  0.05125723227196972  0.06182044984155377  0.07235980576697291
  0.08291585645268566  0.09346269280519581  0.10402467749290888  0.11457267747627234
  0.12511903798210677  0.13568166998889999  0.14625676409167401  0.15681565530067559
  0.16734900161856220  0.17786903778696450  0.18839388079460856  0.19893929156422713
  0.20949319129056995  0.22005488760705141  0.23060506101528061  0.24117069326256874
  0.25172502519655754  0.26226002174868324  0.27277762543479622  0.28329694180726611
  0.29383431902863566  0.30435527292842302  0.31487420731203136  0.32539888966258784
  0.33594856730833927  0.34649080147665118  0.35701499363311001  0.36755286418131733
  0.37810298982169399  0.38865723669776148  0.39918289538564777  0.40971023468766721
  0.42025554209687244  0.43079770749037427  0.44133894404414353  0.45186401627854150
  0.46238858075003703  0.47292164029138478  0.48346002934032478  0.49399305556792739
  0.50451233316228650  0.51502337964601863  0.52553782726768772  0.53607170086638700
  0.54660302303778663  0.55715123364376262  0.56767678494651941  0.57820075457100295
  0.58873027719802951  0.59929113796087730  0.60985987509596495  0.62040752573626889
  0.63094270352581139  0.64148206625996818  0.65203476417529704  0.66257445449535068
  0.67314720231459224  0.68373930202473254  0.69433138581892118  0.70486975164935295
  0.71539996275954698  0.72594757490281236  0.73649552808823215  0.74702540951712204
  0.75755443197994454  0.76808664693748496  0.77861327097048649  0.78913764522197738
  0.79967078569496286  0.81022475256690563  0.82075942856190420  0.83130615906696104
  0.84184450644487185  0.85237845881279795  0.86291798643940376  0.87344668889084331
  0.88399047042185430  0.89453134309884019  0.90505837767229702  0.91561374954214891
  0.92614666506989229  0.93671166631351488  0.94726329358234029  0.95783178439858807
  0.96840958941392286  0.97895882358432351  0.98949392258638602  1.00000000000000000
 -0.00252126838527434  0.00953355313858557  0.01972691975381858  0.03026199698432205
  0.04078902774004233  0.05132310698905184  0.06184011818092935  0.07238828633342126
  0.08292430488110296  0.09352024046320867  0.10414872720965929  0.11475868964606502
  0.12531424569875177  0.13587489515543272  0.14641975117673106  0.15697803455508960
  0.16754072423512928  0.17813727583542877  0.18872537852967294  0.19928852201095559
  0.20983455608756552  0.22037126822385342  0.23090086044893740  0.24142967299624529
  0.25196324661718678  0.26247207914439263  0.27297211485527284  0.28345949167391293
  0.29394872057209687  0.30444933450375150  0.31496266183258215  0.32548571186685471
  0.33600835398681889  0.34655959817490178  0.35712164750127573  0.36768851955987858
  0.37822443759374585  0.38875394947678876  0.39928170999987506  0.40978690435824339
  0.42028854586977238  0.43077342404616459  0.44132132127474122  0.45185476263648788
  0.46240639046268517  0.47292398764837662  0.48347112340730958  0.49402403695410751
  0.50458551688002262  0.51510811127072320  0.52564062464959449  0.53617718877270948
  0.54676804406276081  0.55734367749387115  0.56787980236865698  0.57840907723909640
  0.58891340905425582  0.59946498060351749  0.60997674577754957  0.62053841916758967
  0.63108144782200770  0.64164742921362361  0.65218408379903392  0.66273348858010506
  0.67329204912499385  0.68383833253154336  0.69435857726894912  0.70488280358439259
  0.71540710653796735  0.72594170878449749  0.73648304379384832  0.74700808691088516
  0.75753101734665262  0.76803304258809002  0.77852641884852491  0.78900714891762247
  0.79949878479608671  0.81003156445521440  0.82057914114348562  0.83113884368277180
  0.84170721433109541  0.85228114037101155  0.86284033844805652  0.87336155414591565
  0.88388749750437068  0.89442933415041403  0.90499664963614046  0.91553502605298087
  0.92610141831209503  0.93665929931646785  0.94726024748280280  0.95780980549091665
  0.96837317917874410  0.97891543591719909  0.98946189695972731  1.00000000000000000
 -0.00249512839896517  0.00945150744192777  0.01958722319061057  0.03008388959815291
  0.04059898383295434  0.05112890846173782  0.06164396860083840  0.07219250635722241
  0.08273472768337166  0.09328526369944359  0.10384220624547721  0.11439395746228329
  0.12495388900142165  0.13549413753183656  0.14605321374378338  0.15658809841583876
  0.16714079076031405  0.17767068476033671  0.18821350209705170  0.19874159428235882
  0.20929066464864618  0.21985506670920124  0.23040646061741710  0.24093897383192794
  0.25146718009892982  0.26198955300813481  0.27254410788592359  0.28309066433474639
  0.29367072990722742  0.30423637891318206  0.31481489528461304  0.32537217786676231
  0.33591168978610231  0.34641828725271412  0.35694190931215153  0.36745574818947002
  0.37799548824670426  0.38850439867845055  0.39900039150014649  0.40950697056962621
  0.42003467786952553  0.43057709156083579  0.44108792917810025  0.45161431673417479
  0.46215572928700577  0.47272918894328259  0.48326251720630126  0.49379160292433899
  0.50431214655736900  0.51485138191896807  0.52535604539829484  0.53588676715872019
  0.54642729904843801  0.55699925075597179  0.56756868108948488  0.57812811606928349
  0.58866850582984875  0.59920678042960551  0.60974437911164070  0.62033175815534503
  0.63088158895157243  0.64145157417856946  0.65198612360427877  0.66253868849570485
  0.67309124991719593  0.68366711534489133  0.69423893669277770  0.70476737173346526
  0.71526549871162937  0.72575521105578400  0.73626225340796125  0.74679111613333893
  0.75732378738654593  0.76787846585935593  0.77843877047842669  0.78900929396183606
  0.79959596906086972  0.81019494597736741  0.82077428783642226  0.83130101102335641
  0.84179568393807613  0.85231459941755816  0.86286503403539550  0.87345163569810158
  0.88402793281091963  0.89457528703961908  0.90511445001285740  0.91565279273536659
  0.92620236171579406  0.93672236669583309  0.94724668970241976  0.95781263264777183
  0.96837176001167558  0.97891329134424820  0.98944664710813213  1.00000000000000000
   1.5430885282770566E-002  -1.0000000000000000     
 F F F F F F F F F F F F F F F F F F F F F F F F F F F F F F F F F F F F F F F F F F F F F F F F F F F F F F F F F F F F F F F F F F F F F F F F F F F F F F F F F F F F F F F F F F F F F F F F F F F F F F F F F F F F F F F F F F F F F F F F F F F F F F F F
  <DiscreteSampler_grid>
  grouped_processes
  1 # 1 for a reference and 2 for a running grid.
  10 # Attribute 'min_bin_probing_points' of the grid.
  1 # Attribute 'grid_mode' of the grid. 1=='default',2=='initialization'
  0.0000000000000000 # Attribute 'small_contrib_threshold' of the grid.
  0.5000000000000000 # Attribute 'damping_power' of the grid.
 # binID   n_entries weight   weight_sqr   abs_weight
    10   10   5.310989498474092E+013   4.284840033067356E+027   5.310989498474092E+013
    11   10   5.310989498474093E+013   4.284840033067356E+027   5.310989498474093E+013
  </DiscreteSampler_grid>
