  0.00965640680841575  0.01575198837598686  0.02500950531979878  0.03580323207303798
  0.04615974170302860  0.05654977585921978  0.06695333488810010  0.07737970650624969
  0.08781510124639397  0.09824957064795493  0.10867352947371497  0.11908385125695861
  0.12948728231534773  0.13988901985921692  0.15027775439397056  0.16063290554273699
  0.17096925482568417  0.18130261059588104  0.19165615074457257  0.20203316588707590
  0.21242770599087904  0.22282355829652750  0.23320416520375598  0.24357847702521923
  0.25395316308872984  0.26431275746560462  0.27467121239896447  0.28503416141789001
  0.29539245094591521  0.30576258990064314  0.31613896723078094  0.32654758560098812
  0.33693252672551388  0.34728159668473246  0.35762498995566783  0.36798981115010165
  0.37837602696988892  0.38875921210005981  0.39911716787674262  0.40948171515281762
  0.41986507525284866  0.43025224877185586  0.44063399830646088  0.45100560218568742
  0.46138785999588677  0.47177007472675275  0.48213955105525352  0.49251562970522733
  0.50290600376555761  0.51331302314196170  0.52371296756192953  0.53410889872225142
  0.54450111352186570  0.55487791669407727  0.56524421464631280  0.57561204802360355
  0.58598689137018412  0.59636031359870523  0.60672180651558605  0.61709024088841902
  0.62747509282424496  0.63787692626081549  0.64828356637878404  0.65867708113975654
  0.66906376295629666  0.67944498189351343  0.68982797746278257  0.70020395038639460
  0.71057416762772818  0.72095026565069598  0.73132561677487162  0.74171853236546437
  0.75212203703719893  0.76251616392429200  0.77288782254431876  0.78325337862791800
  0.79363646870819993  0.80403214505258314  0.81442934252803756  0.82482626651433155
  0.83523440379333347  0.84564041652371746  0.85605343149575552  0.86645909608944605
  0.87686629040645547  0.88726357686212809  0.89765034098565089  0.90803700025843215
  0.91840881527702045  0.92876755727324900  0.93912827546908439  0.94947948054423292
  0.95985289145492758  0.97019844708629166  0.98054420587744950  1.00000000000000000
  0.00947342491161093  0.01591603531213871  0.02494977380157890  0.03573027879865474
  0.04607465067166753  0.05644729592606687  0.06683512580424056  0.07721157946792283
  0.08759563247680402  0.09798222548361943  0.10837716884627745  0.11875353959812034
  0.12912293755231374  0.13949335541414667  0.14986076788373898  0.16024048924754475
  0.17059809275949597  0.18099269793362430  0.19139464843702497  0.20181671484074823
  0.21222537001773539  0.22262774698452722  0.23303838847574160  0.24343662964141680
  0.25381242007032184  0.26417280674610111  0.27453182370302870  0.28491821751886420
  0.29532163152050001  0.30573494063809836  0.31612771759178970  0.32650715996665658
  0.33689413836676507  0.34729043076035682  0.35768812447413223  0.36806713622348675
  0.37843282510700466  0.38878500730154536  0.39915329039878999  0.40952634545520827
  0.41991291102770029  0.43028751071362253  0.44066746805170076  0.45104534123982498
  0.46142306555780360  0.47179513127947226  0.48217124631693242  0.49255689955169363
  0.50294999809426510  0.51333310672532273  0.52372119093214908  0.53412172495946486
  0.54453405628577733  0.55493971322336555  0.56533561424431877  0.57573771695978437
  0.58613803542000431  0.59654156489534294  0.60694788757629181  0.61734534935104957
  0.62772155628489446  0.63808248255521349  0.64845098059905226  0.65881819098587124
  0.66918734715199790  0.67955902977337057  0.68992111994385630  0.70027296324142985
  0.71060957833698302  0.72096472865669881  0.73133965875764351  0.74171704771392333
  0.75210822202608973  0.76249459966469613  0.77288030117067996  0.78325643511138854
  0.79363467100573026  0.80401798032437177  0.81440178208484670  0.82475332661227385
  0.83510713652451818  0.84547234701408103  0.85588709685899322  0.86629289137183862
  0.87667885841457016  0.88706191944076973  0.89743887616550422  0.90782520641451625
  0.91818205622189308  0.92853249841201480  0.93889201434645941  0.94926248496264143
  0.95965877382584974  0.97005732874362249  0.98044282022142659  1.00000000000000000
 -0.00236059155807318  0.00952759797988546  0.01965669244084079  0.03014423642414199
  0.04065332433459511  0.05119402632581970  0.06174958755118705  0.07229378234188824
  0.08282773024525487  0.09335779865313394  0.10391810346353837  0.11447888237198053
  0.12503946141472386  0.13559948063603811  0.14616723067440701  0.15671867427595421
  0.16724680946131287  0.17779977164105407  0.18838415339931719  0.19896646315040672
  0.20952869595625642  0.22009031531676701  0.23065714976158966  0.24118709879236486
  0.25170067942277374  0.26220707928032827  0.27272870306010905  0.28325757960374470
  0.29380832077291835  0.30436472826803829  0.31491447517115007  0.32543320176311158
  0.33593960806792023  0.34644202231885329  0.35697144376026613  0.36752082005512077
  0.37809186433762426  0.38865367689313973  0.39921407170797879  0.40974802913733310
  0.42027330403517754  0.43079872412088466  0.44133326817321317  0.45188843706574749
  0.46242623787903842  0.47294324495973783  0.48343751637367310  0.49392234542612556
  0.50444810205020674  0.51498682010740526  0.52554390994942790  0.53607985278125414
  0.54661498701697209  0.55715991410719157  0.56769911320795019  0.57825032102819796
  0.58879291500386011  0.59936224830306095  0.60991906250988370  0.62048976907222131
  0.63101719321120375  0.64155735193408436  0.65210789202595565  0.66268646770749229
  0.67325444967886272  0.68380808600730747  0.69437307961504657  0.70492935059666362
  0.71546140697994454  0.72596739486294359  0.73648223094774179  0.74701135291173160
  0.75757144375426333  0.76815665541225697  0.77875094081873808  0.78932760073861596
  0.79986078483015854  0.81038495006292588  0.82090795229661373  0.83141545471502731
  0.84192633052550403  0.85244261324891102  0.86300821004694783  0.87355815588957775
  0.88411324927529866  0.89461784737925887  0.90511781974314898  0.91559765106745150
  0.92611363412944037  0.93666442041474318  0.94719891369425480  0.95775923512159911
  0.96829487617226140  0.97886375873117215  0.98941955128692416  1.00000000000000000
 -0.00244547503602742  0.00959972006451548  0.01978060636043675  0.03029314477193669
  0.04082504122221101  0.05135311897087431  0.06189274340578396  0.07242411033161253
  0.08296702659305820  0.09352586717374664  0.10408877058732235  0.11466943654540751
  0.12521096119644065  0.13575024560896318  0.14623959582996823  0.15675231774403292
  0.16728773959249676  0.17784772385667194  0.18839854455230834  0.19893501440235803
  0.20949230903610128  0.22006611731049217  0.23063815119394396  0.24119416902478097
  0.25173193158690510  0.26224708356195425  0.27275191741537597  0.28326764593654397
  0.29380291880351850  0.30434713151039922  0.31491225242291637  0.32546598852818570
  0.33599153399364068  0.34649573631208508  0.35699441683913113  0.36751790172749266
  0.37805671455183082  0.38859598581497568  0.39915164985106710  0.40969052253768884
  0.42021752749796865  0.43075178494384880  0.44128638744125287  0.45182816752940591
  0.46236808496417264  0.47288802516697936  0.48344634161412520  0.49397640572806362
  0.50450948223859649  0.51499769806341145  0.52549792478822777  0.53601433296407219
  0.54656967672616075  0.55712089836949930  0.56768943148774587  0.57824595786691824
  0.58879771553942195  0.59934352778139255  0.60987190519054157  0.62041858611157330
  0.63096134195108666  0.64153387618095836  0.65210670992794828  0.66267629747021417
  0.67322680667938073  0.68382375447765631  0.69441010479851306  0.70499504393197532
  0.71552204848877488  0.72606802854210784  0.73663740891442131  0.74720942538777291
  0.75777735487682807  0.76834029203129206  0.77889729122557738  0.78944859514579535
  0.79998490224238095  0.81051183624462575  0.82103909621347559  0.83156569783749112
  0.84211075573351035  0.85263821218181668  0.86316776119524119  0.87368700401307253
  0.88422321204012011  0.89474518388092894  0.90527914916192520  0.91579670736721863
  0.92634562505999696  0.93689603270982147  0.94746518360378396  0.95802985500844517
  0.96856237566500825  0.97906742798590096  0.98953423597139500  1.00000000000000000
 -0.00248746313437635  0.00964696597380502  0.01985360685343801  0.03039650554525528
  0.04094365593292323  0.05150047659323743  0.06207080128637638  0.07264121755166306
  0.08321098104557180  0.09376432562782164  0.10432580431839124  0.11484952100190686
  0.12538023726592218  0.13591572732907836  0.14644416491390999  0.15696020636381744
  0.16745260826040934  0.17797301612387331  0.18851128018099775  0.19905935787330922
  0.20961678641023962  0.22017736399817647  0.23073690132246832  0.24128422353515711
  0.25182115491111023  0.26237847867637659  0.27290188179634656  0.28342971361049341
  0.29394921106016081  0.30448326729487585  0.31500797288916671  0.32553360322841624
  0.33606810298343825  0.34660610479039827  0.35712940560405976  0.36763925496366390
  0.37814230595754322  0.38863436474964136  0.39917671092139378  0.40971826598147848
  0.42023995952843590  0.43074521803962401  0.44127101808646246  0.45183900020061024
  0.46241206096685838  0.47296447898744448  0.48352482583506889  0.49408390126015417
  0.50468979121864777  0.51528327251681094  0.52587907366120312  0.53643096292037595
  0.54699010430851436  0.55751216175964313  0.56802431147500099  0.57851885033189476
  0.58901309349675912  0.59954469162868396  0.61007910098147589  0.62063322159867929
  0.63115645533648623  0.64165601130714989  0.65216186935103460  0.66268278769286770
  0.67323502028253890  0.68377170157502676  0.69432035652927238  0.70484817428038016
  0.71540505236449425  0.72595236420626219  0.73651984225961653  0.74707193307810216
  0.75761909345322453  0.76816990243574934  0.77871806298628321  0.78927133165794316
  0.79979934503146177  0.81036518477658759  0.82091699584340150  0.83150695183486023
  0.84205497808015717  0.85259933683602052  0.86314381346802482  0.87369074449554107
  0.88424627872915895  0.89479024478722435  0.90533552698753794  0.91590166825299146
  0.92648199928974218  0.93703482975138574  0.94754589407554657  0.95802800291473345
  0.96853080382810153  0.97904954053398685  0.98953383203539813  1.00000000000000000
 -0.00242470803687816  0.00947605586741381  0.01962408014123430  0.03012696332914267
  0.04066632862786070  0.05120427604039516  0.06173530089740155  0.07227442745978849
  0.08281454108412140  0.09338913456472224  0.10401374323825197  0.11463216974500008
  0.12519699735352785  0.13570572745345513  0.14621877176109158  0.15676022348805982
  0.16731658307181457  0.17791031836645119  0.18851307041310530  0.19907558968941824
  0.20958929381395772  0.22010908278144942  0.23062563303199807  0.24114961965916676
  0.25165611314805431  0.26219176478540041  0.27272236395574834  0.28325332737771836
  0.29379002349305133  0.30434692984728196  0.31490567618007481  0.32546707413997150
  0.33602133596036871  0.34655491011782885  0.35708902804474801  0.36761653328957894
  0.37814818839810521  0.38866862311037520  0.39919775469376606  0.40974344614938407
  0.42028144008183360  0.43080490835145646  0.44132519956957772  0.45186273032219709
  0.46239140476381169  0.47293776555068862  0.48346883826756459  0.49402219489964633
  0.50455027569670952  0.51509387193433331  0.52562681763187025  0.53617257630609805
  0.54670113947203003  0.55725460590791409  0.56780056903079434  0.57837836040910973
  0.58892195577404638  0.59947942093901341  0.61002829065937036  0.62059977699257018
  0.63119215611112134  0.64175350479327509  0.65230618876544610  0.66281020727372553
  0.67337830672452192  0.68393058034779119  0.69449597589162615  0.70500889729735239
  0.71551782197778002  0.72602783629923406  0.73653476515022254  0.74705348801536176
  0.75756656508913756  0.76808230547856460  0.77860104133269281  0.78912332858773981
  0.79967326541167394  0.81023156787260731  0.82080289061484824  0.83134404454608846
  0.84188270246220542  0.85240743400838981  0.86292537554908111  0.87344341293225736
  0.88394472420628423  0.89445810470641707  0.90498338814977131  0.91551707461699261
  0.92605356707488506  0.93656947089695253  0.94709917057036397  0.95765660223357152
  0.96824678643547668  0.97882789873740494  0.98941829811437454  1.00000000000000000
 -0.00252612302306759  0.00944464813944320  0.01958840684316924  0.03010055251362536
  0.04065030895849747  0.05118944833044452  0.06171251836097176  0.07222913330212931
  0.08277094218110509  0.09331487880640064  0.10387971945791136  0.11443905777445861
  0.12498069438929300  0.13550492888782353  0.14600981394349022  0.15651201630874104
  0.16702170741375941  0.17754902085096633  0.18809594203515792  0.19865862972193643
  0.20922090725204881  0.21979259921262151  0.23035840336147398  0.24090365473346187
  0.25142116074534904  0.26193208847608979  0.27245918939757507  0.28300473866182202
  0.29359269286482043  0.30419942707193698  0.31480376648547098  0.32535930378767514
  0.33590063726208780  0.34643077534844025  0.35695152999926727  0.36744942447116030
  0.37795294533621232  0.38847495220850831  0.39901763925955169  0.40955823513707712
  0.42013513229711485  0.43072563166966116  0.44131636101625155  0.45184754523278353
  0.46236915576236703  0.47288346781668100  0.48342862293290811  0.49397323448179081
  0.50451821577189138  0.51505728815301688  0.52560384126320703  0.53617235284995268
  0.54673728626869400  0.55732782315937224  0.56790533447815339  0.57845613942018470
  0.58896252588749298  0.59943481251141395  0.60996270094029625  0.62048729714290696
  0.63102534652339681  0.64154462028132531  0.65206629463573151  0.66261993812393616
  0.67315649526101740  0.68370661800370891  0.69424957599263748  0.70479840956499418
  0.71535543919105948  0.72592230445140349  0.73649533096172726  0.74703485338864661
  0.75757608691098222  0.76811185738129828  0.77866653790612150  0.78920569385952488
  0.79975740149528973  0.81029141791393289  0.82084443861920187  0.83136429357730590
  0.84190364916251137  0.85241506899592845  0.86293589430150053  0.87345372481404071
  0.88396236366611169  0.89449095239869980  0.90501979393171228  0.91555233322232110
  0.92607770774770071  0.93660030279767470  0.94715952010182403  0.95773758671275200
  0.96829803328465036  0.97887759696734900  0.98942112136612936  1.00000000000000000
 -0.00248827228275864  0.00944697700962103  0.01957899874682482  0.03007625210180708
  0.04060521602960145  0.05110870804875407  0.06160308559696663  0.07212072830823862
  0.08265802806440853  0.09322328018698742  0.10378901813787100  0.11435840741746126
  0.12492492017504020  0.13549594790595809  0.14607366347045439  0.15663830012599186
  0.16719294836122289  0.17775753541612321  0.18831456752247003  0.19884256373755577
  0.20935184230808998  0.21984820064589969  0.23036216825039260  0.24090008232763749
  0.25145788419235721  0.26201873898360850  0.27256266001103074  0.28310887710937604
  0.29365807174818276  0.30421901604275953  0.31476384343481972  0.32528906310954114
  0.33583414496645270  0.34638661685855826  0.35693277119370342  0.36744932309898320
  0.37796509324523941  0.38850406992591741  0.39905958825844590  0.40961182616074232
  0.42015309431007292  0.43069491890216133  0.44120938409608323  0.45171785836551737
  0.46222182893257097  0.47277565773215402  0.48334559060425331  0.49391714929131825
  0.50446320207440387  0.51498593084788724  0.52548222915616150  0.53599315361163402
  0.54652095703942161  0.55705364167091065  0.56757799396409769  0.57811895776804556
  0.58866411491426340  0.59922410145756777  0.60977265190633290  0.62034431158393866
  0.63090590415478309  0.64146947641272423  0.65201101181672361  0.66256990956940409
  0.67313314350102427  0.68369947833697930  0.69426837899464289  0.70483758967478538
  0.71540934617889562  0.72596126672468608  0.73648624826152775  0.74699865375017160
  0.75751003751371082  0.76806896700758676  0.77864660297318233  0.78922756259400861
  0.79977812796206293  0.81033957873747708  0.82088809365487170  0.83143940722395016
  0.84200222858531182  0.85255307308709516  0.86311143220565256  0.87364274964821009
  0.88416813370813563  0.89469379341080713  0.90520667405716382  0.91575881572547391
  0.92631339259157064  0.93687563132375262  0.94742076999898006  0.95794502263586778
  0.96850286754945669  0.97902271127309781  0.98953907710828704  1.00000000000000000
   1.5396090223903430E-002  -1.0000000000000000     
 F F F F F F F F F F F F F F F F F F F F F F F F F F F F F F F F F F F F F F F F F F F F F F F F F F F F F F F F F F F F F F F F F F F F F F F F F F F F F F F F F F F F F F F F F F F F F F F F F F F F F F F F F F F F F F F F F F F F F F F F F F F F F F F F
  <DiscreteSampler_grid>
  grouped_processes
  1 # 1 for a reference and 2 for a running grid.
  10 # Attribute 'min_bin_probing_points' of the grid.
  1 # Attribute 'grid_mode' of the grid. 1=='default',2=='initialization'
  0.0000000000000000 # Attribute 'small_contrib_threshold' of the grid.
  0.5000000000000000 # Attribute 'damping_power' of the grid.
 # binID   n_entries weight   weight_sqr   abs_weight
    10   10   1.132247083486309E+013   2.642241785330132E+026   1.132247083486309E+013
    11   10   1.132247083486309E+013   2.642241785330133E+026   1.132247083486309E+013
  </DiscreteSampler_grid>
