  0.00964885206563783  0.01561522484910930  0.02482671132891555  0.03560702364510074
  0.04597327183804174  0.05637344064633144  0.06677870534691774  0.07717145534483949
  0.08756419057972889  0.09792832903510332  0.10829259685255718  0.11865610450054706
  0.12903912150898877  0.13945758203947650  0.14987544024687924  0.16030085278588585
  0.17068562012747540  0.18106644867801305  0.19143515430628560  0.20181675676828881
  0.21219755475227803  0.22258330826623884  0.23294706748212199  0.24333683263880235
  0.25373010217887781  0.26413278689957648  0.27451811266623255  0.28488350213901020
  0.29526587725011338  0.30566236674437830  0.31608838406170708  0.32650708556109931
  0.33691641372151904  0.34730794182234515  0.35769689973707702  0.36807712601291759
  0.37844419263386336  0.38879041257551122  0.39914297913484625  0.40951981198856813
  0.41990423880559191  0.43028036061363850  0.44064093116675129  0.45101487731708279
  0.46140809030020291  0.47181045847110020  0.48220726575107442  0.49259186038971492
  0.50296884032259925  0.51334305236114952  0.52371880571867790  0.53409446779489078
  0.54446872215177988  0.55484459814399179  0.56522541356044353  0.57561378597456303
  0.58599631639098027  0.59638197608603172  0.60676782317236144  0.61715022547116383
  0.62752816375739406  0.63790846609295204  0.64830728417250749  0.65871206267953630
  0.66911701748249119  0.67951639344004766  0.68990568819585674  0.70027862341042624
  0.71063126337216909  0.72099090514608788  0.73135998043134098  0.74173970928398048
  0.75211480238491479  0.76249662404105634  0.77288143008015520  0.78324864101447644
  0.79359937719979401  0.80395691195804242  0.81433329770587681  0.82472569618365510
  0.83512280586477805  0.84552680623504817  0.85592856376866278  0.86631562006719265
  0.87670154868377892  0.88709319487380323  0.89748537087879943  0.90788334762783862
  0.91827589864525594  0.92868480572148948  0.93907545457725017  0.94944966561589694
  0.95980936040767795  0.97015231360357679  0.98051937731448224  1.00000000000000000
  0.00955738471784501  0.01563872733252110  0.02485212461079843  0.03563167118711323
  0.04598036428601742  0.05635219254549607  0.06671851662972157  0.07709530649177121
  0.08748024435695209  0.09788134716329855  0.10828375360444652  0.11866958370133797
  0.12904137710168415  0.13940594010663665  0.14977901942710259  0.16014654567302117
  0.17051047539921557  0.18086937620739291  0.19122746991731848  0.20159533686766065
  0.21197058198579408  0.22236790803545967  0.23274795883261343  0.24313460605932297
  0.25351358804134017  0.26391274911199608  0.27431690433013683  0.28472524027887608
  0.29513655283164686  0.30553922229928981  0.31593192506786721  0.32632227554207499
  0.33671657002782002  0.34712449915050358  0.35753622412058728  0.36795111471100439
  0.37833881764004579  0.38871389379875970  0.39909584560089273  0.40949771187293005
  0.41990877777785923  0.43029904982012662  0.44068233909243321  0.45105447585647823
  0.46141500049558293  0.47178338359753197  0.48215398944602367  0.49255425557263360
  0.50294780440323428  0.51334275029869170  0.52374015118762285  0.53414164528690578
  0.54454670984277753  0.55495148812009754  0.56535009154388705  0.57573656091724901
  0.58610765030694445  0.59648075504483034  0.60686714282619569  0.61725164403436106
  0.62762633301269966  0.63800190729207884  0.64838665965019793  0.65876590944344693
  0.66912816609790060  0.67948628116337573  0.68985771755098890  0.70023648068630251
  0.71060403555041707  0.72096745508062465  0.73133735589761428  0.74171536154478079
  0.75209042549052563  0.76246199409012283  0.77284355602677468  0.78321873529803709
  0.79358934766197375  0.80394845815450056  0.81432904885648760  0.82473519040287768
  0.83516650937917702  0.84560336269575420  0.85602438506982437  0.86641440452029761
  0.87680345782436586  0.88718289601512368  0.89757492163405861  0.90794054160716464
  0.91830294265782275  0.92866571389983155  0.93903429573589803  0.94941425650274036
  0.95978906070996839  0.97014683856499284  0.98050118318857327  1.00000000000000000
 -0.00238433077625082  0.00953414798979232  0.01973118784050071  0.03025896564195778
  0.04082989646281437  0.05136459110207489  0.06189117054018779  0.07239681051989405
  0.08289999901432890  0.09341837201181248  0.10394866004697739  0.11448047313336254
  0.12502742208600248  0.13557445784666566  0.14613557418629053  0.15667731940690560
  0.16719933315747365  0.17771372027720317  0.18826249935727551  0.19882518853989845
  0.20938373651712658  0.21992776902927416  0.23047262508782040  0.24101198102540067
  0.25155551987182528  0.26210403267472654  0.27265296433497688  0.28317021731683090
  0.29369514640330879  0.30423983532205817  0.31480927065184938  0.32536039024021762
  0.33590709926760404  0.34643568449236695  0.35698165013540928  0.36751473023892056
  0.37809284224965634  0.38866378788676098  0.39924736108483905  0.40978831664198156
  0.42034801443679459  0.43086287798218242  0.44140758700990940  0.45192410362523883
  0.46247060843799093  0.47298839674875021  0.48353692944589582  0.49408902483916395
  0.50464449466914307  0.51517527658768658  0.52569868267664521  0.53622065076192005
  0.54672941795817120  0.55723240443836819  0.56777765126917767  0.57834643943584729
  0.58893360033516151  0.59948409352472953  0.61004157006512139  0.62058653871875691
  0.63114133951570262  0.64168120765554271  0.65225185932553131  0.66281166288534121
  0.67336850567444517  0.68390826804697002  0.69444536229055553  0.70499551840295016
  0.71551528784150364  0.72606547666912546  0.73659661321660708  0.74714866284816106
  0.75767376791498997  0.76816727072346136  0.77867534423852547  0.78918378038648007
  0.79974713324444269  0.81029464613647695  0.82081414548904585  0.83132746429472659
  0.84181049169101863  0.85231063393869033  0.86280357743145530  0.87332932906784777
  0.88385852243975438  0.89438977669634745  0.90491153236493405  0.91543437487293589
  0.92597339689142100  0.93653983101555571  0.94712270698577472  0.95771000039751009
  0.96829819497007696  0.97887567161220801  0.98944286933617343  1.00000000000000000
 -0.00238682723703579  0.00966711545292720  0.01987231986227139  0.03041587692811058
  0.04096604268376731  0.05147045176607930  0.06196185238531009  0.07250645072949721
  0.08306292711796717  0.09362576398153577  0.10418111833804471  0.11475679212679996
  0.12529827799797522  0.13580905156888595  0.14631471508543406  0.15684362536676985
  0.16738734993507207  0.17792805826151342  0.18849646988411223  0.19905998492112925
  0.20963583314469494  0.22020441932021226  0.23075548880637964  0.24129640797817825
  0.25181074657036645  0.26234428757692563  0.27287964917667806  0.28340907994974579
  0.29393617815519396  0.30447566143565408  0.31502473387785640  0.32556915640047124
  0.33608084659817627  0.34659864955169722  0.35710221750460486  0.36760405203258395
  0.37813119170076687  0.38867551685933738  0.39923473346776278  0.40979400714278119
  0.42035039600715418  0.43093095659388009  0.44150745588689233  0.45208774853090478
  0.46262971136966047  0.47314758209321028  0.48366226251514283  0.49419769535681157
  0.50471096860350262  0.51523393122578809  0.52573285617712417  0.53624972173640795
  0.54677918290651240  0.55733604558483130  0.56790179006948327  0.57845014500372371
  0.58898644784136767  0.59949931342116147  0.61001178034496284  0.62054786526174355
  0.63109049013309737  0.64163802948295323  0.65216476157765435  0.66271492748555183
  0.67326594308980259  0.68383093845189691  0.69435636350851149  0.70488182401090227
  0.71539931937591061  0.72597073793196354  0.73653674592602902  0.74709266018618681
  0.75763687615316877  0.76814895800163097  0.77866795787369991  0.78918048579899402
  0.79969870824396927  0.81020788845617320  0.82068829549823175  0.83121695617601910
  0.84176837766621948  0.85234640361111313  0.86289584915735262  0.87342621137652876
  0.88397601785535629  0.89454071059038709  0.90511006572962827  0.91566540521799233
  0.92620278869332462  0.93672762481765159  0.94727574374351253  0.95784287126538792
  0.96841441137206719  0.97895149487533861  0.98947383983264181  1.00000000000000000
 -0.00229988010344537  0.00965001624982761  0.01983446866921193  0.03035146050726829
  0.04087748173544032  0.05141289544106724  0.06195658721223267  0.07248544845264027
  0.08301503117507071  0.09353518470073729  0.10405725308553240  0.11456682353820596
  0.12508088540088172  0.13560438716813014  0.14614759872884409  0.15667503952310577
  0.16720474240137084  0.17772846872856785  0.18827214433503042  0.19881305446092390
  0.20934719290803896  0.21989033986411285  0.23045800773624237  0.24102819808723647
  0.25157559534346075  0.26212207920727998  0.27265225889834144  0.28317240379508379
  0.29368445196542431  0.30421465460411495  0.31477569207359107  0.32530658401920731
  0.33583121566315571  0.34638069500896029  0.35693344269525196  0.36750087801939052
  0.37802600378190454  0.38858455449611257  0.39913773718913381  0.40968074674732186
  0.42018283807794399  0.43068476758139224  0.44120286246077978  0.45174268922429495
  0.46227968550004067  0.47280473480389745  0.48334352127128094  0.49388906097079643
  0.50446647019215118  0.51503818802510404  0.52562605419923203  0.53619731920696256
  0.54675837391761439  0.55731376275690214  0.56785837259416627  0.57841843152824701
  0.58895251509509572  0.59950277138092856  0.61005534967157427  0.62061698730956216
  0.63116393923630032  0.64168072219718475  0.65221694907901240  0.66276674392017210
  0.67333179076843608  0.68387885967626139  0.69441980712256990  0.70496935389992588
  0.71552243874989963  0.72608587833863414  0.73666458157771020  0.74726119779565647
  0.75782816681787946  0.76835402598529434  0.77885144833425035  0.78937041081086379
  0.79990496355572671  0.81045164856458118  0.82098750640550244  0.83153860845528649
  0.84208676062488719  0.85263638046255796  0.86316506948292260  0.87366446779385065
  0.88417291534343834  0.89471791824322877  0.90526221302057153  0.91577619661761001
  0.92625466627940467  0.93676959163933782  0.94731204474876407  0.95785012947238513
  0.96840162805736585  0.97892831662628821  0.98947861677894333  1.00000000000000000
 -0.00248447984218061  0.00955183066858320  0.01973345712361986  0.03021953250477144
  0.04073417698651807  0.05122859246413884  0.06172903487274757  0.07224938996685241
  0.08275745313255865  0.09330397606203521  0.10384312578642720  0.11438269592086012
  0.12489960467538426  0.13543085860663701  0.14597346067565745  0.15653581176726736
  0.16710082809388943  0.17766733737086110  0.18822945711553746  0.19876067298336395
  0.20931085688579226  0.21987119444960296  0.23044897403490322  0.24102445780574175
  0.25159145711146347  0.26216708291329710  0.27270051751220276  0.28322708456335965
  0.29373164503624527  0.30426350247990130  0.31478023363398777  0.32529196528793392
  0.33580988937654827  0.34633601917454843  0.35687103077706717  0.36742706162379529
  0.37795847310851582  0.38850586952174054  0.39900921569998204  0.40954762817715717
  0.42006636132819308  0.43060736526771426  0.44111835902857488  0.45165713927639206
  0.46220962166287627  0.47279173335399310  0.48335413910176911  0.49389704456486677
  0.50444348038981712  0.51500140386512860  0.52557259750307872  0.53615042907433252
  0.54670168930617324  0.55724036561359047  0.56776078490130932  0.57829092312918218
  0.58882971177619725  0.59938239108558045  0.60991443560688929  0.62043610264465465
  0.63094231685355118  0.64147634950729526  0.65202958801809829  0.66260932770457404
  0.67318796805271175  0.68374115211954656  0.69427455912464398  0.70481801014808909
  0.71537365454233515  0.72592635314559872  0.73644873037680170  0.74697215251544014
  0.75750293194403340  0.76806245727662292  0.77861245790692402  0.78917420205119426
  0.79972721977375305  0.81028144555131354  0.82081224044179724  0.83135106183087415
  0.84187814646381243  0.85239335515305903  0.86290456733110843  0.87343941047867346
  0.88400410331396573  0.89455373637495950  0.90508120255607727  0.91558597271797304
  0.92610237240385784  0.93666953339103987  0.94724789179645719  0.95781442088228841
  0.96837588104108585  0.97892363390204828  0.98948128398399782  1.00000000000000000
 -0.00242886236892043  0.00971713778698800  0.01991782957074293  0.03044363829500376
  0.04098584936714401  0.05151892915765708  0.06204276898090855  0.07255688848826164
  0.08310425344256607  0.09366345879868686  0.10422408770250262  0.11477937451047310
  0.12534403500199778  0.13591035109303595  0.14647650578863600  0.15703301047191776
  0.16760026995075999  0.17818119089653778  0.18876973212474304  0.19932609193912595
  0.20985684700109231  0.22037376612873680  0.23092216574919397  0.24146406609595764
  0.25198684933756532  0.26250116077066904  0.27301626683350771  0.28352948109025305
  0.29404846125898609  0.30457435110973696  0.31513608406662164  0.32567610996215673
  0.33619300339355779  0.34671113957213173  0.35721956205458255  0.36775751472561236
  0.37827198131547879  0.38879990003223075  0.39930986848631178  0.40984361657540941
  0.42037540588876204  0.43093435573752287  0.44148740125243802  0.45204675384936216
  0.46260044857681021  0.47314105925507760  0.48369517163403070  0.49423966540148956
  0.50478177315204253  0.51531422639737567  0.52583907677821085  0.53637337236454052
  0.54690408090035014  0.55743381763286204  0.56796202416307928  0.57849183992658926
  0.58907189375890967  0.59966677895506681  0.61027968101213337  0.62086456962728409
  0.63140857384032656  0.64193064759467910  0.65242569413779261  0.66295033749632082
  0.67347449875269561  0.68402275419982683  0.69457705761005817  0.70513668555189091
  0.71569550988755670  0.72625371853705545  0.73679087324565151  0.74730411421092591
  0.75783162300551277  0.76837896141638551  0.77891204415269188  0.78942123780169648
  0.79992895431845312  0.81047659793122961  0.82103805817216446  0.83156753573499498
  0.84208491716049649  0.85257463816762036  0.86310786865439448  0.87364528868352065
  0.88421485021292157  0.89478272018487082  0.90531088780940816  0.91579868340237169
  0.92631177342148652  0.93684970909434151  0.94739903449805085  0.95791326298364554
  0.96844574178657927  0.97898075207328750  0.98950182103386652  1.00000000000000000
 -0.00247246650643364  0.00953334600228014  0.01969291635306693  0.03019847754073470
  0.04072618079178935  0.05126702559199098  0.06182189727885601  0.07238560834736264
  0.08294415228841254  0.09348377668831855  0.10399795105377332  0.11452948475870618
  0.12506798794070415  0.13561376391920632  0.14612321877845658  0.15662224721590831
  0.16714719675588274  0.17769892816453159  0.18826498846701128  0.19883960777921017
  0.20938671219225369  0.21994376316589173  0.23049330264758749  0.24105867779431653
  0.25161812379215126  0.26216377037363758  0.27271942247052500  0.28325687264467014
  0.29377837667174606  0.30430470528531317  0.31483810227635273  0.32538432772024339
  0.33590819782951953  0.34642031113437560  0.35696150473825689  0.36747280232493645
  0.37798701865880774  0.38849138189511750  0.39904948347506763  0.40962561702252787
  0.42017494773843328  0.43070483529394882  0.44120956511498577  0.45173919645315580
  0.46227397536222309  0.47285791412981759  0.48342535234060480  0.49399123739987555
  0.50452639232914387  0.51505796357555389  0.52558862164433184  0.53614556888433562
  0.54669973542229089  0.55724370994500871  0.56776654186132924  0.57828048659056408
  0.58880776913356481  0.59931243706361259  0.60983599298160618  0.62035809734639058
  0.63091574096047853  0.64145325725678437  0.65201946241251807  0.66254708132992135
  0.67309960401780555  0.68364430525259179  0.69421139317178027  0.70475851177112225
  0.71526918225598823  0.72578165138434581  0.73630761503331410  0.74686006753101342
  0.75741067158973319  0.76796617349756380  0.77850021704263472  0.78902091696338050
  0.79955055605426872  0.81009353599409739  0.82066773083972056  0.83123495868317232
  0.84181223082860368  0.85236417402930853  0.86291975969200996  0.87344197115917233
  0.88399073669554984  0.89452797365256032  0.90510116720385037  0.91565102973776380
  0.92621794317978867  0.93675744943446104  0.94731624616274157  0.95786566853289523
  0.96842613664093546  0.97894827830599562  0.98947765652912534  1.00000000000000000
   1.5443350381645076E-002  -1.0000000000000000     
 F F F F F F F F F F F F F F F F F F F F F F F F F F F F F F F F F F F F F F F F F F F F F F F F F F F F F F F F F F F F F F F F F F F F F F F F F F F F F F F F F F F F F F F F F F F F F F F F F F F F F F F F F F F F F F F F F F F F F F F F F F F F F F F F
  <DiscreteSampler_grid>
  grouped_processes
  1 # 1 for a reference and 2 for a running grid.
  10 # Attribute 'min_bin_probing_points' of the grid.
  1 # Attribute 'grid_mode' of the grid. 1=='default',2=='initialization'
  0.0000000000000000 # Attribute 'small_contrib_threshold' of the grid.
  0.5000000000000000 # Attribute 'damping_power' of the grid.
 # binID   n_entries weight   weight_sqr   abs_weight
    10   10   4.931735539298075E+013   4.387299137271542E+027   4.931735539298075E+013
    11   10   4.931735539298075E+013   4.387299137271540E+027   4.931735539298075E+013
  </DiscreteSampler_grid>
