  0.00957729178715729  0.01559644447491674  0.02484404182484342  0.03560081520869522
  0.04593680100375010  0.05630007464593242  0.06667210803636617  0.07703528696923977
  0.08739515217537273  0.09775466099974006  0.10814733918101407  0.11856701075255467
  0.12900221286640795  0.13940067387117644  0.14977188562442825  0.16012012920929994
  0.17049338387994944  0.18088425008563988  0.19129047396285484  0.20169649173285734
  0.21210828366124684  0.22251211766652601  0.23291859460785561  0.24332133987688945
  0.25372845911744640  0.26412880564186858  0.27452980385572512  0.28491848331529573
  0.29530532306707075  0.30566990017992229  0.31604231488331913  0.32639755216634997
  0.33676596984554497  0.34713290243557499  0.35752962434332702  0.36793625670758012
  0.37834737238740201  0.38874915085464962  0.39914910126338010  0.40955254717419759
  0.41996961686089590  0.43037230423587297  0.44075621837623469  0.45111418959189770
  0.46147952118159546  0.47184158688807792  0.48220197359399675  0.49256303494679754
  0.50293568649252529  0.51331408468569772  0.52369242679511108  0.53406544461275129
  0.54443669503121273  0.55481544206463096  0.56521379271469319  0.57561768812816261
  0.58601776497182689  0.59640629807667633  0.60678778670681799  0.61716666690701327
  0.62754115345592421  0.63791879212485125  0.64830894760476077  0.65871239007928017
  0.66911858912446898  0.67951027306209355  0.68988110650395873  0.70025005005788932
  0.71063029459925831  0.72102328140250205  0.73141160206918898  0.74178632920766174
  0.75215380084067229  0.76252837836908416  0.77291425281730941  0.78329714063486378
  0.79368359315938031  0.80405423424848321  0.81442437112763244  0.82477420226395670
  0.83514016691412785  0.84551036219443643  0.85590888924369513  0.86632279538374934
  0.87674008982490481  0.88714647591134344  0.89751718106734879  0.90788619994047115
  0.91827670893267699  0.92868192848251219  0.93909543490150582  0.94949580549465951
  0.95987681762222177  0.97023100924252070  0.98054968885518734  1.00000000000000000
  0.00954659992341091  0.01587133625233932  0.02498197933128548  0.03577209806245722
  0.04610746214689494  0.05648648808701001  0.06686618857569029  0.07725135815367921
  0.08763117952619291  0.09802106018679481  0.10843072220660116  0.11884869121057003
  0.12927101477015182  0.13968277965515491  0.15007266525179919  0.16044381749690720
  0.17078641225380398  0.18113895831784463  0.19150299311315255  0.20190687315474626
  0.21233192036127307  0.22275485930434180  0.23316135808070726  0.24354400803002330
  0.25393101141189256  0.26433774708368840  0.27475573575893952  0.28516925046122843
  0.29555875740572490  0.30592008986613217  0.31627277259724285  0.32665002833632734
  0.33705647943340561  0.34746906957732132  0.35786474140559837  0.36825111472017147
  0.37861896414318852  0.38900108639785685  0.39938288894682544  0.40975477230995255
  0.42013153490267546  0.43049885421740608  0.44088302580117972  0.45123819093316841
  0.46159500117398194  0.47195162680115554  0.48231133323479086  0.49267840907643756
  0.50305880440359152  0.51344311431619460  0.52383387758251254  0.53422980225280658
  0.54462813872436444  0.55500955783045758  0.56538190402928401  0.57576509590858771
  0.58616993545495399  0.59658348799251149  0.60698091047804303  0.61736010348974291
  0.62772036139454435  0.63809147751839745  0.64847609786606319  0.65885562080302607
  0.66923167468602751  0.67960065738221942  0.68997095712956336  0.70033671366374972
  0.71070443547488049  0.72109046754995787  0.73148947915280360  0.74187551022127007
  0.75225332972944514  0.76262250184502633  0.77299610038262800  0.78336641237757210
  0.79374675426920183  0.80412435341488386  0.81449634788456393  0.82486441048445325
  0.83524504965687962  0.84564995702354906  0.85604564199766675  0.86642689939286444
  0.87679380099702697  0.88715579591529103  0.89752106528534648  0.90788457666561928
  0.91825369515003086  0.92863597787958740  0.93901808554625343  0.94939475142002117
  0.95978156408007376  0.97014968445996497  0.98051786279776387  1.00000000000000000
 -0.00231296764215476  0.00952582695972950  0.01968814331256935  0.03023936715148677
  0.04079858373239975  0.05136352467186778  0.06192277137030678  0.07249687832703089
  0.08304482346433298  0.09356529383069463  0.10409167151288615  0.11463499807092338
  0.12518860763572781  0.13575253171502694  0.14629330300094839  0.15683900668331321
  0.16735689438008483  0.17789675252814918  0.18841157322720103  0.19895871840647558
  0.20951046366667150  0.22008322127111390  0.23063674615656352  0.24116974740828595
  0.25170532484796032  0.26220033475538024  0.27270203879884503  0.28319091398415364
  0.29372066013295672  0.30426602098720357  0.31483716690892294  0.32541581424896632
  0.33597891116558809  0.34651117264231479  0.35703265192950007  0.36754590149643473
  0.37806334847205697  0.38860246806491094  0.39916000315201372  0.40972351528605228
  0.42029385612549841  0.43085900741362776  0.44143405051178364  0.45194750622677843
  0.46247158965236090  0.47297184002233134  0.48352983381683928  0.49408690560221186
  0.50464562264811497  0.51518381674782576  0.52568900665438423  0.53619196680878556
  0.54667780718666759  0.55719572814170193  0.56773088991871024  0.57833572564162405
  0.58893106919440896  0.59952343675096398  0.61008723364534634  0.62067770050890947
  0.63127078132201109  0.64185630304910291  0.65241949734794547  0.66295033920310553
  0.67346234819979345  0.68397935940519772  0.69456480073119919  0.70515344311263162
  0.71571556127533731  0.72625028250982193  0.73678072286932639  0.74732292622634544
  0.75786339184125040  0.76838716811827146  0.77890485981644719  0.78941753671805959
  0.79993704785487330  0.81046285019693864  0.82099120116667401  0.83151630879526373
  0.84208424255463821  0.85262653049437342  0.86316451231143720  0.87367315900252174
  0.88419656836665239  0.89474030648799707  0.90526409746647563  0.91579636306426659
  0.92634207558631421  0.93688679628511529  0.94742235015143217  0.95793763093924611
  0.96844278763413616  0.97895446834871624  0.98946672912003275  1.00000000000000000
 -0.00248944589302366  0.00960921109033127  0.01979216086877137  0.03029608698967836
  0.04083170855412899  0.05138722356981587  0.06193637879112072  0.07245741808206523
  0.08298214399422506  0.09351567446168292  0.10408129274531530  0.11461803617683197
  0.12515626377794201  0.13567846891620322  0.14620117819325129  0.15672139696204404
  0.16725848671327914  0.17780100225527093  0.18832623878999341  0.19884647548373269
  0.20938582237967407  0.21993130330779923  0.23049065931261584  0.24101900371247970
  0.25153036562061742  0.26204385454665935  0.27254717601184358  0.28308228161876342
  0.29361534870568984  0.30418134410955827  0.31474419977339457  0.32526292692095382
  0.33577483119601592  0.34627716274906961  0.35683679587885331  0.36739446093981587
  0.37795015503667767  0.38846982205985336  0.39898477500879093  0.40950125910908808
  0.42006151826121901  0.43067058101595829  0.44127492932968021  0.45185413149012810
  0.46238521648463321  0.47294998420182954  0.48351223927502246  0.49408318792929495
  0.50463550535675861  0.51520446737048997  0.52574286292943384  0.53627363957740271
  0.54678822373670455  0.55730640547942911  0.56784075378456633  0.57838772144811890
  0.58896716424352802  0.59952706336159256  0.61006500983949297  0.62060490865530016
  0.63114675238029594  0.64169967784988780  0.65224966418313712  0.66280735658321699
  0.67335235897210410  0.68387464539671627  0.69438452349903035  0.70488780994061262
  0.71539980302685835  0.72591942175843704  0.73643923805256184  0.74698209595870990
  0.75751924513777591  0.76807332462549815  0.77860141136759931  0.78914878130469368
  0.79967446423142829  0.81020341015776032  0.82074894069428983  0.83128972551735325
  0.84184084749568044  0.85234925705567333  0.86287769761683919  0.87341589879044668
  0.88396612166621980  0.89453481621637854  0.90510764075959560  0.91566026815810098
  0.92619917162208010  0.93673684144145630  0.94728087243490977  0.95783139767859304
  0.96835741963803634  0.97891212089782498  0.98945136133164902  1.00000000000000000
 -0.00242823362499619  0.00960509791281953  0.01977542508803446  0.03032266433877600
  0.04087739881589352  0.05142210363635830  0.06193022619658350  0.07244280966182901
  0.08296375748195571  0.09352808069020989  0.10407542734968475  0.11463379215342204
  0.12513086833067963  0.13566311000913411  0.14618379179882510  0.15672761701923654
  0.16723744522461562  0.17775075505276908  0.18826886027572681  0.19879863899936565
  0.20932894063682994  0.21984461446633177  0.23036030600770424  0.24087911831054259
  0.25142544569362829  0.26197843183106545  0.27254868063367704  0.28312373991696732
  0.29367841414849688  0.30421499383036765  0.31473790344430058  0.32527822212055346
  0.33583184688100487  0.34635951182976316  0.35690272100380549  0.36742482392295250
  0.37798933408764651  0.38858110758111775  0.39916116761494830  0.40974334843316879
  0.42028138530825415  0.43083200084442347  0.44137750643292545  0.45191580164818657
  0.46245531522250594  0.47300270601290229  0.48357579130929512  0.49415005094019077
  0.50472303264763385  0.51525472958978802  0.52577517344955160  0.53630547787362737
  0.54684552481729010  0.55739445584719149  0.56795088494083945  0.57851643905931727
  0.58906748372835249  0.59958350538008121  0.61008720800109995  0.62058951206621638
  0.63109665443824514  0.64162667278259877  0.65217849792006066  0.66271459954110179
  0.67326941606585700  0.68381381819154274  0.69436857984659095  0.70490097127699836
  0.71546594338618386  0.72603208688076937  0.73659634767521576  0.74710190581443370
  0.75760492364260046  0.76812171030784104  0.77868071305325282  0.78924818001765962
  0.79979666270153715  0.81033553623597954  0.82087744434369048  0.83140788020272349
  0.84192963528903564  0.85243763324314270  0.86295644244814174  0.87347309206263024
  0.88400159958943991  0.89454040883077801  0.90509448478996579  0.91565161743468093
  0.92621014206636720  0.93674959377274247  0.94729202455722505  0.95780524840518122
  0.96835310368315852  0.97888406382013837  0.98945307121714354  1.00000000000000000
 -0.00250037945560263  0.00957946663775005  0.01977741321679209  0.03029725784862172
  0.04084504055686648  0.05137644577219148  0.06192532913243737  0.07246836399921590
  0.08302258246134152  0.09358515863719881  0.10415814247537897  0.11473690004530339
  0.12531680640101456  0.13589061272113412  0.14644125530203433  0.15698008092848742
  0.16751080510619576  0.17802467657619878  0.18854450410179951  0.19908798295893496
  0.20965102702337982  0.22020026351964944  0.23076197549719119  0.24133550529020920
  0.25189342275848620  0.26244015980125196  0.27300153018856516  0.28356999749430811
  0.29412440492765951  0.30465229649725012  0.31517607609541121  0.32571472204404073
  0.33625196560298359  0.34681352995031495  0.35734418126985035  0.36789637031080535
  0.37842578439945262  0.38897365970026354  0.39950483675660003  0.41004338994717138
  0.42058435771138170  0.43112785488728933  0.44166097813367688  0.45222197220033195
  0.46277718553680425  0.47335586395043699  0.48392826365302655  0.49447569977581513
  0.50502775546088996  0.51555788599131414  0.52609284072252960  0.53659919303861925
  0.54709051037524670  0.55759004025827918  0.56810379083688500  0.57864714818418850
  0.58918320595245055  0.59970226533328208  0.61023889501801953  0.62079257735059723
  0.63137045297416061  0.64190431159038963  0.65241543995302531  0.66291765690125559
  0.67341382885424794  0.68395493410177000  0.69449862155559394  0.70503584557845456
  0.71556161728650702  0.72609571909227266  0.73664216973191032  0.74717337441938048
  0.75769432139342230  0.76822493893511989  0.77876989799155327  0.78931134720343044
  0.79987403608551577  0.81043475189478609  0.82098242167170610  0.83149819521192736
  0.84199904200075726  0.85248895962889348  0.86300764179446643  0.87353814556924803
  0.88408858949252611  0.89464761606632892  0.90519039363563947  0.91575611619141206
  0.92630189056953727  0.93686171110823335  0.94740610744477383  0.95791508856535346
  0.96842166925646278  0.97894059845111892  0.98946978807362240  1.00000000000000000
 -0.00240513637848261  0.00952484425440381  0.01968615599068669  0.03016142180096186
  0.04068668694902154  0.05119577134612875  0.06173959183191752  0.07229057728428137
  0.08285049838025235  0.09340621259777046  0.10395679816352818  0.11449831756772803
  0.12503908319473425  0.13556101281800528  0.14609060669578672  0.15661084624098648
  0.16714241161745580  0.17769090537083210  0.18823519142318848  0.19878064620847494
  0.20932350525839108  0.21987736591019233  0.23044622127155340  0.24102784267297769
  0.25161152153225558  0.26219215542277763  0.27276485505077985  0.28334783074461151
  0.29392072581902945  0.30449153934467454  0.31504874222892620  0.32559321525419288
  0.33613157128864496  0.34666674300756189  0.35723158493855933  0.36777804527240548
  0.37833544434587646  0.38885305236190248  0.39939142804144656  0.40991189348420032
  0.42045985339239089  0.43100705604052603  0.44156827849199953  0.45214236847587214
  0.46272847272560103  0.47329544152783554  0.48384081650803612  0.49436910546473567
  0.50491452910676071  0.51543119228973122  0.52595239132313076  0.53645545415206197
  0.54700865685136812  0.55755080929980050  0.56811790864189537  0.57864845467781190
  0.58918701536642570  0.59972858501238269  0.61026223902450727  0.62078786311160861
  0.63132158313798159  0.64184386225295775  0.65237015881910199  0.66288432039852441
  0.67342979871984376  0.68398220785729802  0.69454243796114568  0.70512246246129484
  0.71568480556810465  0.72622933856550287  0.73677630910476799  0.74732713797987638
  0.75789528161269515  0.76843423046092296  0.77894800594765734  0.78945403454033825
  0.79994427793295553  0.81046075669850948  0.82096866034582305  0.83146073087046835
  0.84195122798656485  0.85243422365739097  0.86296773869750432  0.87350769431526021
  0.88404072361431874  0.89456765690751749  0.90511134166938867  0.91568110458116225
  0.92624852569620419  0.93679298231913966  0.94732611555725044  0.95785754631220221
  0.96838063206725022  0.97892517202195195  0.98945446415124372  1.00000000000000000
 -0.00240617264846012  0.00954852916162393  0.01973476486537463  0.03030457221015425
  0.04088217802604894  0.05142717042129835  0.06197009577140121  0.07250477028677083
  0.08305608088108556  0.09359343022148721  0.10412381071656084  0.11466787132104472
  0.12521548099112284  0.13576978521676530  0.14629800189614514  0.15682150490365845
  0.16737846699565562  0.17794878509949114  0.18853838669160919  0.19911634481809495
  0.20970051683521640  0.22028058720480873  0.23082422649249701  0.24136974108681516
  0.25191589296651590  0.26247757087491741  0.27301310788966271  0.28352931652918623
  0.29400751529420760  0.30452048162944928  0.31504375472724322  0.32562124103358769
  0.33615672705573840  0.34668409827943614  0.35719561753622275  0.36773890522630859
  0.37829562485777918  0.38887579334292777  0.39943155073477182  0.40996803163626544
  0.42047901272872257  0.43099434942579740  0.44151758018096426  0.45202470928511757
  0.46254620976446453  0.47303451366729360  0.48354863324005459  0.49404706659857428
  0.50458266901602300  0.51511322964124362  0.52564096931530824  0.53618306605773969
  0.54672246535356595  0.55728492178434608  0.56779670444836605  0.57829970123934427
  0.58878274175744616  0.59933294690828920  0.60988694232099017  0.62043384625663534
  0.63095124534243952  0.64149107472407263  0.65206762148028508  0.66264069528947711
  0.67321401211216181  0.68376505356867689  0.69433684991605682  0.70488317740408768
  0.71543341713563124  0.72593675782367584  0.73645038283747366  0.74695513648601763
  0.75750391370649461  0.76807200726912161  0.77864294095180864  0.78919468717137842
  0.79971605402117407  0.81022897599592403  0.82073130543633310  0.83124260976349029
  0.84174428875028862  0.85223652180872767  0.86274314983055977  0.87325338245110606
  0.88381279014513603  0.89436502605380608  0.90491999470727624  0.91547484206872287
  0.92602646506768149  0.93659833010370408  0.94714945342555124  0.95770614242094154
  0.96828896141935272  0.97887398722392127  0.98945288308810653  1.00000000000000000
   1.5402260935956811E-002  -1.0000000000000000     
 F F F F F F F F F F F F F F F F F F F F F F F F F F F F F F F F F F F F F F F F F F F F F F F F F F F F F F F F F F F F F F F F F F F F F F F F F F F F F F F F F F F F F F F F F F F F F F F F F F F F F F F F F F F F F F F F F F F F F F F F F F F F F F F F
  <DiscreteSampler_grid>
  grouped_processes
  1 # 1 for a reference and 2 for a running grid.
  10 # Attribute 'min_bin_probing_points' of the grid.
  1 # Attribute 'grid_mode' of the grid. 1=='default',2=='initialization'
  0.0000000000000000 # Attribute 'small_contrib_threshold' of the grid.
  0.5000000000000000 # Attribute 'damping_power' of the grid.
 # binID   n_entries weight   weight_sqr   abs_weight
    10   10   2.968332897174583E+013   1.605992313174405E+027   2.968332897174583E+013
    11   10   2.968332897174584E+013   1.605992313174406E+027   2.968332897174584E+013
  </DiscreteSampler_grid>
