  0.00978620852521772  0.01633874591081176  0.02526648974171668  0.03614361363729473
  0.04656705111520477  0.05700048431557720  0.06740803527961928  0.07780103549210945
  0.08820080202300672  0.09859233504147713  0.10893643760198353  0.11923736004009829
  0.12953889178646869  0.13985109726482833  0.15020640716082720  0.16060311378073813
  0.17101407865596108  0.18144655315623012  0.19185029331872264  0.20226281327213397
  0.21262720443894070  0.22301028964813330  0.23339697907940848  0.24380031154992349
  0.25419374380635701  0.26452124650520448  0.27482850991118973  0.28511806387589833
  0.29544210824833722  0.30579246459606590  0.31613368200370334  0.32651554083359308
  0.33691029853938270  0.34731446237971342  0.35771035758285180  0.36809536365217699
  0.37846923717918712  0.38882253487801166  0.39916841833745992  0.40953120335384180
  0.41989817549064068  0.43026072004227084  0.44063580014208104  0.45102344275984407
  0.46142519877080895  0.47181365650905871  0.48218361755173184  0.49253568961070260
  0.50291736685343802  0.51332511310821616  0.52374838155232584  0.53415343750235700
  0.54457520537755355  0.55501151236253765  0.56544461874113361  0.57585668850842642
  0.58626109624199407  0.59667330749606473  0.60707041999782263  0.61746095414396251
  0.62785489716112919  0.63824015879533846  0.64860729686883267  0.65895573808742458
  0.66933462478145500  0.67974912343152527  0.69016004267298459  0.70054674216665436
  0.71091408461917804  0.72128336456751596  0.73163730575708485  0.74197820683051330
  0.75233062219358626  0.76274025934387413  0.77317020951148008  0.78356318467397734
  0.79391978491418247  0.80425515302702488  0.81459476797925112  0.82492833084581219
  0.83528878405818474  0.84569831620897629  0.85611778093027535  0.86652483461742669
  0.87689681977284184  0.88726198872592399  0.89761803787296757  0.90800157552774419
  0.91837225529208277  0.92877214090616078  0.93914591699562866  0.94954274845885045
  0.95990390221172373  0.97023837782191513  0.98055977286431717  1.00000000000000000
  0.00958879428292749  0.01583002850511715  0.02509476875820146  0.03593574841129471
  0.04636396454230399  0.05679566397523737  0.06721243065393066  0.07759344124614428
  0.08796481445503763  0.09834008861202943  0.10868245324342878  0.11901345663184165
  0.12933078272532944  0.13967106215528952  0.15002345495704605  0.16039586637283856
  0.17078033233952561  0.18120259350761850  0.19159343314377092  0.20197426000222563
  0.21230668817884271  0.22266106664843868  0.23300995390087370  0.24340912809811002
  0.25381488068232072  0.26423173622953350  0.27463959488849810  0.28505384370520437
  0.29546922892713218  0.30585773498157875  0.31624120858857918  0.32659685408297628
  0.33696157016238110  0.34731055395135912  0.35766278115740646  0.36801261383783074
  0.37838234938660187  0.38876127598622201  0.39912886187185137  0.40947705933963396
  0.41983859947729291  0.43023432786059279  0.44060671244461302  0.45096742894650044
  0.46131054108875519  0.47168641666092304  0.48208540523351845  0.49246853401723861
  0.50283390650420368  0.51318486214868941  0.52354907746751544  0.53393132255931419
  0.54432058435858199  0.55472400618959550  0.56511428507091810  0.57549313605623109
  0.58588444194041589  0.59629816202182440  0.60671697297906135  0.61710038009390000
  0.62746675056058376  0.63784917957354159  0.64824000542122062  0.65862186262968891
  0.66898590170596184  0.67935166079391496  0.68973709229016178  0.70013441996037873
  0.71054071303772626  0.72095832047928710  0.73137637892008189  0.74177386688048808
  0.75213539517759187  0.76248008138307743  0.77282447955035505  0.78317561851210282
  0.79353818084561634  0.80392245099054449  0.81431314633705831  0.82470464279550781
  0.83507395092283143  0.84545609468467053  0.85584560220535266  0.86626646764773185
  0.87668031940678559  0.88707636682402857  0.89747391403233889  0.90786716139889900
  0.91826785864713145  0.92863686283520552  0.93902132069640820  0.94941772929129675
  0.95982067076102984  0.97018274186490483  0.98050439832194869  1.00000000000000000
 -0.00213241976173999  0.00962434827273898  0.01980831645287146  0.03038063709359198
  0.04091661185246851  0.05147653764734146  0.06207542807321764  0.07268749525685213
  0.08323978642005232  0.09375638597843616  0.10429442201057394  0.11487770734647273
  0.12547630703607904  0.13605737945200758  0.14661409462229977  0.15715303631762259
  0.16768558743809467  0.17821079673699730  0.18874551278045545  0.19929380316592232
  0.20981068233949055  0.22028884127030304  0.23076927418827081  0.24127340059909960
  0.25185886930215440  0.26246397540460864  0.27308108105110990  0.28364171507573521
  0.29417029822430296  0.30471375928443656  0.31526405968086918  0.32582481350690273
  0.33635059814083679  0.34688454766015620  0.35739067763326504  0.36792652851082847
  0.37845856836468211  0.38902190675992171  0.39954956407616821  0.41004666024871950
  0.42053119216266405  0.43102611883967368  0.44154097774164575  0.45206202058350453
  0.46262041044593727  0.47321371242820559  0.48379871965895177  0.49434704873384233
  0.50491286984421002  0.51547199329874471  0.52602295415281097  0.53654123683228327
  0.54704610861959369  0.55755683928335109  0.56803528348964283  0.57849836750251327
  0.58899256890962592  0.59949733379063475  0.61005326136695137  0.62061074971403307
  0.63119130681209790  0.64168756207550681  0.65216313669788728  0.66260586222271223
  0.67311237439458760  0.68362666114182702  0.69419600637471623  0.70480058274009083
  0.71538833558539860  0.72592973586327136  0.73647737777067213  0.74701687571805819
  0.75752684694960282  0.76800801787047090  0.77849346155928989  0.78900412927620811
  0.79948262087208100  0.80999811205796479  0.82052603207983643  0.83112702147395656
  0.84170473440341176  0.85232025730545802  0.86289751167573270  0.87348117057816821
  0.88406729618177671  0.89470336429848374  0.90532949421605557  0.91590957804472783
  0.92641875529671047  0.93696229871020897  0.94748897748710204  0.95804700738822046
  0.96853772650943937  0.97903685938770413  0.98950251843122594  1.00000000000000000
 -0.00224903250012357  0.01083661838006963  0.02101555796185177  0.03151626299130855
  0.04196429357623072  0.05242817871131885  0.06297477178532651  0.07350607145550286
  0.08403090047538075  0.09450516826302911  0.10497952002586745  0.11551195776781165
  0.12603299462958986  0.13657063106807485  0.14706963800945552  0.15765570541391510
  0.16826498406723153  0.17885433616671093  0.18938000352312404  0.19987704843993742
  0.21041956533918652  0.22096691299519558  0.23149323466594668  0.24198354773393552
  0.25247807410035900  0.26297353763437947  0.27346784446338090  0.28394813586037043
  0.29444454248989771  0.30496006020528654  0.31546850478708549  0.32599630013681902
  0.33653344121326972  0.34709373873232846  0.35767571010429522  0.36822347071180472
  0.37880270778275399  0.38936762889172905  0.39996825302795685  0.41049540836099357
  0.42102642892964393  0.43150627792497864  0.44205117813761136  0.45258092214344625
  0.46313446411176756  0.47362207134207956  0.48409238914371022  0.49459760581755041
  0.50516127011150069  0.51572320226842938  0.52627513180566654  0.53678592554966453
  0.54730579040551486  0.55781743611548285  0.56833765186787122  0.57886822447284025
  0.58942692889734694  0.60000753656145533  0.61060559421119187  0.62116960256574216
  0.63173243987647676  0.64225646749988508  0.65277891665872656  0.66322929992425517
  0.67371964074382795  0.68417322493772814  0.69468661816841615  0.70519713847988952
  0.71572932203759021  0.72624762534448561  0.73671882114439713  0.74725523256739068
  0.75779193221391505  0.76833976038858087  0.77879990807342869  0.78927920374761384
  0.79975836714672721  0.81033765784318024  0.82094410452766853  0.83153953144877424
  0.84208353356441623  0.85257609578428206  0.86310771244331996  0.87362485274880386
  0.88416842771817827  0.89468197389246329  0.90523338621762295  0.91575818946992771
  0.92628644453348763  0.93676496379856422  0.94728324420199506  0.95781947576641813
  0.96839786415184281  0.97897517020705560  0.98950622659450738  1.00000000000000000
 -0.00235398232781251  0.00991370121306749  0.02020801381712409  0.03073952251297039
  0.04131449862658049  0.05185147609309319  0.06240062988698917  0.07295265963473066
  0.08350975276719129  0.09411021449334840  0.10471818224021125  0.11531440698033639
  0.12578392068425176  0.13625708725001406  0.14669424949946172  0.15720492587014553
  0.16770908882284891  0.17828392580407687  0.18882521210255324  0.19933667816452247
  0.20985595654637401  0.22035584390314647  0.23088583456373599  0.24142249266903265
  0.25200569903521441  0.26259824130376275  0.27311736012535942  0.28364445161869306
  0.29418283154955793  0.30472409457853195  0.31528273390112604  0.32579657959855735
  0.33634807968341185  0.34687405630838491  0.35734033968478923  0.36782130731415702
  0.37827516795987631  0.38879016399876143  0.39929036336678231  0.40979606918561989
  0.42031424561130482  0.43079394577027436  0.44127145271708323  0.45172893757940707
  0.46222276141552970  0.47274216587483225  0.48330295545337848  0.49388717351865824
  0.50448336838412067  0.51504453276497697  0.52561075508837596  0.53617863461719217
  0.54675602983809735  0.55732644812381960  0.56789418229492405  0.57852061975625724
  0.58912152687486863  0.59971780563444155  0.61025836963261981  0.62072707136214000
  0.63117290880940391  0.64163765234559667  0.65217064291542703  0.66274305824624791
  0.67330119280332512  0.68384362586099878  0.69439903655135582  0.70495055187623989
  0.71552833609568256  0.72608782902311841  0.73666821890756229  0.74724315303026534
  0.75775546155766327  0.76828456672931877  0.77879575447506089  0.78937798710300033
  0.79990640648896016  0.81051201524416461  0.82108231819942556  0.83164868291884553
  0.84218163762949616  0.85267304261622712  0.86321399300623980  0.87372876918999876
  0.88430972020785648  0.89487229279924707  0.90542745257688617  0.91598704971943534
  0.92645521719068191  0.93689689067391202  0.94734323187737091  0.95787239770350485
  0.96840485150140954  0.97896584873688752  0.98947020872632285  1.00000000000000000
 -0.00222140341199166  0.00985885924793833  0.02006560559219404  0.03057016340117831
  0.04107226355908396  0.05160943685398189  0.06212962422639443  0.07267086047184373
  0.08316908413528180  0.09371015151937229  0.10424556187655165  0.11481553281699375
  0.12535388202816139  0.13590363720083332  0.14645290820660706  0.15700865530205044
  0.16753201749890190  0.17806171488540118  0.18861365929298904  0.19919199313177863
  0.20973480400460864  0.22028534075037787  0.23079873846969814  0.24135783311987821
  0.25188328398683624  0.26248416807758196  0.27305225017251339  0.28362533700481823
  0.29411515014190387  0.30459917746951171  0.31505919177014879  0.32557858832925257
  0.33610979938621893  0.34668253477833993  0.35722055243358641  0.36773248977442141
  0.37821044560007050  0.38868822570214795  0.39918389740741866  0.40967742582045408
  0.42016877876331621  0.43071081385173338  0.44129116899971915  0.45188876803402550
  0.46245024925591749  0.47295480135422924  0.48346624757680884  0.49395744253236595
  0.50449523154311293  0.51504586760103876  0.52559255408644290  0.53615192185502181
  0.54666835875514497  0.55716936599866040  0.56766359943940203  0.57818495976604689
  0.58872676701159843  0.59926350670636319  0.60977133329966560  0.62025188974779355
  0.63074420462331748  0.64128478317348181  0.65192337078297480  0.66257332331214625
  0.67318934165328315  0.68372932296522715  0.69423852241695960  0.70475439742796386
  0.71525653599938777  0.72576827085359807  0.73629737368439585  0.74688128506744644
  0.75744014031222140  0.76797369480194089  0.77849628229530754  0.78907215406471531
  0.79968562111868469  0.81030199986793328  0.82088480740529912  0.83144922059565540
  0.84200774605710738  0.85259673091613175  0.86317563453513557  0.87377285271524163
  0.88436102756868484  0.89489281382576746  0.90541843502404284  0.91591577508271449
  0.92647001776324389  0.93697914893090362  0.94753735201915401  0.95801579647880364
  0.96852962823246758  0.97899669954783253  0.98951431572890347  1.00000000000000000
 -0.00246765591120246  0.00962992761712614  0.01976515153297421  0.03025990473835383
  0.04078175849510950  0.05129720481727839  0.06180763456980476  0.07232369045104242
  0.08287625182939712  0.09340238030628248  0.10388849987868783  0.11438291937977181
  0.12489010535371219  0.13537934905116633  0.14588049806435957  0.15637504209401898
  0.16693460824477227  0.17749338145975954  0.18805275042641650  0.19858080753757595
  0.20912827592062919  0.21971829835510290  0.23029805241696094  0.24085810098774796
  0.25138371002591053  0.26189655158676944  0.27239847342785756  0.28292539609469802
  0.29345933199114099  0.30403624006860558  0.31456404948024930  0.32507429592738074
  0.33555367426028199  0.34604704620343635  0.35657097457416242  0.36713208650036583
  0.37772690055083968  0.38832905753565294  0.39890858245675387  0.40948002026649455
  0.42005376269588379  0.43060981997617126  0.44113600166966810  0.45167711797069809
  0.46221994140921291  0.47280176924843714  0.48338453540564719  0.49398073096769596
  0.50456662162288324  0.51508061323132359  0.52558390276691869  0.53606226748608055
  0.54659431285155557  0.55717574695163663  0.56776546132004591  0.57834060454148084
  0.58882480262741943  0.59939051360506346  0.60994193802226249  0.62054059114321380
  0.63103347272231514  0.64157697919883527  0.65211384065596367  0.66272408498531032
  0.67327438734678446  0.68382988285376589  0.69434266397990163  0.70488555891106530
  0.71541331966249011  0.72597058726742514  0.73649560867120334  0.74704730217075199
  0.75757341181009408  0.76811750058669315  0.77863653343787576  0.78913948964897118
  0.79964791541014857  0.81015407165712028  0.82067478009563688  0.83122351297759900
  0.84179532516515376  0.85235369961349805  0.86290327630541130  0.87342019072299082
  0.88396728735226426  0.89450957492503602  0.90503989460293233  0.91555866822352361
  0.92609345191261860  0.93671183073517605  0.94730440645479086  0.95787347780866516
  0.96837981741819290  0.97891986173078793  0.98945009744210610  1.00000000000000000
 -0.00209739264930600  0.00966770354544283  0.01986870746936065  0.03034813011886039
  0.04088719595871889  0.05142751553900933  0.06199856445075670  0.07259133451730809
  0.08317171247885599  0.09378201983704561  0.10436321469017958  0.11490643705961823
  0.12546031994578460  0.13599693482718120  0.14658563629334070  0.15713606592749529
  0.16768635354090039  0.17821711870895329  0.18873693724686849  0.19925720034076808
  0.20981473449266999  0.22039136583277291  0.23098902569911592  0.24157869644849994
  0.25216444762279461  0.26272584897595003  0.27324331003463975  0.28379287230059413
  0.29435722782157037  0.30491600189049572  0.31546805144472934  0.32598326520255549
  0.33649987243276264  0.34704713620978472  0.35760080251642168  0.36819524263497400
  0.37877340867624903  0.38935425175741478  0.39991006871429441  0.41044490118652455
  0.42100015049854400  0.43156751992041670  0.44217165823263455  0.45273445871995482
  0.46326607523045277  0.47378284898686734  0.48430725815726378  0.49482531117344575
  0.50532716925031240  0.51581724533825113  0.52634028402801247  0.53680901330253106
  0.54728372979833528  0.55775471340185412  0.56821670621838716  0.57870962295531769
  0.58917903811219829  0.59970372649463044  0.61024543751610871  0.62076126111090413
  0.63127408672445551  0.64176721100037726  0.65233447688993218  0.66292743626945860
  0.67351347131721262  0.68407597263868047  0.69463906248478435  0.70521244481766843
  0.71579898303417655  0.72634672573925685  0.73689755164429593  0.74743552261217505
  0.75795532365935747  0.76847438612465102  0.77897843485028928  0.78952733273431253
  0.80005898121591201  0.81058088839888010  0.82113003058176004  0.83172156260604146
  0.84232528847224808  0.85284052175647396  0.86333075237573065  0.87382200257271481
  0.88438725374756344  0.89490562834565590  0.90545321662710998  0.91594286309517614
  0.92645101795202067  0.93693255654117713  0.94743442644192266  0.95793100134924980
  0.96838156412628229  0.97888890443301824  0.98942554130722071  1.00000000000000000
   3.5819345664288865E-024  -1.0000000000000000     
 F F F F F F F F F F F F F F F F F F F F F F F F F F F F F F F F F F F F F F F F F F F F F F F F F F F F F F F F F F F F F F F F F F F F F F F F F F F F F F F F F F F F F F F F F F F F F F F F F F F F F F F F F F F F F F F F F F F F F F F F F F F F F F F F
  <DiscreteSampler_grid>
  grouped_processes
  1 # 1 for a reference and 2 for a running grid.
  10 # Attribute 'min_bin_probing_points' of the grid.
  1 # Attribute 'grid_mode' of the grid. 1=='default',2=='initialization'
  0.0000000000000000 # Attribute 'small_contrib_threshold' of the grid.
  0.5000000000000000 # Attribute 'damping_power' of the grid.
 # binID   n_entries weight   weight_sqr   abs_weight
    10   10   3.855021373481481E-012   3.292253651238666E-023   3.855021373481481E-012
    11   10   3.855021373481478E-012   3.292253651238664E-023   3.855021373481478E-012
  </DiscreteSampler_grid>
