  0.00954634257019898  0.01559403021638806  0.02486679640259659  0.03565060603526101
  0.04601335710290762  0.05640401233602209  0.06678306566554916  0.07716019222240222
  0.08753151209486758  0.09791633203104132  0.10830981209624368  0.11870259362497695
  0.12907116949196581  0.13943835851064471  0.14977891731888557  0.16016285418562545
  0.17054878248302466  0.18096189195983522  0.19133881608850778  0.20168278457084340
  0.21202926463084967  0.22238772093604836  0.23274743159594738  0.24312130360375439
  0.25348040149854234  0.26385946140364314  0.27422823531205331  0.28459115341357361
  0.29494487861231145  0.30529308987584375  0.31563436931069960  0.32597153347209368
  0.33632937164647514  0.34671927544645920  0.35710896496509037  0.36748870762432073
  0.37786821680633714  0.38827172657622722  0.39867708379077399  0.40907474486264550
  0.41947052054941619  0.42986730896952047  0.44026270584311683  0.45065578045323124
  0.46103871607448227  0.47142244866929928  0.48180649481224058  0.49218466694853097
  0.50257083965409177  0.51295960474950952  0.52336421446160619  0.53377273231407174
  0.54416922473374807  0.55456459382421308  0.56494776478681474  0.57532476130098853
  0.58569254666299020  0.59605975559374613  0.60642923777689361  0.61680740172738346
  0.62720997909499110  0.63764177155878543  0.64806368233256550  0.65844575502973890
  0.66881383525503046  0.67917849710004430  0.68953860365552533  0.69989863234877137
  0.71027036959210943  0.72065593996460187  0.73102965326486746  0.74139757152403318
  0.75178641327981310  0.76219001212419768  0.77260450321624308  0.78301758782965269
  0.79343298334661783  0.80384624254097425  0.81425875785588242  0.82465347740525941
  0.83506064162126470  0.84545637804799456  0.85586136741961283  0.86624094681337205
  0.87660933146123565  0.88696825679616820  0.89733292909241902  0.90771429633639555
  0.91810327824147397  0.92852418519687718  0.93894611294862573  0.94937595826150267
  0.95977040766352228  0.97015101349740096  0.98050117107161971  1.00000000000000000
  0.00960781997150067  0.01587901086583353  0.02504997487421012  0.03580009954619103
  0.04613777558755872  0.05654401865122543  0.06695577106609515  0.07734720540514413
  0.08773510868079475  0.09810459870571733  0.10848140173409707  0.11884880298985082
  0.12923564092228212  0.13963230073458133  0.15001656973167765  0.16040395525988332
  0.17078406501791790  0.18116344496065062  0.19154400002353564  0.20194591960072064
  0.21235619317077559  0.22277025475790296  0.23315240867312378  0.24351304798985748
  0.25387771717668950  0.26424232375223783  0.27461902687677969  0.28499124463246411
  0.29536838121310904  0.30574827646111546  0.31612378658555490  0.32649540527855642
  0.33686636802721648  0.34722965055145499  0.35758985981345398  0.36794200362456597
  0.37830234510801919  0.38867609861706293  0.39905459270313831  0.40943700815406159
  0.41982277339397522  0.43022278005217901  0.44061734144371528  0.45099773036555219
  0.46136956041365268  0.47175393312919855  0.48214905904988992  0.49255181895970618
  0.50293697179737695  0.51331751999070341  0.52370994572689766  0.53412017745684304
  0.54453333099037593  0.55492361854420025  0.56529560542391932  0.57566623174584841
  0.58603691305105399  0.59640282924552257  0.60676372618389840  0.61711958361299402
  0.62747063463446495  0.63781988144394453  0.64817818017547801  0.65854449175003171
  0.66892118480297014  0.67930842820423898  0.68968850611971499  0.70004836120282199
  0.71039166646813934  0.72074613298033008  0.73111192518162116  0.74148437336967854
  0.75185853010630876  0.76224164728727839  0.77262634552072051  0.78302318407561178
  0.79341813331935385  0.80379151975537966  0.81415206237456328  0.82450895734192309
  0.83489302514474073  0.84528315343495575  0.85569099301129437  0.86609705074402588
  0.87650436955570143  0.88689972901842429  0.89729278907992438  0.90767931539861046
  0.91806660818695418  0.92847347258284529  0.93888449439288324  0.94929943825524155
  0.95970949685475404  0.97011236937557488  0.98051375798192986  1.00000000000000000
 -0.00252831313226901  0.00948565672083817  0.01965552592152813  0.03017892833264628
  0.04074342894602612  0.05126235551902462  0.06178438050228868  0.07229533727196062
  0.08287712780824318  0.09345058876634385  0.10403415682184480  0.11458327915804926
  0.12514041196398723  0.13568219935639125  0.14621260376179679  0.15678039372866703
  0.16733383600027593  0.17789627436002950  0.18841970726795626  0.19896424604510890
  0.20951768599384935  0.22007462609803199  0.23061343901467857  0.24113008404669053
  0.25164713012504136  0.26217221644686806  0.27268923747679052  0.28318150404361575
  0.29367814549566673  0.30419597309616647  0.31475291435593394  0.32532101117509549
  0.33589233611289299  0.34645236351875797  0.35701134453066113  0.36756526846376825
  0.37811744235025530  0.38866592822738621  0.39921600815824931  0.40977804293899484
  0.42033111667641965  0.43088006053023675  0.44141310733860356  0.45194505743161162
  0.46247250454037370  0.47299327389693607  0.48351608896249748  0.49405158672163885
  0.50460158730594162  0.51516252198995660  0.52573622759292715  0.53629240753318985
  0.54686227614008998  0.55740825051678589  0.56795150620126122  0.57849172157225759
  0.58902312257080935  0.59953011702798242  0.61002359423516639  0.62052616710377839
  0.63105722359208694  0.64157915263699461  0.65211469973828440  0.66263509272615684
  0.67316596607698409  0.68368136323901030  0.69421096425669049  0.70474658456716122
  0.71530700962932148  0.72588294452410462  0.73646140013382033  0.74704083415339906
  0.75760669477309506  0.76813763505253241  0.77865081816010029  0.78916542987392302
  0.79972229569147657  0.81028207928927254  0.82084287936136135  0.83140920084643233
  0.84199224413672402  0.85256169179542118  0.86309123646206254  0.87360353718199746
  0.88416666389446397  0.89473234354708542  0.90531088368684098  0.91585545331640994
  0.92640416813844140  0.93694015119274843  0.94744925853243744  0.95796416038628618
  0.96846272163595903  0.97896553791552521  0.98948569613790038  1.00000000000000000
 -0.00244405227520615  0.00954833063241951  0.01972320714521531  0.03022402202161293
  0.04077052600615220  0.05130016516993159  0.06185938869318765  0.07241675987820860
  0.08300081855715401  0.09358168183614395  0.10417193348176751  0.11472120903766181
  0.12527487027694179  0.13583280896153976  0.14639536663355995  0.15691763647036330
  0.16744110780985050  0.17798105461604632  0.18854139257984831  0.19908021105504511
  0.20962781803106734  0.22017450453273957  0.23073931795971245  0.24126753653025446
  0.25176594710257699  0.26225526928286508  0.27274767526095423  0.28323547346603312
  0.29373641823587604  0.30426772431512700  0.31483210836263470  0.32538670897403332
  0.33592751291450773  0.34646153322568568  0.35697637813387739  0.36750399860256810
  0.37803929831082184  0.38858367799014121  0.39911574735908373  0.40964288611241356
  0.42022074461493414  0.43080946343371096  0.44138994578324087  0.45194783130336547
  0.46248792920286358  0.47301618434450149  0.48351939486104806  0.49402119186897481
  0.50451639169419815  0.51502862253170167  0.52553649159000226  0.53607860893566828
  0.54661477049161378  0.55717481992945150  0.56772300408025633  0.57826006153178111
  0.58879448480173158  0.59931933956590600  0.60984778841881915  0.62037239778329800
  0.63094673403515666  0.64151975886341273  0.65210540467956979  0.66263571871135063
  0.67318598188024015  0.68368643659887962  0.69423818522454317  0.70477286305433307
  0.71535058388245931  0.72591867593333959  0.73647661951336663  0.74705868252462471
  0.75764540705150973  0.76824738493671785  0.77879941316300338  0.78934320815614212
  0.79987223753527981  0.81040651317482482  0.82091975065255296  0.83145130651252364
  0.84197730544422844  0.85249966885519490  0.86302298241341324  0.87355464565740293
  0.88410618504989980  0.89463426669030999  0.90519405627898608  0.91573034547631060
  0.92628373295289645  0.93677962854921037  0.94731295207025656  0.95784656985229166
  0.96838948723826523  0.97891048372655298  0.98943978874251159  1.00000000000000000
 -0.00253334275293360  0.00940679249451865  0.01953113078795371  0.03002490081925696
  0.04056359952168283  0.05110861870515056  0.06164852278388876  0.07216446275501540
  0.08267859835679346  0.09319123503522869  0.10373325038188703  0.11425815562826966
  0.12478904575404992  0.13532961543503708  0.14588064408005227  0.15642307944234943
  0.16696731146647253  0.17751419580543973  0.18806724830233348  0.19860009877104315
  0.20915436940877802  0.21972985295534325  0.23033149165786984  0.24091714252003935
  0.25147504359876183  0.26202198208111649  0.27256838406915246  0.28311406327773830
  0.29367168227646545  0.30421757100276708  0.31479038912504853  0.32531952906360129
  0.33586848759190807  0.34639362037513377  0.35695786110896716  0.36748970063313247
  0.37800617056117553  0.38851422317057754  0.39904827285696193  0.40960309812246370
  0.42012879195456238  0.43064625829763803  0.44117249283201476  0.45170268813778736
  0.46223507214637610  0.47278639611918000  0.48333351482604830  0.49388891157651965
  0.50443503158586822  0.51497823524434139  0.52553225620315713  0.53605784122543210
  0.54659662417188004  0.55711070728000767  0.56764005181607080  0.57818202180682321
  0.58873008877326205  0.59927879710400411  0.60980075798713751  0.62030844451326261
  0.63080114191588621  0.64131943673088698  0.65184861579390785  0.66240781714576369
  0.67295117776626723  0.68351363327926162  0.69408564822258334  0.70465305750254570
  0.71522935549333888  0.72577310968685493  0.73632630018258205  0.74683422246669895
  0.75736222534864606  0.76790162446802879  0.77848306244271293  0.78905683382385450
  0.79959191285901865  0.81011483606528545  0.82064268949596930  0.83118847765379456
  0.84173545635007441  0.85227722737375455  0.86281760826142717  0.87335567301467454
  0.88389088622340539  0.89443416443377388  0.90498315720729650  0.91552755989040191
  0.92608380601618312  0.93665601107604191  0.94719801084482402  0.95774260725825178
  0.96826325918465428  0.97883456223587495  0.98941142301824070  1.00000000000000000
 -0.00235387700994803  0.00969104363529169  0.01989792531301667  0.03045391908689242
  0.04102369470436170  0.05156644583482015  0.06210878252535856  0.07264669100476207
  0.08317584264418781  0.09370335163165577  0.10423402907836046  0.11479889810772125
  0.12534692747679199  0.13586945393764083  0.14635978938986338  0.15687056858926796
  0.16740730453550290  0.17796213482337445  0.18851199871729293  0.19904845564634324
  0.20958860601887294  0.22014777820789741  0.23071780721957008  0.24128802380676714
  0.25183421637757059  0.26233549136341544  0.27281581126254167  0.28331803689591323
  0.29385107628959922  0.30437672624625006  0.31487696347447802  0.32537318452134667
  0.33589313076603061  0.34642253152977365  0.35695643468563482  0.36750228366275539
  0.37804093496645663  0.38857423599098551  0.39908657585864810  0.40960857002527157
  0.42014032748506686  0.43066854637286578  0.44118333777926189  0.45170601994363019
  0.46223987108654097  0.47278123790509380  0.48333415322078138  0.49387770593068758
  0.50440870925289838  0.51492001433148693  0.52546415527863211  0.53601731770110228
  0.54657653701602871  0.55712666208076589  0.56766404334113807  0.57820182365547590
  0.58875025072059961  0.59934983744136239  0.60992624566981479  0.62046795647410624
  0.63099560738676397  0.64152045740373176  0.65206312677502209  0.66256763567075960
  0.67312084440495534  0.68369165153089229  0.69426951273580650  0.70481276538067794
  0.71532483204047181  0.72585342448140389  0.73639071916186505  0.74695885872742751
  0.75751110208688155  0.76809205779692868  0.77865912757685840  0.78922551172946909
  0.79976003983293831  0.81027483347244089  0.82080392507621647  0.83135349560429506
  0.84193458648884545  0.85250209217956185  0.86302600480557179  0.87356801647747429
  0.88410289162876732  0.89467888337661927  0.90522181670899149  0.91577942369854193
  0.92632436540647867  0.93688328631901152  0.94747055652646217  0.95803494633847475
  0.96854187402730396  0.97902872105730321  0.98950768066087291  1.00000000000000000
 -0.00232877635740003  0.00951088282558451  0.01966311539619309  0.03018694290432440
  0.04071953562089552  0.05125553799742508  0.06179202858120148  0.07231084845437870
  0.08283963316766720  0.09337699331900524  0.10394867974332633  0.11448636739574497
  0.12499818609100077  0.13548290742276106  0.14599276730824473  0.15650772639832422
  0.16705583683375230  0.17758923608387225  0.18813740596097722  0.19864933094574447
  0.20918473409277583  0.21974420034407866  0.23028738114248920  0.24079938368531981
  0.25131576467011096  0.26186202057289532  0.27241127541153709  0.28293316220519160
  0.29345809680357493  0.30399940295168576  0.31455104012813734  0.32510494507113014
  0.33565277159826085  0.34617259969280667  0.35671021699265237  0.36721899712505413
  0.37773929075833113  0.38826253242944225  0.39881393445952845  0.40937149050228705
  0.41989081386585009  0.43040875597121636  0.44095982035993192  0.45152808842290976
  0.46211819709742202  0.47266823937894159  0.48322834546588278  0.49377214646226131
  0.50429688966205011  0.51481880041014105  0.52533984545006884  0.53588562609116419
  0.54641057652940883  0.55692503139538019  0.56742031547946392  0.57794331066445592
  0.58846286159545236  0.59901185784832611  0.60954380907220018  0.62008057735307465
  0.63062969710216676  0.64118503528543402  0.65174939453533365  0.66230430278888663
  0.67286319222004187  0.68342914969293977  0.69399216408273945  0.70454970992225974
  0.71508550244568680  0.72563514165326437  0.73616710539208419  0.74671166214431761
  0.75724387826683770  0.76780505950880384  0.77837203650648867  0.78893801988655776
  0.79950470858187361  0.81007961598276723  0.82062236027516178  0.83115304428952719
  0.84166134146307148  0.85218777806898016  0.86272695561875956  0.87327773015928534
  0.88384419618637600  0.89442379876149314  0.90499837158221130  0.91555946349719053
  0.92609381630715171  0.93664442919939073  0.94719978285556916  0.95777828876545479
  0.96836303718947436  0.97893401625797882  0.98947877651002158  1.00000000000000000
 -0.00253312391248598  0.00949359057505018  0.01968206623694516  0.03023073013915590
  0.04080492186683347  0.05134387436000862  0.06188584779652980  0.07245006379968762
  0.08301836215339031  0.09360408129682293  0.10418746572008679  0.11476756563028809
  0.12531329293084703  0.13583300031202436  0.14634984697214243  0.15688749795809662
  0.16741691317403368  0.17795771057298088  0.18849175528630224  0.19898928406192390
  0.20950917010488451  0.22002190102474156  0.23058699414904857  0.24112265837214072
  0.25167734683095061  0.26223945622617711  0.27279918950995252  0.28332126570125116
  0.29381686789329925  0.30432775685440139  0.31487055980614848  0.32541704094612289
  0.33594801568099730  0.34647504814247682  0.35702330646140634  0.36756895945729129
  0.37810657442427348  0.38861530044224385  0.39912690757000141  0.40965960913522459
  0.42020252499482563  0.43076939605324965  0.44134013024018354  0.45192459716801042
  0.46247023461411585  0.47300823826870408  0.48353512159534257  0.49407225311215119
  0.50460746365749187  0.51513730101200350  0.52568802598496633  0.53623500216101916
  0.54680364298892770  0.55736401002425140  0.56790259460633929  0.57843937650586719
  0.58896611351275097  0.59952021499934727  0.61004455428556925  0.62059422303597833
  0.63111659965278755  0.64164667528066210  0.65214928622929691  0.66267610406731958
  0.67320459880561101  0.68376333758908925  0.69431539093648431  0.70486308726272606
  0.71539138582639894  0.72592751234433917  0.73646684645803617  0.74700297815067151
  0.75752186871625904  0.76805727519848510  0.77861677928287398  0.78918410906247638
  0.79975570364753301  0.81030260299930368  0.82083318112493886  0.83135755259656507
  0.84188592287710839  0.85241390186917976  0.86293707582834089  0.87348242687758160
  0.88404160544856980  0.89460683149704556  0.90513509703625794  0.91567463848057518
  0.92621347954920108  0.93678270176540412  0.94734928403433460  0.95792932566377476
  0.96846779223362955  0.97898644377223265  0.98948463582480106  1.00000000000000000
   1.5508858218560632E-002  -1.0000000000000000     
 F F F F F F F F F F F F F F F F F F F F F F F F F F F F F F F F F F F F F F F F F F F F F F F F F F F F F F F F F F F F F F F F F F F F F F F F F F F F F F F F F F F F F F F F F F F F F F F F F F F F F F F F F F F F F F F F F F F F F F F F F F F F F F F F
  <DiscreteSampler_grid>
  grouped_processes
  1 # 1 for a reference and 2 for a running grid.
  10 # Attribute 'min_bin_probing_points' of the grid.
  1 # Attribute 'grid_mode' of the grid. 1=='default',2=='initialization'
  0.0000000000000000 # Attribute 'small_contrib_threshold' of the grid.
  0.5000000000000000 # Attribute 'damping_power' of the grid.
 # binID   n_entries weight   weight_sqr   abs_weight
    10   10   3.109514527866917E+013   1.617803442987426E+027   3.109514527866917E+013
    11   10   3.109514527866902E+013   1.617803442987412E+027   3.109514527866902E+013
  </DiscreteSampler_grid>
