  0.00969148589481711  0.01572946246297577  0.02493431652986003  0.03570222941267490
  0.04602785386775267  0.05638321569070764  0.06674156855087315  0.07711780594848054
  0.08749988027759975  0.09789270578082805  0.10827861932089633  0.11865403166042067
  0.12904471559946801  0.13943995443310278  0.14983308550920671  0.16019174438385780
  0.17053051685450607  0.18087620276321087  0.19124584734882152  0.20164455875352730
  0.21205087920887453  0.22245824356961080  0.23284492334123480  0.24323374137920722
  0.25360193307290796  0.26398495183071080  0.27436007243535349  0.28474562659253322
  0.29512342620532234  0.30550891808662384  0.31591009045561086  0.32632563442104306
  0.33674338055682634  0.34715639627255468  0.35755904865007460  0.36795561867210813
  0.37835312976263757  0.38874280111774767  0.39914156590079308  0.40954833499430948
  0.41997249815456117  0.43037267030770343  0.44073942761708368  0.45109095485940515
  0.46145818603301436  0.47184616794539125  0.48223494266838401  0.49262195259416219
  0.50300240775889782  0.51339717272152574  0.52379862547728884  0.53421061939505310
  0.54463481550091952  0.55506454860677101  0.56548148320279557  0.57587105511537673
  0.58624311951824393  0.59662682237465692  0.60702658783261965  0.61742448828467467
  0.62780889997222777  0.63817650977788132  0.64854178860594713  0.65891140167205653
  0.66927590126358449  0.67962935945009340  0.68997696974379008  0.70034201055219236
  0.71074124126286742  0.72115764210371935  0.73156244865017794  0.74193524258203269
  0.75230847241232002  0.76270019505352671  0.77310831841050731  0.78351174230058307
  0.79389230378298881  0.80427731791398871  0.81465796280194092  0.82502878694223913
  0.83538384088391615  0.84573689073849811  0.85610877160710874  0.86650109285539079
  0.87688576981015443  0.88726626011649090  0.89765563868709342  0.90805904291336326
  0.91846547801447542  0.92885859813594773  0.93924336204542569  0.94962279130825300
  0.96000953152523727  0.97033631226410344  0.98064710820224510  1.00000000000000000
  0.00949264177696442  0.01587629566025517  0.02500811598397696  0.03580762071450173
  0.04615486352545829  0.05650701393720373  0.06686181465444854  0.07721940205805990
  0.08760064003707486  0.09797108807831130  0.10833182408767580  0.11869278686605686
  0.12906992357132749  0.13946422122897259  0.14984165168220692  0.16020464346497748
  0.17053437585562306  0.18089309362505376  0.19126354093694287  0.20166392840053934
  0.21204145466335972  0.22243338371930194  0.23281869776682021  0.24321192973581199
  0.25358465846988165  0.26396620965539952  0.27433460195203618  0.28470884455782797
  0.29508451077482833  0.30546804067790789  0.31586582758133303  0.32626842667852568
  0.33668080122321892  0.34709414327403559  0.35748832186315393  0.36787612096611400
  0.37825356045227293  0.38863102427714419  0.39899869621631040  0.40936756749819264
  0.41975317709210408  0.43016242692990236  0.44056064629299346  0.45094794434645774
  0.46132483358262732  0.47171334188618436  0.48211427981312160  0.49251421516158955
  0.50290768549690712  0.51329010361089955  0.52366265861822858  0.53402128815089123
  0.54437688214174285  0.55474643814536806  0.56513933492474366  0.57553587511181026
  0.58591773121338719  0.59628625003443381  0.60665097772902910  0.61702162272892136
  0.62740830680236026  0.63780637390288097  0.64820171687783423  0.65858484349451674
  0.66895866664786718  0.67934180471613037  0.68972851207442165  0.70010159573669728
  0.71045422587044949  0.72079201237345292  0.73113434492349483  0.74148933994374921
  0.75185583780773690  0.76223244273204971  0.77261917024218352  0.78301563070293279
  0.79342595130714022  0.80383182345533166  0.81424270408498078  0.82465171566514950
  0.83507009527913090  0.84549814322172567  0.85593051025224542  0.86635039951256909
  0.87674125689893334  0.88711257808437360  0.89748746022480586  0.90787197699184174
  0.91825989801995134  0.92864082608378873  0.93902260293865947  0.94938563664785647
  0.95975229716386423  0.97010970492252058  0.98046422615005424  1.00000000000000000
 -0.00239942964093555  0.00948961270620234  0.01963820123763598  0.03012900248619667
  0.04068591948429585  0.05124154554099214  0.06178556659619879  0.07233929655004658
  0.08289560830080904  0.09347294602669719  0.10402391706699642  0.11459964676676861
  0.12517519493996362  0.13576500100181721  0.14631727065260955  0.15683404035137710
  0.16731729351919619  0.17781610724805105  0.18833984394463574  0.19889678022038546
  0.20945782227633386  0.22001209407610720  0.23054062338348763  0.24105083298675473
  0.25155675677919226  0.26208229169258956  0.27262110007024271  0.28318293020727958
  0.29372567882242318  0.30426157536429288  0.31482283807888140  0.32540827931804023
  0.33600350175489530  0.34658193613901978  0.35714635395946726  0.36770477227071985
  0.37824918081224679  0.38879720039163862  0.39934870474295220  0.40986935557642690
  0.42039992181197666  0.43092029322451819  0.44147598415035327  0.45200636504116931
  0.46254157353352177  0.47305956023419543  0.48359922097180430  0.49410490009059554
  0.50462859209039179  0.51515302198919100  0.52570437115047175  0.53622434659251861
  0.54674244307029085  0.55724919151655139  0.56777888551458000  0.57830072814250877
  0.58883634129219986  0.59938788266821941  0.60996155025060583  0.62054015116442240
  0.63111187197657304  0.64164559568019464  0.65217551741707469  0.66270182056352955
  0.67326554635250702  0.68379569490011993  0.69433100800667535  0.70485077160350340
  0.71541417435299481  0.72597222803512595  0.73651670142843917  0.74704244865315106
  0.75757603766790438  0.76811822727626333  0.77863803517484043  0.78914190079522617
  0.79966378896737145  0.81023859273691223  0.82082161647225516  0.83136115255806542
  0.84187502346227339  0.85238848701784553  0.86293045169177307  0.87349764984500144
  0.88405302823845455  0.89459761685561945  0.90511341108025423  0.91563631394930600
  0.92619551248502785  0.93677509305703477  0.94735790965465294  0.95790198194042886
  0.96842608283586229  0.97893722848443776  0.98946825605402988  1.00000000000000000
 -0.00248561803910542  0.00959279650387938  0.01977636639139063  0.03029466074326870
  0.04084245493884641  0.05139628324809539  0.06196311875215701  0.07251296427958429
  0.08304821507079126  0.09358553930626987  0.10414749397270702  0.11470669969300784
  0.12525897332117814  0.13578592033589168  0.14629664027276229  0.15680828176842415
  0.16731972153877958  0.17783621816841105  0.18835541492393143  0.19889094691320716
  0.20944288898228827  0.21997541145078037  0.23048316761780174  0.24100190969435609
  0.25153434596822777  0.26209206453936662  0.27263613789591756  0.28318682794377315
  0.29373761515190289  0.30429313604392039  0.31485216736677213  0.32542594563590233
  0.33600443946672326  0.34657132228036663  0.35710168074080956  0.36760902338251805
  0.37811156778553401  0.38861274075781166  0.39913275296482681  0.40966841797958953
  0.42025508149309171  0.43083769786212817  0.44139728295802511  0.45190945070372851
  0.46243310870582954  0.47296498382847563  0.48351061532891487  0.49403927170287354
  0.50454918816287342  0.51505343767678868  0.52557115003582744  0.53611084235132167
  0.54664659771342994  0.55718142275827010  0.56771654612201794  0.57826231657738980
  0.58878926067623383  0.59932067045666892  0.60985234009453460  0.62041222205086466
  0.63096692848327940  0.64152139374865391  0.65206133421667223  0.66259741782139825
  0.67313550502010244  0.68367830622826076  0.69420760690217076  0.70473495526798313
  0.71524242229728230  0.72576699885102569  0.73627978094505853  0.74682371128108582
  0.75738381571915581  0.76794206827312461  0.77849079720692704  0.78900907573421708
  0.79952766658380869  0.81005231678321266  0.82059542713307709  0.83115969585161587
  0.84170593270072203  0.85227186876327676  0.86285489304153884  0.87344390385626092
  0.88402112345327555  0.89457509225452969  0.90514662393380552  0.91570795282083428
  0.92627112465111627  0.93679444872395068  0.94732188233740444  0.95783039273886139
  0.96837051326319856  0.97890138923882797  0.98945471972686239  1.00000000000000000
 -0.00201206778020033  0.00973205363042972  0.01993391922487219  0.03047266190040781
  0.04103162338755326  0.05157905793699213  0.06213751861990370  0.07267245577581602
  0.08322310490654630  0.09378283141243550  0.10434307749696048  0.11486766155315979
  0.12538926971500436  0.13590396890215270  0.14643897586786750  0.15697223718796696
  0.16751152131599384  0.17803389788764856  0.18855158799782235  0.19907067524897482
  0.20962009790822403  0.22015275097793480  0.23071776719109946  0.24127956857391253
  0.25184322876732368  0.26239604541622347  0.27292684064255718  0.28346872733868700
  0.29397385098440493  0.30451026324117153  0.31506977301799566  0.32564223677814097
  0.33618514896408552  0.34669871380091632  0.35723309165242745  0.36777141423158149
  0.37828969016027830  0.38882197400857793  0.39936729352878386  0.40994371785859834
  0.42049237625611391  0.43103967079824107  0.44158287867390744  0.45214049989779787
  0.46270175812504266  0.47326745751965954  0.48379101343634456  0.49430401596289303
  0.50480288328530931  0.51533706099151821  0.52587525711325944  0.53642939066142759
  0.54697585162161877  0.55753205010752083  0.56807030077597265  0.57860654551181911
  0.58912840140701417  0.59964654719353849  0.61015339072252484  0.62067941923281755
  0.63121094893965046  0.64175702542365232  0.65228102927847009  0.66284402252309405
  0.67338443769547252  0.68391454071847790  0.69443991761860957  0.70497176317369614
  0.71551703217231233  0.72604190044660366  0.73657665636508607  0.74714237871287703
  0.75768379355633875  0.76823579672704811  0.77875616433190908  0.78927669789523347
  0.79978495250639459  0.81029460088749894  0.82081908111475022  0.83132432174470794
  0.84183887262047186  0.85237096248399291  0.86290530677130117  0.87345562220025219
  0.88397547305927393  0.89452129064873165  0.90505108739834916  0.91561253718125191
  0.92618264939597017  0.93673595779859964  0.94728289104479879  0.95781417282168324
  0.96836462309785321  0.97891805914139474  0.98946334924214430  1.00000000000000000
 -0.00252638882255804  0.00976610014678601  0.02002460751753996  0.03057418303810455
  0.04113414488117680  0.05169413304898978  0.06225847858533275  0.07283844772069212
  0.08339586505542727  0.09396349239488250  0.10450093130366184  0.11505461470394070
  0.12559527767429182  0.13613876522427371  0.14667460372332206  0.15722757766045029
  0.16776814825466208  0.17828517131906640  0.18880121737445410  0.19933587510154238
  0.20990769427743133  0.22046411142733655  0.23098120202727584  0.24150035076088003
  0.25202960132560370  0.26257939624002535  0.27314157867317396  0.28370995755688350
  0.29429309033413525  0.30484465140269629  0.31539875950753837  0.32592819029450432
  0.33644188234492439  0.34695496163845069  0.35751295153460128  0.36807647372169772
  0.37863970391142204  0.38916601432189152  0.39971300700519974  0.41025522337949188
  0.42082328634805777  0.43136265325627871  0.44190088899769531  0.45242748919167702
  0.46299587417759869  0.47355994875003943  0.48407915714536609  0.49459475290727528
  0.50512547995345491  0.51572161182138165  0.52626164254333740  0.53676158905772819
  0.54725128753339880  0.55778503400537882  0.56832620895262309  0.57885000812155463
  0.58936053022648949  0.59988020795293040  0.61039811379385633  0.62090810947145803
  0.63142161722836287  0.64194787703489131  0.65248542754035233  0.66303021315498500
  0.67354922681959972  0.68407489234470997  0.69460922168464900  0.70514129888604371
  0.71568529570480965  0.72619968926523004  0.73673110347714765  0.74726747956773332
  0.75782123386960065  0.76839583412734014  0.77895687551845050  0.78952049239910727
  0.80004207725497634  0.81057467738200062  0.82108555508460890  0.83163460241602760
  0.84214055048837111  0.85267082327278609  0.86318921201146470  0.87374406729960596
  0.88426907090790297  0.89478473508737422  0.90529455205504195  0.91582063147870529
  0.92635812358505465  0.93687467617074671  0.94739661642156137  0.95791220566399804
  0.96841924754726305  0.97893622237886779  0.98945452697155845  1.00000000000000000
 -0.00231106239659006  0.00963076760742734  0.01980023588023348  0.03029288336905936
  0.04078864202352693  0.05131551429423609  0.06186846010883610  0.07242604936386779
  0.08296511586987858  0.09349812742162386  0.10404083581100750  0.11459037853439345
  0.12516765406126229  0.13574741137429583  0.14632954849976718  0.15687424530784658
  0.16740613518894604  0.17791019713893144  0.18838630718758262  0.19887887037910382
  0.20938920258053420  0.21995158921634805  0.23049128015218595  0.24101914524342155
  0.25152478797564803  0.26206261788567642  0.27262413586898099  0.28319596971701622
  0.29374308386372083  0.30428282093602499  0.31479445334682227  0.32530225995299061
  0.33582521740071380  0.34636838087260352  0.35693266079885699  0.36749066428767557
  0.37805277347915001  0.38860875166113013  0.39915899166937818  0.40973147515802094
  0.42030908554108409  0.43088894749776213  0.44146402713718769  0.45203626256246987
  0.46259245530375342  0.47313812302019403  0.48367820958830782  0.49420593170410898
  0.50474485807034630  0.51529019545710542  0.52584205003200102  0.53637466932170741
  0.54690479010086535  0.55744556211729779  0.56798489221796722  0.57850951147472984
  0.58902099415191189  0.59954739006732549  0.61005765854062044  0.62059224162718729
  0.63110681493743848  0.64164341736111519  0.65216717296844984  0.66273011754264399
  0.67327384798766765  0.68383512600708951  0.69435964676486095  0.70491040940018779
  0.71545624945339459  0.72599520337177359  0.73652172735361709  0.74705551741603826
  0.75758752914135896  0.76812307397778390  0.77865053286541752  0.78919838132594944
  0.79977883467717070  0.81038168722567894  0.82096843201251524  0.83154506659583705
  0.84206777822346268  0.85259227230601242  0.86310697991081453  0.87361414721507835
  0.88413298670670948  0.89465132371040146  0.90519119575909401  0.91570483661118196
  0.92622566020457842  0.93680134857681752  0.94736625095108129  0.95792231395272032
  0.96842975837676792  0.97896240462618656  0.98948247692125413  1.00000000000000000
 -0.00247538266484676  0.00957348187294148  0.01974857277548716  0.03023420125917480
  0.04076827729631208  0.05127553843839421  0.06179876941848483  0.07231749605017229
  0.08285537500012451  0.09340018640301316  0.10393972536782663  0.11448068895239535
  0.12501673682318312  0.13555942145191199  0.14610773110109190  0.15666158521338619
  0.16721123227914933  0.17773351351987993  0.18828715123044298  0.19883681328112396
  0.20941824732013464  0.21997343976868314  0.23054226901343966  0.24107306407315540
  0.25159523527681521  0.26210779727849554  0.27264458326683338  0.28318387839048831
  0.29372266452326395  0.30426471573299096  0.31482126029589019  0.32538232233940989
  0.33592485065088518  0.34643047964384721  0.35693353857264870  0.36746646915874265
  0.37802122137270738  0.38857094344858512  0.39910766602156406  0.40963333430547338
  0.42015775657457916  0.43070434448864914  0.44123884808497527  0.45177572415110556
  0.46231449877789121  0.47287551657380505  0.48342949756486853  0.49395466354230061
  0.50447334328902005  0.51500712933892534  0.52556481148253498  0.53610844122728041
  0.54662225457625424  0.55710785863278134  0.56762304678928610  0.57817328665261802
  0.58875015543166875  0.59932124648107032  0.60988116297852890  0.62040400057725353
  0.63092448324184369  0.64144802155459324  0.65203072163345366  0.66261402893937882
  0.67319007413643195  0.68374078359312462  0.69430630126993742  0.70488003540494515
  0.71543083616882586  0.72596283894686531  0.73648441915577478  0.74702715448842116
  0.75756212482442786  0.76812049072651067  0.77865166812090914  0.78919979781925031
  0.79973140932262499  0.81030247475075645  0.82088014277885368  0.83143168231050502
  0.84200298303033239  0.85254739567388593  0.86313991709225923  0.87368567743856174
  0.88424022651169032  0.89478035034718706  0.90531003440937519  0.91584177460811611
  0.92633103707862430  0.93681637366516435  0.94731417139244889  0.95784183822746904
  0.96838517978740590  0.97891756083758585  0.98945565097592081  1.00000000000000000
   1.5433522796464988E-002  -1.0000000000000000     
 F F F F F F F F F F F F F F F F F F F F F F F F F F F F F F F F F F F F F F F F F F F F F F F F F F F F F F F F F F F F F F F F F F F F F F F F F F F F F F F F F F F F F F F F F F F F F F F F F F F F F F F F F F F F F F F F F F F F F F F F F F F F F F F F
  <DiscreteSampler_grid>
  grouped_processes
  1 # 1 for a reference and 2 for a running grid.
  10 # Attribute 'min_bin_probing_points' of the grid.
  1 # Attribute 'grid_mode' of the grid. 1=='default',2=='initialization'
  0.0000000000000000 # Attribute 'small_contrib_threshold' of the grid.
  0.5000000000000000 # Attribute 'damping_power' of the grid.
 # binID   n_entries weight   weight_sqr   abs_weight
    10   10   2.122491844652544E+013   7.318299289738722E+026   2.122491844652544E+013
    11   10   2.122491844652544E+013   7.318299289738722E+026   2.122491844652544E+013
  </DiscreteSampler_grid>
