  0.00955389361129091  0.01561342912177920  0.02488654269608314  0.03571326635319769
  0.04611236528864431  0.05652788150310378  0.06689354516597346  0.07723773311930773
  0.08759126245247129  0.09795649657433050  0.10829746369730660  0.11858753474848946
  0.12887532488366338  0.13923957017363789  0.14967775138902994  0.16012312287218428
  0.17052614485292567  0.18091450925405381  0.19129560664687315  0.20168128595174323
  0.21208525094845193  0.22247166021471501  0.23284354077298894  0.24319422398461821
  0.25360042965947877  0.26404099929921948  0.27446750558815780  0.28489008375944380
  0.29529688085129663  0.30570698450397565  0.31607998136949866  0.32645586726950165
  0.33681913422768117  0.34718342592686985  0.35751689274544141  0.36785381808514983
  0.37818743274007810  0.38853183533322472  0.39887550228792329  0.40927409278568078
  0.41969650164112388  0.43013832065282592  0.44055578433912879  0.45098286948364824
  0.46143589085121683  0.47189136909556423  0.48231282381975615  0.49269875340710317
  0.50308860601289818  0.51349614978459368  0.52390743663886441  0.53429304191363969
  0.54466181571218031  0.55502409537360153  0.56539126593790057  0.57576826485805144
  0.58615100268792875  0.59654212768063186  0.60693134318534003  0.61732229572858643
  0.62771622370848912  0.63811984933540467  0.64853858588825419  0.65895405473148905
  0.66935941705872071  0.67975502375276997  0.69012648547289590  0.70045631406351549
  0.71077536406356234  0.72110964368841235  0.73148629483391625  0.74187192388643342
  0.75226007105226389  0.76261777505884143  0.77292856391145204  0.78319463888551422
  0.79347278105784913  0.80380343239918262  0.81417605938411086  0.82457031504023037
  0.83496093141918093  0.84536137980391102  0.85576339216971009  0.86617084308579251
  0.87656869200474663  0.88696448793160065  0.89733125863207919  0.90772204175511118
  0.91810692847509268  0.92850981262895127  0.93890793183587051  0.94928312299569551
  0.95964891890234860  0.96998658007242466  0.98034854064913590  1.00000000000000000
  0.00927831013171181  0.01687378488439011  0.02547928411983429  0.03635089339726569
  0.04668650665377510  0.05709230637539874  0.06750349338237632  0.07789449894325837
  0.08826740241669898  0.09862953506702743  0.10901761959351888  0.11939330484401563
  0.12976919700930434  0.14014989270683131  0.15055383652429868  0.16097754964388244
  0.17138630119331083  0.18177810373941367  0.19215519893721594  0.20250874399542199
  0.21288333288989741  0.22325582860609072  0.23364662883966997  0.24403678447155511
  0.25441957125388337  0.26479942195192263  0.27515369991289362  0.28551475118571285
  0.29587603330204731  0.30622359027457158  0.31657547703656885  0.32693130947067944
  0.33730645241328949  0.34764532409283855  0.35797855357966163  0.36830602969021786
  0.37865884168725872  0.38903420125857113  0.39944054913802701  0.40987214210769352
  0.42029783521691982  0.43069298084952790  0.44103946616709749  0.45134971384989048
  0.46168594938006019  0.47205686244013595  0.48244920442268158  0.49281553384117105
  0.50315191418211702  0.51346224266536133  0.52377169775219767  0.53410397262263209
  0.54444967694304747  0.55477938133063054  0.56508807177940934  0.57541234142762332
  0.58577298998341365  0.59614535216623143  0.60650892602957196  0.61687376592896148
  0.62727373653638607  0.63771666560142293  0.64816733274096505  0.65862055889023619
  0.66907116332716920  0.67950594395963615  0.68990904275810472  0.70028362834930913
  0.71067720782722410  0.72108646586286473  0.73151042014694501  0.74192052290565569
  0.75230798920328734  0.76268292706256446  0.77305662834089561  0.78343538662231249
  0.79381243745252139  0.80419105763454524  0.81458363566872816  0.82496053696045113
  0.83530506902791557  0.84564144444797662  0.85600157175986524  0.86639932894829086
  0.87680294887761512  0.88720936458684307  0.89758266909895545  0.90793135478093179
  0.91830979571099636  0.92872526967513669  0.93915657316160073  0.94955322510339957
  0.95992929714527730  0.97028091524759585  0.98059471221109207  1.00000000000000000
 -0.00198983161310732  0.00964770908213966  0.01980817486933218  0.03029824043560014
  0.04079004993401089  0.05132615891959444  0.06187643889787450  0.07245818010279836
  0.08306350027907143  0.09367150254266943  0.10425733342853691  0.11478067895138618
  0.12530708447159053  0.13586354218877592  0.14641164276991797  0.15696390013014219
  0.16745619843516071  0.17799091711797366  0.18853452314630528  0.19910378297541420
  0.20959339152352752  0.22008307029049709  0.23058055516963932  0.24111507306244170
  0.25167123857386647  0.26223767761289574  0.27277688581143095  0.28329850124512590
  0.29381222243170307  0.30435522837132339  0.31488256297927947  0.32542169985437785
  0.33597271729094902  0.34653932685361100  0.35706805112472961  0.36758509169256842
  0.37806827315170149  0.38857393207335783  0.39910855945449780  0.40968941121969310
  0.42025647470099270  0.43074930116473525  0.44125319514841016  0.45174186605494077
  0.46227401147722624  0.47280484767266134  0.48335056853764063  0.49386771699533316
  0.50435063459343488  0.51483628649503121  0.52533905530209479  0.53586268500517353
  0.54639560761232242  0.55694611328328025  0.56747700877807028  0.57805878351302409
  0.58868414120402501  0.59933279822386509  0.60994841159086444  0.62049383152141324
  0.63107042388308432  0.64162719688143011  0.65222578743770432  0.66274608705012283
  0.67324313416429726  0.68372891223939813  0.69424521724716737  0.70478285629452475
  0.71532612676929874  0.72586284899735309  0.73640527098750574  0.74693832640529112
  0.75746898736877122  0.76800918754683423  0.77855930853678623  0.78912107029179623
  0.79970415954723650  0.81026180097353584  0.82090445688830860  0.83150623129948897
  0.84214677018474871  0.85266680989389421  0.86319286989861166  0.87365952081689757
  0.88417368553693920  0.89470115597015620  0.90522117530450730  0.91574063516640647
  0.92621749554309085  0.93674043436758958  0.94729357565026895  0.95787251313175670
  0.96844473757312344  0.97894823973838996  0.98946922664765313  1.00000000000000000
 -0.00213239206253559  0.00952180434520377  0.01966014430513570  0.03019890364504848
  0.04075602200909145  0.05128453088243456  0.06178913750731510  0.07226644981688117
  0.08280339247625934  0.09330754187043402  0.10384638688863353  0.11434045869707460
  0.12484473238459994  0.13538620707817867  0.14593178411791180  0.15651746316097018
  0.16706960787663427  0.17761932783648296  0.18814699377300720  0.19868343606221867
  0.20924231185060074  0.21980731105232987  0.23037289099815769  0.24091216472045285
  0.25144157471041600  0.26198390657783349  0.27254650870570463  0.28312091022771924
  0.29366094437820556  0.30424307294224912  0.31481185760251351  0.32542921779715628
  0.33597203316374907  0.34648296472290685  0.35700160288829452  0.36752961275646556
  0.37810367250675497  0.38863068424254132  0.39919024994167096  0.40973729407205883
  0.42031826663525396  0.43086641758099137  0.44139751093301727  0.45189751979874909
  0.46241499572015049  0.47296831411685658  0.48350652732489119  0.49404842212160227
  0.50459057218081227  0.51517195493288481  0.52572617483498874  0.53626273665286373
  0.54675526812478081  0.55730422536485869  0.56784939386249056  0.57845321606592270
  0.58901714975397401  0.59955527584857993  0.61008823886405772  0.62063621203982178
  0.63120657040526573  0.64172975509502383  0.65222807497422941  0.66272843397449011
  0.67323334001644286  0.68372475426070478  0.69421616286582866  0.70474327812358151
  0.71526037149910260  0.72579179062122479  0.73627702376559634  0.74682812010429711
  0.75739904805754688  0.76799219939676122  0.77853579172585874  0.78905646560473064
  0.79956818827836218  0.81012730362781027  0.82069137548167148  0.83127246303440483
  0.84180815057610858  0.85234585369131244  0.86292087041466004  0.87348387587714937
  0.88408804100137706  0.89466450765647565  0.90530284114155812  0.91584912271765828
  0.92638911913233868  0.93690720348283230  0.94747005489186065  0.95803546224630964
  0.96860435042600868  0.97913862762983628  0.98960144559827523  1.00000000000000000
 -0.00247553529388185  0.00958409226970710  0.01978143327625819  0.03031471391643086
  0.04084267205004296  0.05142998298290669  0.06206223185392896  0.07266334665772745
  0.08319413714377956  0.09368489829931941  0.10417475561564998  0.11466304923826610
  0.12513672874328030  0.13563706965418831  0.14613246450110032  0.15665405903734034
  0.16719376102757438  0.17775151129876582  0.18834638526860609  0.19895256170848460
  0.20956439051558329  0.22012591577458043  0.23068716427248420  0.24122538607526395
  0.25177589341328038  0.26230320742270335  0.27285014154868309  0.28341306621046125
  0.29396367492193098  0.30450525465079786  0.31502231969821326  0.32552755646144665
  0.33601066221522308  0.34648366917429091  0.35700463940322691  0.36750771450001601
  0.37803206036315035  0.38852964887884334  0.39910286958275182  0.40966311965973534
  0.42023305263464988  0.43076151603099572  0.44134616035448015  0.45191074575074897
  0.46243793304451769  0.47298163970795609  0.48350881786054623  0.49407945652199686
  0.50458976693944513  0.51515116795648241  0.52572291865453324  0.53629637875994929
  0.54683960895153860  0.55737740672515179  0.56794189350819724  0.57850878807164607
  0.58909979792836831  0.59967364415334956  0.61026786602902650  0.62084593365041008
  0.63145018089333116  0.64202591320467783  0.65254865602118650  0.66304164902886431
  0.67353811812104691  0.68403275695132304  0.69453635071174613  0.70507345976851465
  0.71564485450673998  0.72619471971119454  0.73673898934028581  0.74729603625843100
  0.75784974203112676  0.76837609296325637  0.77890804993052420  0.78947310741062859
  0.80009580832281824  0.81071431357804080  0.82130241313884111  0.83183534183376862
  0.84237501182109431  0.85289369730594711  0.86340908026387897  0.87388347972290326
  0.88435867556863312  0.89487410289701219  0.90540490453201294  0.91592375628575029
  0.92645611571445108  0.93695845196305860  0.94751914513977775  0.95802959206579819
  0.96853888978862301  0.97903075561181685  0.98952193275820000  1.00000000000000000
 -0.00248039056477953  0.00961171364644177  0.01979615756157231  0.03035658113169868
  0.04092988814023184  0.05151754640982276  0.06209575260438852  0.07269733395515747
  0.08326986808471701  0.09384493079469297  0.10440557131657278  0.11496658047636796
  0.12551395353579833  0.13602307893527613  0.14654210297387910  0.15705393463364636
  0.16758033825897684  0.17813987842080625  0.18873133852915730  0.19933050441832986
  0.20984076840535520  0.22034707674393839  0.23083901104439730  0.24140710991374817
  0.25193467901558919  0.26247053705519829  0.27295954422781643  0.28348507092102115
  0.29402223213795203  0.30454650697962177  0.31507828640661539  0.32558105799644771
  0.33609628905160366  0.34658302000771113  0.35709560193627327  0.36759944182945858
  0.37809777672812872  0.38856923999457832  0.39904685510911431  0.40957789811732753
  0.42016276184895035  0.43078160921989300  0.44131211050129437  0.45185073413379356
  0.46235915092659419  0.47289176431600621  0.48342227741257909  0.49393500777913374
  0.50448956131838263  0.51502001350722082  0.52555788381586055  0.53607619935150641
  0.54657103948502250  0.55707210545214536  0.56755263625255714  0.57806557080154242
  0.58858504287415103  0.59911893219501799  0.60962606297946642  0.62015203699688359
  0.63065531908779004  0.64116218252916390  0.65166735591131530  0.66221020066757397
  0.67275531942044065  0.68332090098003884  0.69387310215596743  0.70443807932021396
  0.71497037798563323  0.72550951150394405  0.73605286002035508  0.74658688716511623
  0.75710399244264215  0.76760011101290437  0.77810149604237955  0.78866958342374616
  0.79924545591712293  0.80985015822431583  0.82038410059810518  0.83092437157371191
  0.84148718260181998  0.85205220751097188  0.86264577947387588  0.87320649654347138
  0.88374760745578052  0.89426227530505831  0.90481488464044713  0.91544210072808052
  0.92607618808290637  0.93665833014773270  0.94719612522830199  0.95771913783645979
  0.96827884351420646  0.97883530490634574  0.98942743423478141  1.00000000000000000
 -0.00243793693642801  0.00982686902908515  0.02004575329192413  0.03056977243014346
  0.04111898596148442  0.05167370843424123  0.06224482874662075  0.07278777275531960
  0.08330708503706605  0.09379879310134921  0.10431355836096870  0.11485921160017616
  0.12538464871209121  0.13590504272203635  0.14644216612319416  0.15699225786307608
  0.16752812146751817  0.17806355041069233  0.18865343125844433  0.19923720105654327
  0.20980816663478194  0.22030019164849840  0.23085112667586458  0.24143131221812397
  0.25203643371887652  0.26257844738962849  0.27311063444263856  0.28363553282267745
  0.29414833966477788  0.30462691610054299  0.31510279824276316  0.32559991398444404
  0.33610827113192360  0.34661764347715790  0.35709184087315038  0.36758575926952297
  0.37811639676423114  0.38871487863571164  0.39924889279315101  0.40977088522629418
  0.42026844826676724  0.43082375463000844  0.44136969434469325  0.45187689966428396
  0.46240997133760725  0.47296788701598735  0.48357843322191124  0.49416330230391536
  0.50475736289673501  0.51530287631398153  0.52587838211921167  0.53642450596469826
  0.54698907998893798  0.55748657845604455  0.56797162052710093  0.57849598388201684
  0.58906296405480707  0.59964616386331249  0.61022399768841362  0.62079747896467052
  0.63138974643256651  0.64190825038193677  0.65244172593561833  0.66297297306610115
  0.67355816642928124  0.68412815109725478  0.69467697909007742  0.70520887379206243
  0.71570539215973783  0.72622252412587307  0.73678235781502177  0.74733108869151388
  0.75792976156786451  0.76853882673776830  0.77919147693974145  0.78974706038982401
  0.80024143330254482  0.81068153266283338  0.82111377371557392  0.83161102954806454
  0.84214052845454390  0.85266810073207733  0.86314287397502931  0.87362669424021533
  0.88416878594153459  0.89468751008759462  0.90521985612892597  0.91574598815023922
  0.92631457850057120  0.93686470004868616  0.94739593666407285  0.95793656756159273
  0.96846314411881795  0.97898769223870608  0.98948606428787411  1.00000000000000000
 -0.00247786466632503  0.00953523514433285  0.01969186181468519  0.03025817361255148
  0.04082638596627654  0.05140065538806432  0.06192352610052596  0.07248118260277121
  0.08300231407449640  0.09354772754830488  0.10405560294202659  0.11456098865356616
  0.12508264925725565  0.13563053057689486  0.14622418932647932  0.15677814441179622
  0.16730139620048506  0.17779815045022412  0.18830211897583166  0.19882027930848653
  0.20928365929673945  0.21977675272620809  0.23027609683537942  0.24079608181658471
  0.25126685875008431  0.26174086118989354  0.27225146789457161  0.28275636159446227
  0.29324893730499163  0.30374135151859105  0.31427444865162879  0.32479466048849032
  0.33530190324549447  0.34576390456071687  0.35625073717171496  0.36672178135686706
  0.37724492132029741  0.38774534453554504  0.39830638293488996  0.40886606592240404
  0.41945201975672514  0.43002672342710685  0.44058971841166711  0.45114634876568754
  0.46168290091813419  0.47221748354949239  0.48275253440546873  0.49325093395306552
  0.50372747539239926  0.51426231017261570  0.52489425907383869  0.53556123136054012
  0.54614672946802167  0.55669037071196503  0.56726345898896702  0.57784703434519324
  0.58847209617294838  0.59905077037694954  0.60963675406546036  0.62016551133825693
  0.63075003774219940  0.64132097153494427  0.65186574541768194  0.66235518120405890
  0.67285295613495189  0.68341254972933063  0.69395925313692663  0.70450354265839332
  0.71500787680535483  0.72551742849493350  0.73607869663152070  0.74666498720218533
  0.75728556395514801  0.76784214491837866  0.77837458333397103  0.78890026913609701
  0.79943535936225374  0.81001695443856081  0.82060962389203240  0.83117782030995746
  0.84171006866902620  0.85220346695814764  0.86273274495091579  0.87324476094298897
  0.88377325044844413  0.89431413931696646  0.90486822196592342  0.91544869348298552
  0.92604010067499443  0.93662778571954319  0.94717766815083082  0.95769136596982507
  0.96821760139303392  0.97879864336101396  0.98939358300567171  1.00000000000000000
   1.4576761281270253E-012  -1.0000000000000000     
 F F F F F F F F F F F F F F F F F F F F F F F F F F F F F F F F F F F F F F F F F F F F F F F F F F F F F F F F F F F F F F F F F F F F F F F F F F F F F F F F F F F F F F F F F F F F F F F F F F F F F F F F F F F F F F F F F F F F F F F F F F F F F F F F
  <DiscreteSampler_grid>
  grouped_processes
  1 # 1 for a reference and 2 for a running grid.
  10 # Attribute 'min_bin_probing_points' of the grid.
  1 # Attribute 'grid_mode' of the grid. 1=='default',2=='initialization'
  0.0000000000000000 # Attribute 'small_contrib_threshold' of the grid.
  0.5000000000000000 # Attribute 'damping_power' of the grid.
 # binID   n_entries weight   weight_sqr   abs_weight
    10   10   1.090508169145030E+003   2.297224749905152E+006   1.090508169145030E+003
    11   10   1.090508169145033E+003   2.297224749905163E+006   1.090508169145033E+003
  </DiscreteSampler_grid>
