  0.00976915231830547  0.01566181111393000  0.02486901530132207  0.03563359675037034
  0.04598258602371371  0.05637477869126433  0.06675392487938112  0.07714608498811656
  0.08754208190977555  0.09794064299773098  0.10832169850660926  0.11869772170056908
  0.12907345178827251  0.13946292570940089  0.14985090378204677  0.16024508903649826
  0.17062181927030987  0.18099505381678574  0.19138774756306337  0.20180376288956153
  0.21222375419605938  0.22263242430690605  0.23302462793017320  0.24338596724648376
  0.25371923081924919  0.26404344516566897  0.27440808772383890  0.28478195274761325
  0.29517698585991253  0.30554119937431795  0.31591227047718473  0.32627057475012311
  0.33662970239476309  0.34700007992888954  0.35737629897550316  0.36777053691905781
  0.37816350943142835  0.38855642664207496  0.39894115495041377  0.40932698378143950
  0.41970126965958615  0.43007058576281687  0.44043566137112938  0.45079815624235425
  0.46116571033516690  0.47153559836075665  0.48192145894090938  0.49230381915560506
  0.50268128587346983  0.51306043298419246  0.52345503827871065  0.53385309822461513
  0.54423489710581308  0.55460934697131581  0.56499166178812743  0.57538887536102579
  0.58578101195221066  0.59615804601896605  0.60653545456574098  0.61691330877179917
  0.62729494571912714  0.63767490389645920  0.64804941289610341  0.65842768005368624
  0.66881500603002242  0.67922056995306002  0.68963486089571513  0.70004572104569363
  0.71045241240614387  0.72085282112504567  0.73124221679278811  0.74162584249834207
  0.75199508032619911  0.76235439014662965  0.77271789389106316  0.78309649223661748
  0.79349551768777427  0.80390395697917560  0.81431647858713319  0.82471897676923112
  0.83510295590108130  0.84547625786684510  0.85585881814988496  0.86623099121892955
  0.87661291256663842  0.88699148395856309  0.89739303398366765  0.90777603769642112
  0.91816644433767836  0.92854091416834628  0.93891926776906476  0.94928797898695816
  0.95966968489704707  0.97005796562640223  0.98043989805728549  1.00000000000000000
  0.00953583549067752  0.01554923265832883  0.02480208215506803  0.03557645021801915
  0.04594323641717454  0.05634753108157115  0.06675223554740471  0.07715113439649535
  0.08753853203988657  0.09790588987337275  0.10826512607131428  0.11863900814511597
  0.12903187584432879  0.13943316319097515  0.14983135799783615  0.16021171673817808
  0.17060173359174965  0.18099641839675229  0.19139076869825586  0.20180059780988996
  0.21219777358232048  0.22259955186913002  0.23296619687475084  0.24334245741771116
  0.25372515717514932  0.26411931584803039  0.27450273842178607  0.28489031814272014
  0.29527452697657292  0.30565796714803889  0.31601872757811311  0.32638037276867576
  0.33675327446100750  0.34715039181704727  0.35756550905559520  0.36797599467454756
  0.37837779463162391  0.38876921914374146  0.39917089335726375  0.40956865141422910
  0.41996308297242446  0.43035634300496067  0.44076067839113170  0.45115979246255311
  0.46153019887900321  0.47188760098312110  0.48224178093572406  0.49260944346440183
  0.50298587238351156  0.51337655301923046  0.52377345430657185  0.53416762315227051
  0.54454934381542941  0.55493615180883971  0.56532998670083989  0.57572035909292474
  0.58610896472638097  0.59649349648270711  0.60688930805938990  0.61729045235503444
  0.62768322834922907  0.63807549754974702  0.64845773285890562  0.65883382473217045
  0.66921291117125370  0.67959784658794820  0.68999162616829635  0.70037384844307771
  0.71072813714000382  0.72106664655750408  0.73141567608125624  0.74177377515932030
  0.75214481832607882  0.76250600002088886  0.77287648178075063  0.78323908314887014
  0.79361443222760941  0.80399968170207170  0.81440370732092737  0.82480096872945285
  0.83520594871106579  0.84561534000296212  0.85601987888835118  0.86641143177043001
  0.87677736418258700  0.88713604135914226  0.89749620450818968  0.90787643353491676
  0.91826295675414193  0.92865763169218618  0.93904449173113302  0.94944304110976629
  0.95982381945437822  0.97018152343528363  0.98053221427607273  1.00000000000000000
 -0.00252810421606445  0.00947016553525380  0.01961681161384069  0.03010197850050929
  0.04063523958078875  0.05117054519114236  0.06172877711479280  0.07227517859497343
  0.08281888384275760  0.09335004573846833  0.10389162446335908  0.11444311851898750
  0.12501105341710755  0.13558541730159424  0.14614692366582957  0.15669209425893529
  0.16721509816874380  0.17776208537239879  0.18829658410927991  0.19884927201695118
  0.20939087503717940  0.21993592239157486  0.23046468417032190  0.24099508970172714
  0.25156610231216436  0.26214257644306710  0.27270404795456799  0.28324155610494811
  0.29380195151979566  0.30435445640324926  0.31489626372924323  0.32543649924575330
  0.33597061309065990  0.34650218395986221  0.35703393152262025  0.36759403092636028
  0.37815044302836798  0.38869746073160510  0.39922931766485548  0.40977506665404628
  0.42031460566710471  0.43083948356388785  0.44135311850792797  0.45188157602418361
  0.46242843305197268  0.47297226351330401  0.48350160984884372  0.49405017501392617
  0.50459672575911929  0.51514300947790026  0.52567719857515494  0.53623333918306049
  0.54677654534889231  0.55729565597065656  0.56782042531472987  0.57834344071647026
  0.58888430530060087  0.59940752093489635  0.60992788428555489  0.62048271136851718
  0.63104157787310866  0.64158440258393445  0.65210342300609581  0.66263162314330670
  0.67320457541406364  0.68377129505776468  0.69431784475821801  0.70485009975144841
  0.71537911284592959  0.72589201187358654  0.73642006590322684  0.74695855514480225
  0.75754231189572196  0.76811909294575120  0.77868288311743994  0.78921556382775626
  0.79973229244157595  0.81024283718958712  0.82078184787215303  0.83132631949756541
  0.84187028995489943  0.85239497547559195  0.86292006029776314  0.87346594597664295
  0.88403489003080238  0.89457957017740186  0.90510846143597457  0.91561562179709632
  0.92615718184598295  0.93669710908898030  0.94723910258551136  0.95774858014312392
  0.96827963983728227  0.97879674678585704  0.98939377045614174  1.00000000000000000
 -0.00242350418511273  0.00988056617169769  0.02011016857638341  0.03063520877043147
  0.04113577237856863  0.05165075573065187  0.06216112671962666  0.07266870529391055
  0.08318907513702657  0.09368822312452547  0.10418320146395094  0.11469046716672963
  0.12522024634744219  0.13578300737196997  0.14631330651757743  0.15680909162932152
  0.16731490742972016  0.17784286518590608  0.18839873721545514  0.19893258056586885
  0.20945195277931239  0.22000161781232816  0.23053421434960461  0.24111205373597061
  0.25164517352826155  0.26219895269891158  0.27272646696941022  0.28326635731540034
  0.29381447987393089  0.30435207598246983  0.31487534076474066  0.32538726108072147
  0.33591203185227125  0.34646808235266580  0.35703614082182605  0.36761785242738859
  0.37818925860845398  0.38873770231679267  0.39926260639256739  0.40977506899391369
  0.42031449841247309  0.43084117726078580  0.44137739578836621  0.45190041334977687
  0.46245686670200364  0.47300990814823540  0.48355956302047948  0.49409245071742686
  0.50460621156187335  0.51513225860865441  0.52567579144190513  0.53624278628228506
  0.54680581733235389  0.55737096794700836  0.56791560708977440  0.57844589122175294
  0.58895684851843977  0.59947538901181785  0.61001610825517494  0.62052962156966351
  0.63106029146116194  0.64157285852589030  0.65211151892962005  0.66262157380279196
  0.67313969933866058  0.68367500451375396  0.69423884001947589  0.70479592686462544
  0.71532154449525553  0.72582365748098576  0.73632589446749519  0.74686657061109996
  0.75742174991020750  0.76798252607193906  0.77854831010809611  0.78910347507869605
  0.79964817885716255  0.81015261295374708  0.82070995353526877  0.83127455357133451
  0.84185779818666817  0.85237177318062451  0.86289087692455890  0.87341731587951321
  0.88398362453519863  0.89453343067511215  0.90507219595749822  0.91558277207327166
  0.92612374567362532  0.93667064761058261  0.94722200465285444  0.95775601056639792
  0.96828789147688576  0.97885452371287018  0.98942275334141538  1.00000000000000000
 -0.00243714927571192  0.00953984234515057  0.01969430202894732  0.03020847207606954
  0.04077209711580285  0.05132859266267554  0.06190522900504924  0.07245533166556356
  0.08302004610649649  0.09355671785913011  0.10410949417271109  0.11465557405047343
  0.12518364176236063  0.13571838896060059  0.14622076445443222  0.15674633710329033
  0.16725922331583448  0.17779586591494151  0.18835091068918722  0.19890354112799022
  0.20948654958138674  0.22006139883675294  0.23065714929580564  0.24122780720152470
  0.25179136233817850  0.26234124105114898  0.27290620707304131  0.28344449002781003
  0.29398153556232615  0.30451649287587707  0.31507135543832754  0.32563269264920436
  0.33616782412909307  0.34669580891645713  0.35721422357286625  0.36775061083524568
  0.37830001893862475  0.38886062059904331  0.39941428015699071  0.40996046520778467
  0.42049872711752950  0.43103836492697778  0.44154514420227470  0.45202685478627469
  0.46254029149698112  0.47310102256786074  0.48367345727039085  0.49420250170135127
  0.50473675578267896  0.51528087028823011  0.52583628903900870  0.53636932194457354
  0.54688781483072524  0.55738740636961981  0.56791977469465549  0.57846857642099447
  0.58903457686477412  0.59956528833192824  0.61010593135043656  0.62065388006785760
  0.63121675058638804  0.64177010723727224  0.65231913213260651  0.66284316083254613
  0.67338328221601906  0.68392088783525207  0.69448080288923664  0.70504456078228983
  0.71562646181669709  0.72620380659815864  0.73675407175069096  0.74728673762670039
  0.75782522288978804  0.76836708098923800  0.77889517484744475  0.78941521105509915
  0.79993581750875398  0.81047510027233027  0.82099809624923925  0.83152899516630785
  0.84202792265023296  0.85254300825727158  0.86307100264941039  0.87362210560665143
  0.88418459965109086  0.89472716500846472  0.90528817916057314  0.91583918782282514
  0.92639761033126200  0.93693549506894191  0.94747384220581266  0.95801206636403269
  0.96855376241758750  0.97907398929106149  0.98955180148995936  1.00000000000000000
 -0.00248283005767377  0.00951757547932420  0.01969782863720849  0.03022385264043632
  0.04077570936668097  0.05129481464518400  0.06182699475575642  0.07236849423297745
  0.08294618462229673  0.09351027750306566  0.10407022812964717  0.11461377212041786
  0.12517665991637750  0.13574601740373085  0.14628385388888535  0.15680849675098435
  0.16733075007986634  0.17787506333314934  0.18841237281319112  0.19891319469991031
  0.20943817222230138  0.21999129441953721  0.23056767173873904  0.24111764143266240
  0.25166456685269906  0.26220483566448677  0.27276545844593414  0.28330463985467969
  0.29387164632438456  0.30439737199835765  0.31495286832144642  0.32548338623208450
  0.33604275362847447  0.34656290707590071  0.35706623587358355  0.36757570716419713
  0.37809903796848854  0.38862215381621584  0.39912018401431915  0.40964318826412205
  0.42020398206862281  0.43079124159927645  0.44135147434984318  0.45189118421277463
  0.46243488915913999  0.47298653281949576  0.48355457381184502  0.49412863258817924
  0.50470436093318016  0.51525505690932771  0.52579388404238658  0.53632947288003974
  0.54688571935850394  0.55744319260175845  0.56801294513529443  0.57856180301857818
  0.58908752379682583  0.59957923385681355  0.61009635974396004  0.62064261219538486
  0.63120926230470475  0.64175767142136808  0.65228916118562086  0.66281006718224800
  0.67333745485520746  0.68385149654626731  0.69441163531765060  0.70497365701061310
  0.71554664227127573  0.72608222755772245  0.73661777517031812  0.74714966563178720
  0.75768388582857893  0.76821032982607873  0.77872357194477171  0.78924544962496090
  0.79978430378765319  0.81029179140762786  0.82079820816407478  0.83127746369350997
  0.84183748802635971  0.85239418308873316  0.86296990905575188  0.87351360049142057
  0.88404931935045117  0.89458864126769100  0.90513704312652443  0.91567674168841884
  0.92620375519573084  0.93672095999190697  0.94726244342005494  0.95781437076439635
  0.96835547618026718  0.97890187290023234  0.98943991684096466  1.00000000000000000
 -0.00248919817039424  0.00948268983248929  0.01963751532307910  0.03017481435969562
  0.04073396018220495  0.05128247023149023  0.06184506413087021  0.07239971336209021
  0.08296503168410607  0.09349115818014596  0.10401634620048408  0.11452319645747967
  0.12503322485049162  0.13554410871724382  0.14606659761630555  0.15657536049331913
  0.16708716837119672  0.17760859140643487  0.18814958838797266  0.19869967901744673
  0.20923107881005792  0.21977063162843910  0.23030360943146128  0.24085488469277558
  0.25138530516105029  0.26190949777686762  0.27243867549528133  0.28296615150797050
  0.29351274233924984  0.30403417845151237  0.31455429809908264  0.32505783947679140
  0.33558632785480752  0.34612635361639243  0.35667607006694829  0.36721462557311174
  0.37773707355736125  0.38826692292654807  0.39879696098125078  0.40934256517346163
  0.41988145268487537  0.43043037415124569  0.44101863197098395  0.45160077240257868
  0.46216916043203121  0.47267995319508321  0.48321003987633449  0.49372208605357698
  0.50426829725492606  0.51479859041461828  0.52537298694509860  0.53593024533966505
  0.54647038360906597  0.55698909467044766  0.56753088767696480  0.57810150270719862
  0.58866442399766528  0.59920673160386262  0.60973951720160247  0.62026637608315860
  0.63080941401347712  0.64136272892304058  0.65191707644742347  0.66245209465115740
  0.67296733604834169  0.68348669111339710  0.69400042348969337  0.70453358925912346
  0.71507814230146260  0.72565362014805879  0.73618780998123934  0.74669674239338368
  0.75716027855354739  0.76766051467646690  0.77819699752925131  0.78877600183320584
  0.79936243416879882  0.80995074906940212  0.82052611079558402  0.83109878775677704
  0.84166228605700999  0.85221197455960596  0.86275564353694567  0.87331248747988777
  0.88386653452793329  0.89441296183553010  0.90493335170094047  0.91546876134475086
  0.92600906623759216  0.93656031926126826  0.94711091684768667  0.95767801795902863
  0.96828093305308249  0.97887683812665272  0.98945866306373798  1.00000000000000000
 -0.00247708926740212  0.00953279074309768  0.01970562253605822  0.03023840369529325
  0.04082485966670814  0.05140696215419718  0.06198147626422638  0.07252282441556318
  0.08305799371563913  0.09359708053394679  0.10415079419048463  0.11470492319174266
  0.12524434800184744  0.13578984966224536  0.14631888409142224  0.15687327184983232
  0.16740363096118493  0.17795271055839343  0.18848286963766228  0.19904755384030726
  0.20960755035350234  0.22017762170152821  0.23073224023156227  0.24131191028065963
  0.25187030330664595  0.26242151447020762  0.27294142921641973  0.28345538811204452
  0.29396187233523491  0.30442110157467750  0.31491959815249065  0.32544217873313286
  0.33600948004138737  0.34656224953825970  0.35707629482182168  0.36758824678311580
  0.37808601771822636  0.38862969202052278  0.39918188976001012  0.40972650267937610
  0.42025185909836338  0.43077103736067035  0.44129520524021865  0.45183211916282723
  0.46237343656957497  0.47292658186960551  0.48347309026156982  0.49403852082269195
  0.50459755086777136  0.51515935866119034  0.52569572089062866  0.53625572660376175
  0.54680011593346967  0.55736030714926610  0.56790250036399859  0.57842466338164045
  0.58895975201110684  0.59950490448303051  0.61008188477212200  0.62065104279663597
  0.63121771034105145  0.64178045247509841  0.65232823853047617  0.66287873116169849
  0.67342717753525794  0.68396908606821316  0.69452079615092444  0.70507210722624147
  0.71563141176115108  0.72618339640775220  0.73674760612545498  0.74732964834458215
  0.75789841494286692  0.76846192104381561  0.77901238408009243  0.78958044441348751
  0.80010276847649808  0.81061874261323363  0.82111042308405557  0.83165937586816652
  0.84220048139586079  0.85273951889764765  0.86325576469714427  0.87378268124316605
  0.88428239120513619  0.89478599128798009  0.90526643161724674  0.91579663714484816
  0.92632299767148574  0.93684838483137867  0.94736311634544135  0.95789879450131954
  0.96842895943721741  0.97895959516400166  0.98946658059471637  1.00000000000000000
   1.5482842548347052E-002  -1.0000000000000000     
 F F F F F F F F F F F F F F F F F F F F F F F F F F F F F F F F F F F F F F F F F F F F F F F F F F F F F F F F F F F F F F F F F F F F F F F F F F F F F F F F F F F F F F F F F F F F F F F F F F F F F F F F F F F F F F F F F F F F F F F F F F F F F F F F
  <DiscreteSampler_grid>
  grouped_processes
  1 # 1 for a reference and 2 for a running grid.
  10 # Attribute 'min_bin_probing_points' of the grid.
  1 # Attribute 'grid_mode' of the grid. 1=='default',2=='initialization'
  0.0000000000000000 # Attribute 'small_contrib_threshold' of the grid.
  0.5000000000000000 # Attribute 'damping_power' of the grid.
 # binID   n_entries weight   weight_sqr   abs_weight
    10   10   2.535771606784151E+013   1.540784658213523E+027   2.535771606784151E+013
    11   10   2.535771606784150E+013   1.540784658213523E+027   2.535771606784150E+013
  </DiscreteSampler_grid>
