  0.00969494858533263  0.01562374338089791  0.02485932227909442  0.03562870579010989
  0.04597645355517323  0.05635244937242098  0.06669920658086521  0.07706591665429569
  0.08745142713600826  0.09788617766828077  0.10831082078093503  0.11872278112381929
  0.12909667556940449  0.13944385202665402  0.14979166112154269  0.16014850533709921
  0.17052397225804655  0.18088873168951392  0.19123563416600459  0.20160469706522244
  0.21199985158229467  0.22241206622814252  0.23280620328212007  0.24319252401748681
  0.25357222435258847  0.26392290091399140  0.27427637720340525  0.28463738968762953
  0.29500133497187830  0.30536230340896858  0.31572377626011705  0.32611041473521174
  0.33648676293298119  0.34686291610098535  0.35724102984718942  0.36763304231312977
  0.37803393423136850  0.38843057857412794  0.39881133954571890  0.40920034492069313
  0.41958963542108862  0.42997937535825387  0.44036947406035593  0.45076526029362202
  0.46117676625197268  0.47157812872988608  0.48194648963977876  0.49230655496703096
  0.50266876993510190  0.51304632225947733  0.52342363593207619  0.53380446732703446
  0.54419688280235279  0.55458408422263794  0.56497460193034088  0.57537933482775172
  0.58579394630262349  0.59620785810847798  0.60661783859416141  0.61703444512184946
  0.62743634321550146  0.63780266786670492  0.64815789322882644  0.65851464276575744
  0.66887989637528300  0.67924582197224526  0.68960497359398387  0.69998068487747567
  0.71037508773270763  0.72079616035032923  0.73122049738902084  0.74163833412658708
  0.75202996588586002  0.76239888170292835  0.77275896977922975  0.78314664734969897
  0.79355173633239262  0.80396119630380392  0.81435630453741226  0.82475318190699254
  0.83514446322820080  0.84552806469585184  0.85590290180600637  0.86628073093354263
  0.87666078991862750  0.88705416123975622  0.89742018833660109  0.90778434325375790
  0.91815269969332358  0.92855683542375844  0.93897598489043155  0.94937992185614239
  0.95977761266979456  0.97015392034343750  0.98051031420745649  1.00000000000000000
  0.00953162618886831  0.01589238100629716  0.02491363365070296  0.03572207167365826
  0.04610392971552891  0.05651163202063689  0.06691772589436903  0.07728709971751929
  0.08766958772333645  0.09802637538086760  0.10839021776356414  0.11873523181391660
  0.12909199040451841  0.13946293037478719  0.14984049577779041  0.16021708064417589
  0.17058638932314787  0.18095743468206180  0.19135012427209100  0.20176515050506552
  0.21219061072488027  0.22260722617748804  0.23299328454622717  0.24338784341852229
  0.25377424044965752  0.26419074442587887  0.27460498636868907  0.28501431587824333
  0.29539259919032884  0.30577341842147265  0.31615173587982204  0.32653050939475819
  0.33690038008738632  0.34726744306190871  0.35762874109186144  0.36799522584167865
  0.37836432345138199  0.38875167821645817  0.39913734716288418  0.40953010389579086
  0.41990812751816547  0.43029039123474749  0.44067095963844805  0.45106816828467367
  0.46146521416030334  0.47187288585948794  0.48229949668203476  0.49271380321805003
  0.50310864750711926  0.51345542526368049  0.52378976920464149  0.53413834911096625
  0.54452495335456530  0.55492995292000269  0.56532080536007123  0.57570317852830921
  0.58608265069543541  0.59647284418172841  0.60686810185545792  0.61726073840517581
  0.62765125336558358  0.63803604797694680  0.64842573811229576  0.65880921788988567
  0.66917166167478970  0.67952774708298613  0.68988651731499206  0.70025704710178160
  0.71064285432594176  0.72103378579830490  0.73142273922638890  0.74179970898077563
  0.75217825790870951  0.76257894236812973  0.77299297390077804  0.78340122221046160
  0.79379983111735219  0.80417188030854825  0.81453289998012790  0.82489384875775196
  0.83525413746782506  0.84562834267665232  0.85600114716481335  0.86639143521485240
  0.87679047643686281  0.88718750319947937  0.89758477807381665  0.90798298106404751
  0.91837370072890168  0.92876461816508071  0.93914893771758023  0.94951924874152005
  0.95987344736601765  0.97021534338162030  0.98054238590690102  1.00000000000000000
 -0.00235433768616653  0.00964896690464361  0.01984524696799403  0.03034691032071649
  0.04088618481751478  0.05140887170785417  0.06193281682740060  0.07245409328427063
  0.08300689938665298  0.09355644349441551  0.10411554137360284  0.11464579114550121
  0.12516845906260440  0.13566869538511839  0.14617180152215103  0.15669487320658679
  0.16722766515964102  0.17774580851040642  0.18828380198416922  0.19884206357246736
  0.20940483264808774  0.21994967939651858  0.23046488595820350  0.24098807925135360
  0.25153303124423970  0.26208932052486650  0.27264043984253261  0.28318685526109266
  0.29370746061506048  0.30424026557853767  0.31477505260940836  0.32533692900063099
  0.33588913690672928  0.34642612681592327  0.35697304421206283  0.36750503794133293
  0.37803777106466824  0.38856722428319274  0.39911619241820134  0.40967909768278310
  0.42022779326988929  0.43081813810364855  0.44136811799228298  0.45193753293899036
  0.46246269624204828  0.47302860789684820  0.48358972063807276  0.49413220397355861
  0.50465613702424683  0.51516986337280946  0.52572099360435554  0.53629050812017132
  0.54684856140959937  0.55738646525478153  0.56792777944358630  0.57847829402749895
  0.58903767581270183  0.59958360615995032  0.61012859551782395  0.62068614667011368
  0.63126137152219730  0.64178811488705889  0.65231383578431235  0.66279472154962638
  0.67329877741703803  0.68382974213980519  0.69437798620161384  0.70491217388479044
  0.71539247855308408  0.72589950204471954  0.73645977618979963  0.74704404546498815
  0.75760276759339507  0.76814174650570977  0.77868167823007606  0.78924404386890057
  0.79980593770075048  0.81035557924358326  0.82087296922892761  0.83141511199610485
  0.84198121874466991  0.85252723891323035  0.86303288491033869  0.87350293865875461
  0.88401429754771110  0.89456478973141362  0.90512344814870882  0.91569152039162538
  0.92626321095918018  0.93685962890538477  0.94739428084452171  0.95790829127164834
  0.96839524467582472  0.97891641164863985  0.98945090251174783  1.00000000000000000
 -0.00241016049558049  0.00963761418650822  0.01981585973837870  0.03033178302302910
  0.04085815764828982  0.05137382461490150  0.06188289878011222  0.07240000163330479
  0.08295888576567925  0.09348017438401433  0.10398598191455663  0.11446523572201393
  0.12497888105841036  0.13552585363015424  0.14608774833609375  0.15665060776382653
  0.16722759480309388  0.17778534233055410  0.18834946552906401  0.19888937871923376
  0.20944570638600760  0.21999071306942675  0.23054282105789947  0.24111124148462901
  0.25165515857318277  0.26217031417839920  0.27268194064208412  0.28320145885597020
  0.29373740222718248  0.30426874553828465  0.31481104184418091  0.32535601127640357
  0.33589291546962025  0.34644379270846265  0.35701947934967354  0.36759139266004209
  0.37813128100422555  0.38864766683371049  0.39916517208016539  0.40968541239349698
  0.42022471293589841  0.43076102499503022  0.44131703572478298  0.45185830135322924
  0.46239838361788566  0.47293604579514320  0.48346794286339889  0.49400899547583249
  0.50452892544550554  0.51505616459584747  0.52559440860516038  0.53614237886244542
  0.54668919823426543  0.55723724999929081  0.56779269699496249  0.57835566965925111
  0.58889971203412816  0.59946438122649826  0.61005582571143402  0.62064035144236285
  0.63119022266378522  0.64169692031714920  0.65221311997127551  0.66275904474375558
  0.67329369088539637  0.68382445740346187  0.69430141667312484  0.70480562994195806
  0.71533155806668813  0.72589229341038586  0.73645464994356635  0.74699179760331613
  0.75754888033391132  0.76810769540779900  0.77866332132466320  0.78923298806554953
  0.79976860320689380  0.81031642882969301  0.82084729903077691  0.83141435686867193
  0.84198712531085251  0.85254908229094295  0.86309889580194166  0.87362680869515652
  0.88415128123299980  0.89469315380875847  0.90523605677960917  0.91578930519273138
  0.92631690283266410  0.93684484510144461  0.94737480017244946  0.95791688377970430
  0.96846811702647373  0.97897757185148349  0.98949391148772248  1.00000000000000000
 -0.00248482762786555  0.00951006556917727  0.01966559734225955  0.03018010706753197
  0.04072580446238199  0.05129742891640137  0.06185055946423273  0.07244561102854567
  0.08300010916986926  0.09357758635095750  0.10412395335682081  0.11468205624462813
  0.12525124693281622  0.13581207740695089  0.14639532274919342  0.15695290344885485
  0.16751373147480539  0.17805733077903882  0.18859345349074733  0.19912955775793409
  0.20964852394866854  0.22018087896320446  0.23070657868235217  0.24125526521718033
  0.25180247490663193  0.26236687004673209  0.27290324969625929  0.28342343795464625
  0.29393588133012272  0.30447579789475809  0.31499672582093341  0.32551644759878373
  0.33604609919610562  0.34660135486456117  0.35715811216361171  0.36771652464233917
  0.37831030028261270  0.38886462880184963  0.39940879928372663  0.40994205760795149
  0.42052000567274911  0.43109085754606863  0.44165351684731102  0.45220708001609033
  0.46273647346807972  0.47327159797760576  0.48381350386745248  0.49433982399453474
  0.50487424836162820  0.51540163150349005  0.52598372347631384  0.53653889684189249
  0.54708657176779840  0.55762714044364292  0.56817191663877997  0.57871555367961269
  0.58926827174785079  0.59982639865801668  0.61036541592103688  0.62089108636981716
  0.63138403341421856  0.64191177774922203  0.65243198420207260  0.66299365471697147
  0.67352911084216971  0.68406306183717724  0.69457816531115180  0.70511543980042735
  0.71564556084422848  0.72614886288788738  0.73668409628252296  0.74725411667590835
  0.75786281317582793  0.76842114111995519  0.77896574469623736  0.78952670137865510
  0.80010501315306615  0.81063736728265756  0.82114777294818719  0.83166364489789502
  0.84221815672933098  0.85275688272492611  0.86329209300131371  0.87382087874192138
  0.88435964597050754  0.89489287076570800  0.90538862894073735  0.91589102719534710
  0.92636182729943717  0.93686416942656792  0.94735101350677886  0.95787944181714513
  0.96838697731898904  0.97894302495436991  0.98946801090225622  1.00000000000000000
 -0.00241636237317559  0.00952616737007791  0.01969503651225908  0.03023195913774640
  0.04078787647791741  0.05136514317590973  0.06194601516660772  0.07253401598535730
  0.08306840781514679  0.09355379604378690  0.10402604183390372  0.11453727344962635
  0.12508784653334631  0.13567978777265122  0.14625169497193127  0.15680633095341218
  0.16733485817557014  0.17786377681708632  0.18841187092441411  0.19894275973005957
  0.20947962422337071  0.22000843533833100  0.23055518082894660  0.24106921446828283
  0.25159540543016201  0.26209550854224228  0.27263385263579254  0.28316435157400721
  0.29370350030564940  0.30424248470952325  0.31480187008710003  0.32538735852729228
  0.33592475690743312  0.34645500913701399  0.35694679094391557  0.36749354133518275
  0.37801742645254593  0.38856858166951330  0.39909320083217831  0.40961758561810380
  0.42012706556101104  0.43062721261289039  0.44113637212442386  0.45167720688151702
  0.46225866699579876  0.47285262526936811  0.48343680626150193  0.49398746183664471
  0.50453148599069642  0.51504346103500076  0.52557980319865283  0.53610438819086326
  0.54663050422617065  0.55714508432717824  0.56765250480052554  0.57819077360363591
  0.58870851782701927  0.59922136952981253  0.60973249767591042  0.62025192625196479
  0.63079545297226725  0.64133773468393274  0.65189459743707634  0.66245494758346968
  0.67299589603123056  0.68354484338836707  0.69406887384660432  0.70461701161813450
  0.71514531666429471  0.72568598385999894  0.73623935641471472  0.74679824266504657
  0.75737428624349845  0.76793132836334954  0.77848846257836102  0.78904726184695806
  0.79960000670602394  0.81012587980500483  0.82062585588822767  0.83111554572573398
  0.84165619951881443  0.85222431025238676  0.86280120398504201  0.87334507460603727
  0.88388967812534736  0.89445027364920449  0.90501658027110521  0.91558254156211394
  0.92614380812679864  0.93671692825868802  0.94726527734564259  0.95781272065942347
  0.96833701868281774  0.97888071169447932  0.98943657558603515  1.00000000000000000
 -0.00242484676302596  0.00953755240906230  0.01971192116219719  0.03022022998054601
  0.04076774453570720  0.05130614795094768  0.06183237541978066  0.07233765855064132
  0.08283419758278870  0.09335582300017625  0.10389525995254265  0.11441307077426674
  0.12489530731690891  0.13537765766762413  0.14590684408199955  0.15647095483306128
  0.16705401999481645  0.17761348282753667  0.18816108163479420  0.19869452704670543
  0.20923825470340476  0.21975160697155027  0.23026543569585908  0.24078537461643268
  0.25135033303880977  0.26193164483484921  0.27248383168710821  0.28303033865068405
  0.29356272231834168  0.30410193233588140  0.31465245932414559  0.32518595454118393
  0.33571728576876886  0.34623897039385387  0.35677341438723165  0.36734322288087046
  0.37789592138293310  0.38844966736163450  0.39898266213346822  0.40954518790393363
  0.42008825402202460  0.43064566152665923  0.44117618876925269  0.45173067037712150
  0.46229145308205538  0.47286697643841857  0.48341513062129582  0.49391754519643000
  0.50439903777713913  0.51489601140565577  0.52541741751492488  0.53593936746690141
  0.54648084934701791  0.55704786592978095  0.56761108623307077  0.57820219777325077
  0.58875890702768674  0.59932051899200767  0.60985325763247433  0.62041743221303092
  0.63095568406148650  0.64146853278848126  0.65196575074191276  0.66248432524534362
  0.67301278158602984  0.68355518913077207  0.69412013960084529  0.70468713858111631
  0.71522276695897180  0.72579253036822977  0.73637392138752911  0.74696839262011627
  0.75747023102213962  0.76797785893299142  0.77849843622663994  0.78907186166082532
  0.79963209751554531  0.81016035878856230  0.82067353400774334  0.83118158897140415
  0.84171278552660300  0.85226445040206578  0.86282599920584313  0.87339350921036474
  0.88393576487970815  0.89446442465105347  0.90497785378912898  0.91552216065437075
  0.92604909376662059  0.93660293555124619  0.94714771155370425  0.95772691300008428
  0.96829565466302858  0.97887649665427490  0.98944151370164990  1.00000000000000000
 -0.00231149329782712  0.00963212139490671  0.01984520974169103  0.03038538799781625
  0.04092988201395807  0.05146382765253626  0.06201471471074240  0.07258243366951460
  0.08311472054037705  0.09364131618219491  0.10418854040098453  0.11477222879239594
  0.12537484244184341  0.13595548688789752  0.14650692323769374  0.15704238725149700
  0.16756129779312928  0.17810350715493986  0.18862510473587074  0.19916567525131507
  0.20970554833676194  0.22027076496953837  0.23081814753350141  0.24134119902902545
  0.25186741276890029  0.26241524177757847  0.27297962334246612  0.28351100434290927
  0.29404094117567842  0.30456597831895638  0.31510965858506101  0.32561752571646113
  0.33612580732466424  0.34662805753108461  0.35717977300987586  0.36773746919339562
  0.37828512512197210  0.38878231968202120  0.39928839180902059  0.40980458243207063
  0.42033745881883960  0.43085638535352494  0.44136865109965345  0.45190404750097285
  0.46244625189730393  0.47299645509719779  0.48354559752225573  0.49406484283461799
  0.50459967680471640  0.51509809182554644  0.52562569122814307  0.53611762340505553
  0.54667379844518660  0.55722405337370162  0.56777627014158560  0.57828839718224256
  0.58883076403407153  0.59943571097098658  0.61002340445205372  0.62057104789841810
  0.63107964416620976  0.64159622743114220  0.65212565656442900  0.66265603137998508
  0.67320768904993011  0.68377166510539455  0.69434418030828160  0.70488384180625585
  0.71542590065168454  0.72596800301070441  0.73652116676968626  0.74707075868854100
  0.75759755137755047  0.76814024819515825  0.77864073820186286  0.78915588005944970
  0.79967276288880818  0.81021092314345378  0.82074612739250252  0.83128982137770235
  0.84185053473724247  0.85242450028172712  0.86298393346474733  0.87353457462316386
  0.88408256539804508  0.89461371136890278  0.90515463253178396  0.91570218293243966
  0.92625795778781417  0.93680815552030494  0.94736389823593636  0.95791895543158445
  0.96845144878049150  0.97896829538980346  0.98948362234011245  1.00000000000000000
   1.5467169203005726E-002  -1.0000000000000000     
 F F F F F F F F F F F F F F F F F F F F F F F F F F F F F F F F F F F F F F F F F F F F F F F F F F F F F F F F F F F F F F F F F F F F F F F F F F F F F F F F F F F F F F F F F F F F F F F F F F F F F F F F F F F F F F F F F F F F F F F F F F F F F F F F
  <DiscreteSampler_grid>
  grouped_processes
  1 # 1 for a reference and 2 for a running grid.
  10 # Attribute 'min_bin_probing_points' of the grid.
  1 # Attribute 'grid_mode' of the grid. 1=='default',2=='initialization'
  0.0000000000000000 # Attribute 'small_contrib_threshold' of the grid.
  0.5000000000000000 # Attribute 'damping_power' of the grid.
 # binID   n_entries weight   weight_sqr   abs_weight
    10   10   3.835129500999802E+013   2.339196220627171E+027   3.835129500999802E+013
    11   10   3.835129500999806E+013   2.339196220627175E+027   3.835129500999806E+013
  </DiscreteSampler_grid>
