  0.00947698301519238  0.01608843458927601  0.02540407046184655  0.03653313119010811
  0.04715881908307275  0.05786372387495754  0.06852801779623149  0.07912629196892941
  0.08959010442679986  0.10006195285080659  0.11064853584364513  0.12129732967806475
  0.13196944032097008  0.14268710397504827  0.15356495043602447  0.16438353896054531
  0.17510257150267888  0.18586699128500339  0.19640048543713010  0.20696225725993359
  0.21737146784327591  0.22786656053455051  0.23843646303986965  0.24884427647018389
  0.25928303218825877  0.26961119074877893  0.28004171379401754  0.29060248135406680
  0.30117691982034095  0.31173781890674235  0.32216648891666894  0.33265054193610571
  0.34321443375138633  0.35381515478017050  0.36458921205002176  0.37541677958655056
  0.38636558559004014  0.39712494289395084  0.40784935842199826  0.41851331111019846
  0.42916683556689472  0.43974611161136862  0.45035288886167990  0.46104532509682150
  0.47195011391765807  0.48252670646977747  0.49249726466778959  0.50246194290421997
  0.51249201092724550  0.52264597308111849  0.53267104225083006  0.54290202821788536
  0.55364317883907510  0.56442502544512674  0.57508622284849065  0.58556661127016074
  0.59608353217479637  0.60642403155128732  0.61641967159227629  0.62659288580478578
  0.63683102305875516  0.64723452497520406  0.65747618142395936  0.66800822977317076
  0.67891833090424192  0.68995847636102359  0.70085287905324112  0.71168120936968560
  0.72243105207518166  0.73313713103491662  0.74380077583040460  0.75399834394279808
  0.76394516298514492  0.77396817550465780  0.78412366884984452  0.79429005227831539
  0.80442543872579331  0.81445662197535074  0.82504076681625116  0.83558395653403739
  0.84621280758018913  0.85676854477024111  0.86747930028411868  0.87772170057903498
  0.88749373262162634  0.89727035146216083  0.90699217114875652  0.91674364146329312
  0.92637524662862025  0.93599069798411183  0.94649471288934262  0.95717890667571948
  0.96769804436907547  0.97814877946540779  0.98896023279169887  1.00000000000000000
  0.00947926606659050  0.01565396176505240  0.02486978016124872  0.03561007012302077
  0.04589244265363168  0.05641194343872156  0.06702025832652898  0.07763790999453388
  0.08817141584540167  0.09875168097315561  0.10930616584223783  0.11978238279984393
  0.13016100871091038  0.14051090254850485  0.15095519117389508  0.16145467711907838
  0.17193825159041151  0.18243680325818704  0.19284208310734122  0.20341504704937796
  0.21394773510297538  0.22460158803840635  0.23516535482461109  0.24575397938277765
  0.25571367696118208  0.26542065359578865  0.27480763336120817  0.28411450018703038
  0.29369590958433450  0.30315059014968154  0.31240566921421975  0.32213318749249559
  0.33194955299405915  0.34266175346691602  0.35363083207521906  0.36450598151002450
  0.37516513278193414  0.38583695359837139  0.39640391992610957  0.40702312608516683
  0.41750331614632585  0.42799342045471767  0.43849750612391758  0.44890676923423062
  0.45933374199723725  0.46976343927990033  0.48018751063649501  0.49006071201948187
  0.49992775688834923  0.50980522390755534  0.51953506486281864  0.52917705179373409
  0.53887809327790936  0.54907122044140488  0.55962187438038513  0.57015635358471850
  0.58066359445151849  0.59115883212881659  0.60168777873923185  0.61222873052997029
  0.62292004398723844  0.63368957382661839  0.64451639852773912  0.65514447195301195
  0.66564097444436487  0.67613735463885460  0.68665715276150296  0.69722845176970671
  0.70781290908978445  0.71845915651599335  0.72908810144807246  0.73960228464567179
  0.75005802160114798  0.76043149383758690  0.77080670059180845  0.78109436871658044
  0.79144135694799578  0.80179003373054447  0.81233215689182281  0.82303386617713259
  0.83386072410414325  0.84470538409905516  0.85540517133698057  0.86609855100789701
  0.87678710146988570  0.88747952580075884  0.89816786157716455  0.90818784417403797
  0.91842822847814298  0.92853951458674644  0.93868360641304949  0.94868175449743875
  0.95867298958257963  0.96921533373611568  0.97981397192671138  1.00000000000000000
  0.08403860611756375  0.08449507551767849  0.08543178148074405  0.08668952289686473
  0.08795932080864219  0.08921536209152897  0.09051126167452049  0.09190094084044369
  0.09301692963450484  0.09378162507359285  0.09429852767792561  0.09487576445199845
  0.09544427881263162  0.09601196002371472  0.09654876030679266  0.09723970640274827
  0.09816105853601258  0.09913235668603704  0.10007665232217126  0.10102208322771275
  0.10197621265654536  0.10293624201719544  0.10389756991831493  0.10485558539517770
  0.10581442773428286  0.10677627963063607  0.10774261785162177  0.10871488029621905
  0.10969080474817390  0.11066996073145288  0.11164180455431917  0.11261621465664140
  0.11359595369334007  0.11457925566287484  0.11557122751702950  0.11655850613843226
  0.11754211088711630  0.11852383429739154  0.11950373223774048  0.12048152116010417
  0.12146675623379578  0.12245971077033226  0.12346062705322619  0.12446853814412083
  0.12547146432435202  0.12649598102562551  0.12752069141786579  0.12855112463552765
  0.12959546695903068  0.13064639501042985  0.13169918517280016  0.13275907256502914
  0.13382843365284339  0.13489492770524589  0.13597415120451523  0.13706024930835473
  0.13814932568281005  0.13925607360850883  0.14037633691669005  0.14150186816285085
  0.14262953527725442  0.14376109742455365  0.14489305890061174  0.14603074305645833
  0.14719239879290028  0.14834771311979947  0.14951763002020516  0.15069711398731067
  0.15187855573314965  0.15306874226871042  0.15427580056103085  0.15549265370537138
  0.15671440215616814  0.15794238966971896  0.15916842894927941  0.16039641612938363
  0.16163605343420143  0.16289654921454552  0.16416693268586974  0.16544838335697484
  0.16673524892714592  0.16802700816809260  0.16933495163586240  0.17066241972298807
  0.17198013381843094  0.17332096506018144  0.17467636460967026  0.17603480754786957
  0.17739462049459839  0.17876540290388979  0.18016416612100622  0.18157344206988443
  0.18301707448471238  0.18452879922159279  0.18549167221723456  1.00000000000000000
 -0.00227321638997887  0.00959878495304897  0.01997906925741780  0.03035182490623915
  0.04080666417889977  0.05132451215571489  0.06205017951047756  0.07291706176048578
  0.08367734578320973  0.09444369337669030  0.10504857944479994  0.11578477179370633
  0.12625048185553056  0.13619277761115420  0.14605721464805974  0.15585823741439769
  0.16589657390903892  0.17605486428000910  0.18596850433736556  0.19668243672534835
  0.20745671705559204  0.21751389584501046  0.22777050575481228  0.23803351621717128
  0.24841540077478988  0.25809162770536170  0.26766440678091030  0.27747816490697924
  0.28764950702790643  0.29770882950344413  0.30779216507724239  0.31822947861860174
  0.32912845988197603  0.34001426814148267  0.35097022086723884  0.36197755788440944
  0.37288566127123435  0.38361657831937179  0.39423971079666847  0.40493979616982101
  0.41579390298946817  0.42665698340327340  0.43730639921654341  0.44786323905572550
  0.45845067879005186  0.46908309890456018  0.47953339970361725  0.48991051250423684
  0.50051162087241363  0.51126351122161318  0.52191429913047072  0.53259983263136834
  0.54330991859023436  0.55407946923523343  0.56465753297229837  0.57523038178971031
  0.58577432416391051  0.59645659649291205  0.60707862102825716  0.61792393306703386
  0.62867542468443760  0.63946052271660936  0.65014904140017649  0.66090869668811925
  0.67175292720259416  0.68260539470396542  0.69347139986497242  0.70427673246051992
  0.71509232767579267  0.72581934090578493  0.73663843535702256  0.74746481052643399
  0.75818933614945838  0.76874488744251857  0.77926894654672940  0.78984512180074429
  0.80057014690864781  0.81141056140587375  0.82229136256869539  0.83313814862403968
  0.84406930437990835  0.85474896278327617  0.86482169685144816  0.87481048956028640
  0.88477593640395069  0.89466304523661788  0.90431275393127819  0.91382670864970472
  0.92413964194801890  0.93503244586952672  0.94577667442994828  0.95662018737631571
  0.96745457246287392  0.97841966512306278  0.98921036645504867  1.00000000000000000
 -0.00252249192647940  0.00972567791082495  0.02018880327039477  0.03093426161336458
  0.04167975913084145  0.05239787323155622  0.06331031116641729  0.07428778725134776
  0.08519126593381120  0.09593695605648088  0.10665290251072934  0.11737693992945875
  0.12808185319936435  0.13869334642962233  0.14931056702489093  0.15987187445088685
  0.17037228006795072  0.18090020812940139  0.19152304666996273  0.20219455589179045
  0.21303376597684673  0.22398661710964973  0.23502320698032697  0.24586892359581364
  0.25668132071834210  0.26754244461236637  0.27847686125288257  0.28928400307447755
  0.29996607242658008  0.31060330618859311  0.32126340107190204  0.33196351703956317
  0.34274398439848142  0.35361005236717097  0.36470514722395186  0.37552772043391974
  0.38565190321107395  0.39568908294607530  0.40550787843259906  0.41529093400226669
  0.42508621635770971  0.43460021921920960  0.44487988922358085  0.45521434580632913
  0.46571763543681000  0.47639750348338566  0.48700525883645962  0.49763245376867882
  0.50762742616564205  0.51755868993662024  0.52752642322528132  0.53758126040697374
  0.54778991891581841  0.55802269957098527  0.56867828776267648  0.57935054882988180
  0.59001307672350456  0.60069038843173628  0.61140074422802348  0.62215311244569238
  0.63282246059017511  0.64345476688123349  0.65389520838281712  0.66445846198989533
  0.67506542794797064  0.68590156863334162  0.69672125522689776  0.70723710968916487
  0.71734177102373442  0.72718295753499340  0.73735623091245539  0.74760300370923660
  0.75796054860554840  0.76803632687167078  0.77867663302435197  0.78957521027093847
  0.80056848388967272  0.81151430185240991  0.82231741546583426  0.83300759882428810
  0.84361109708163484  0.85432033673656615  0.86516024828590221  0.87612344816339138
  0.88703920320265717  0.89787840494452609  0.90868942259736429  0.91947451939795222
  0.93042789537134618  0.94076945816325830  0.95076554605689401  0.96060662013895681
  0.97054413809903795  0.98045564514863703  0.99022740537264586  1.00000000000000000
 -0.00160097835896265  0.01002047146058463  0.02039467523168573  0.03098256109940864
  0.04151330226957819  0.05218326620592815  0.06283269819932787  0.07281814104855398
  0.08287187738072495  0.09299067556693534  0.10277440443241877  0.11254604743003126
  0.12224010950327106  0.13304056915540280  0.14396495510364016  0.15475707739808564
  0.16572088593161549  0.17658613219366542  0.18744161969732392  0.19806204776423517
  0.20883979733486788  0.21962969240920660  0.23051358005223149  0.24133259798724602
  0.25222794417226896  0.26309524111956756  0.27389783962127334  0.28464036189520131
  0.29526388908680196  0.30603626718359972  0.31685371515156607  0.32786316629448581
  0.33876801463137957  0.34973058956642039  0.35996986991899049  0.36993165383257126
  0.37983769098117104  0.38991018742611722  0.40008177079781176  0.41038214691696706
  0.42079785869783570  0.43176796457569105  0.44270734488368174  0.45365547743716184
  0.46463954921982070  0.47546756666701284  0.48632438892781338  0.49715217538956835
  0.50804119905265532  0.51878148644307076  0.52960792110751009  0.54038281211603445
  0.55117693903036125  0.56195565341074161  0.57265386619391245  0.58339964490730178
  0.59392770348173030  0.60472343045599863  0.61434829489836762  0.62439473635070242
  0.63437444937894782  0.64432128801919331  0.65417855814966630  0.66398121973331625
  0.67444843384042263  0.68543766929409233  0.69617091014527277  0.70689323289349970
  0.71751918859992958  0.72821898321895473  0.73886553453440429  0.74945339160820290
  0.75997223493593979  0.77052693611134115  0.78090487982018764  0.79140813852877168
  0.80190547967788239  0.81266361022175959  0.82332734337412661  0.83408461426252756
  0.84479642435844682  0.85567852147944579  0.86672555132908924  0.87734324643456063
  0.88711898167389269  0.89677322344354815  0.90644861264305343  0.91644675437318734
  0.92640909130518323  0.93625623144036718  0.94702203595104861  0.95769657181063172
  0.96821882006367854  0.97861390974491624  0.98927461253963145  1.00000000000000000
 -0.00240886488880898  0.01006950181699996  0.02076951438036675  0.03079974553268108
  0.04112521722715917  0.05141646569252047  0.06171259761890370  0.07168745781703754
  0.08173332941272092  0.09231914911358859  0.10326328921049467  0.11427353391918792
  0.12507350415548693  0.13570355263631076  0.14607718110507775  0.15664226718797089
  0.16751953440894429  0.17854273263410519  0.18968484794522900  0.20061659375326782
  0.21134473290139549  0.22206126092985359  0.23256808033193455  0.24317110762309949
  0.25360299184432972  0.26418811135897097  0.27492092528407713  0.28570095778048354
  0.29661398061171823  0.30737881515556270  0.31820483930761823  0.32891831165497809
  0.33960358070155378  0.35021082738129788  0.36085988772927247  0.37172245183837843
  0.38178018189964202  0.39170164449027339  0.40170690794078190  0.41161024048030120
  0.42133569895918493  0.43077711977441713  0.44045867683637396  0.45053732949049297
  0.46037119621437578  0.47026580069027624  0.48040292885256597  0.49116669813498998
  0.50204509826300303  0.51273558824665011  0.52323204880523433  0.53364234733328419
  0.54417109173327427  0.55468595422551215  0.56512762216505752  0.57558689068254187
  0.58623321079845847  0.59706631851857017  0.60765014333278278  0.61824092512053952
  0.62885284831496802  0.63960213034218394  0.64999215210730887  0.65975031008350493
  0.66971004882975349  0.67968686788568322  0.68976465915810925  0.69975522945196400
  0.70993992854947585  0.72076007694687971  0.73182922782615167  0.74271954868766088
  0.75332368139097639  0.76386328870784181  0.77462366408880967  0.78554284080750358
  0.79642026520162079  0.80714326608385600  0.81781183609151609  0.82871920101455265
  0.83973790577372065  0.85078959021094869  0.86161711099628580  0.87234411066079842
  0.88310283465942829  0.89396930761997262  0.90469180901530832  0.91524874668717282
  0.92581527884720816  0.93659105279668287  0.94736132893439284  0.95792591592974541
  0.96821838995056642  0.97869246077557825  0.98926987694993518  1.00000000000000000
 -0.00207413465471665  0.01005447296151485  0.02049853046302328  0.03123105121265796
  0.04208155721650322  0.05301639173266123  0.06367141544134425  0.07416342948929457
  0.08462641880524160  0.09536329025672462  0.10601613870972339  0.11618992795848983
  0.12636713383314435  0.13630281004169192  0.14619624851666319  0.15596099997935770
  0.16580748498420386  0.17643062394991688  0.18727605089784038  0.19809292202831758
  0.20905100695713752  0.21964652349975367  0.23021030453060529  0.24082562767418295
  0.25169268042829734  0.26228170164306408  0.27276506090553360  0.28259813498366532
  0.29291038664600688  0.30326005955522833  0.31366409923152538  0.32394365900430688
  0.33414917503583041  0.34487666795097782  0.35571767018185707  0.36662056101918866
  0.37748802347759658  0.38819657382931816  0.39887160544379185  0.40968887141281130
  0.42043345226148576  0.43135074171184173  0.44214842329435816  0.45308777061967226
  0.46385557163905589  0.47451934495017117  0.48511522572410459  0.49568820391963003
  0.50637212591316971  0.51705739664909767  0.52780985939113034  0.53862259463961515
  0.54945490906720840  0.56034201522274085  0.57024178164479966  0.58014584516096235
  0.59001240681554001  0.60003714357042814  0.61002296866265471  0.61997165488643491
  0.63005168882777451  0.64065983545688476  0.65094676927294470  0.66103462696426774
  0.67135905905876181  0.68165644129341274  0.69178306342709306  0.70178670547178568
  0.71198353316127538  0.72260532567400693  0.73333866765666422  0.74410860638296739
  0.75487289527850943  0.76548792742023197  0.77608340970200584  0.78670421493789533
  0.79733922733678075  0.80808691720167525  0.81875305070744997  0.82957837281379321
  0.84033047808796013  0.85098025812032918  0.86137655229176946  0.87186520541362633
  0.88253097293370675  0.89331046794612079  0.90392590972748199  0.91450236132760709
  0.92517247539935699  0.93580752550314028  0.94641121002115991  0.95705990408791497
  0.96788624601996054  0.97862925894404573  0.98934770054519405  1.00000000000000000
   9.6146322328528070E-020  -1.0000000000000000     
 F F F F F F F F F F F F F F F F F F F F F F F F F F F F F F F F F F F F F F F F F F F F F F F F F F F F F F F F F F F F F F F F F F F F F F F F F F F F F F F F F F F F F F F F F F F F F F F F F F F F F F F F F F F F F F F F F F F F F F F F F F F F F F F F
  <DiscreteSampler_grid>
  grouped_processes
  1 # 1 for a reference and 2 for a running grid.
  10 # Attribute 'min_bin_probing_points' of the grid.
  1 # Attribute 'grid_mode' of the grid. 1=='default',2=='initialization'
  0.0000000000000000 # Attribute 'small_contrib_threshold' of the grid.
  0.5000000000000000 # Attribute 'damping_power' of the grid.
 # binID   n_entries weight   weight_sqr   abs_weight
    10   10   4.500115526525308E-009   3.457059650021439E-017   4.500115526525308E-009
    11   10   4.500115526525308E-009   3.457059650021436E-017   4.500115526525308E-009
    16   10   4.500115526525308E-009   3.457059650021438E-017   4.500115526525308E-009
    17   10   4.500115526525307E-009   3.457059650021434E-017   4.500115526525307E-009
  </DiscreteSampler_grid>
