  0.00958634665829512  0.01572993522315739  0.02493393204503888  0.03573726561164076
  0.04610381334908822  0.05648766264601434  0.06686127877257587  0.07724944786182859
  0.08763518166411463  0.09801943845215752  0.10842069898685242  0.11881357847719752
  0.12921818171956675  0.13959177125110536  0.14995866478677314  0.16032869719741250
  0.17071206915978662  0.18109458300932671  0.19147838966349059  0.20185025518924249
  0.21225630478802190  0.22264335260567070  0.23301127371309818  0.24333459243515310
  0.25366560514711711  0.26399301541735060  0.27436463197439648  0.28473951594638180
  0.29508892191464603  0.30539979884434321  0.31570798859817317  0.32608137066421716
  0.33649545914919304  0.34692445025371876  0.35734927288012053  0.36775990543791687
  0.37817800515037947  0.38863367279655392  0.39907978133757116  0.40948915983274931
  0.41987413950759467  0.43025619574928359  0.44063067831673369  0.45096278074154533
  0.46129400964436418  0.47167874190812548  0.48210120650577681  0.49254096285497467
  0.50295850860813418  0.51336902808599871  0.52376407309457818  0.53413581268403809
  0.54449092572870517  0.55485776026548628  0.56525936773581653  0.57567245555527968
  0.58606622569113165  0.59642295695031877  0.60676910294649722  0.61712728622483815
  0.62750611641192111  0.63790841770937401  0.64832425354333245  0.65874450848692134
  0.66914028124402014  0.67950548698280688  0.68987334112434262  0.70026632375659559
  0.71068018955678780  0.72109887976090781  0.73149602796351987  0.74187708418861842
  0.75224934260863119  0.76263190816696491  0.77303103358383918  0.78343166370267836
  0.79383761525291829  0.80419652525185581  0.81456389175959232  0.82493039911560007
  0.83531583777676155  0.84568782231504047  0.85605710750414221  0.86645130988086250
  0.87682909297598055  0.88718936242301671  0.89755324926331814  0.90790814086046245
  0.91824543490239230  0.92853693613745658  0.93885034178211491  0.94920611628708162
  0.95962836519905237  0.97004292969424177  0.98043739428866250  1.00000000000000000
  0.00957722765493743  0.01591355456439093  0.02505795206093704  0.03582572651460818
  0.04614475131230267  0.05648679609137242  0.06687959801425321  0.07728459426592053
  0.08769558738213903  0.09807438878973398  0.10843443951816756  0.11884386549622243
  0.12925926924218248  0.13967512512681796  0.15003636766785974  0.16042217809058368
  0.17083417614692639  0.18124354542169124  0.19163800290078822  0.20202029506857919
  0.21241975217707912  0.22280026081747051  0.23316534858949600  0.24350904793600420
  0.25384706500510484  0.26422008546722509  0.27462039452570641  0.28505184327955690
  0.29545904121862460  0.30586119964013991  0.31628235504561930  0.32666923999776082
  0.33702733143353258  0.34736979851956401  0.35775780771675031  0.36811641243451076
  0.37848369738215726  0.38887848909785705  0.39933621270388331  0.40978544412569945
  0.42018501556093057  0.43054670137984619  0.44087657077348102  0.45122001896884351
  0.46157472825344242  0.47194971761602944  0.48230412630517483  0.49265720006375396
  0.50300223244516851  0.51334316972530003  0.52370082065160872  0.53407808800452206
  0.54447865796727468  0.55486409339687404  0.56524071026693545  0.57560395245830998
  0.58596630577162290  0.59633019389728614  0.60670284323742751  0.61710112742405299
  0.62751011402249002  0.63792575729880796  0.64833941930567529  0.65875684591367145
  0.66917677551908006  0.67958332699840374  0.68998986205074231  0.70040442698688643
  0.71082339808089512  0.72122388775311397  0.73160518608769098  0.74197860882947497
  0.75235752144095946  0.76274468378422899  0.77315373139545285  0.78356489760733861
  0.79394920441813299  0.80430940469327050  0.81462493641770317  0.82497436136066715
  0.83530823098517104  0.84569517311773268  0.85609212022519143  0.86651277355457224
  0.87693484367168073  0.88732565340880676  0.89768496582363322  0.90802487042165747
  0.91837266591384770  0.92875213355927588  0.93912126366384840  0.94948202603798626
  0.95981520056541414  0.97016342112267417  0.98051440608505769  1.00000000000000000
 -0.00243318465779755  0.00956356286214749  0.01971922667914721  0.03019085361389698
  0.04072984125234377  0.05127165913229550  0.06180465660035718  0.07234233211367488
  0.08285402473878872  0.09337340276749255  0.10389223743821019  0.11445382726108605
  0.12500486019427084  0.13550715421354975  0.14599008724753562  0.15649178850589995
  0.16699334062674562  0.17752884174849468  0.18808352616706212  0.19863838406343942
  0.20916205945511027  0.21966004473425760  0.23019249227755123  0.24073802498608096
  0.25133552340940096  0.26193830721050521  0.27255216578309915  0.28313804729872677
  0.29372181095032357  0.30429591210750928  0.31489085075086487  0.32546195686311036
  0.33604546447103723  0.34659892855692098  0.35715495612655357  0.36772209433732977
  0.37824375277072020  0.38877261136643165  0.39924863619912998  0.40977387266365872
  0.42028929871840681  0.43080703979381629  0.44130978290281414  0.45185077340028257
  0.46241328012401528  0.47296015154983762  0.48347793392769539  0.49396203777027980
  0.50446316612049591  0.51494918186317473  0.52547298043289525  0.53597170395502158
  0.54649744216505169  0.55696559090169884  0.56743227440933330  0.57791831213116795
  0.58849938816114322  0.59909385491222655  0.60966813572620948  0.62023562644054531
  0.63082676091755086  0.64143000377617176  0.65197348684013856  0.66250397389964200
  0.67300299649905315  0.68352557513916434  0.69402198113996583  0.70453837584132040
  0.71505216732355292  0.72560994122134181  0.73610345387517717  0.74658433130926338
  0.75709886987934660  0.76768691839656567  0.77829115408127902  0.78888054012888109
  0.79947801809949859  0.81010337479258421  0.82069822932593084  0.83126949570364839
  0.84183482174177848  0.85240263785972215  0.86300691752657988  0.87361181480290051
  0.88418628563404911  0.89471143000106890  0.90515986100317580  0.91567581151953248
  0.92623307917658482  0.93683002521843650  0.94736008508138392  0.95783258360924295
  0.96832029135231057  0.97885487523633830  0.98942441138924153  1.00000000000000000
 -0.00245797866529781  0.00939060230781692  0.01949582554628798  0.02996503957200325
  0.04046790189393588  0.05100197330933077  0.06155749230643234  0.07212238431265343
  0.08265031715486827  0.09319870505030525  0.10375337615042163  0.11431684242902071
  0.12482523876955239  0.13530574084486366  0.14578956046104527  0.15625082311982538
  0.16673874372175898  0.17723362672945231  0.18778310140382684  0.19832110147235427
  0.20888381641531772  0.21941638119069320  0.22997588179247883  0.24049387559000249
  0.25103193306682176  0.26153032147841604  0.27204849892410721  0.28257839728343059
  0.29310018917135477  0.30363005656127456  0.31413780117501988  0.32466144635333266
  0.33517643435238142  0.34570155819913673  0.35625292112776169  0.36680418982087587
  0.37735707973491905  0.38788956365479910  0.39843352926701797  0.40898726210977593
  0.41955745312056064  0.43012584260630465  0.44069175163861396  0.45124554255965454
  0.46180156323986821  0.47233971750392467  0.48287845537407864  0.49339859859272783
  0.50392677927394380  0.51447394913541333  0.52503263367958586  0.53559661906450584
  0.54619739956748725  0.55678594174725282  0.56736488917834216  0.57789249280225030
  0.58844133263161003  0.59897791355962726  0.60951991312269882  0.62004985760111098
  0.63058470967498825  0.64110393021339285  0.65167156270497484  0.66225859195923920
  0.67285991294117076  0.68342063029391054  0.69397429206738881  0.70451561835721921
  0.71505646801304457  0.72557875729959287  0.73611342823730375  0.74667423217514750
  0.75725351857344869  0.76781315240307613  0.77834915817405881  0.78888759473417647
  0.79943678194036771  0.80998832886588901  0.82055816267110437  0.83110753463742326
  0.84160040736108588  0.85210020779313334  0.86262288894179706  0.87319954128651278
  0.88376773109083773  0.89430586325994854  0.90487101411374193  0.91542478856257103
  0.92601512209017389  0.93661198317790950  0.94718237521685600  0.95770836301696372
  0.96823538761314032  0.97881354655490316  0.98942569879391318  1.00000000000000000
 -0.00219887097640735  0.00962989759007762  0.01978282144553883  0.03023915490652740
  0.04072386726173283  0.05121047466434442  0.06172019923096365  0.07227601085116446
  0.08284681552144986  0.09341233186582749  0.10393084375428582  0.11452028922925307
  0.12512337072981286  0.13572389268370014  0.14627536658268728  0.15677317087814355
  0.16734314950344453  0.17789934584377631  0.18846683525988892  0.19897740865699859
  0.20952725463839331  0.22010748851019285  0.23069435938687446  0.24124018939642616
  0.25176806974394567  0.26228925691858213  0.27281789920294391  0.28339616715634913
  0.29396807304683659  0.30454332067559597  0.31507714176959012  0.32566763586122721
  0.33620898061492027  0.34676887126812594  0.35729194185086166  0.36786016781343567
  0.37841559551928927  0.38897725767389196  0.39954771467624023  0.41014410552338609
  0.42078064496535211  0.43138236596068058  0.44190202768891468  0.45236956654110927
  0.46287405458276953  0.47343491422542433  0.48400439561957087  0.49455036085312853
  0.50502284178738555  0.51545314411184617  0.52586823841198116  0.53632072944927534
  0.54679227904963978  0.55727278944440639  0.56780724576769059  0.57836272557607016
  0.58894273591657620  0.59946716534839450  0.60999743952098751  0.62051394026798190
  0.63108784001421026  0.64165010190202409  0.65222210943700520  0.66274524978418425
  0.67327789068775901  0.68381089432403752  0.69435007364384815  0.70489898136772955
  0.71548879650123931  0.72610175266037003  0.73669075955661911  0.74718637876091332
  0.75763576228513496  0.76811759873442420  0.77862203390996609  0.78912231363344021
  0.79956786946238934  0.81003315255873209  0.82054504194806399  0.83108433315030639
  0.84162411633432987  0.85217685659563680  0.86265377253950393  0.87319366893794093
  0.88375221190194508  0.89437067999430442  0.90492529385658238  0.91543880100649233
  0.92596368472406110  0.93650668883256460  0.94703453957309658  0.95762544319467169
  0.96819884408880752  0.97884548762983981  0.98942566411213329  1.00000000000000000
 -0.00249925875734046  0.00947600899483397  0.01967586383596385  0.03021804954659536
  0.04074015472585057  0.05120053252675987  0.06170334039106696  0.07221415768609789
  0.08273563887557567  0.09327334941574998  0.10388423873977325  0.11451463596833167
  0.12510195323227949  0.13565342872864655  0.14619743641626476  0.15671045073390588
  0.16722693979955192  0.17772031549738820  0.18825134177420386  0.19878152998236226
  0.20936244338006477  0.21994351579557320  0.23055835601901220  0.24112190163402031
  0.25165384961202625  0.26216743254667491  0.27272267115013005  0.28332749988247968
  0.29384556508614196  0.30436449814083799  0.31488045124677877  0.32545488711463832
  0.33605285797122680  0.34657173484772019  0.35711461391087190  0.36749792925147601
  0.37796774036404712  0.38844233185874666  0.39902053538124116  0.40955852846597723
  0.42004126631197103  0.43051755031335709  0.44100238739791287  0.45152363935927980
  0.46208584166947786  0.47259561229730201  0.48308988760383709  0.49356251434794784
  0.50409301557249420  0.51464575345808572  0.52516520531156452  0.53570023773231501
  0.54625322792278153  0.55679705944272739  0.56732769057568000  0.57782807588507645
  0.58835731768602162  0.59888627241465886  0.60941117995568539  0.61997350727754397
  0.63052293945275717  0.64109067155196553  0.65160081296137695  0.66211783616140041
  0.67262527544190276  0.68317822670575479  0.69375149159714689  0.70433306208306001
  0.71491853258311944  0.72550566511019654  0.73608960977087490  0.74666128547088007
  0.75723415277010375  0.76777370858028393  0.77830923448137990  0.78883406660287991
  0.79938194403818874  0.80990440639025896  0.82042100416878538  0.83095819717506858
  0.84148483759832271  0.85202716673042145  0.86259072768232103  0.87318981021887576
  0.88377650662806451  0.89427939475259732  0.90478935668427096  0.91528730147515147
  0.92585216915031332  0.93641986318414638  0.94701540811401186  0.95758662612221268
  0.96815113832471700  0.97870560780832405  0.98933230784923820  1.00000000000000000
 -0.00239449705099558  0.00964137082676197  0.01981982913238674  0.03034322409450530
  0.04083913426375109  0.05135815742497753  0.06191212832151546  0.07251126476782216
  0.08308621940566871  0.09362380277417691  0.10413480074923583  0.11464091632028536
  0.12516639707662255  0.13570763288608720  0.14625670323668810  0.15678502924507465
  0.16732491355030060  0.17783594086650303  0.18836353597748001  0.19889940226496614
  0.20946754375977700  0.22004574306208668  0.23058295174131488  0.24111214469836240
  0.25159601899754630  0.26212315904334010  0.27266903614055421  0.28321265281678054
  0.29374697769380131  0.30429372634416002  0.31483479849057860  0.32539604630440200
  0.33593399179026251  0.34649906341287462  0.35699280090046276  0.36746293371387584
  0.37793354561173259  0.38845369154853215  0.39901572813575226  0.40959787570803452
  0.42014266787295118  0.43069888677628410  0.44121299034732664  0.45176649762806997
  0.46232137128490713  0.47286304318078393  0.48342792919495847  0.49397215446964943
  0.50456099834122015  0.51512380163951921  0.52567114082515332  0.53625043606543155
  0.54683175655020788  0.55740910449285530  0.56792804584769074  0.57844279424529588
  0.58892251284094643  0.59937899617969825  0.60982639186230481  0.62036951412772157
  0.63098829153191627  0.64161977113766200  0.65224233279217148  0.66281858047656805
  0.67336796544657518  0.68387878965926219  0.69439374719242775  0.70492953624342725
  0.71548625371471830  0.72607672637092979  0.73666959601367743  0.74729216031305967
  0.75786051854089054  0.76844669124273401  0.77896900567689209  0.78948758184835910
  0.79995462390597150  0.81041655014065328  0.82093229783466026  0.83149263158499531
  0.84203740747172640  0.85260296096150212  0.86314845905961024  0.87374378642258133
  0.88429003812062479  0.89483846078261098  0.90539017390519505  0.91595557096851610
  0.92652383514186654  0.93709028070551725  0.94761405682264432  0.95807318412323350
  0.96848323983595475  0.97894962483453785  0.98946768544534758  1.00000000000000000
 -0.00255546797316036  0.00946269059859234  0.01962738209733062  0.03016899927897706
  0.04075793682006577  0.05133224411744901  0.06190147297207928  0.07245143096787929
  0.08303724901313095  0.09365051359832549  0.10425816671125662  0.11484840598051324
  0.12538694592165742  0.13597432651871461  0.14654634804288305  0.15713126420714579
  0.16768780994751545  0.17825686139722355  0.18882817055340551  0.19941212704933789
  0.21000325143610876  0.22054655775184825  0.23105272319331596  0.24153648518413903
  0.25207038326566938  0.26263442078932719  0.27321228271142223  0.28376056922716553
  0.29430310285725964  0.30479595521122677  0.31526980471166205  0.32578490097780766
  0.33630162378911471  0.34683827884712981  0.35730558085196934  0.36779342909596402
  0.37831030137636507  0.38887769384353671  0.39947896207635758  0.41003828220710914
  0.42058758232774335  0.43109859003622092  0.44159585174549387  0.45208085312936641
  0.46261787765125795  0.47318824854541980  0.48373457543644416  0.49426497356175081
  0.50481080839428050  0.51536584053203505  0.52592392120442377  0.53639579824534045
  0.54686734662247194  0.55733037966766030  0.56784360383375010  0.57834368820948212
  0.58884383806241802  0.59941811464422501  0.61003333978526941  0.62068825494762025
  0.63134572775665376  0.64202888622325494  0.65265003345656247  0.66322474697854894
  0.67379963712308488  0.68434764164124140  0.69491164956593676  0.70543124281371739
  0.71600185061552035  0.72658488029677648  0.73715275651020018  0.74769716395667762
  0.75822839848211887  0.76881958952511675  0.77942107188539356  0.79000075258854419
  0.80053410185001694  0.81103104308964180  0.82151283162711852  0.83202999808663569
  0.84257597258382344  0.85313402537307659  0.86364666028419246  0.87417728358089586
  0.88471711530714170  0.89528717453428153  0.90583806124962518  0.91637314140005921
  0.92687020408694809  0.93740789823261228  0.94787628084274378  0.95836473164918723
  0.96872973553312647  0.97916588143891559  0.98958229786501350  1.00000000000000000
   2.4941181066056006E-012  -1.0000000000000000     
 F F F F F F F F F F F F F F F F F F F F F F F F F F F F F F F F F F F F F F F F F F F F F F F F F F F F F F F F F F F F F F F F F F F F F F F F F F F F F F F F F F F F F F F F F F F F F F F F F F F F F F F F F F F F F F F F F F F F F F F F F F F F F F F F
  <DiscreteSampler_grid>
  grouped_processes
  1 # 1 for a reference and 2 for a running grid.
  10 # Attribute 'min_bin_probing_points' of the grid.
  1 # Attribute 'grid_mode' of the grid. 1=='default',2=='initialization'
  0.0000000000000000 # Attribute 'small_contrib_threshold' of the grid.
  0.5000000000000000 # Attribute 'damping_power' of the grid.
 # binID   n_entries weight   weight_sqr   abs_weight
    10   10   4.287856307542099E+002   4.569022815634863E+005   4.287856307542099E+002
    11   10   4.287856307542098E+002   4.569022815634860E+005   4.287856307542098E+002
  </DiscreteSampler_grid>
