  0.00952547439870834  0.01576922353083075  0.02491023042954580  0.03570600582758733
  0.04606830424886357  0.05646172971460030  0.06684925523613425  0.07722495482797778
  0.08762940920300950  0.09802720753343153  0.10843520043445443  0.11883402907658916
  0.12925381499088331  0.13965850079039965  0.15007222777209642  0.16044674760336280
  0.17075887830742031  0.18101717693157621  0.19127485998220209  0.20161780763204340
  0.21200059116338332  0.22239858547351091  0.23279290942412467  0.24317460436425017
  0.25356917928978895  0.26395867700518089  0.27434118668934987  0.28469547123205224
  0.29503444207750318  0.30536984058696998  0.31573532808995641  0.32611872141163384
  0.33652056377988943  0.34691349869838528  0.35728112836200160  0.36765796189547495
  0.37802157336548037  0.38838807018253807  0.39872834375766414  0.40909808196103081
  0.41948218375549129  0.42988412023355671  0.44026552809965863  0.45063014451382133
  0.46099366682074744  0.47134247069122898  0.48171511432315933  0.49208796132178290
  0.50245743666127718  0.51281999477734330  0.52318331361565962  0.53356089684534769
  0.54397375261196323  0.55440698918827847  0.56483795084668409  0.57524344326257260
  0.58563606029485504  0.59603042913893123  0.60641723178850293  0.61677390973129420
  0.62713454964072113  0.63751950391220080  0.64791778727960037  0.65831495415237562
  0.66869024207625050  0.67907624753052243  0.68948660727837052  0.69990964190848359
  0.71033052339754610  0.72071148090633708  0.73106927795464527  0.74144177048030457
  0.75183933104312439  0.76225284915352987  0.77265231454005467  0.78305205246493204
  0.79343713238598013  0.80382288276917357  0.81420180859431723  0.82459136519195220
  0.83498602017597279  0.84538647038459513  0.85580080881317711  0.86620971074660691
  0.87662793284987062  0.88703018728029692  0.89743621264625684  0.90783146471471465
  0.91818751294439882  0.92854271785976206  0.93890515468337354  0.94931952247030549
  0.95975816447498885  0.97018412057512504  0.98053981609439733  1.00000000000000000
  0.00957354223846482  0.01548949603267778  0.02466799925835544  0.03534552331827560
  0.04564982215970660  0.05603046147546130  0.06645321358777638  0.07684121487974475
  0.08722847774233060  0.09765109154406754  0.10807033099427774  0.11849536999262139
  0.12891067629870939  0.13932795677241608  0.14970745860090187  0.16003558846501473
  0.17038798570953184  0.18076322911462223  0.19117000438895243  0.20156909462665767
  0.21196115160440221  0.22234160357814725  0.23277020344114299  0.24321419924482604
  0.25368953166715430  0.26410081420200804  0.27451926344038996  0.28489436719599737
  0.29527465048519896  0.30563934158602318  0.31599196968430143  0.32635110226546321
  0.33669927148866852  0.34706683875708449  0.35742189997836110  0.36777348318076514
  0.37815757590232407  0.38856658908625369  0.39897317116377468  0.40933856286710890
  0.41971942942041213  0.43012811500569792  0.44053913834897435  0.45092440547683466
  0.46127920305739750  0.47165226372627705  0.48203117213181623  0.49240770702054160
  0.50276794676799919  0.51305575586390995  0.52334591347001280  0.53367482025261148
  0.54405132279899082  0.55442277517737704  0.56476667454257390  0.57512840307363100
  0.58550571474623814  0.59587291744006166  0.60622299811393598  0.61657116540007928
  0.62694579258483241  0.63736711176425975  0.64782490936999049  0.65828478159858428
  0.66871735882412364  0.67914022402436425  0.68954713275960200  0.69991322871876116
  0.71026729829829849  0.72063024249135721  0.73104604805057494  0.74147768621139665
  0.75190379544117514  0.76231418531417194  0.77272456355322605  0.78312841158317459
  0.79351416188646406  0.80384465316308329  0.81419746500003143  0.82460628020332394
  0.83505306468044060  0.84547835209199040  0.85585976471271485  0.86623729855447196
  0.87664351942856200  0.88706709566081721  0.89749371082113305  0.90792141812491256
  0.91832664417060472  0.92873263890511970  0.93910420404738892  0.94949002355029355
  0.95987424024836820  0.97024419553641672  0.98056709016263677  1.00000000000000000
  0.13236099030672199  0.13309065260960870  0.13400082970868379  0.13498540203672871
  0.13598193528570932  0.13697628162415698  0.13797616022548759  0.13898568671611000
  0.13999865649687246  0.14101683189247163  0.14203635145563565  0.14307512131963979
  0.14412126391098640  0.14516932578496097  0.14622180130506238  0.14728361916585822
  0.14835681340665990  0.14943282447560316  0.15051060194200727  0.15159509794068873
  0.15268288886624518  0.15378038617036446  0.15487743586189795  0.15598335740378172
  0.15709726765442994  0.15822537399284861  0.15935117827951237  0.16048046355138637
  0.16161484993811326  0.16276475956957484  0.16392430867775651  0.16508141011086513
  0.16624208136184546  0.16740735273723825  0.16859449146638150  0.16979051616906829
  0.17098250045864219  0.17217295311105765  0.17337484121466581  0.17459149120651959
  0.17582151433770715  0.17705849636323057  0.17830447497702545  0.17955993641237764
  0.18082274724413674  0.18208172577280482  0.18334368061647313  0.18461129027597256
  0.18590068412477659  0.18719611848212303  0.18849607681527120  0.18980256686248589
  0.19112358825764617  0.19246161217848190  0.19379749920925304  0.19513952434887674
  0.19648060324844402  0.19784956220042438  0.19922462421164350  0.20059976240858332
  0.20198034044231858  0.20337238877174904  0.20478091003729032  0.20619430422588605
  0.20761301202905688  0.20904014080055258  0.21047472637557646  0.21193830296590718
  0.21339716098927347  0.21486919746556268  0.21634193109419467  0.21783500112978937
  0.21934290754876917  0.22085433429379189  0.22237092497038077  0.22389332156495886
  0.22543823660684764  0.22699793341293278  0.22855756423436141  0.23011716488192868
  0.23169223513995893  0.23328920714309601  0.23490349891442425  0.23652118079210560
  0.23814791178808015  0.23978060516940550  0.24144674691977253  0.24310931014419349
  0.24478045385160530  0.24645738682831558  0.24816282505339829  0.24988534738614815
  0.25161321651245061  0.25342577428382995  0.25474689231631192  1.00000000000000000
 -0.00249689464318615  0.00942666228483297  0.01956441075233996  0.03003188570501874
  0.04055984865410872  0.05108026543634311  0.06164020748900678  0.07223508574787058
  0.08283581364479321  0.09342971171684225  0.10404361816188652  0.11461522104942420
  0.12517247134383958  0.13567771407054074  0.14618640958025761  0.15669082006804730
  0.16717427021540360  0.17768874160360038  0.18822441175501417  0.19874708543997857
  0.20927100712803848  0.21978474519588970  0.23035093235242540  0.24092008730681561
  0.25148098787701001  0.26204982308205621  0.27261965222889639  0.28321004531790761
  0.29375365608523185  0.30428533881474773  0.31482852059720334  0.32541524318522058
  0.33602633263333859  0.34656251196108917  0.35710432325525743  0.36759969667433140
  0.37809838968475645  0.38864454138504428  0.39923844775423623  0.40988865118994050
  0.42043177605572901  0.43100312738083268  0.44157327555831621  0.45217360108770793
  0.46272227200739841  0.47328973476593872  0.48389223150231808  0.49447435684622337
  0.50499034143085197  0.51547722744862468  0.52599146920345152  0.53652745942822222
  0.54706661279612234  0.55758704583629159  0.56811454098017289  0.57863703646422515
  0.58916473745674902  0.59974135889854274  0.61032606173506010  0.62092088525670086
  0.63145277921959031  0.64197644744845961  0.65248568226929660  0.66301627208275482
  0.67353651495353739  0.68406280360077432  0.69460966780275735  0.70519540102032707
  0.71581049915592199  0.72634398239779130  0.73689037072751218  0.74740130160692009
  0.75792579403690397  0.76840738339044334  0.77881532946679899  0.78926028254510561
  0.79970371700999388  0.81022447072834336  0.82079079129700339  0.83136888136124698
  0.84191958798142275  0.85242202311066428  0.86294195437725207  0.87345627609251830
  0.88399335643938537  0.89451791917139478  0.90509343418669130  0.91571245700610249
  0.92634270565818855  0.93695614063660482  0.94750855060062333  0.95806816483245361
  0.96859467733592752  0.97913926456087563  0.98959290055757620  1.00000000000000000
 -0.00254549764773690  0.00960537764804561  0.01982845890213084  0.03037073322374036
  0.04100915830809602  0.05163441601350139  0.06225684027622115  0.07275587129274660
  0.08327462497232541  0.09382730356097826  0.10438516823424060  0.11487406481269186
  0.12533378626048139  0.13583745664535843  0.14639886542073796  0.15693300959442319
  0.16747967794161434  0.17801929058603713  0.18861750396265389  0.19923194999857108
  0.20984847289708955  0.22037836819073464  0.23088514741073926  0.24138926749591277
  0.25192592638967198  0.26247366616814977  0.27302290383598671  0.28357294571980912
  0.29417750186884334  0.30477451702209346  0.31537013258381924  0.32586439620832519
  0.33634196586071335  0.34683041478609605  0.35736350314461762  0.36791580252005973
  0.37848741928619523  0.38908214495448157  0.39962029935431009  0.41013450476650437
  0.42061389209792266  0.43112731871872767  0.44163366051266012  0.45216603939004946
  0.46272695111066453  0.47323608719492494  0.48371546097120804  0.49414895845117729
  0.50462687255571548  0.51512736863316833  0.52566185269946175  0.53622302414447409
  0.54678740585105623  0.55738077125139684  0.56794688859293030  0.57852985539720936
  0.58907767380749987  0.59963395771848715  0.61018535734107560  0.62074441384429979
  0.63130601953398346  0.64178232679666269  0.65225296060826499  0.66271992830612436
  0.67326606745079387  0.68384632968313941  0.69440802806775326  0.70496443378771356
  0.71548979257184175  0.72605632236460038  0.73661752620813936  0.74717448778718987
  0.75772331513708224  0.76825572510373452  0.77881243629645802  0.78934570179801655
  0.79987587070400201  0.81039136190790328  0.82092601069202409  0.83146342179650135
  0.84199609487949834  0.85253301586457308  0.86307052962062891  0.87362168310501387
  0.88418380328413138  0.89472553080660544  0.90524973228637318  0.91574564294391381
  0.92628946429470260  0.93683269035914951  0.94740306651769157  0.95794377336973247
  0.96845107388291907  0.97895893159356062  0.98947074334041374  1.00000000000000000
 -0.00252443153518025  0.00943461412517975  0.01963378811997694  0.03021760646881591
  0.04079887122657477  0.05134332456563634  0.06186477821968656  0.07240558206254069
  0.08295637507286549  0.09352021276630723  0.10408522511341371  0.11461473697412233
  0.12514076765332821  0.13569991495422629  0.14628708949371613  0.15689061933489581
  0.16745087206978079  0.17800581172035171  0.18854846364594327  0.19911101460139680
  0.20965868336339830  0.22022873860482509  0.23078758693379406  0.24136047188857723
  0.25184532376958702  0.26236572510889161  0.27286515452534638  0.28344764032728936
  0.29396557864365536  0.30448719368750177  0.31498353896895481  0.32551418941037130
  0.33604606912569224  0.34662613713606272  0.35720681042198899  0.36778676771600938
  0.37833219087271069  0.38887485181421316  0.39940669535326551  0.40994527672199127
  0.42053221800205404  0.43114247024180957  0.44175409870087817  0.45226509692517664
  0.46275071803139356  0.47321688472465706  0.48372554950185565  0.49424767367892630
  0.50477622291580260  0.51530686288709626  0.52587040485766423  0.53646196038308425
  0.54702211174833582  0.55757256355345697  0.56809222004181170  0.57864797954975078
  0.58920089687960930  0.59971387013703803  0.61023835699747930  0.62076047335241857
  0.63138236261300096  0.64202266413723463  0.65261231224137783  0.66312342499042787
  0.67361485289501144  0.68417362644954882  0.69473167169664363  0.70527620878266650
  0.71577400834240956  0.72629602177275920  0.73681868305043163  0.74732750707954843
  0.75782855771212765  0.76834317450681389  0.77889197055762804  0.78944242615164184
  0.79992606235417318  0.81042120255613137  0.82088479620426302  0.83136539632997752
  0.84183879963704744  0.85233553341451018  0.86288258324766176  0.87344909647531788
  0.88399328654740295  0.89450826458337585  0.90501313410243334  0.91553250678970788
  0.92609868387881455  0.93662084800492307  0.94716847146529803  0.95769293754901696
  0.96825706155390612  0.97883680068573775  0.98942243661247176  1.00000000000000000
 -0.00217217463405404  0.00954627012719059  0.01970694101697210  0.03017164275436213
  0.04066301331038646  0.05112585907677803  0.06162357508822171  0.07220681025539996
  0.08281903711683486  0.09346008425280768  0.10405494029594117  0.11460694129548994
  0.12515924806372994  0.13565991013737574  0.14617731104207274  0.15666746078866950
  0.16713567942717522  0.17764698519039612  0.18815631648567935  0.19871029067984197
  0.20924030866458984  0.21977936530329620  0.23030950955716950  0.24083828732897594
  0.25136989816106359  0.26193575376839134  0.27248240176756888  0.28306064880026571
  0.29360792876577785  0.30412470341095188  0.31464204785147976  0.32522443609364482
  0.33584639203409877  0.34642141446854324  0.35695081494835207  0.36754406432747350
  0.37814664999279501  0.38873740694667708  0.39928073151481075  0.40982032958467202
  0.42037799458509467  0.43089723916931860  0.44145233908499726  0.45197836333841679
  0.46251981914000118  0.47308613894926499  0.48365104651767232  0.49421351573939637
  0.50474381997778250  0.51527819057063695  0.52581521818342258  0.53633889933815959
  0.54685433398804939  0.55738107265276804  0.56793618091830422  0.57850466706978732
  0.58906533180750420  0.59961657808939073  0.61016213280608966  0.62072306870572713
  0.63124697741411895  0.64176231764050895  0.65229021630001127  0.66281100174042573
  0.67333900803734470  0.68382841020487006  0.69433908885436113  0.70490355722011810
  0.71546527439975149  0.72602978109841232  0.73652100471905990  0.74702550752414132
  0.75755601864204802  0.76813036050105021  0.77871805255324889  0.78925868693857115
  0.79985190169680553  0.81041555758419137  0.82101651339110537  0.83158684515721892
  0.84215166100063421  0.85271524559861345  0.86326938727323799  0.87384025960270584
  0.88438466551685657  0.89490863473086135  0.90545817666740858  0.91600355965657143
  0.92653089530620714  0.93704165585367849  0.94753809219698437  0.95808394869684088
  0.96857117450552044  0.97906078436383015  0.98950996597854435  1.00000000000000000
 -0.00245038329639732  0.00949191305253373  0.01968866815828094  0.03029351583698945
  0.04091403579081883  0.05149578980798981  0.06205260001626654  0.07263509474687116
  0.08316550277646016  0.09367975970348365  0.10420816909435465  0.11475350173960235
  0.12529085143889004  0.13582759305111733  0.14638868624428977  0.15694931362123149
  0.16749093493994480  0.17804310263137763  0.18859226235075921  0.19913002354944062
  0.20961073307045600  0.22008022012729803  0.23057915950008503  0.24110991319940733
  0.25161316828677138  0.26208621621889250  0.27257648780495192  0.28310251232412603
  0.29365254962939480  0.30422198546280832  0.31479747068812142  0.32532697572251401
  0.33582516813665964  0.34631659752289445  0.35683117873000308  0.36736182524047811
  0.37793311855763295  0.38856245006551182  0.39917081351122308  0.40981901481763316
  0.42043375955516088  0.43105778985580628  0.44162726511579403  0.45217235571486053
  0.46272180695885978  0.47326796582151681  0.48381878593301941  0.49439239048407585
  0.50491029518848440  0.51540940286393044  0.52589391301185906  0.53646411105030167
  0.54703727721010142  0.55762393911638086  0.56816322594609936  0.57871767030679622
  0.58926030603630475  0.59979475819061112  0.61034211238317226  0.62085314431509586
  0.63138793730048370  0.64191121140919805  0.65247214667403675  0.66299090928575743
  0.67348833001041197  0.68401553736528264  0.69460675632096536  0.70526245102980389
  0.71585630711259085  0.72639970757762329  0.73688685748258620  0.74742764376487569
  0.75796883588355723  0.76850128202951118  0.77900569659417340  0.78951384533333124
  0.80005564851711808  0.81059739065551006  0.82111301416260030  0.83163920696996552
  0.84219352979894946  0.85278926504356467  0.86339632415311807  0.87397774270222428
  0.88452801213319066  0.89508864391216703  0.90556498935361429  0.91605902320020238
  0.92650704291354280  0.93700814397925236  0.94746006357487500  0.95792032416245265
  0.96840837296083448  0.97898579113412798  0.98949945419801832  1.00000000000000000
   1.0450437114171091E-017  -1.0000000000000000     
 F F F F F F F F F F F F F F F F F F F F F F F F F F F F F F F F F F F F F F F F F F F F F F F F F F F F F F F F F F F F F F F F F F F F F F F F F F F F F F F F F F F F F F F F F F F F F F F F F F F F F F F F F F F F F F F F F F F F F F F F F F F F F F F F
  <DiscreteSampler_grid>
  grouped_processes
  1 # 1 for a reference and 2 for a running grid.
  10 # Attribute 'min_bin_probing_points' of the grid.
  1 # Attribute 'grid_mode' of the grid. 1=='default',2=='initialization'
  0.0000000000000000 # Attribute 'small_contrib_threshold' of the grid.
  0.5000000000000000 # Attribute 'damping_power' of the grid.
 # binID   n_entries weight   weight_sqr   abs_weight
    10   10   1.656862959448706E-005   6.054825704100815E-010   1.656862959448706E-005
    11   10   1.656862959448706E-005   6.054825704100816E-010   1.656862959448706E-005
  </DiscreteSampler_grid>
