  0.00989734562642306  0.01395901652971557  0.01991754547602691  0.02760544370490470
  0.03596498385038484  0.04446635365979367  0.05327083612563204  0.06217782050576641
  0.07128996200374178  0.08049006679681960  0.08984002709552073  0.09925514228196182
  0.10879583715147902  0.11843376339903310  0.12813615297124403  0.13786962547275669
  0.14757845272431572  0.15727759712266129  0.16698927777619729  0.17674446809502684
  0.18659960613523485  0.19651150622691332  0.20644790499935325  0.21635811474952393
  0.22625813327768074  0.23622658778057759  0.24625950262521418  0.25626525765389535
  0.26622797331059095  0.27621561308320031  0.28626118608810852  0.29631280472131810
  0.30632084895205353  0.31633772948100641  0.32640163398697891  0.33650137378539674
  0.34662543386250311  0.35677630017739964  0.36697727700252175  0.37721237752791970
  0.38746671526016513  0.39770576715656070  0.40791062914018028  0.41810349839561689
  0.42828970825356522  0.43848510284147796  0.44874293636617218  0.45908638065799112
  0.46946762957791999  0.47982552149275604  0.49012086818348616  0.50040239909222139
  0.51067437811859029  0.52094920911535625  0.53125045851531161  0.54160309673311169
  0.55196932483161054  0.56230601117367762  0.57265567628697345  0.58308019118942622
  0.59357588364579361  0.60408717334872430  0.61456196325678880  0.62500277635879709
  0.63545504059637914  0.64591239841541115  0.65638704693058336  0.66685873608457935
  0.67732177570859942  0.68779600110107708  0.69825004410428848  0.70874042876937704
  0.71926962153712848  0.72983484205443561  0.74039980577190878  0.75091056199979722
  0.76145541373861392  0.77204898184084514  0.78276169597810896  0.79351015453913787
  0.80428869472915954  0.81510709510942791  0.82595484960173837  0.83683659946223965
  0.84771028248286928  0.85861601910599750  0.86956264926085580  0.88057974483032020
  0.89170468735141539  0.90300681857619869  0.91450846601503477  0.92622936497833497
  0.93849449625944470  0.95206286091386416  0.97009082283746673  1.00000000000000000
  0.00982951518493730  0.01386204079778558  0.02077227291601067  0.02952795068637729
  0.03834915260502808  0.04743495896609763  0.05677855226799564  0.06619793517635474
  0.07569682199866767  0.08529859828571652  0.09499969312977645  0.10477109117044207
  0.11456096936635025  0.12437255664729592  0.13424859946004539  0.14419804181846066
  0.15425346533928147  0.16433985661716158  0.17439526013949977  0.18443464003012788
  0.19450408087906790  0.20459856528122899  0.21468474624807074  0.22475967355024037
  0.23485662929369638  0.24495974739718149  0.25504857396675079  0.26512830400644266
  0.27524214744538406  0.28540515068921635  0.29559724253553715  0.30580447798514282
  0.31601689311600317  0.32623879003914252  0.33649536443660116  0.34680772905359164
  0.35715589585572005  0.36749409375636216  0.37779811827568077  0.38810219336842439
  0.39840328672037262  0.40869710721552294  0.41902524225933568  0.42937954511841897
  0.43973043465551037  0.45001910791775446  0.46030140159531319  0.47064500886762745
  0.48102935145970788  0.49144719700587891  0.50183991450546017  0.51223291062823739
  0.52267980445786510  0.53315324268603104  0.54363919871224631  0.55408653623754101
  0.56454640564551983  0.57502687278635367  0.58553020610885542  0.59605294525385588
  0.60660326578726909  0.61717915985027738  0.62775476068370295  0.63835579241086271
  0.64895022466554209  0.65955138873051922  0.67014437872729149  0.68072070594433542
  0.69130963581057747  0.70190044731897339  0.71256050410617056  0.72326625638118347
  0.73397133249952928  0.74467440688482500  0.75540870876432953  0.76618344664313942
  0.77697466906168455  0.78774041049642163  0.79852990372535138  0.80932260154113744
  0.82015435844227591  0.83104427849711260  0.84201688366348204  0.85307360017131439
  0.86419177941201830  0.87538355784024735  0.88667516894394871  0.89808769223131124
  0.90961250421926809  0.92129937172591314  0.93334147695441938  0.94612807829863887
  0.96030887581619762  0.97482033635227994  0.98426147819009024  1.00000000000000000
 -0.00247743867830394  0.00937645062810630  0.01948521548862560  0.02988750486632811
  0.04024555649674282  0.05068114565135657  0.06122654632996594  0.07186254466273850
  0.08252210935980667  0.09317629756992775  0.10385549808085841  0.11445100780495651
  0.12499060659220960  0.13547002199753033  0.14595616605693967  0.15651832806534832
  0.16699796841119505  0.17751815192296425  0.18793246575491557  0.19846467899474596
  0.20896387386813844  0.21954762872839403  0.23010444167051280  0.24068153001673226
  0.25124116651949796  0.26179870352420337  0.27229014243087440  0.28280599949421298
  0.29334912972047555  0.30394268302684890  0.31452979878713444  0.32510413070170247
  0.33564730665035047  0.34621284987549183  0.35674107489555534  0.36729524532732205
  0.37781213132215519  0.38829612221606735  0.39870923710652029  0.40904600393943574
  0.41943890780976745  0.42989666107816599  0.44039114268461355  0.45091901855615468
  0.46143736472286984  0.47197005375564044  0.48249696549135862  0.49301778464860135
  0.50350694845945454  0.51408506359324169  0.52471189128462836  0.53538714082554961
  0.54609377931682312  0.55691157444817407  0.56770203630432747  0.57856299146019330
  0.58930925708553883  0.60002736541656598  0.61046190034017400  0.62090633077301205
  0.63142180682610238  0.64200830029918676  0.65252239728091344  0.66300425119722439
  0.67353376032194090  0.68418907786439198  0.69488326600477557  0.70548712837002447
  0.71596892753159824  0.72640234933719539  0.73682325723485509  0.74724868868752214
  0.75768321879018385  0.76817574457905646  0.77865063261757661  0.78906635817793913
  0.79953244913954535  0.81000345786454664  0.82049058436735633  0.83093639389245078
  0.84143322974650014  0.85192808629430339  0.86244165419133068  0.87291100164476998
  0.88346412772262650  0.89405650026677241  0.90468407602238665  0.91529820991910393
  0.92581555800033921  0.93634382682291672  0.94688824131412308  0.95740053161998739
  0.96800131249940269  0.97861570619754490  0.98931152285308543  1.00000000000000000
 -0.00214796069745878  0.00983723493877196  0.02004393162763842  0.03063235667902625
  0.04124652579226538  0.05187894849518970  0.06241192862833051  0.07291482139299911
  0.08347959597756417  0.09402179672278664  0.10462871672953364  0.11511081872099385
  0.12560339446704916  0.13606782649376725  0.14652618649912547  0.15711704809994378
  0.16766630904102525  0.17834454244056561  0.18909446220060719  0.19984945879798494
  0.21058296551280345  0.22117464324603753  0.23176966264155602  0.24221902351724206
  0.25267150578250880  0.26307450559476075  0.27364049128663948  0.28424036223171356
  0.29480729855641602  0.30531672515449954  0.31582491237153254  0.32633642548418584
  0.33682507041576321  0.34728060538115690  0.35779576582080708  0.36841102688135441
  0.37900555632792449  0.38973183655948818  0.40033517357315912  0.41097846355506129
  0.42155601144083810  0.43213821857658136  0.44274804841183785  0.45331363619128506
  0.46388521435901758  0.47438526902204703  0.48491173961694689  0.49540239116554302
  0.50582714677869933  0.51618956883814104  0.52658490965154758  0.53703781241253767
  0.54750483551913587  0.55791147279780762  0.56825522956050156  0.57859720017442529
  0.58903364446776685  0.59955225197265516  0.61012034837956486  0.62067705427370434
  0.63127236104494167  0.64188059184690882  0.65253058713785128  0.66319771219215584
  0.67379313788462258  0.68439025434921141  0.69495581590576272  0.70553275868254117
  0.71607680181979905  0.72660476237405813  0.73719836319104726  0.74777096640337049
  0.75826448175791328  0.76870203224494182  0.77920150252679399  0.78980341686526934
  0.80037792049344525  0.81104188771543839  0.82171531534792119  0.83237732475604853
  0.84280935804177837  0.85327646938381596  0.86373747601281248  0.87416400269433570
  0.88463363114075777  0.89510212259757516  0.90569737842964304  0.91625408632747896
  0.92680434456849570  0.93733478078765109  0.94781162728453161  0.95831171105885271
  0.96867037688286006  0.97912551501950695  0.98953829480804600  1.00000000000000000
 -0.00221865733833305  0.00988318230725235  0.02004888877192707  0.03048595501304096
  0.04093646196990231  0.05147443882152197  0.06190638982720608  0.07236082321927557
  0.08280055760900606  0.09338690956062171  0.10395522702539933  0.11451270186025696
  0.12497964266445441  0.13553290066764359  0.14611965799730928  0.15679809323809824
  0.16742721022441659  0.17809044897297294  0.18865199478542941  0.19923985113380929
  0.20982029461838531  0.22034625073795855  0.23087691885968442  0.24130555076137894
  0.25184008890415571  0.26225137691059491  0.27273464781964812  0.28322087927800726
  0.29377835131048552  0.30438649988404087  0.31498450817852891  0.32556135900143390
  0.33604848207931853  0.34651382260354868  0.35687867729465672  0.36740452431110648
  0.37793865709605340  0.38866154853614299  0.39935010498518447  0.41007578126896244
  0.42075846939717548  0.43134809013467162  0.44190143380438268  0.45241687122089203
  0.46290473362971524  0.47334714662646382  0.48386711959297435  0.49446633807319207
  0.50511417637654188  0.51567188042100742  0.52618233679869508  0.53673737761510310
  0.54725533443609142  0.55777280224221293  0.56833748402231399  0.57891528560942485
  0.58953998602695201  0.60014376308699879  0.61075149172567711  0.62135462809196074
  0.63186732751096264  0.64241489089890103  0.65287284205695306  0.66339733659446887
  0.67387750080306030  0.68440654258401590  0.69493883165708636  0.70545976124792886
  0.71592239621072962  0.72641427907066247  0.73688404279236042  0.74731086076507192
  0.75768626946862372  0.76813348458018949  0.77870698847520703  0.78937640357382399
  0.79995204770848327  0.81045856299558849  0.82088269478262954  0.83136020083127515
  0.84186112435437510  0.85241850647137574  0.86297431145422854  0.87342942985332350
  0.88378811098764420  0.89416963058685006  0.90467202381145273  0.91519416886884408
  0.92587934017301188  0.93648484252766884  0.94714445631805866  0.95772840167091233
  0.96826251186584811  0.97886204775570829  0.98938301411700069  1.00000000000000000
 -0.00229863092783557  0.00968585213622366  0.01997863291140563  0.03055632621583607
  0.04114827365959867  0.05169203180251301  0.06222427822356880  0.07278993576036707
  0.08331439400914492  0.09385241852515555  0.10435254769756373  0.11490940798926276
  0.12545385003155682  0.13596000683984244  0.14646259586029248  0.15694967611818092
  0.16739622573583421  0.17790216339996856  0.18842612626957894  0.19896087469791263
  0.20951332526378508  0.22008723830901825  0.23058386499119701  0.24105323157889974
  0.25155464681938000  0.26203999027140268  0.27250046366550967  0.28303600934008805
  0.29357522957620114  0.30414556206299137  0.31465418621216357  0.32523430104167289
  0.33577831253811685  0.34636596300545947  0.35694165298850172  0.36752848319440068
  0.37819537160355798  0.38892085952908317  0.39956254097129568  0.41003636041214830
  0.42047616233543772  0.43098439268371336  0.44149287104312024  0.45206822401297264
  0.46256684340560389  0.47306215705800014  0.48342958635039868  0.49382311766773118
  0.50420353764379888  0.51457261119893627  0.52495560958097398  0.53539464199762343
  0.54590664957321255  0.55646929646472187  0.56702692482389017  0.57761659126183551
  0.58825138803731114  0.59886594523721137  0.60936654377372113  0.61985968618131804
  0.63035550114438588  0.64095231250458762  0.65151354417134799  0.66215087515344362
  0.67277980181731700  0.68342351092616960  0.69398837870596308  0.70462869634092251
  0.71514061320567646  0.72570093318549911  0.73613086184552368  0.74664188824999655
  0.75718396083352713  0.76768595806312689  0.77812372218791115  0.78848404068202949
  0.79895993374515006  0.80948367859020198  0.82003892475182927  0.83064212524681480
  0.84133528466753182  0.85206231807036659  0.86271444745131776  0.87333098234864170
  0.88388667072649085  0.89445759883378362  0.90501840685641421  0.91557323871499174
  0.92604988753957940  0.93657625016998192  0.94713611258007580  0.95771609414377856
  0.96817032282900739  0.97878340209963322  0.98934640668139107  1.00000000000000000
 -0.00249830740337207  0.00958242413345982  0.01981582440713614  0.03047966045188500
  0.04107804263260919  0.05161905761211150  0.06214852813072045  0.07271797814638770
  0.08334601024786124  0.09389551811538177  0.10436493512768631  0.11483531883499005
  0.12533395974343037  0.13591886263588329  0.14646187369201791  0.15691598265775192
  0.16737530721758670  0.17782299561033457  0.18830757045755650  0.19870377420007163
  0.20913967350529983  0.21962307403152254  0.23011439976879919  0.24058642675993896
  0.25106447889524819  0.26160263759316094  0.27216457804249605  0.28273285202962423
  0.29332751566912391  0.30391648025007423  0.31447144439382774  0.32501057728945631
  0.33550663302395967  0.34607529382995217  0.35665364671114785  0.36725989618857119
  0.37786329752357800  0.38846220308152313  0.39911973660265454  0.40972485133731851
  0.42023097491955608  0.43065477001747537  0.44112355641562911  0.45171124639312787
  0.46226875115394839  0.47277013894209102  0.48325695535638308  0.49373786484591503
  0.50421747629697111  0.51461515165550742  0.52502225338412645  0.53545699344146913
  0.54592590598481983  0.55644203008428661  0.56691043761426740  0.57744514653383294
  0.58791647543753112  0.59842127436406223  0.60891831089484094  0.61942113034572754
  0.62994122611923153  0.64039026257372045  0.65098475573453896  0.66163316290879104
  0.67223490161217692  0.68285448061910314  0.69340616309415359  0.70407385755429008
  0.71466419366556300  0.72527116196435415  0.73583416656222134  0.74648677668594376
  0.75709786457184547  0.76775397063160333  0.77827281436633855  0.78882976386315118
  0.79939476484018657  0.81007339413024493  0.82063579451922863  0.83121837965471135
  0.84181247299727513  0.85253985237353891  0.86307581204088013  0.87354954206282009
  0.88407193524008498  0.89460179340383050  0.90522458155920227  0.91577190936443020
  0.92632604763383264  0.93684417405278464  0.94727559886308699  0.95780654436453017
  0.96838865090136161  0.97895903128020612  0.98950094503331076  1.00000000000000000
 -0.00207748104372040  0.01001388634159352  0.02027298744814839  0.03077300067520005
  0.04127642576146891  0.05183356138472513  0.06230838548970675  0.07299809492795742
  0.08362620773792734  0.09422953748821759  0.10478584185795495  0.11542081099646904
  0.12605464634250205  0.13664675551091945  0.14724526687323625  0.15783044997969600
  0.16835436406355395  0.17881976014478709  0.18936579960155206  0.19989298982460824
  0.21048454343681075  0.22103537148166363  0.23152698813989889  0.24199087750641446
  0.25239404095001422  0.26283535183212037  0.27343873933916463  0.28409638766226158
  0.29474138206382750  0.30537207147399048  0.31608821239402646  0.32678537408834490
  0.33729364240877624  0.34768306807936095  0.35813857150230466  0.36866929684202149
  0.37919522292495150  0.38966183626969586  0.40018387683089501  0.41074639116980682
  0.42127031491140216  0.43184229607927610  0.44240750242090948  0.45298406477060549
  0.46350877693031717  0.47395916648545777  0.48446946301147115  0.49492861977533747
  0.50551736271778125  0.51607001786266204  0.52668711648392863  0.53725135897327159
  0.54783696728710929  0.55833041986954879  0.56882729944452304  0.57930585715600880
  0.58985577102305919  0.60042240079547360  0.61093096384001278  0.62132889674813141
  0.63174314173094626  0.64220430554703889  0.65274799028534425  0.66329788592365813
  0.67395678026617478  0.68456873561226206  0.69514149491047683  0.70562408397149279
  0.71609738793756184  0.72655927901654604  0.73705244982525786  0.74762653739628571
  0.75823138066506590  0.76886835415710464  0.77945794462823703  0.78996693225152170
  0.80042963974603731  0.81090769341493640  0.82140258195763738  0.83190905410188043
  0.84250093436176721  0.85307444513963382  0.86368113166883587  0.87432360634831263
  0.88494232641103976  0.89542957503702036  0.90593745384682556  0.91642236185938653
  0.92690724186269646  0.93727372859040703  0.94770942337700714  0.95820827652210017
  0.96869796103401029  0.97917906787343445  0.98960209390824205  1.00000000000000000
   5.5541333707421574E-025  -1.0000000000000000     
 F F F F F F F F F F F F F F F F F F F F F F F F F F F F F F F F F F F F F F F F F F F F F F F F F F F F F F F F F F F F F F F F F F F F F F F F F F F F F F F F F F F F F F F F F F F F F F F F F F F F F F F F F F F F F F F F F F F F F F F F F F F F F F F F
  <DiscreteSampler_grid>
  grouped_processes
  1 # 1 for a reference and 2 for a running grid.
  10 # Attribute 'min_bin_probing_points' of the grid.
  1 # Attribute 'grid_mode' of the grid. 1=='default',2=='initialization'
  0.0000000000000000 # Attribute 'small_contrib_threshold' of the grid.
  0.5000000000000000 # Attribute 'damping_power' of the grid.
 # binID   n_entries weight   weight_sqr   abs_weight
    10   10   1.828371628168466E-012   5.050167897534764E-024   1.828371628168466E-012
    11   10   1.828371628168466E-012   5.050167897534764E-024   1.828371628168466E-012
  </DiscreteSampler_grid>
