  0.00960625732134152  0.01606256710332373  0.02516388767845871  0.03597078235083531
  0.04634020883154833  0.05674028053854024  0.06713938125193425  0.07753124811770225
  0.08790637770761714  0.09829190519191390  0.10866471223682872  0.11904564463358452
  0.12940940539183063  0.13975839986482702  0.15013853549360789  0.16052235697677830
  0.17093790137115669  0.18136048268289465  0.19178242992115832  0.20220371904515375
  0.21259596294219635  0.22299378429239272  0.23337535482145610  0.24372379839985256
  0.25407134667755066  0.26443969190377270  0.27481379215990831  0.28519563912069029
  0.29559402625564696  0.30599490040195204  0.31639606230814216  0.32680693125439292
  0.33722069364963370  0.34762045860818985  0.35796585083346705  0.36834077722919956
  0.37877294545729573  0.38921745311291261  0.39964942115451912  0.41006035477066310
  0.42048092362449502  0.43089592555478967  0.44126418781737708  0.45161570901281967
  0.46196117050233498  0.47231866554532809  0.48268328094364804  0.49306846067590154
  0.50346743783729964  0.51386283921619713  0.52424587933416145  0.53461446870886387
  0.54497733638792678  0.55533149864942588  0.56569403913854099  0.57606492405306586
  0.58641167433863550  0.59674614621473809  0.60709278210394224  0.61747280489744594
  0.62788148580390524  0.63828103593717167  0.64866505892151349  0.65903437620933314
  0.66940314573646309  0.67979685903009457  0.69020644294158329  0.70062506051658691
  0.71102619236075260  0.72139491746028150  0.73175317631337777  0.74210139644245665
  0.75245684648816236  0.76280191235628603  0.77316831697986199  0.78355581000072005
  0.79394587507526060  0.80433551552558791  0.81469010470183356  0.82505519181072118
  0.83541949195511678  0.84581332568235346  0.85621560465645374  0.86663666730119060
  0.87707646584976906  0.88750146997066859  0.89791249549821761  0.90827116487863913
  0.91864269506604723  0.92899444155573818  0.93934675320236005  0.94969498595291735
  0.96003520561594291  0.97034985963266485  0.98064685117043515  1.00000000000000000
  0.00944847541802863  0.01651403583785558  0.02552586319886332  0.03649288113850231
  0.04699075697395641  0.05754087825865496  0.06808430783909962  0.07864490172264411
  0.08920326603993665  0.09974220514638361  0.11023453712820051  0.12073735781401930
  0.13123454388488931  0.14173003433883777  0.15216613521744934  0.16261086489306048
  0.17307249279122086  0.18351648888419173  0.19396451827530831  0.20438737997807208
  0.21482063480436506  0.22524935461133691  0.23573403854047537  0.24628686466517671
  0.25685250464647141  0.26740030269008414  0.27791396900020054  0.28842771706364134
  0.29892876935388202  0.30943551844809808  0.31994363251475005  0.33044099649754993
  0.34095507974271416  0.35147297459755988  0.36199269618342805  0.37246440743005932
  0.38293717562449919  0.39342676214770206  0.40391793206548848  0.41438146283470928
  0.42485188859582623  0.43535943747805411  0.44589171404285011  0.45639448357819457
  0.46687980741358065  0.47734115517356851  0.48779230970034343  0.49825127406867747
  0.50872279493747885  0.51920276436381918  0.52967272858598025  0.54014828614064136
  0.55063255987741067  0.56109762822240150  0.57154137044300790  0.58201690333553846
  0.59250424034221250  0.60302284374800874  0.61353689724560390  0.62408364693520435
  0.63461149113753446  0.64511730017339985  0.65561294255210534  0.66608057831853862
  0.67655341996254970  0.68703319245501460  0.69756205360046819  0.70808444145921490
  0.71859181104591630  0.72909120244584158  0.73958994785960730  0.75009760836984529
  0.76059816129331659  0.77108724465701828  0.78156089478452340  0.79201383590764729
  0.80249451910961589  0.81296866293323033  0.82343984532128878  0.83386153002748808
  0.84429716174860092  0.85474412680532064  0.86524422521942090  0.87572500339483916
  0.88617472613664328  0.89659632955416291  0.90701976481599123  0.91747106540304113
  0.92794239825540825  0.93843032364321233  0.94891851631991087  0.95941069001261914
  0.96984654765886735  0.98029155256408163  0.99098130326350176  1.00000000000000000
 -0.00218750436343631  0.00997772444661128  0.02027930388868139  0.03084467515420956
  0.04136589313801856  0.05189444119183351  0.06241937221653907  0.07297623126849265
  0.08352209387140568  0.09405390741481737  0.10460551392233866  0.11520474351126245
  0.12582290937715854  0.13644856888912932  0.14700668564969824  0.15760266424423888
  0.16816911997591327  0.17872379268561878  0.18921380158611251  0.19973660312286956
  0.21028759996783633  0.22084766071528480  0.23139889611940415  0.24193889583282213
  0.25258968110759489  0.26318467817016489  0.27378126044197287  0.28428121445626747
  0.29486484184994388  0.30545598042029565  0.31599656422310618  0.32647271291159879
  0.33693844109339177  0.34742171569464197  0.35788759218756161  0.36837304525928954
  0.37888188504495862  0.38938896358007224  0.39988368222174042  0.41038782146393393
  0.42093479060980549  0.43146899001627353  0.44202952236078058  0.45258371165141742
  0.46319850393144768  0.47380492919397948  0.48436122701365253  0.49484894639071403
  0.50533380021413965  0.51585958002879184  0.52637718743435924  0.53690998428480730
  0.54745020999386229  0.55803309771289411  0.56856894152063242  0.57908842097290469
  0.58963681476821950  0.60019212746727368  0.61071068664379224  0.62120211655354418
  0.63171278364149297  0.64227869959339090  0.65279352037207872  0.66330709462336690
  0.67380829899935790  0.68433801132680150  0.69487415833414234  0.70543593948192596
  0.71599665898170006  0.72658141948525190  0.73712454702768226  0.74767496060678107
  0.75820969835212249  0.76873009659026503  0.77923340132552010  0.78971840217248124
  0.80028309756928340  0.81084065889645829  0.82139678208868738  0.83187342536910291
  0.84234148932229058  0.85279647023369498  0.86330293655454282  0.87382829475876689
  0.88430685321717795  0.89473063982866885  0.90519017930537804  0.91571556770392237
  0.92629764345257226  0.93681702902799624  0.94731982689529348  0.95781717167851688
  0.96838130757540419  0.97894343620681712  0.98948973502316129  1.00000000000000000
 -0.00255657040823637  0.00975821868546996  0.02002766840232421  0.03060150594810507
  0.04118790566748198  0.05173770769301649  0.06230337187041080  0.07285544439907385
  0.08339131503709997  0.09390291503929021  0.10440308031396976  0.11494693913560418
  0.12551633064309675  0.13606413556073627  0.14655957096608160  0.15700227644977202
  0.16747513367565495  0.17799748764210854  0.18856070115802348  0.19908538700474679
  0.20962359948085205  0.22016003807668755  0.23072468491383821  0.24126769222221800
  0.25180548527739494  0.26232407670820224  0.27282436364620755  0.28332443733274809
  0.29381851339685916  0.30430683742065079  0.31484922590494435  0.32540489891598867
  0.33598267874738541  0.34649231404483044  0.35705409013039674  0.36761273250582827
  0.37815664224018186  0.38862923718380860  0.39911985817173107  0.40965226909210595
  0.42019667945600370  0.43075001536975721  0.44128197312540074  0.45177261051075013
  0.46226823756253033  0.47273689909970174  0.48324753503843532  0.49372319196797299
  0.50423591736521522  0.51475663055512466  0.52527091376779234  0.53580554108649381
  0.54638411353752536  0.55694627166943045  0.56749702839192062  0.57799177873631635
  0.58852266477386961  0.59904184848671083  0.60957288642411012  0.62010438699898296
  0.63064978805429028  0.64119131822828390  0.65175245520187275  0.66225552382004382
  0.67276313520702724  0.68323983134816269  0.69379263492688004  0.70434421576467243
  0.71489374406170492  0.72537085660143785  0.73586834277361812  0.74634448205725135
  0.75689623617779056  0.76746330986454647  0.77803717392402227  0.78859651638643935
  0.79909991190262797  0.80963111280832389  0.82014435517017481  0.83069846811609849
  0.84126745796112590  0.85190954502974636  0.86255113424174146  0.87318014600104021
  0.88377320790591796  0.89435468164867238  0.90494937636270445  0.91553021839309778
  0.92610376569784336  0.93668803953665225  0.94729321183923865  0.95788729479140011
  0.96841771664595921  0.97891123047390405  0.98943458787616878  1.00000000000000000
 -0.00240190293774719  0.00965921312116669  0.01982782864169124  0.03036291784237075
  0.04083565124526550  0.05131307729045895  0.06177880388559605  0.07227220348885889
  0.08280097596305901  0.09331152222364977  0.10385775165806117  0.11440964968728175
  0.12493972580609189  0.13545398220582258  0.14593869764677914  0.15645059784771700
  0.16696138961180804  0.17748296526011739  0.18800205685426402  0.19854296600804588
  0.20910597767950306  0.21966426744929507  0.23019132372810480  0.24075241918370432
  0.25132050063989059  0.26192156777857711  0.27248802417711249  0.28302634126941095
  0.29355920530990254  0.30406343277204856  0.31459494551825856  0.32512233748615921
  0.33562930014764186  0.34618882545025403  0.35675479969585094  0.36735248825992911
  0.37790727355655723  0.38842558053642656  0.39895224710416721  0.40950269509349835
  0.42011219157374108  0.43068374618713162  0.44125993851995515  0.45181068055222184
  0.46240524931408961  0.47294577381836822  0.48349972330483976  0.49405248040305566
  0.50461854242627957  0.51517238945916222  0.52566499553636714  0.53613564361235644
  0.54662264383982240  0.55721899283861642  0.56783360133119443  0.57840618995026560
  0.58891743355955894  0.59949848681989004  0.61008892315581553  0.62064375008968631
  0.63116009613914337  0.64166528439478143  0.65221116975116733  0.66271359368742389
  0.67325840041324014  0.68380599001135289  0.69436411013083510  0.70487457730723291
  0.71536656281766731  0.72582937419548921  0.73631685475147068  0.74678593954788663
  0.75730710383870881  0.76785966784784310  0.77845753689674102  0.78906880994833173
  0.79964280380172714  0.81023910618972461  0.82082245720045788  0.83140189489616934
  0.84195086965583033  0.85247190519947058  0.86303149505779408  0.87357696021075593
  0.88415205451107104  0.89467426786658300  0.90524785306178568  0.91574932686436450
  0.92628092776170423  0.93676611850910652  0.94733160861551768  0.95789666882790114
  0.96845306519132646  0.97898210807701769  0.98949662395862925  1.00000000000000000
 -0.00250294537895406  0.00990960642043437  0.02020306121727761  0.03076678069587035
  0.04134547323999795  0.05191185017844367  0.06248144246495049  0.07304996898429345
  0.08359766673982318  0.09411010615402611  0.10457187144364281  0.11508564316309315
  0.12559188354107989  0.13607363743447137  0.14650918125966148  0.15696077624643906
  0.16749218226987109  0.17805264983177219  0.18864328073383643  0.19923034421914348
  0.20978359473758584  0.22032534122086328  0.23084102280711744  0.24135424276674552
  0.25187400774768892  0.26237888102550477  0.27292900387751745  0.28348297595519428
  0.29405372758421650  0.30460889836271626  0.31516656113466279  0.32573040596337394
  0.33627690845362029  0.34681367629590415  0.35734344645925609  0.36786272968626815
  0.37838115827684699  0.38888357564009546  0.39943177954312037  0.40995503478564727
  0.42052227574527473  0.43108500385702708  0.44167141134315208  0.45218501636522823
  0.46269374499958948  0.47319757551631175  0.48376396605451788  0.49431443838305716
  0.50485851288918793  0.51537073866763528  0.52589321628615826  0.53643277105292064
  0.54696690461567421  0.55751207918306356  0.56805273023777114  0.57861497974037912
  0.58917925514900948  0.59982754182194797  0.61045197242127969  0.62107659696082984
  0.63162169956376712  0.64222451520731083  0.65286410189477628  0.66346060703084164
  0.67398726368255502  0.68445214310100499  0.69495030328071572  0.70545315870194925
  0.71594479089218621  0.72644747411767885  0.73695662583246435  0.74748171911494354
  0.75796943209901213  0.76847265753483540  0.77896220143810013  0.78951883266097511
  0.80007010188564398  0.81064648004388695  0.82115211954583911  0.83164717570094415
  0.84213501798886903  0.85264488678151595  0.86317214841446088  0.87366365792276124
  0.88418254673965369  0.89471129458600263  0.90529143272772528  0.91582635032416926
  0.92633809268524847  0.93678657296524792  0.94728033455062377  0.95779590856194907
  0.96835069228005033  0.97889566872701050  0.98944227108769467  1.00000000000000000
 -0.00224403220346008  0.00958430949693596  0.01973494001572996  0.03023069915734472
  0.04076340719880479  0.05136158593885948  0.06196480267269534  0.07252160779035749
  0.08300924391304462  0.09346464913507575  0.10394327513191565  0.11445547871778794
  0.12500752684887392  0.13557301959029208  0.14613141872339711  0.15669161495007289
  0.16724514941920104  0.17777390441662799  0.18829178471222902  0.19881936446036938
  0.20935476381428478  0.21984655887034263  0.23034232680312158  0.24084909668684087
  0.25137957231245234  0.26192801918257996  0.27247260509418730  0.28302854563913898
  0.29356773577596978  0.30410443646346147  0.31465077465979524  0.32520743305556360
  0.33572736838232892  0.34626013173560055  0.35674751332278409  0.36725210673668934
  0.37772954315488122  0.38824263826376515  0.39878499960563740  0.40933888599369739
  0.41990524316514605  0.43048564666189032  0.44105640695589871  0.45164242207007022
  0.46221601751864555  0.47279317889134803  0.48332035945581453  0.49380922629962204
  0.50436703514778458  0.51497294292785212  0.52563999991896715  0.53626778758534877
  0.54689554033620602  0.55747630521346758  0.56804125164468577  0.57858241953502620
  0.58912577639280250  0.59961500597929263  0.61008376512707663  0.62058132398539334
  0.63111658381506586  0.64165347506682946  0.65216601886729597  0.66268760934744630
  0.67323843756408353  0.68381730867142865  0.69438359457377052  0.70497107247863255
  0.71552779388062804  0.72603567168733196  0.73651382757143824  0.74700704595930256
  0.75758881380206533  0.76816571638985653  0.77875683424809350  0.78934501272253887
  0.79994475347689087  0.81049680731590756  0.82102664021793736  0.83155148048867111
  0.84208580470288230  0.85260774357288582  0.86312330292382200  0.87361494966113751
  0.88407365353859180  0.89455384196057042  0.90505024884666041  0.91555255632940502
  0.92605923390794709  0.93660869948596726  0.94719923197150591  0.95778176709154506
  0.96833548708334616  0.97886261130779051  0.98942110266242411  1.00000000000000000
 -0.00239468896030990  0.00952685856794287  0.01970754483674141  0.03021448957735911
  0.04074222698494410  0.05121660182247420  0.06170801487766813  0.07224455968236505
  0.08280832881121947  0.09338945992037363  0.10395384925642392  0.11452243752675302
  0.12506075902846284  0.13559850186349995  0.14614163931767568  0.15669894373013518
  0.16728015016396747  0.17781414739275220  0.18832813303019708  0.19881359126596693
  0.20932773312796882  0.21984332422059819  0.23035310067017020  0.24087839358377922
  0.25141938553693272  0.26188495631481962  0.27234979803421488  0.28282304795489105
  0.29339273208142963  0.30392278409685713  0.31444483528931416  0.32497783926971002
  0.33557723815730706  0.34617731821845926  0.35675093956219622  0.36732540753672110
  0.37788372280728033  0.38844988027925137  0.39901147151871713  0.40955383411192903
  0.42009987815740946  0.43063719166940900  0.44121198826760771  0.45179805689196939
  0.46235171746486048  0.47290831750374029  0.48343390352986049  0.49393073362853923
  0.50439377011469977  0.51484986944990008  0.52534145115619213  0.53585563999135788
  0.54639347210516553  0.55694236743691494  0.56748550177324752  0.57800953436777913
  0.58853954255164975  0.59908539846111097  0.60962111416144815  0.62015108544759878
  0.63065884125243621  0.64117411933260371  0.65167904470828641  0.66220604671468764
  0.67274531577336882  0.68333571404371751  0.69394221041647741  0.70461143341046617
  0.71525584403046982  0.72589542840647348  0.73646519770913577  0.74705609854727428
  0.75764194454454892  0.76825198911435255  0.77878212536507307  0.78929827752743131
  0.79980200273619773  0.81034989236072386  0.82086406295666103  0.83137263995907773
  0.84188715444885787  0.85242844568149023  0.86296777349297471  0.87348166355048218
  0.88406851115385898  0.89465342314816287  0.90526555747200088  0.91578726626412199
  0.92630898976238030  0.93682187823928742  0.94734344880602595  0.95785890275224972
  0.96839914069068800  0.97894157871148846  0.98948844553081505  1.00000000000000000
   2.8176418246922746E-013  -1.0000000000000000     
 F F F F F F F F F F F F F F F F F F F F F F F F F F F F F F F F F F F F F F F F F F F F F F F F F F F F F F F F F F F F F F F F F F F F F F F F F F F F F F F F F F F F F F F F F F F F F F F F F F F F F F F F F F F F F F F F F F F F F F F F F F F F F F F F
  <DiscreteSampler_grid>
  grouped_processes
  1 # 1 for a reference and 2 for a running grid.
  10 # Attribute 'min_bin_probing_points' of the grid.
  1 # Attribute 'grid_mode' of the grid. 1=='default',2=='initialization'
  0.0000000000000000 # Attribute 'small_contrib_threshold' of the grid.
  0.5000000000000000 # Attribute 'damping_power' of the grid.
 # binID   n_entries weight   weight_sqr   abs_weight
    10   10   5.750042552313310E+001   1.274066109472583E+004   5.750042552313310E+001
    11   10   5.750042552313319E+001   1.274066109472588E+004   5.750042552313319E+001
  </DiscreteSampler_grid>
