  0.17312673247006735  0.17334100449979145  0.17355527652951558  0.17376954855923968
  0.17398382058896378  0.17419809261868791  0.17441236464841200  0.17462663667813610
  0.17484090870786023  0.17505518073758433  0.17526945276730843  0.17548372479703256
  0.17569799682675666  0.17591226885648076  0.17612654088620489  0.17634081291592898
  0.17655508494565308  0.17676935697537721  0.17720238551171266  0.17795299871082781
  0.17870361190994297  0.17945422510905815  0.18020483830817330  0.18095545150728845
  0.18170606470640360  0.18245667790551878  0.18320729110463393  0.18395790430374909
  0.18470851750286424  0.18545913070197942  0.18620974390109457  0.18696035710020972
  0.18785394066386277  0.18896207951166946  0.19007021835947616  0.19117835720728285
  0.19228649605508957  0.19339463490289627  0.19450277375070296  0.19561091259850966
  0.19671905144631635  0.19782719029412305  0.19895687095614731  0.20012701843518971
  0.20129716591423211  0.20246731339327451  0.20363746087231691  0.20480760835135930
  0.20597775583040173  0.20714790330944413  0.20831805078848653  0.20948819826752893
  0.21067655229719370  0.21191625243188605  0.21315595256657840  0.21439565270127078
  0.21563535283596313  0.21687505297065549  0.21811475310534786  0.21935445324004021
  0.22059415337473257  0.22183385350942494  0.22301875670613619  0.22394734502106636
  0.22487593333599654  0.22580452165092671  0.22673310996585688  0.22766169828078706
  0.22859028659571723  0.22951887491064740  0.23044746322557758  0.23137605154050775
  0.23230463985543792  0.23323322817036810  0.23416181648529827  0.23509040480022844
  0.23601899311515862  0.23715041926378036  0.23830163644879715  0.23945285363381397
  0.24060407081883078  0.24175528800384760  0.24290650518886442  0.24405772237388121
  0.24520893955889803  0.24636015674391484  0.24751137392893166  0.24866259111394845
  0.24981380829896527  0.25733692391742913  0.25733692391743912  0.25733692391744911
  0.25733692391745910  0.25733692391746910  0.25733692391747909  1.00000000000000000
  0.47813791906749659  0.47834046532263896  0.47854301157778140  0.47874555783292377
  0.47894810408806615  0.47915065034320853  0.47935319659835096  0.47955574285349334
  0.47975828910863572  0.47996083536377809  0.48016338161892053  0.48036592787406290
  0.48056847412920528  0.48077102038434766  0.48097356663949009  0.48117611289463247
  0.48137865914977485  0.48158120540491722  0.48178375166005966  0.48198629791520203
  0.48218884417034441  0.48239139042548679  0.48259393668062922  0.48279648293577160
  0.48299902919091398  0.48320157544605635  0.48340412170119879  0.48360666795634116
  0.48380921421148354  0.48401176046662597  0.48449840108675180  0.48530001422233460
  0.48610162735791729  0.48690324049350009  0.48770485362908278  0.48850646676466558
  0.48930807990024827  0.49010969303583102  0.49091130617141376  0.49171291930699651
  0.49251453244257926  0.49331614557816200  0.49411775871374475  0.49491937184932749
  0.49572098498491024  0.49652259812049299  0.49732421125607573  0.49812582439165848
  0.49892743752724122  0.49972905066282397  0.50053066379840672  0.50133227693398952
  0.50213389006957221  0.50293550320515501  0.50373711634073770  0.50453872947632050
  0.50534034261190319  0.50614195574748599  0.50694356888306868  0.50774518201865149
  0.50855480298427092  0.50937099319637036  0.51018718340846980  0.51100337362056925
  0.51181956383266858  0.51263575404476802  0.51345194425686747  0.51426813446896691
  0.51508432468106624  0.51590051489316568  0.51671670510526513  0.51753289531736446
  0.51834908552946390  0.51916527574156335  0.51998146595366279  0.52079765616576212
  0.52161384637786157  0.52243003658996101  0.52324622680206045  0.52406241701415979
  0.52487860722625923  0.52569479743835867  0.52651098765045812  0.52732717786255745
  0.52814336807465689  0.52895955828675634  0.52977574849885567  0.53059193871095511
  0.53140812892305456  0.53222431913515400  0.53264588127103352  0.53264588127104351
  0.53264588127105350  0.53264588127106349  0.53264588127107348  1.00000000000000000
  0.42695009311040244  0.42814492312921154  0.42933975314802064  0.43053458316682974
  0.43172941318563884  0.43292424320444794  0.43411907322325699  0.43531390324206609
  0.43650873326087519  0.43785244676748664  0.43992115964378892  0.44198987252009125
  0.44405858539639353  0.44612729827269582  0.44819601114899815  0.45026472402530043
  0.45233343690160271  0.45440214977790505  0.45647086265420733  0.45854642147234165
  0.46068380258536834  0.46282118369839509  0.46495856481142178  0.46709594592444847
  0.46923332703747522  0.47137070815050192  0.47350808926352866  0.47564547037655536
  0.47778285148958211  0.47992023260260880  0.48205761371563549  0.48419499482866218
  0.48633237594168888  0.48846975705471557  0.49060713816774226  0.49274451928076896
  0.49488190039379565  0.49701928150682234  0.49915666261984903  0.50129638811193467
  0.50343764145230185  0.50557889479266893  0.50772014813303612  0.50986140147340331
  0.51200265481377050  0.51414390815413769  0.51628516149450487  0.51842641483487206
  0.52056766817523925  0.52267580238685363  0.52477924548415034  0.52688268858144693
  0.52898613167874364  0.53108957477604024  0.53319301787333695  0.53529646097063355
  0.53739990406793026  0.53950334716522685  0.54160679026252356  0.54371023335982016
  0.54581367645711687  0.54791711955441347  0.55002056265171007  0.55212400574900677
  0.55422744884630337  0.55633089194359997  0.55843433504089668  0.56053777813819328
  0.56269587940593491  0.56561343768169303  0.56853099595745127  0.57144855423320939
  0.57436611250896752  0.57728367078472576  0.58020122906048388  0.58311878733624201
  0.60633734588750476  0.60933803868250302  0.61233873147750117  0.61533942427249932
  0.61834011706749747  0.62134080986249574  0.62434150265749389  0.62636369098703581
  0.62811077734357723  0.62985786370011865  0.63160495005666006  0.63335203641320159
  0.63509912276974301  0.63684620912628442  0.63859329548282584  0.63955033222834268
  0.63955033222835267  0.63955033222836266  0.63955033222837265  1.00000000000000000
  0.12086051305135093  0.12815251626495841  0.13130503252991682  0.13445754879487526
  0.13761006505983367  0.14076258132479208  0.14391509758975049  0.14731736253592773
  0.15110777007929402  0.15489817762266034  0.15868858516602663  0.16247899270939292
  0.16626940025275924  0.28588786330443183  0.33571133118194835  0.33940531981169614
  0.34309930844144398  0.34679329707119178  0.35048728570093962  0.35418127433068741
  0.35787526296043520  0.36156925159018299  0.36526324021993078  0.36895722884967858
  0.37265121747942631  0.37634520610917410  0.38003919473892189  0.38373318336866968
  0.38742717199841742  0.39112116062816521  0.39481514925791300  0.49230422553538211
  0.62548375029538528  0.66926524745928584  0.67302710086967643  0.67678895428006702
  0.68055080769045762  0.68431266110084821  0.68807451451123880  0.69183636792162939
  0.69559822133201998  0.69936007474241058  0.70312192815280117  0.70688378156319176
  0.71064563497358235  0.71440748838397294  0.71816934179436365  0.72193119520475424
  0.72569304861514483  0.73937095798943309  0.75359977219351315  0.75751175963918127
  0.76142374708484939  0.76533573453051751  0.76924772197618563  0.77315970942185375
  0.77707169686752187  0.78098368431318999  0.78489567175885822  0.78880765920452633
  0.79271964665019445  0.79663163409586257  0.80054362154153069  0.80445560898719881
  0.80836759643286693  0.81227958387853505  0.83630378545690220  0.84007710209534836
  0.84385041873379441  0.84762373537224056  0.85139705201068672  0.85517036864913276
  0.85894368528757881  0.86271700192602496  0.86649031856447101  0.87026363520291705
  0.87403695184136310  0.87781026847980914  0.88158358511825530  0.88535690175670134
  0.88913021839514739  0.89290353503359343  0.91692831696781429  0.92082669122163507
  0.92472506547545585  0.92862343972927663  0.93252181398309730  0.93642018823691808
  0.93984982104111658  0.94309987559121944  0.94634993014132229  0.94959998469142515
  0.95285003924152800  0.95610009379163086  0.95867181221644071  1.00000000000000000
  0.37447684605916343  0.37643025418701281  0.37786050837402563  0.37929076256103844
  0.38072101674805126  0.38215127093506401  0.38358152512207683  0.38501177930908964
  0.38644203349610246  0.38787228768311527  0.38930254187012808  0.39073279605714090
  0.39216305024415371  0.39359330443116647  0.39502355861817928  0.39660479897928574
  0.39838308822220708  0.40016137746512837  0.40193966670804970  0.40371795595097104
  0.40549624519389232  0.40727453443681366  0.40905282367973500  0.41083111292265628
  0.41260940216557762  0.41438769140849896  0.41616598065142024  0.41795059966618364
  0.41973769928538851  0.42152479890459338  0.42331189852379825  0.42509899814300312
  0.42688609776220798  0.42867319738141285  0.43046029700061772  0.43224739661982259
  0.43403449623902746  0.43582159585823232  0.43760641652060661  0.43935604702904241
  0.44110567753747820  0.44285530804591405  0.44460493855434985  0.44635456906278564
  0.44810419957122150  0.44985383007965729  0.45160346058809309  0.45335309109652894
  0.45510272160496473  0.45685235211340053  0.45860198262183638  0.46035161313027217
  0.46210124363870803  0.46385087414714388  0.46560050465557967  0.46735013516401552
  0.46909976567245137  0.47084939618088717  0.47259902668932302  0.47434865719775887
  0.47609828770619467  0.47784791821463052  0.47976789806873543  0.48220924550491973
  0.48465059294110402  0.48709194037728837  0.48953328781347266  0.49197463524965701
  0.49441598268584130  0.49685733012202560  0.49929867755820995  0.56609069861818373
  0.60561229377370696  0.60806507259254572  0.61051785141138448  0.61297063023022325
  0.61542340904906201  0.61787618786790077  0.62032896668673954  0.62278174550557830
  0.62519384488533769  0.62722117672001321  0.62924850855468883  0.63127584038936446
  0.63330317222404009  0.63533050405871572  0.63735783589339123  0.63938516772806686
  0.64141249956274249  0.64343983139741812  0.64546716323209374  0.64632702271143583
  0.64632702271144582  0.64632702271145581  0.64632702271146580  1.00000000000000000
  0.04508840640385952  0.04755791479565839  0.05002742318745725  0.05249693157925612
  0.05496643997105499  0.05743594836285385  0.05990545675465272  0.06237496514645158
  0.06587279966769104  0.06942547661086311  0.07297815355403520  0.07653083049720727
  0.08008350744037936  0.09397325046156839  0.18838654739968655  0.19192320607903246
  0.19545986475837837  0.19899652343772428  0.20253318211707019  0.20606984079641610
  0.20924185402418471  0.21176558402264004  0.21428931402109538  0.21681304401955070
  0.21933677401800605  0.22186050401646137  0.22438423401491672  0.22690796401337204
  0.22943169401182739  0.23195542401028268  0.23447915400873801  0.23700288400719333
  0.23952661400564862  0.24205034400410394  0.24457407400255926  0.24709780400101455
  0.24962153399946987  0.25294309120221586  0.25640540053216576  0.25986770986211571
  0.26333001919206561  0.26679232852201556  0.27025463785196552  0.29409993815462898
  0.29775380564761711  0.30140767314060518  0.30506154063359331  0.30871540812658144
  0.31236927561956956  0.31602314311255764  0.31967701060554576  0.32333087809853389
  0.32698474559152202  0.33063861308451015  0.33429248057749827  0.33794634807048640
  0.34160021556347459  0.34525408305646271  0.34890795054945090  0.35256181804243902
  0.42416022017095123  0.54897467345255901  0.67378912673416669  0.75137301475989093
  0.75489892965232797  0.75842484454476489  0.76195075943720181  0.76547667432963884
  0.76900258922207576  0.77252850411451279  0.77605441900694971  0.77958033389938675
  0.78310624879182378  0.78663216368426070  0.79015807857669773  0.79368399346913476
  0.79720990836157168  0.80073582325400861  0.80426173814644564  0.80778765303888256
  0.81131356793131948  0.89531574527939217  0.89948475463884359  0.90315138092996783
  0.90681800722109196  0.91048463351221620  0.91415125980334044  0.91735554903031724
  0.91954963481888374  0.92174372060745013  0.92393780639601653  0.92613189218458292
  0.92832597797314942  0.93052006376171581  0.93161547581354776  1.00000000000000000
  0.43201618989308677  0.43234389016407748  0.43267159043506825  0.43299929070605897
  0.43332699097704974  0.43365469124804046  0.43398239151903117  0.43431009179002195
  0.43463779206101266  0.43496549233200338  0.43529319260299415  0.43562089287398487
  0.43594859314497564  0.43627629341596635  0.43660399368695707  0.43693169395794784
  0.43725939422893856  0.43791554222404339  0.43947905426599365  0.44104256630794397
  0.44260607834989429  0.44416959039184456  0.44573310243379488  0.44729661447574520
  0.44886012651769547  0.45042363855964579  0.45198715060159611  0.45355066264354638
  0.45511417468549670  0.45667768672744702  0.45824119876939728  0.46038612236541238
  0.46256745273045952  0.46474878309550666  0.46693011346055380  0.46911144382560099
  0.47129277419064813  0.47347410455569527  0.47565543492074241  0.47783676528578956
  0.50035861408822113  0.50255038991860879  0.50474216574899633  0.50693394157938398
  0.50912571740977153  0.51131749324015918  0.51350926907054673  0.51570104490093427
  0.51789282073132192  0.52008459656170947  0.52227637239209712  0.52446814822248478
  0.52665992405287232  0.52885169988325997  0.53104347571364763  0.53323525154403517
  0.53542702737442283  0.53761880320481048  0.53981057903519802  0.54200235486558568
  0.54419413069597322  0.54638590652636088  0.54857768235674842  0.55076945818713607
  0.55296123401752362  0.55515300984791127  0.55734478567829882  0.55953656150868647
  0.56172833733907401  0.62204148861992403  0.62709903153613633  0.62926788811519341
  0.63143674469425048  0.63360560127330756  0.63577445785236464  0.63794331443142160
  0.64011217101047868  0.64228102758953576  0.64444988416859283  0.64607055223146448
  0.64672561832647468  0.64738068442148489  0.64803575051649509  0.64869081661150529
  0.64934588270651550  0.65000094880152570  0.65065601489653591  0.65131108099154611
  0.65196614708655631  0.65262121318156652  0.65327627927657672  0.65352040926615396
  0.65352040926616395  0.65352040926617394  0.65352040926618393  1.00000000000000000
  0.05377298196156823  0.05512878782209583  0.05648459368262344  0.05784039954315105
  0.05919620540367865  0.06055201126420626  0.06190781712473387  0.06468660152601188
  0.06856889320767254  0.07245118488933319  0.07633347657099385  0.08021576825265450
  0.08407127763116284  0.08781760344919273  0.09156392926722261  0.09531025508525250
  0.09905658090328238  0.10280290672131226  0.10654923253934212  0.11029555835737197
  0.11404188417540181  0.11778820999343165  0.12153453581146149  0.12528086162949134
  0.12902718744752117  0.13277351326555104  0.13651983908358087  0.14026616490161073
  0.14401249071964056  0.21400970086507243  0.34665738394448520  0.37806342967226286
  0.38195927922106088  0.38585512876985884  0.38975097831865679  0.39364682786745481
  0.39754267741625277  0.40143852696505083  0.40533437651384885  0.40923022606264686
  0.41312607561144488  0.41702192516024289  0.42091777470904085  0.42481362425783886
  0.42870947380663682  0.43260532335543478  0.43650117290423279  0.50102841437684609
  0.50480317822736520  0.50857794207788432  0.51235270592840354  0.51612746977892265
  0.51990223362944177  0.52367699747996088  0.52745176133048011  0.53122652518099922
  0.53500128903151845  0.53877605288203767  0.54255081673255678  0.54632558058307590
  0.55010034443359501  0.55387510828411413  0.55764987213463335  0.56142463598515246
  0.65735868469825920  0.79000636777767197  0.85606603701443817  0.85974477403907201
  0.86342351106370596  0.86710224808833991  0.87078098511297375  0.87445972213760770
  0.87813845916224165  0.88181719618687548  0.88549593321150943  0.88917467023614327
  0.89285340726077722  0.89653214428541117  0.90021088131004512  0.90388961833467907
  0.90756835535931302  0.91124709238394697  0.91492582940858092  0.95913248749571600
  0.96289022993106643  0.96664797236641686  0.97040571480176741  0.97416345723711784
  0.97792119967246827  0.98125532285871775  0.98437943571559805  0.98750354857247835
  0.99062766142935876  0.99375177428623906  0.99687588714311937  1.00000000000000000
   4.7649555827550157E-006  -1.0000000000000000     
 F F F F F F F F F F F F F F F F F F F F F F F F F F F F F F F F F F F F F F F F F F F F F F F F F F F F F F F F F F F F F F F F F F F F F F F F F F F F F F F F F F F F F F F F F F F F F F F F F F F F F F F F F F F F F F F F F F F F F F F F F F F F F F F F
  <DiscreteSampler_grid>
  grouped_processes
  1 # 1 for a reference and 2 for a running grid.
  10 # Attribute 'min_bin_probing_points' of the grid.
  1 # Attribute 'grid_mode' of the grid. 1=='default',2=='initialization'
  0.0000000000000000 # Attribute 'small_contrib_threshold' of the grid.
  0.5000000000000000 # Attribute 'damping_power' of the grid.
 # binID   n_entries weight   weight_sqr   abs_weight
    10   6   4.774447450208773E+005   2.291731380374944E+011   4.774447450208773E+005
  </DiscreteSampler_grid>
