  0.00966190539903090  0.01386886343556252  0.01698025863511184  0.02043882240962854
  0.02448470368205295  0.02896312125248154  0.03367892283894541  0.03852331693302059
  0.04365814824586567  0.04905988819637041  0.05460584664141325  0.06027464781273086
  0.06619570243925431  0.07233606007283966  0.07860960940139471  0.08501376731108072
  0.09153961567380632  0.09812975595513689  0.10482590893060517  0.11170126790767761
  0.11876188335535474  0.12580195507054290  0.13300803185373572  0.14011915550199594
  0.14741324040087703  0.15486644184079579  0.16243946632281606  0.17011975541418051
  0.17794373947909509  0.18582629994471170  0.19377999028729742  0.20181870599180410
  0.20997396087186340  0.21830156268751996  0.22668015598395946  0.23519009445699340
  0.24388572317829874  0.25268324397885672  0.26152168435526657  0.27034384788058247
  0.27912054202804809  0.28790671778743854  0.29676164482447981  0.30569491562421097
  0.31470702479741530  0.32378336492967796  0.33292491810046898  0.34222451599725190
  0.35167537761850803  0.36124074809647738  0.37075622811998993  0.38022977593104568
  0.38984183324378491  0.39944694776803458  0.40904513991348745  0.41869904574725342
  0.42862142030035350  0.43860491530343321  0.44868714004127164  0.45883702479284533
  0.46922918774298139  0.47957097493442374  0.48977862170515279  0.50027294685056445
  0.51090665819258785  0.52170426705347483  0.53235300343725811  0.54309965477860089
  0.55394839135997320  0.56483500839835754  0.57573987304043406  0.58651231942395377
  0.59717054290860749  0.60797581390967825  0.61910435834537292  0.63052549694776594
  0.64206619156124178  0.65395660504443920  0.66632704755655703  0.67898247382239774
  0.69183140709250934  0.70457851422666073  0.71755959341054421  0.73088783443189165
  0.74420301676398704  0.75776302933853901  0.77198059068995928  0.78733885723614228
  0.80393815047289741  0.82174737274650933  0.84082041287581077  0.86112195683099180
  0.88344024772330232  0.91070173496651918  0.94707645953250830  1.00000000000000000
  0.01004657191976771  0.01234402518161687  0.01735339332007874  0.02358994863709213
  0.03058823629191586  0.03806056574457847  0.04592262646019660  0.05414050385653633
  0.06263752839290519  0.07139501102359008  0.08041482734055436  0.08950631118497009
  0.09853999706741591  0.10759589255091244  0.11671222036736220  0.12587961680750850
  0.13527252835567555  0.14470114435192222  0.15441617446371894  0.16427178449322824
  0.17416419850986894  0.18403389066881201  0.19370133224937336  0.20340472514196642
  0.21324725401656458  0.22323374034732438  0.23325922067646884  0.24327219754532284
  0.25348597741787282  0.26403270538000839  0.27474677178354451  0.28540841271381068
  0.29590752517161800  0.30628319158860778  0.31666475225229884  0.32717003665934197
  0.33783881285813760  0.34856801037473739  0.35928176270619022  0.36994661355759328
  0.38049842620987623  0.39100314809598957  0.40165562560138918  0.41242125035146437
  0.42316331230325388  0.43382045085891902  0.44464814212446740  0.45564282248070487
  0.46651971524293956  0.47742196069496007  0.48836686661627288  0.49936186947222178
  0.51041681055512700  0.52156791394073898  0.53304779466657182  0.54450851690503721
  0.55596046617583517  0.56734669320253661  0.57874657949141128  0.59022779463406938
  0.60180053198270811  0.61340829796682739  0.62486933969030123  0.63623770475765595
  0.64754080647010726  0.65885450293094161  0.67017702454079031  0.68163647859221022
  0.69325923240915022  0.70509225356604799  0.71722678004696638  0.72962319350826210
  0.74205704492513580  0.75418657788955956  0.76599208378741857  0.77802166877821533
  0.79058425768096052  0.80343698460124591  0.81575886550153665  0.82711194471102079
  0.83804063071542712  0.84882322105861763  0.85974440459900126  0.87016766252330391
  0.88042608482632623  0.89061820071026954  0.90125122040374905  0.91171160388420669
  0.92213811798275591  0.93253587283355532  0.94279340753860230  0.95371550970861019
  0.96542226789807872  0.97437365970654288  0.98356942852555618  1.00000000000000000
 -0.00235442301151675  0.01006219851872343  0.02059189754235504  0.03125631821761161
  0.04179592440813547  0.05219433390868231  0.06272160010680213  0.07290428355271401
  0.08316400843683541  0.09330678958539666  0.10362637141730865  0.11387748761378887
  0.12432476449906175  0.13513299073499419  0.14623067527709929  0.15739600169361295
  0.16844297806298925  0.17934123528571391  0.19009902220522318  0.20072459943569629
  0.21130728355180026  0.22163787854464750  0.23195207727524703  0.24217625675761489
  0.25244062623380215  0.26267261373792872  0.27302987031732145  0.28339405747508101
  0.29372639836813835  0.30403753205466610  0.31467504200963692  0.32566753778382768
  0.33649968114566542  0.34736652895190751  0.35806452383306925  0.36889243052032372
  0.37962678856354870  0.39037186848140426  0.40120470604031205  0.41198096265364853
  0.42281672310649282  0.43356448171835621  0.44405187997359458  0.45435809944073796
  0.46442988018494846  0.47459878514515413  0.48489370157109873  0.49553020339863130
  0.50625604419438919  0.51719063165962442  0.52798306709108100  0.53882363751366835
  0.54937293494077011  0.55981322125669786  0.57015607986363193  0.58058954952269082
  0.59121935313498175  0.60167909095586691  0.61214883824757216  0.62261258774132577
  0.63321607553852199  0.64385897233854572  0.65423988053398641  0.66470935897157546
  0.67530540026204755  0.68610329171679585  0.69662288188129429  0.70698922752074145
  0.71710894745934550  0.72736117395069899  0.73768019770901805  0.74820312057071525
  0.75844045298225726  0.76845712651197617  0.77841068834304206  0.78847825167669627
  0.79882689518988415  0.80925324321657577  0.81974207196338456  0.83026594059460923
  0.84069056374383022  0.85135222549743306  0.86173452329867106  0.87235666922809785
  0.88334312994923103  0.89475957780460358  0.90568199306305219  0.91619750832128033
  0.92669975860172427  0.93715649601294726  0.94755856783324299  0.95797058565071558
  0.96822153767494423  0.97863108381190378  0.98914355550216437  1.00000000000000000
 -0.00234722412136791  0.00937786065007971  0.01929592786165556  0.02989397236667094
  0.04035170812348792  0.05079143644835563  0.06135682360473650  0.07217740096078115
  0.08345165192836813  0.09433360340332868  0.10520921302907052  0.11593276576441489
  0.12652553375595202  0.13664193825028859  0.14689263918945100  0.15727726215291807
  0.16810375838392178  0.17908621526791163  0.19014378779614985  0.20108720841886540
  0.21189742126964964  0.22250765242186876  0.23320786230594792  0.24366482619384069
  0.25432595783361023  0.26497705821566758  0.27560048073415039  0.28621343627082579
  0.29674083749346708  0.30723868888565559  0.31767606402717818  0.32806529058129186
  0.33857882394301919  0.34934000114186975  0.35999481746916473  0.37078123494937359
  0.38147703216593049  0.39213564253483157  0.40257229293640096  0.41302456135697363
  0.42345858608687986  0.43418176225890670  0.44479953597173894  0.45546115296776252
  0.46585899404189207  0.47606515571378771  0.48632841481499300  0.49640179240929871
  0.50691684289734562  0.51750717469717133  0.52823159565917399  0.53883705942077398
  0.54934002790040848  0.55990376108022077  0.57042753629553244  0.58074738076929078
  0.59114182568189655  0.60119808888148552  0.61181401943305025  0.62227380807231325
  0.63286078734303453  0.64331814195250980  0.65379896345068278  0.66426630737197412
  0.67460096700144434  0.68517863801851175  0.69623781637660920  0.70731013527970410
  0.71815778994649182  0.72852524015527897  0.73881890217339241  0.74908323030347757
  0.75955427482312676  0.77000483804923359  0.78057221089463757  0.79111222733210917
  0.80167435377680207  0.81234399718365013  0.82275545345169576  0.83314893257643186
  0.84342290246257234  0.85379812137053990  0.86418482709061917  0.87438018043733123
  0.88455514037215521  0.89482600944971036  0.90523977367648356  0.91549276433081572
  0.92577374019273817  0.93594679018665017  0.94643710893756960  0.95710267338226551
  0.96788314999346270  0.97879643520649318  0.98940424323187903  1.00000000000000000
 -0.00236773476345673  0.00930768019644758  0.01942912015628432  0.03046718016814527
  0.04159936497362085  0.05233525683700820  0.06299886865389416  0.07336406768863277
  0.08396823285449320  0.09432972869205335  0.10475388161241211  0.11529601241359687
  0.12591199397640987  0.13637674904238975  0.14692009230998709  0.15758219443393556
  0.16831064481523159  0.17890922054931219  0.18943813874024287  0.20023613875749532
  0.21120662035852258  0.22227104069079151  0.23318775575019726  0.24370374732707004
  0.25395941750336254  0.26407212768521121  0.27440235482353720  0.28503820598535445
  0.29572059140622486  0.30659876597478303  0.31742573850120748  0.32826616192583014
  0.33877666463928396  0.34921915195591335  0.35990549087873375  0.37053067630548175
  0.38090954222936640  0.39108732222073350  0.40146028831351327  0.41205806231625980
  0.42250347514012693  0.43313274816463643  0.44362315814380343  0.45415188861196037
  0.46435722922030359  0.47457601145793710  0.48471088962587777  0.49477477981016493
  0.50491907076312836  0.51527979980497440  0.52589535849440550  0.53657406704888533
  0.54724823071386641  0.55785547291997373  0.56850823910685622  0.57912841768040579
  0.58966015108217718  0.59996648090466764  0.61024688657581783  0.62032476420889404
  0.63053609007489764  0.64099272000419372  0.65159788499393312  0.66200460082038681
  0.67213906462974060  0.68228173860812902  0.69256329421788121  0.70278925739044606
  0.71335732744068348  0.72401562607709102  0.73493382548222752  0.74574637344197692
  0.75654375288702924  0.76711938695321380  0.77753033534665172  0.78780047635227146
  0.79833162922642442  0.80893819514999266  0.81975966935879108  0.83023132682270528
  0.84092885245296234  0.85160831729208808  0.86245982039341296  0.87287583869088126
  0.88354928709850378  0.89408131884911568  0.90474708636924894  0.91516267197172463
  0.92583175163121878  0.93667151744107013  0.94750506606032581  0.95814303968282233
  0.96856863605273746  0.97891515511743632  0.98944393987280010  1.00000000000000000
 -0.00248392284036822  0.00959944274199397  0.01994538130789346  0.03081334317779983
  0.04167761856455462  0.05263179555956054  0.06369601856499348  0.07435570148431224
  0.08526010273478182  0.09605735714660119  0.10712057626507453  0.11809371911417994
  0.12891043931655005  0.13975147876208041  0.15030065710791135  0.16093707098303447
  0.17130626712367475  0.18189184628106286  0.19234844825352682  0.20266327972222822
  0.21277327907974297  0.22278146063075116  0.23309859510381392  0.24369404897277452
  0.25434591945126417  0.26508472425768204  0.27578464367421385  0.28652587711415839
  0.29687855982323841  0.30695639879845893  0.31729700107029729  0.32755205071125848
  0.33790475985848073  0.34806606900601050  0.35844636644755273  0.36916380108216373
  0.37972129699820967  0.39048279652670304  0.40105589475369868  0.41196855636786001
  0.42279292168520871  0.43366122510298338  0.44455641596274453  0.45523175137912703
  0.46597993471045229  0.47646980438596725  0.48733095753241218  0.49844415226956468
  0.50964064134231679  0.52060059818853821  0.53120493983246253  0.54171316582585816
  0.55220345110481417  0.56276232134985171  0.57329472387079117  0.58400577950166233
  0.59467852349137307  0.60513917089881586  0.61541844603739382  0.62571504463424132
  0.63595178394370455  0.64614888476110377  0.65647700294160705  0.66691279741386988
  0.67741730943498946  0.68781142190981259  0.69847492501047825  0.70905919464997691
  0.71973390789653058  0.73032452309069562  0.74099178475986704  0.75165182546432141
  0.76214803570779088  0.77251709074790720  0.78278971618371329  0.79304829020880352
  0.80339862744084134  0.81377957308221893  0.82432887106181729  0.83493796170375090
  0.84551325595801885  0.85577881071817075  0.86582688748334768  0.87595820066467900
  0.88613046324811184  0.89647051326575533  0.90663178058582405  0.91707115429168617
  0.92734105388837507  0.93761235906595752  0.94774922021904051  0.95802986974921056
  0.96862803573068168  0.97912979219498986  0.98955816038997568  1.00000000000000000
 -0.00170897161748006  0.01085160400437190  0.02216032753835668  0.03321285538726888
  0.04377394906700120  0.05415188006502080  0.06448042102475840  0.07478308000793170
  0.08479725449292495  0.09488807601905697  0.10492131789891890  0.11549854392173173
  0.12594463868967493  0.13640722531521673  0.14655233096582942  0.15688842194627861
  0.16724161574648369  0.17758436327726732  0.18795514887894349  0.19817508756629720
  0.20855338041526170  0.21909059996986002  0.22964724658821423  0.24034355285268955
  0.25119569098980327  0.26224713331390936  0.27331028411939196  0.28439731094056486
  0.29518280351846149  0.30579998117898066  0.31629642859640378  0.32686255321989399
  0.33735429478058448  0.34779834236252904  0.35840060846396099  0.36890669920975111
  0.37915033960843936  0.38924432803895109  0.39926772574155811  0.40961762450084993
  0.42020309427485730  0.43104469682417723  0.44148774060559431  0.45167372275476275
  0.46180424112401730  0.47196628514689154  0.48215308016210373  0.49206193190294384
  0.50213706464104801  0.51257899910231719  0.52301602497708288  0.53358179503348491
  0.54419741327347138  0.55515426646342148  0.56591754986744269  0.57654304744670204
  0.58710760876445334  0.59756384361131087  0.60787031105931499  0.61810806714205424
  0.62851588750258591  0.63917622180918665  0.64993175058609309  0.66066693862243531
  0.67129220431073444  0.68187159288223764  0.69239273347494390  0.70286105450631664
  0.71332009654693174  0.72379103213490525  0.73439501511822713  0.74504974355143827
  0.75556568126527490  0.76598268677910220  0.77668534751420815  0.78762290860452977
  0.79853477885726809  0.80927869015043064  0.82000225643953684  0.83079816648203653
  0.84161807981972481  0.85250229370671260  0.86343917019098548  0.87413787327408321
  0.88481885016727235  0.89532588057215423  0.90588710238469194  0.91641522343341530
  0.92718254243535148  0.93796218448539770  0.94855356242846944  0.95874506231622703
  0.96878404591899914  0.97900355606889566  0.98938610419456319  1.00000000000000000
 -0.00186487981537265  0.00966697409402174  0.01969216086488331  0.02991391828403432
  0.04011392363337251  0.05041574891363014  0.06073910673750183  0.07125576445691700
  0.08186100132939350  0.09262061017166444  0.10319809948956701  0.11356390797498449
  0.12386740697326799  0.13439881895572714  0.14505772346653054  0.15576355730278424
  0.16625716742303545  0.17694609409193959  0.18765328837612053  0.19836581182188318
  0.20894741022732205  0.21971837650070430  0.23062241698973648  0.24177200888943801
  0.25271785824212595  0.26359357820521068  0.27420897038883335  0.28480069507508871
  0.29523284058079413  0.30549476733349579  0.31577128012907402  0.32600862999834546
  0.33637017646866291  0.34691577287124525  0.35753964238297498  0.36823640200192398
  0.37871628605366181  0.38944256687132089  0.39996590442942898  0.41054746504576123
  0.42108329439040548  0.43159251976859342  0.44219358187372348  0.45282206801551467
  0.46364740008975147  0.47455764664042727  0.48520832137323366  0.49575140559460745
  0.50619619061760857  0.51679158696107164  0.52739631740174320  0.53801690432736204
  0.54859808100784246  0.55927684483086526  0.56985258915451409  0.58060013409411149
  0.59127920934380840  0.60181085402732992  0.61182473285578420  0.62190356352253795
  0.63206871615473481  0.64224143453716642  0.65229988171784170  0.66235700257560537
  0.67277049333650718  0.68308763231582059  0.69355331333533055  0.70403924079333913
  0.71436734305952199  0.72456128443605605  0.73464470480107413  0.74488210397798793
  0.75512405921418091  0.76549826399918863  0.77599979503749361  0.78641031039655152
  0.79680286409409329  0.80722591521336673  0.81767386261270214  0.82805379956210445
  0.83831296044425507  0.84884193771710525  0.85962012315690195  0.87076440456884141
  0.88202324782650221  0.89279361052751127  0.90333374330377658  0.91373306434246782
  0.92454222629760152  0.93511436532629311  0.94572950270821987  0.95630846207120446
  0.96713987669955337  0.97815273891535992  0.98903609293368966  1.00000000000000000
   1.0440557516212524E-018  -1.0000000000000000     
 F F F F F F F F F F F F F F F F F F F F F F F F F F F F F F F F F F F F F F F F F F F F F F F F F F F F F F F F F F F F F F F F F F F F F F F F F F F F F F F F F F F F F F F F F F F F F F F F F F F F F F F F F F F F F F F F F F F F F F F F F F F F F F F F
  <DiscreteSampler_grid>
  grouped_processes
  1 # 1 for a reference and 2 for a running grid.
  10 # Attribute 'min_bin_probing_points' of the grid.
  1 # Attribute 'grid_mode' of the grid. 1=='default',2=='initialization'
  0.0000000000000000 # Attribute 'small_contrib_threshold' of the grid.
  0.5000000000000000 # Attribute 'damping_power' of the grid.
 # binID   n_entries weight   weight_sqr   abs_weight
    10   10   2.898827305315702E-008   1.957002109651039E-015   2.898827305315702E-008
    11   10   2.898827305315702E-008   1.957002109651039E-015   2.898827305315702E-008
  </DiscreteSampler_grid>
