  0.00949019321670767  0.01577670316105932  0.02493221055996254  0.03576209335594675
  0.04614322653193888  0.05653400763017643  0.06693139932014057  0.07729422016871026
  0.08765004931572175  0.09798855141126006  0.10836474751337576  0.11875099631425634
  0.12913965206171107  0.13951075292528411  0.14989616621466162  0.16027983610363847
  0.17070488000849507  0.18112037368864278  0.19154181421563521  0.20193174531618846
  0.21233088208392292  0.22271956166715859  0.23311263126186532  0.24351360369818378
  0.25387770642375734  0.26422707042251870  0.27455299986452669  0.28490574748795544
  0.29527499644728589  0.30564778498327694  0.31603236151574315  0.32639705738592167
  0.33675378547166140  0.34708869723981073  0.35742088069608885  0.36777744201559381
  0.37815334091682112  0.38854255369890150  0.39891700357317034  0.40929985813578429
  0.41970317793927331  0.43011734702180543  0.44050320355278993  0.45087246144901816
  0.46122533173050057  0.47159597424242811  0.48196035564641376  0.49232768431048951
  0.50269611379421930  0.51306450213492905  0.52344486088946041  0.53384621255927245
  0.54426175047683045  0.55467376831983506  0.56508029920412117  0.57547342538017665
  0.58587084633658093  0.59625690423012889  0.60664400184156542  0.61702788168974920
  0.62739739374426173  0.63776725169180937  0.64814422115981429  0.65853348162407721
  0.66892444864020362  0.67930609816103593  0.68967870372385620  0.70007285364963312
  0.71050544453821807  0.72093826471884503  0.73133986990648714  0.74171350054403729
  0.75208342356461055  0.76247297237544531  0.77285804489573073  0.78325275689452745
  0.79364367690026971  0.80403010080337356  0.81441923236738356  0.82480759308291518
  0.83518951241961037  0.84556325969004265  0.85591449434973821  0.86626407016701412
  0.87661231136340401  0.88700142114026681  0.89740905403296301  0.90781358992005301
  0.91818658372845396  0.92855124438113745  0.93893729117568592  0.94933449837956241
  0.95975326248362292  0.97015108600146105  0.98052524156957799  1.00000000000000000
  0.00954015908801317  0.01567951587710572  0.02490512741811076  0.03571535422486445
  0.04609474470068091  0.05650694392752842  0.06687954838577401  0.07722797497097282
  0.08758497882598050  0.09794720107419493  0.10832998603266247  0.11873399908863405
  0.12911200958829280  0.13948201963339146  0.14988875777695274  0.16032586301087492
  0.17077548082298824  0.18117018365804866  0.19156480279759580  0.20198857763509104
  0.21242668386346825  0.22286273879677632  0.23328570592311923  0.24370633427002850
  0.25413225101056053  0.26454934100674438  0.27494428247076214  0.28528796933539047
  0.29563299052871023  0.30599332901112825  0.31639618444757583  0.32678000611544422
  0.33714340641306173  0.34748934255751712  0.35783459209704588  0.36820467564098813
  0.37860282243324778  0.38900537771351829  0.39939435765284476  0.40976697247025867
  0.42015020954104271  0.43053402125059542  0.44090832899427024  0.45127551093122387
  0.46163673510616798  0.47199362669853390  0.48235677193904863  0.49271460867151429
  0.50308997894537244  0.51348329457173847  0.52388157079684416  0.53425861483655834
  0.54461087754639892  0.55497046410177686  0.56534945048750074  0.57573817029499130
  0.58612188665850240  0.59649981747820136  0.60689665806203297  0.61730774648620013
  0.62772852053544681  0.63816481077824083  0.64861141675571210  0.65904938723731965
  0.66944017490820118  0.67978616731667207  0.69011921156873590  0.70046231373474832
  0.71082464653485322  0.72119824004889377  0.73158333610683501  0.74198080815893530
  0.75235444981040756  0.76269394372983368  0.77300742432896141  0.78334699594517265
  0.79371131990363764  0.80409390712085282  0.81447933958046104  0.82488399377563992
  0.83529278726945688  0.84570656588684323  0.85609988043209329  0.86647796580516567
  0.87684670946279786  0.88719943505011156  0.89752977316475313  0.90786049313039541
  0.91819635088081275  0.92857047651031777  0.93893729259584358  0.94932073392115879
  0.95970305107667775  0.97009787211063170  0.98046271095985449  1.00000000000000000
 -0.00239881550959492  0.00978447782178205  0.01998334486565879  0.03050779601687228
  0.04099919947984290  0.05147511187391082  0.06199775426564146  0.07261696175365395
  0.08327504434891927  0.09387315062766149  0.10438056919679840  0.11488905402740089
  0.12542719831084193  0.13598019620747157  0.14655521861040366  0.15713313062416714
  0.16771575116797660  0.17824721942359578  0.18872135089977962  0.19923114253539009
  0.20972697671216645  0.22024311520519244  0.23068261639841889  0.24114834119511974
  0.25169971203142855  0.26225818381497468  0.27279860616552609  0.28329643099078072
  0.29379624549189576  0.30433435355299004  0.31487342998004147  0.32545613205947144
  0.33606017568865065  0.34663767677607343  0.35719159770476117  0.36765570087597699
  0.37815416285535702  0.38867219305553030  0.39921428778383078  0.40972451315244568
  0.42022279436075671  0.43077110663319390  0.44134242978455318  0.45188804425454476
  0.46242425895895706  0.47297026981885504  0.48355843010510630  0.49412745983440470
  0.50467003392434095  0.51519443107632623  0.52569778298733716  0.53619155451320055
  0.54666824921894064  0.55717124579159105  0.56769161107123101  0.57822908352546709
  0.58877916364087501  0.59932812926452250  0.60987709461850881  0.62043091798671468
  0.63095753232708218  0.64149868744008587  0.65204916384601597  0.66262164051946593
  0.67319443238226107  0.68375051864149194  0.69430355895095119  0.70482624306307284
  0.71533447630148383  0.72581949282216407  0.73636885197495072  0.74687880234391546
  0.75743833375722147  0.76793054768475100  0.77850651793365711  0.78908792788712401
  0.79968229686791625  0.81028509883450539  0.82086009467832788  0.83145027247431602
  0.84195798736071448  0.85249551263735024  0.86301419854620476  0.87357196341105314
  0.88411934886732368  0.89462478344753227  0.90514262881365515  0.91563707093341296
  0.92616207957764829  0.93665901417790220  0.94716862176183825  0.95773366608293198
  0.96830411525708038  0.97887971840632970  0.98942862696080691  1.00000000000000000
 -0.00235407355747761  0.01006824311388715  0.02040647609973770  0.03101437073331270
  0.04156713071252652  0.05205789945656805  0.06257286944247648  0.07309714835073336
  0.08365457223417094  0.09420117593919396  0.10468305917011901  0.11517359214998643
  0.12568011494418610  0.13622687044574086  0.14676650136038805  0.15732344182026550
  0.16788983558575135  0.17843694565400789  0.18892422737034775  0.19942339781621035
  0.20994761586891431  0.22050735440973054  0.23106149627490991  0.24161463405708905
  0.25213790398897690  0.26266800315150390  0.27318151598923057  0.28372698208275970
  0.29426528358633991  0.30480369546918490  0.31530709357433467  0.32581860335461887
  0.33635992583153856  0.34694582500341326  0.35755025928867834  0.36811021382844228
  0.37865189087277007  0.38918002757046471  0.39975996446811374  0.41033425460894124
  0.42091028031405420  0.43148355597413424  0.44204040972879916  0.45257272821960165
  0.46309153723790097  0.47364543412630949  0.48418158163231312  0.49474030908596933
  0.50528006307375228  0.51585342273734003  0.52639225593065198  0.53691505178032795
  0.54742005326894883  0.55789893514173905  0.56840385960593998  0.57888669348362809
  0.58940820922886639  0.59990923171735455  0.61039952845317746  0.62090272780979983
  0.63138399404800782  0.64186653464999133  0.65233718540495067  0.66283455670531444
  0.67335113158209670  0.68386351761507613  0.69438452997708777  0.70495216510837067
  0.71551262129973658  0.72607078712194062  0.73658523070928839  0.74707243927406108
  0.75760695729774130  0.76821147879208529  0.77884907654432878  0.78942951631635561
  0.79995279615535519  0.81043455174082069  0.82094465159289132  0.83146310193847062
  0.84202013186205105  0.85258029827280613  0.86315169964980654  0.87374494760050714
  0.88431087596018976  0.89482458005853138  0.90529310871402813  0.91578363312087951
  0.92629649474776699  0.93684315243675242  0.94738247944611054  0.95794983230200303
  0.96847358126039662  0.97899386537552391  0.98948381700336097  1.00000000000000000
 -0.00225635966747769  0.00998903235528884  0.02029246665323470  0.03084414410479244
  0.04139021428411408  0.05192220630436370  0.06247008091663264  0.07305128610491145
  0.08362394343668614  0.09416729755303017  0.10471198239833984  0.11525306234758925
  0.12578034872971930  0.13630660309254020  0.14686051416762125  0.15743905090688093
  0.16805214947834604  0.17864518549558073  0.18926449325994615  0.19976427758013271
  0.21026028994402904  0.22071250708873311  0.23122826430711568  0.24174694514271622
  0.25227755379969979  0.26281562881791271  0.27339657883483293  0.28396196737874357
  0.29451965278508258  0.30499918579858509  0.31548801673005844  0.32598910629744871
  0.33652020952691236  0.34704730308596993  0.35755714910342606  0.36808372907698278
  0.37861700947680133  0.38917118205740653  0.39967912647639564  0.41015521825545725
  0.42060498465180601  0.43107692493585936  0.44160587372932164  0.45214095827250261
  0.46268981598545139  0.47320777883869913  0.48374589381664790  0.49425852485228655
  0.50475568324240694  0.51523683382129282  0.52578184952693252  0.53633711268836193
  0.54687444439107336  0.55737732082579095  0.56791195674484352  0.57854750768093499
  0.58917742910215831  0.59978855411798693  0.61030708871462425  0.62084831658403605
  0.63139794746083777  0.64192519445004170  0.65244946277854343  0.66296428598243307
  0.67349848883270658  0.68406546777607413  0.69461441392106493  0.70524077635296945
  0.71581765962096022  0.72637608468668291  0.73692819445163682  0.74750071609987401
  0.75808995074873475  0.76863855348544063  0.77916512307746677  0.78974037511489303
  0.80029444347940637  0.81084001526532723  0.82134092438496553  0.83182696879331586
  0.84228966495299296  0.85279253259374888  0.86328088266335778  0.87379247048711650
  0.88427443377748771  0.89481599323692629  0.90536836497734352  0.91589667823057308
  0.92645130944073284  0.93699506884311201  0.94758892636719638  0.95813615635485871
  0.96867889563600074  0.97915839713899733  0.98959554829958685  1.00000000000000000
 -0.00228559042160999  0.01012666859595750  0.02046982887388220  0.03099019843588957
  0.04154024871518795  0.05207324894269568  0.06258960509308985  0.07310672865210521
  0.08364370779566387  0.09415562549004879  0.10468519382347254  0.11516208235250551
  0.12568579460656853  0.13621119144541535  0.14675609130446746  0.15730511444577469
  0.16786067253735726  0.17844372258682706  0.18898853146995206  0.19951766979860458
  0.21007608866562774  0.22068735960102745  0.23129511913790080  0.24184773494066267
  0.25238436861965652  0.26291653072627946  0.27344594780391968  0.28391899677246984
  0.29440946042825378  0.30487041562840311  0.31539614836317414  0.32588205376884855
  0.33641238347085262  0.34692023823118595  0.35742116081754871  0.36792386114974673
  0.37841472420481387  0.38893194838098660  0.39946179220612688  0.40999026350388434
  0.42052800032497284  0.43103546429323075  0.44152973958183583  0.45201871926077342
  0.46255759472513558  0.47313205112771933  0.48367629058518802  0.49421669695985715
  0.50474000585728163  0.51528771552852659  0.52578914254589160  0.53628727120598030
  0.54678195498857118  0.55727497051134434  0.56773653857717943  0.57824302667076977
  0.58876591522664279  0.59930320718499119  0.60980068043426172  0.62031567765920004
  0.63083933073126297  0.64141587066802908  0.65196334192714533  0.66250050353361856
  0.67300721810797071  0.68350208403122281  0.69403116055801684  0.70456925381958568
  0.71510952767333447  0.72563948128434408  0.73615828736186184  0.74670498684466513
  0.75726577848238807  0.76781282956988872  0.77835559708054636  0.78893362176764092
  0.79950692270354862  0.81010867477952564  0.82062797857301495  0.83117714419851896
  0.84169786061218421  0.85224794924928438  0.86279543756582888  0.87331192376844147
  0.88388832027761899  0.89442540707434548  0.90497413238700397  0.91546340704040474
  0.92598305690238270  0.93654623364525869  0.94711358300904558  0.95769949518769482
  0.96827869135654798  0.97886653564173853  0.98943571275667985  1.00000000000000000
 -0.00225056487335689  0.00956041622076558  0.01972615357928125  0.03027746405979558
  0.04087410306888509  0.05144639111415662  0.06202657164732417  0.07257137917846967
  0.08314585483264590  0.09369713044461359  0.10424759551695251  0.11475486759228280
  0.12529065162647629  0.13578149055015512  0.14626818725056320  0.15674768410262727
  0.16726452494156727  0.17780103401893929  0.18829607204639809  0.19879660653572825
  0.20933661727038214  0.21989808476602865  0.23049260174960540  0.24102997474327659
  0.25154211165995477  0.26203456555756405  0.27255931214996088  0.28310787196644271
  0.29365271852952840  0.30421045938312102  0.31477313852043942  0.32528791349223041
  0.33580461815844204  0.34629595846506644  0.35683141217526987  0.36736090219150291
  0.37791321043206150  0.38846310222177033  0.39903968642082271  0.40959725579828449
  0.42014035307691588  0.43063300641960511  0.44117745625671345  0.45172125158672355
  0.46231342315427632  0.47287168980766786  0.48343167322870750  0.49397691028680646
  0.50451418171363238  0.51512652547808557  0.52569889860325270  0.53625637271456139
  0.54677461375298941  0.55730583767403308  0.56782887840333618  0.57835984614792013
  0.58887796106581747  0.59943107385541383  0.61000289332333379  0.62059461816685746
  0.63119255654190332  0.64173900614941848  0.65229522120898220  0.66281951613555179
  0.67338837763977988  0.68392502683138268  0.69448796069824370  0.70500988467133985
  0.71551586478518703  0.72606923106210053  0.73663280587608415  0.74728757964015546
  0.75785720533145362  0.76842831380686072  0.77892615793074527  0.78945777711425047
  0.79997672526674379  0.81051921999365661  0.82099390900963998  0.83150959480597353
  0.84201061494395091  0.85256004061143464  0.86305789370391639  0.87358275806665553
  0.88413590374344797  0.89471198413020814  0.90527673078179005  0.91581749367880039
  0.92634459545922443  0.93686588838786289  0.94740366997279157  0.95795364073536038
  0.96845790834218903  0.97896601868091704  0.98947907098138443  1.00000000000000000
 -0.00248044414124702  0.00955761784690662  0.01973989788624175  0.03032111405107215
  0.04088713840483499  0.05144714634166596  0.06193175787050614  0.07244985469292740
  0.08297940152701180  0.09353597895665133  0.10405651821659580  0.11459795029923356
  0.12516328994857862  0.13575313596707420  0.14633897863312098  0.15690167320548462
  0.16745370991381422  0.17795355974938562  0.18843228082071062  0.19893624372421848
  0.20945724494865051  0.21999053207784056  0.23048441034765627  0.24099854328825590
  0.25154551224471067  0.26212307744517593  0.27269668988862156  0.28324984173031442
  0.29381028398208081  0.30435009431412785  0.31489665021265212  0.32542360156348321
  0.33594037137181726  0.34644636305956789  0.35694184545821306  0.36748032980290396
  0.37803539329957786  0.38859726534380934  0.39913430997996086  0.40965247396767013
  0.42015667820653679  0.43068673610313368  0.44123473796030505  0.45179366891109352
  0.46233334668070103  0.47286502685438975  0.48340929619682282  0.49394663109081138
  0.50448228916215621  0.51501141943433604  0.52553656707667973  0.53607934944847357
  0.54664382298214831  0.55720841820584921  0.56775775461116407  0.57829704477423682
  0.58885300934528495  0.59943232708500382  0.60997330449289333  0.62051706811757446
  0.63101377858171948  0.64154653565752040  0.65207224142452880  0.66263993796671727
  0.67318898804559912  0.68371002774150624  0.69422374492888139  0.70474872195742044
  0.71530972550348870  0.72587157674245240  0.73643340588299033  0.74697111955925954
  0.75747220172360530  0.76798906840618331  0.77851041306470570  0.78902855671310768
  0.79951673674417356  0.81001072284444398  0.82050822863503370  0.83103537224462398
  0.84156592118193030  0.85210582908277066  0.86265880718762644  0.87318846265959071
  0.88374375727713728  0.89428095976544075  0.90481839177715651  0.91537463087042492
  0.92592388807066406  0.93649614506710777  0.94704753954652010  0.95761664752048592
  0.96825211371718634  0.97887178180194823  0.98947176614962484  1.00000000000000000
   4.7503199352783317E-015  -1.0000000000000000     
 F F F F F F F F F F F F F F F F F F F F F F F F F F F F F F F F F F F F F F F F F F F F F F F F F F F F F F F F F F F F F F F F F F F F F F F F F F F F F F F F F F F F F F F F F F F F F F F F F F F F F F F F F F F F F F F F F F F F F F F F F F F F F F F F
  <DiscreteSampler_grid>
  grouped_processes
  1 # 1 for a reference and 2 for a running grid.
  10 # Attribute 'min_bin_probing_points' of the grid.
  1 # Attribute 'grid_mode' of the grid. 1=='default',2=='initialization'
  0.0000000000000000 # Attribute 'small_contrib_threshold' of the grid.
  0.5000000000000000 # Attribute 'damping_power' of the grid.
 # binID   n_entries weight   weight_sqr   abs_weight
    10   10   3.424128804860320E-004   2.953961229193161E-007   3.424128804860320E-004
    11   10   3.424128804860322E-004   2.953961229193163E-007   3.424128804860322E-004
  </DiscreteSampler_grid>
