  0.00952645483775401  0.01571182055832011  0.02488737914503673  0.03568278209015176
  0.04604320000343882  0.05643276837413327  0.06684158935679251  0.07725928688786837
  0.08766371254180992  0.09804102925317762  0.10841557903924284  0.11875999829266370
  0.12911289668053266  0.13946932616692304  0.14985421811897642  0.16022529679958014
  0.17058464863713291  0.18095724676796812  0.19134467403402317  0.20172592053230157
  0.21209151640477730  0.22245843659704490  0.23284467250885654  0.24324935320857141
  0.25363428402727584  0.26401708739852825  0.27440379472871568  0.28482119593811545
  0.29523561877976412  0.30562717213774815  0.31601413049615745  0.32639522879097016
  0.33678132821086698  0.34715640582560398  0.35754174145499829  0.36794121930883933
  0.37835298039134840  0.38875436481905962  0.39913880918513689  0.40950609281656852
  0.41985206035407951  0.43018576125451985  0.44053808552963891  0.45091042794535330
  0.46130601410326871  0.47169675007789980  0.48208899201562422  0.49248228641391190
  0.50287323635610892  0.51326447496713934  0.52364669859682900  0.53402731494546563
  0.54441326320425454  0.55480401631702281  0.56518898924244143  0.57556191887186448
  0.58593611702661708  0.59633101423926216  0.60673678069315695  0.61712884768062426
  0.62749543623125648  0.63785672961748396  0.64823039281528094  0.65861126680687176
  0.66898793277951663  0.67934852117529421  0.68971572195459041  0.70009769694758561
  0.71048869147183669  0.72087802033959358  0.73124461043017897  0.74160831922273363
  0.75197754029633279  0.76235998571665597  0.77274964537556567  0.78313216669974206
  0.79351570762534618  0.80390900595780257  0.81430749985774342  0.82470546840709857
  0.83509930872734739  0.84548012534415740  0.85585992237317643  0.86623904276391017
  0.87664113341876537  0.88704409877195745  0.89745540154222647  0.90785932361169319
  0.91826545576174556  0.92864669981445802  0.93902601598804869  0.94939493834022148
  0.95978262135195991  0.97014806687762656  0.98050134186577220  1.00000000000000000
  0.00963633074126757  0.01559443974961366  0.02484714537892280  0.03561243692986586
  0.04596864302729821  0.05633937712887782  0.06670948501141435  0.07706866948768361
  0.08743624601074892  0.09779817328735971  0.10818376826798147  0.11858519890571038
  0.12899162787781748  0.13939324029739592  0.14977913733987708  0.16017327429994072
  0.17056282976280493  0.18095346126427841  0.19134931315472006  0.20173136215749399
  0.21210949635697982  0.22247197761708790  0.23281731177263421  0.24318850541536294
  0.25357462388717250  0.26396938635480410  0.27433977063274501  0.28471834035059357
  0.29509522743822059  0.30548121729875799  0.31586269374407794  0.32625012976390672
  0.33663336757684265  0.34703368323283107  0.35743901812509621  0.36783457443053091
  0.37819687001858149  0.38855240291436172  0.39892533720902507  0.40930089050680030
  0.41967071389679311  0.43002399420253135  0.44039689843268770  0.45079654900538313
  0.46119697743570037  0.47159263873705076  0.48197432334819867  0.49236681140813032
  0.50277377094334552  0.51317484567245253  0.52356982370050298  0.53394974848924537
  0.54432919177787031  0.55470428820877815  0.56508045045590372  0.57545686857106892
  0.58583372396903122  0.59621644654400097  0.60660848301115888  0.61701171410686517
  0.62740730530412003  0.63779894125759684  0.64819060247648153  0.65857691174990551
  0.66896604196314635  0.67935523030705269  0.68975218297271024  0.70015009308644272
  0.71054491483072812  0.72093640557723115  0.73131281821315963  0.74169365953821820
  0.75208337675837178  0.76248168015738871  0.77287748708307635  0.78327312108665892
  0.79365906883333903  0.80402776504948015  0.81438561013438493  0.82475331800109752
  0.83514560985627406  0.84554340548628215  0.85594161332876295  0.86634162898441147
  0.87673504314321737  0.88712097515392052  0.89748303677288621  0.90786823579940268
  0.91826585084527157  0.92864062776532919  0.93899693915227611  0.94934893717700342
  0.95973408823912576  0.97011713619130924  0.98048337680843600  1.00000000000000000
 -0.00208548162716754  0.00972656196371736  0.01990764370730449  0.03043710987138519
  0.04097143196957127  0.05150114250562309  0.06201930636470173  0.07252335671060788
  0.08303116647837762  0.09353910850242834  0.10406252380222249  0.11457475625715773
  0.12508143616196485  0.13557256876970689  0.14608537783565986  0.15661778623736372
  0.16715592255334261  0.17769748678135061  0.18824662202362299  0.19880492052418597
  0.20938023406419579  0.21993836942054079  0.23049539311007242  0.24104376772601283
  0.25158650970893615  0.26211604326680177  0.27262918741280751  0.28315338389696121
  0.29367415832014410  0.30419392986029081  0.31472518419138040  0.32525349587382307
  0.33581827730464409  0.34636412848069309  0.35690885621345270  0.36743029812023592
  0.37793788751052776  0.38845368630945698  0.39897253430736751  0.40949699010592061
  0.42003012028753134  0.43058400626433541  0.44114082233627488  0.45168047490762903
  0.46218749501549994  0.47270249343701648  0.48324784001791021  0.49378148145830791
  0.50430340884491609  0.51480743170143939  0.52535139283166699  0.53591871306310368
  0.54649817889088403  0.55703233349154935  0.56758485382915214  0.57812955267629651
  0.58869929861239656  0.59923207814060653  0.60975594189848581  0.62025733790157389
  0.63078338065225925  0.64132855502709951  0.65189548838124389  0.66245544457883776
  0.67300027040086075  0.68352560282718500  0.69406782951649892  0.70461308085891949
  0.71519950489164730  0.72578450611941281  0.73636430982050760  0.74693351597671087
  0.75749466148612909  0.76805953988211317  0.77860957509417872  0.78916198445811547
  0.79970722159408214  0.81026311739870160  0.82080842652307884  0.83134643545322173
  0.84186420419941632  0.85239409128613186  0.86291626183775694  0.87348394884736702
  0.88404146391314264  0.89462602430675520  0.90516416775163533  0.91569990907525534
  0.92623107133759830  0.93678151165322765  0.94730384878224871  0.95781504947316087
  0.96832630926428753  0.97886279818279032  0.98942866372737603  1.00000000000000000
 -0.00236832086087995  0.00970714881320694  0.01990993131185404  0.03044558832685894
  0.04101589307680538  0.05157837819744393  0.06212325783087957  0.07267549621877185
  0.08323454700692676  0.09379644603597746  0.10433734194407707  0.11488289490388089
  0.12541239020888312  0.13596932377007076  0.14649840696460908  0.15703802481470705
  0.16756281051220542  0.17810870413781343  0.18867265967478122  0.19922856626018795
  0.20978674459310148  0.22033481451622666  0.23089889602531510  0.24146590963377060
  0.25200749528910854  0.26253401271127186  0.27305147222644488  0.28357603126522934
  0.29409867063664491  0.30464627161134394  0.31520084603427062  0.32576014644463741
  0.33629557140037447  0.34684885177629510  0.35742527765607895  0.36798865346908566
  0.37854154998637535  0.38909083633681907  0.39963657205319947  0.41017711357027570
  0.42071426007188856  0.43125560038997446  0.44179338753455494  0.45229703965472962
  0.46280870439702748  0.47329957170133369  0.48383169142345567  0.49437001600297981
  0.50494185343051134  0.51550400076589542  0.52605573322863031  0.53659513213471388
  0.54714101748960087  0.55770953519259980  0.56828857893083329  0.57884058889891121
  0.58939450893677003  0.59994113834530749  0.61048030084388993  0.62098917976162915
  0.63150635877448702  0.64201905839572948  0.65254913900472644  0.66306507145283489
  0.67359410462520442  0.68409841483381939  0.69460998050177680  0.70511399596133828
  0.71562870165569004  0.72612847646935896  0.73665843025377786  0.74718143736839027
  0.75772850605066666  0.76823894898488354  0.77877147278191161  0.78929745097618453
  0.79982094545786031  0.81035210294404236  0.82087999377172638  0.83143089435567430
  0.84195266725246010  0.85247494408086266  0.86301739068007466  0.87360228176903765
  0.88420127911813884  0.89480971042500490  0.90539341382148342  0.91594961839644118
  0.92644925800463995  0.93694609988120625  0.94745569588150835  0.95796872307377356
  0.96847993587268455  0.97896778223797576  0.98948743788522275  1.00000000000000000
 -0.00227750809494732  0.00955870725730334  0.01970714874117506  0.03022302880951662
  0.04078240818733352  0.05134048921299709  0.06185187291393278  0.07235931698609412
  0.08288412578873118  0.09343896376531330  0.10401465298667620  0.11458028992775771
  0.12515758691710496  0.13572728408503790  0.14631505785638887  0.15688572534763889
  0.16744538202945225  0.17798940955329884  0.18852165903709786  0.19906117380936206
  0.20959224850991348  0.22012545781802045  0.23065526505034595  0.24118197331543201
  0.25172881927052471  0.26228128914934035  0.27283689950876072  0.28337401358298347
  0.29389231389237208  0.30443743270687690  0.31496496666474150  0.32552191581461842
  0.33605529027263115  0.34658551790633430  0.35711655054169272  0.36765702486046120
  0.37821079997363261  0.38874131074964630  0.39927523915505730  0.40982332617602352
  0.42035510612483568  0.43089049032253490  0.44142408484326395  0.45198929718056402
  0.46253926408271190  0.47310039835170381  0.48365782295454746  0.49424232545959990
  0.50480589142942311  0.51536622320984737  0.52591467305719941  0.53647063656629379
  0.54702865219148766  0.55755888299343959  0.56809577380911302  0.57862892199935856
  0.58919704030333864  0.59978199208467331  0.61037696307273548  0.62096322786441716
  0.63152309108339222  0.64204352281877930  0.65256922510426252  0.66310339920373407
  0.67363745925780216  0.68415451991079623  0.69467466014866164  0.70521320573741231
  0.71574274144781358  0.72625419995421170  0.73680936338820568  0.74738027649075378
  0.75795782327456385  0.76847197944397494  0.77896441098015001  0.78946547606033468
  0.79998402880592401  0.81051950794449923  0.82103423574171985  0.83153644857999254
  0.84202883570799136  0.85251606545403169  0.86303349796721673  0.87356386277460896
  0.88410201127437860  0.89461688258086136  0.90514435034062157  0.91568633443091307
  0.92625591647600070  0.93682694666887578  0.94739157770419435  0.95792455249144048
  0.96841507905476842  0.97893147853600715  0.98945811453333099  1.00000000000000000
 -0.00254137546490531  0.00953398653518746  0.01970787084720665  0.03026573433781772
  0.04084455657500823  0.05141259486183276  0.06193860172003020  0.07249080012626639
  0.08304954687968831  0.09362713875509095  0.10418976675111594  0.11475262668654602
  0.12531030682029889  0.13586586385391261  0.14643206667701353  0.15697830636653876
  0.16751433064038046  0.17804068083166683  0.18857548463361309  0.19911403273324249
  0.20966645130603329  0.22022575099140643  0.23079992859392279  0.24135907780664062
  0.25191540785077265  0.26249047074591991  0.27307433290434652  0.28363271292816478
  0.29417365243553545  0.30470465655837053  0.31526914248623505  0.32580361627049376
  0.33635034066761743  0.34689377409495803  0.35744954819508706  0.36802394523913501
  0.37856901693058292  0.38912479929766142  0.39966060988825558  0.41021649964427953
  0.42074821494729597  0.43124583182506693  0.44173717824169945  0.45224744945416634
  0.46280875200938210  0.47335942661884250  0.48392687632176434  0.49444722096491389
  0.50498259025000924  0.51549156468982948  0.52603937496784503  0.53658891446078771
  0.54713625281498102  0.55769291173726454  0.56823296578362714  0.57879310422085051
  0.58932010051070571  0.59983975824208480  0.61033138331798709  0.62083063943482020
  0.63135901924462656  0.64191761776353540  0.65248349147315854  0.66303540865956867
  0.67356261599386547  0.68410978541018164  0.69467236231813656  0.70522738515985428
  0.71575446491465577  0.72627209294818207  0.73680851278076931  0.74734798263380953
  0.75788207778873440  0.76841240552890022  0.77891947231802228  0.78943519827191522
  0.79994826405045261  0.81047329161680903  0.82100632278557595  0.83155244883901114
  0.84209569034492537  0.85261260998908750  0.86313287866393407  0.87362944367689577
  0.88413781331737262  0.89463660499290365  0.90517953304873111  0.91573694454902110
  0.92628988563275994  0.93681700640603704  0.94734095242237593  0.95790861611100708
  0.96847110813975723  0.97901681281636888  0.98951632991571759  1.00000000000000000
 -0.00252768573383090  0.00954622155650087  0.01973741685004331  0.03025974059555664
  0.04080684903659500  0.05132848353220147  0.06186640480738869  0.07240045109705956
  0.08294341233568098  0.09345471424651729  0.10397535537541065  0.11450139205114945
  0.12504303772004277  0.13558067672768004  0.14613934772151616  0.15670891766124562
  0.16726498473389093  0.17782188733385243  0.18838551881481738  0.19897837578119618
  0.20954667230996099  0.22010366620289129  0.23063753694682701  0.24119351999278463
  0.25175222050915436  0.26231227814555647  0.27283473497178701  0.28336356125272294
  0.29389275380007490  0.30441215987428955  0.31490557999675761  0.32540565275336375
  0.33592283470015516  0.34644232780495343  0.35695916491228796  0.36748020832136530
  0.37805272000775064  0.38860797346366649  0.39915731607201332  0.40970664375875682
  0.42028288009085429  0.43088045625338017  0.44143791348571965  0.45196888175912514
  0.46248087739152749  0.47299790173409556  0.48352502604167069  0.49405618131639117
  0.50460333473777963  0.51518076223030440  0.52575711741180720  0.53630575199109776
  0.54681544443183627  0.55731629073242084  0.56784046510139086  0.57836894378513459
  0.58891087022354960  0.59944031837765754  0.61000631453584198  0.62055479285853954
  0.63110571684747863  0.64163245692107573  0.65216461718638197  0.66270039665953584
  0.67325334148395932  0.68382108427859745  0.69442005001554385  0.70499621954605551
  0.71555757783186480  0.72610436849791005  0.73663773591379544  0.74718499052539389
  0.75767373959066908  0.76815357521522365  0.77864794792283798  0.78918259602356555
  0.79974666696166008  0.81028221456994032  0.82081227833808401  0.83134583047698452
  0.84189353653973786  0.85245688470277203  0.86301718364066804  0.87357514560893990
  0.88411162187612102  0.89463834734253045  0.90516599661781227  0.91568394769102246
  0.92622037243878130  0.93673033191054078  0.94727589136795642  0.95780112134850637
  0.96836001226065249  0.97888998431929564  0.98945000567365748  1.00000000000000000
 -0.00250755647898979  0.00964876303314518  0.01988020577956052  0.03045350989574419
  0.04102848841702535  0.05158623091442485  0.06212054177729606  0.07266425011781091
  0.08319130047877954  0.09372035307619092  0.10426099220180605  0.11480646772725707
  0.12534385243002200  0.13586960350871621  0.14640244486157206  0.15693455435426074
  0.16746061497485612  0.17797639344468130  0.18849822189063609  0.19899992707614539
  0.20950994871549389  0.22002097477106233  0.23054769696180480  0.24105812471748145
  0.25157176601995762  0.26209609216138136  0.27264227994648282  0.28320413007651440
  0.29376855029126919  0.30432849446326932  0.31488985048685469  0.32543706615301127
  0.33598196079457493  0.34653176558456872  0.35709322747463251  0.36763816443402725
  0.37817482094667676  0.38871764351833854  0.39930647463079127  0.40990271272767653
  0.42050220429749829  0.43104471476963352  0.44155566687914199  0.45205602824801899
  0.46259196366411198  0.47313752398592623  0.48369541738458133  0.49422631552769752
  0.50478280650820995  0.51530142759880004  0.52584891510286158  0.53636673906324595
  0.54691159242905463  0.55740929766358882  0.56790311674271110  0.57840410117482610
  0.58894314631297306  0.59949189961753857  0.61002765301500717  0.62057115711688671
  0.63112208085790478  0.64166164448435359  0.65220535907360488  0.66274285555833601
  0.67328399207633338  0.68383027086456805  0.69438485116608462  0.70494899611283246
  0.71549814634535347  0.72605166252964548  0.73660116640664730  0.74715509420214787
  0.75768454270634678  0.76821063277775781  0.77871736624318499  0.78924246710954793
  0.79976467258200268  0.81029871255566155  0.82083906587832134  0.83137976471560715
  0.84193173380268638  0.85247544340938397  0.86301073205410017  0.87353757054698844
  0.88404344992486317  0.89457328237478306  0.90508701435574290  0.91564931475864164
  0.92618240264703477  0.93674876204921698  0.94730332461210509  0.95786947679775492
  0.96840151300449195  0.97891628077241000  0.98944868477916514  1.00000000000000000
   1.5472366584771078E-002  -1.0000000000000000     
 F F F F F F F F F F F F F F F F F F F F F F F F F F F F F F F F F F F F F F F F F F F F F F F F F F F F F F F F F F F F F F F F F F F F F F F F F F F F F F F F F F F F F F F F F F F F F F F F F F F F F F F F F F F F F F F F F F F F F F F F F F F F F F F F
  <DiscreteSampler_grid>
  grouped_processes
  1 # 1 for a reference and 2 for a running grid.
  10 # Attribute 'min_bin_probing_points' of the grid.
  1 # Attribute 'grid_mode' of the grid. 1=='default',2=='initialization'
  0.0000000000000000 # Attribute 'small_contrib_threshold' of the grid.
  0.5000000000000000 # Attribute 'damping_power' of the grid.
 # binID   n_entries weight   weight_sqr   abs_weight
    10   10   4.470680943997825E+013   3.715345072478971E+027   4.470680943997825E+013
    11   10   4.470680943997821E+013   3.715345072478965E+027   4.470680943997821E+013
  </DiscreteSampler_grid>
