  0.00955078738863816  0.01560959278897658  0.02479659545471197  0.03559565390394609
  0.04594603137309132  0.05631514176579595  0.06667981145889612  0.07704125176423778
  0.08740047715063132  0.09774653585127854  0.10811460051234531  0.11849830817454216
  0.12890112916151866  0.13929787444649785  0.14968342013895794  0.16004319171805906
  0.17042179324461346  0.18078673753106048  0.19115863237703656  0.20154150734312193
  0.21193307162513444  0.22232722384552253  0.23270041713990763  0.24308467921388976
  0.25347730364997967  0.26386979120506932  0.27425929317546471  0.28466153058474003
  0.29509034639190218  0.30550808513171479  0.31591211825448268  0.32628791014119091
  0.33665345291374787  0.34701182851406809  0.35737520106717729  0.36775628568292129
  0.37814740357776677  0.38854509945045335  0.39892627329058133  0.40929181136255188
  0.41965281354940726  0.43003758964098177  0.44043678300969757  0.45084225189610738
  0.46124802466056930  0.47166170682560654  0.48205685039395335  0.49241920964129698
  0.50276940032643824  0.51314546355526258  0.52355156113900136  0.53397524267926422
  0.54440122117589118  0.55481203473163376  0.56519614566881404  0.57556177206392101
  0.58592683706015702  0.59630055224617473  0.60668001258831195  0.61706347520586791
  0.62745803543045120  0.63785989060007586  0.64825696859149284  0.65864770562395558
  0.66904132015591866  0.67944889028853939  0.68985934223914935  0.70025622570953217
  0.71063846825862997  0.72100639383814924  0.73137200896243382  0.74174014845708813
  0.75210771549582878  0.76247670528919287  0.77286108645134144  0.78326246571672020
  0.79366987325468552  0.80406229042492561  0.81444413103036661  0.82483615583750036
  0.83522997389398235  0.84562177625821344  0.85600652375382980  0.86640706640977683
  0.87681954658656525  0.88721823887528628  0.89758854732520621  0.90793385630725254
  0.91827146512107727  0.92860244758607036  0.93896628391266890  0.94935773193196193
  0.95976582434597257  0.97014922613907617  0.98050161557741000  1.00000000000000000
  0.00958977013519593  0.01566322342697667  0.02489846435326071  0.03571637060204581
  0.04610000266721011  0.05649986188055809  0.06688587624191886  0.07725852140122205
  0.08764298931715780  0.09803056891461136  0.10842660499789472  0.11879615735065108
  0.12915728516630348  0.13950627251531098  0.14986181956939096  0.16023157254368373
  0.17061330582024178  0.18101864223112218  0.19143668210159204  0.20184076252888500
  0.21223661815345363  0.22260111860979112  0.23297347987009487  0.24333507148294581
  0.25370148845978169  0.26408508051614515  0.27450552900853947  0.28492988510979800
  0.29533392294523531  0.30572371048410696  0.31613877541512792  0.32656235321933974
  0.33695932121758004  0.34734336172676766  0.35772794827427434  0.36813522536097776
  0.37854401873294163  0.38895427547422129  0.39933517670672725  0.40970469487406580
  0.42007465508850922  0.43046002974266218  0.44085934636668878  0.45125760758448391
  0.46166916573210631  0.47207475083398065  0.48247361468194472  0.49285874753005304
  0.50324864882670850  0.51366151069821275  0.52408617383108158  0.53450610781928731
  0.54490837632172040  0.55529140262435794  0.56565479196394586  0.57600803736857509
  0.58637441485520414  0.59676204118114218  0.60715438100681418  0.61754362226187798
  0.62793041438798658  0.63832400001352485  0.64871927984923050  0.65911206266241074
  0.66950515650532327  0.67988748222168627  0.69026616270744867  0.70064960872869220
  0.71103351775654322  0.72141288361292333  0.73178745789781907  0.74215788209591327
  0.75252755849449060  0.76288226467633558  0.77325690712408757  0.78364283913388944
  0.79403021802385665  0.80440311105394524  0.81476035638935962  0.82511736961169801
  0.83548094625375591  0.84586327683891216  0.85625684225654053  0.86663857404286293
  0.87700663763754705  0.88736403950470488  0.89771899239681074  0.90808184719686480
  0.91846005381044504  0.92885124500083793  0.93924250470753967  0.94962547508740303
  0.95999526363324494  0.97032468899156887  0.98061125651149106  1.00000000000000000
 -0.00240107458394865  0.00962924186584695  0.01981394989889820  0.03035890857501442
  0.04094967650801309  0.05154255582046013  0.06209894249601770  0.07264990365771069
  0.08317996648426591  0.09375290976731385  0.10431628573874603  0.11488780671579389
  0.12544762653142635  0.13599388982930957  0.14653771541551774  0.15707334971053724
  0.16761263596626547  0.17812494123715525  0.18865705760116069  0.19916427792540212
  0.20970739032822655  0.22025091212591366  0.23081653367027630  0.24137418581614437
  0.25190636394218380  0.26244353490169831  0.27298630838394039  0.28354772820433721
  0.29410121510464365  0.30463934265297604  0.31517125822548575  0.32570302842300480
  0.33622587199787574  0.34671341195704819  0.35720126908185462  0.36770534803411120
  0.37822461951213393  0.38876031512575449  0.39929315361552786  0.40984836772118782
  0.42040257431169370  0.43096459671240173  0.44152265558772974  0.45206335973233108
  0.46261221577027650  0.47316679188296434  0.48374560150737761  0.49429810446250139
  0.50484382667017069  0.51535757627761014  0.52586442646765619  0.53634838453303046
  0.54684134893051883  0.55734576626748644  0.56788501386228607  0.57848056058798436
  0.58908281788451422  0.59966847970060100  0.61019993604286016  0.62072117024208084
  0.63127313155646358  0.64183406629416595  0.65239110417129398  0.66290593009034615
  0.67343795878090362  0.68400654542797390  0.69457055383433597  0.70511645948927382
  0.71561249380543002  0.72614070302748890  0.73667030832276859  0.74723432605013929
  0.75779940452823558  0.76835412756715615  0.77888006853182545  0.78936506292083009
  0.79987778727195002  0.81042226086845215  0.82095741190490923  0.83149230027657683
  0.84199643588505113  0.85255434216209258  0.86309071148230776  0.87363940868631706
  0.88418612429919297  0.89474767290499946  0.90529434439967171  0.91582096543395619
  0.92633181617162086  0.93686539194737606  0.94739171619664864  0.95790479650415938
  0.96841716481276019  0.97892497792944499  0.98946165579117595  1.00000000000000000
 -0.00251488077730648  0.00945698898014227  0.01958642934083421  0.03007775323215395
  0.04058065849251281  0.05111182110601889  0.06165284731792733  0.07219537462920469
  0.08271394284427511  0.09321236873873585  0.10373463759716657  0.11426352975115252
  0.12479274254472797  0.13533543207112900  0.14587792279999057  0.15640865384937291
  0.16690922785167578  0.17742433583598261  0.18796284582606734  0.19852476952482229
  0.20906792438975852  0.21959179049296310  0.23010750120781065  0.24063706488635941
  0.25116225856907348  0.26169133550674922  0.27223516539453047  0.28282361048220322
  0.29340982885557065  0.30397674512097722  0.31453309170617211  0.32509530286877514
  0.33564911352484966  0.34618836942198677  0.35672283344028327  0.36726686105677148
  0.37782760968117218  0.38838335927069251  0.39894513627027162  0.40949185142471484
  0.42005174917353361  0.43058678754947644  0.44112903787918922  0.45169150641176004
  0.46227371916022841  0.47286358817179763  0.48342684069434233  0.49399146827333296
  0.50456273870039914  0.51511508332215727  0.52567976214163459  0.53624143422736315
  0.54683440254324078  0.55738063453107589  0.56790361627168218  0.57842357088858032
  0.58897330999285535  0.59956069332223050  0.61012856591156450  0.62071837384177497
  0.63128279899020390  0.64184152779279302  0.65238073627314075  0.66293353428753787
  0.67347925453646895  0.68402838728738868  0.69454811027829255  0.70507511208587414
  0.71558144129666024  0.72610401990170648  0.73664104247974105  0.74721059563923664
  0.75774310290936986  0.76828392385892086  0.77879862569463310  0.78933953164266224
  0.79984642225603775  0.81035425450123200  0.82087656254203989  0.83141710431428417
  0.84198242358064934  0.85252064076494749  0.86306170181139519  0.87360621402029204
  0.88417562867871524  0.89473405035735443  0.90528584902952602  0.91581385287971984
  0.92633080915542743  0.93681744388067845  0.94732747795484484  0.95782425980459041
  0.96836287885511119  0.97889926742904176  0.98946276622511153  1.00000000000000000
 -0.00244579427137741  0.00951953506361818  0.01967652146525822  0.03019803182620528
  0.04075341963223796  0.05131308454682717  0.06188311704514451  0.07244128681169482
  0.08300943092360813  0.09356136135735207  0.10410007629760651  0.11460989585034420
  0.12512489455680109  0.13565465520668385  0.14620832148008350  0.15675368180393093
  0.16729292170177457  0.17782321740366303  0.18837579476429259  0.19890974339401271
  0.20942001218197340  0.21992234417926806  0.23047464284188249  0.24103386288926071
  0.25158139328903206  0.26209676223789258  0.27262571010670877  0.28314900889279510
  0.29367829408605550  0.30422055852447072  0.31477575723146006  0.32532804670546112
  0.33585220564475593  0.34637337252915740  0.35691531257713000  0.36747492639877744
  0.37802350498759124  0.38854518394788412  0.39908724715666161  0.40963135196712241
  0.42017487292712863  0.43070078840214621  0.44123809603577513  0.45180118279195375
  0.46233488769379316  0.47285680613319858  0.48336822182226896  0.49391782028253889
  0.50447642325649045  0.51505687023334068  0.52560265158594410  0.53615509649796500
  0.54671054870946290  0.55729665070552714  0.56788393158261430  0.57843750129886995
  0.58897537613195639  0.59950365511630399  0.61002469033081641  0.62055657699027666
  0.63110336248497911  0.64165199939746287  0.65220234778558694  0.66273298185488461
  0.67329211092478269  0.68383117739312582  0.69439249725574859  0.70492285421748591
  0.71547934062360408  0.72601774417894149  0.73656534487802372  0.74709478855386691
  0.75762285053455491  0.76815992633088814  0.77870370862499549  0.78925173567293716
  0.79976448883440798  0.81025637219723479  0.82077612618865092  0.83132949018645552
  0.84190172629828963  0.85242883322471641  0.86295199324712701  0.87347736101896634
  0.88401515247620499  0.89455096147647695  0.90509549849209514  0.91564327638687948
  0.92618653424423281  0.93673758467494928  0.94728234054930871  0.95783014866905425
  0.96836607815671405  0.97890050619513369  0.98945033053386466  1.00000000000000000
 -0.00247516804242301  0.00952095564950866  0.01968340423228162  0.03019460397663049
  0.04072307374078954  0.05125468588172750  0.06181512569437955  0.07236439506500861
  0.08289678272429001  0.09341316568006311  0.10395571264845872  0.11449126389398578
  0.12503620703249138  0.13553399407107417  0.14604325911087604  0.15655587420271497
  0.16710293058512077  0.17763926687921880  0.18819862191163014  0.19875332726125258
  0.20935705164903981  0.21990210245224884  0.23046470823276771  0.24097900732909985
  0.25152980934511493  0.26206167800617797  0.27262289164465081  0.28316610884863319
  0.29370536652557944  0.30422650828338649  0.31474169140643476  0.32527914851217038
  0.33581912670322500  0.34635074889071332  0.35687406455100507  0.36741132549749328
  0.37797919641258249  0.38853564681535663  0.39909097822018769  0.40965000281883396
  0.42021962735446194  0.43077705769967067  0.44132598792408612  0.45185940545036540
  0.46240917928247316  0.47293369908347327  0.48348318443071231  0.49402854848408567
  0.50461763578149199  0.51518016747847717  0.52574914750780199  0.53631689054298926
  0.54690409157138398  0.55749626514581718  0.56806478109745229  0.57858708551471327
  0.58909702170774936  0.59961766349852341  0.61017818018788827  0.62070963748600005
  0.63122784078492811  0.64173233681153830  0.65224853249777592  0.66277979442946400
  0.67331809062866244  0.68385216128392134  0.69436857944544050  0.70486643004222338
  0.71538895902542721  0.72593281726186032  0.73648753055817884  0.74704585334273255
  0.75758967344952188  0.76813820837003055  0.77865864425159437  0.78916730642007826
  0.79967546170866399  0.81020926176657393  0.82075556321944954  0.83132944450251589
  0.84186234544908356  0.85242300677365601  0.86295390341519784  0.87350379045383930
  0.88402656627819554  0.89455338221858127  0.90508739258944126  0.91561615068797853
  0.92614417894068213  0.93668766023015937  0.94722995460091453  0.95777654977341398
  0.96832053065657220  0.97887183967303015  0.98943765764478908  1.00000000000000000
 -0.00252964982918865  0.00955706165525596  0.01974862384419571  0.03027574520033868
  0.04083490568263073  0.05139420488814991  0.06195191787740455  0.07251241949432523
  0.08305750689099260  0.09359439371113260  0.10412667958754704  0.11467953069951509
  0.12526373568868057  0.13585356503218476  0.14642168719573193  0.15698626347872915
  0.16750628155369035  0.17804484856139519  0.18856911146834618  0.19911289812513661
  0.20964795968045838  0.22018562122261573  0.23070263187346307  0.24124412277170604
  0.25178847014725364  0.26234621009561215  0.27287169833423564  0.28339286727383828
  0.29393786889474899  0.30448561594055301  0.31503012489196452  0.32556587151664673
  0.33608713837407361  0.34661289914569471  0.35714927173601496  0.36768497617216628
  0.37824344312772518  0.38876784316431290  0.39931217912200789  0.40980994203551269
  0.42032432325533536  0.43084909687789841  0.44140397453487296  0.45197151928755652
  0.46252153546538527  0.47308294870107592  0.48363456509232960  0.49418802790979777
  0.50473121465211057  0.51528086530411554  0.52586940887438505  0.53644977339987687
  0.54699741838146743  0.55749510004849701  0.56798693101415909  0.57852954262445466
  0.58906591227831406  0.59962681863256595  0.61014951852469446  0.62070514213554195
  0.63123813369347836  0.64175490188027062  0.65227652507237277  0.66281800960799975
  0.67339378875002487  0.68395949338160278  0.69451036244242981  0.70505911079457784
  0.71560404409807887  0.72613209874633822  0.73665889532331130  0.74716501095749033
  0.75767482888670157  0.76817497566995885  0.77871081096236949  0.78924580428795510
  0.79981207355721895  0.81034068883325083  0.82089883335904146  0.83143399264175089
  0.84201629410627543  0.85257183501291744  0.86310214645519912  0.87359864231781736
  0.88410210653432353  0.89467253627388554  0.90523103335415267  0.91577601005561260
  0.92626817230924352  0.93676999533363670  0.94730182775690686  0.95782983619834083
  0.96835584531273999  0.97888886918813345  0.98944187024516750  1.00000000000000000
 -0.00243811954827649  0.00950909490122880  0.01966947035454956  0.03016260152157570
  0.04069876447995829  0.05124590445463172  0.06181682369633480  0.07234500150794639
  0.08286236663432373  0.09338048820780653  0.10391322386795099  0.11445787503599929
  0.12499187764158487  0.13556991122323331  0.14612902245454137  0.15671073312168091
  0.16726043216411493  0.17781845271004976  0.18837037320321914  0.19892538160933423
  0.20948401882337259  0.22001785926556916  0.23053768733278721  0.24104969287224060
  0.25156155135290059  0.26210046070391890  0.27265890710431656  0.28324771154016426
  0.29383646102838173  0.30438934549050123  0.31490133927463809  0.32540538939454289
  0.33592602157867507  0.34649044276381508  0.35706725913575138  0.36765358456768704
  0.37820082368889202  0.38877139304698999  0.39933185462543236  0.40990282644594306
  0.42043706936046660  0.43099541721756768  0.44155659795549435  0.45212365875702692
  0.46264146824942898  0.47317088533449753  0.48370218337461424  0.49424025200703925
  0.50475889004317553  0.51528111035343316  0.52578650146314909  0.53629122161594034
  0.54677413274223163  0.55728906021022251  0.56782225557982291  0.57835069824757068
  0.58890026514034288  0.59944945866466892  0.61001414626790995  0.62056110080491800
  0.63110178641828418  0.64163722615576901  0.65216968495858607  0.66270223640040959
  0.67323827923767787  0.68379277491201573  0.69433988771069577  0.70486023472255199
  0.71535167893470741  0.72584964587712764  0.73639571503739154  0.74695430418851361
  0.75753292475909684  0.76810758138718505  0.77867432889275667  0.78923196646047522
  0.79976529853436151  0.81030196747495520  0.82081282801890243  0.83132890461407549
  0.84185885353835066  0.85242906757151105  0.86299500394743933  0.87354425951354076
  0.88406004418703643  0.89458150896477096  0.90513285809416222  0.91570386161707640
  0.92628411767664010  0.93684868881892247  0.94738654848956094  0.95790140111265343
  0.96837987882997434  0.97889752205194269  0.98943508433917815  1.00000000000000000
   1.5462605671656448E-002  -1.0000000000000000     
 F F F F F F F F F F F F F F F F F F F F F F F F F F F F F F F F F F F F F F F F F F F F F F F F F F F F F F F F F F F F F F F F F F F F F F F F F F F F F F F F F F F F F F F F F F F F F F F F F F F F F F F F F F F F F F F F F F F F F F F F F F F F F F F F
  <DiscreteSampler_grid>
  grouped_processes
  1 # 1 for a reference and 2 for a running grid.
  10 # Attribute 'min_bin_probing_points' of the grid.
  1 # Attribute 'grid_mode' of the grid. 1=='default',2=='initialization'
  0.0000000000000000 # Attribute 'small_contrib_threshold' of the grid.
  0.5000000000000000 # Attribute 'damping_power' of the grid.
 # binID   n_entries weight   weight_sqr   abs_weight
    10   10   2.568668891153294E+013   1.031804961221431E+027   2.568668891153294E+013
    11   10   2.568668891153293E+013   1.031804961221430E+027   2.568668891153293E+013
  </DiscreteSampler_grid>
