  0.02252655271113329  0.02266086660882533  0.02279518050651737  0.02292949440420941
  0.02306380830190145  0.02332487469070508  0.02369316943201911  0.02406146417333314
  0.02442975891464717  0.03285479659739408  0.03956479397291812  0.04008731448639632
  0.04060983499987452  0.04113235551335272  0.04165487602683093  0.04220887656320534
  0.04276307393476202  0.04331727130631870  0.04387146867787538  0.04444034262216320
  0.04502813720384549  0.04561593178552778  0.04620372636721007  0.04679152094889236
  0.05018418484417440  0.05084161783110308  0.05149905081803176  0.05215648380496044
  0.05281984020418670  0.05351712887311420  0.05421441754204169  0.05491170621096918
  0.05560899487989669  0.05633018429930788  0.05706974482864201  0.05780930535797614
  0.05854886588731027  0.05928842641664440  0.08766207916088500  0.10746812941675644
  0.10874788557207452  0.11002764172739259  0.11130739788271066  0.11258715403802874
  0.11390113937129423  0.11525847842156359  0.11661581747183296  0.11797315652210232
  0.11933049557237167  0.12071916472557022  0.12215878999303238  0.12359841526049455
  0.12503804052795670  0.12647766579541886  0.14479818177173992  0.17218828196173236
  0.17412127335374444  0.17605426474575653  0.17798725613776861  0.17992024752978072
  0.18187842811174806  0.18392860359971863  0.18597877908768917  0.18802895457565974
  0.19007913006363031  0.19212930555160088  0.19428511165886136  0.19645957531599131
  0.19863403897312124  0.20080850263025118  0.20298296628738113  0.23016150635582608
  0.23313650678678036  0.23611150721773461  0.23908650764868886  0.24206150807964313
  0.24462032590823635  0.24677931632320210  0.24893830673816786  0.25109729715313361
  0.25325628756809937  0.25541527798306513  0.25757426839803088  0.25953277997891105
  0.26139350322762889  0.26325422647634666  0.26511494972506450  0.26697567297378227
  0.26883639622250011  0.27069711947121788  0.27255784271993572  0.27547712233550659
  0.27547712233551658  0.27547712233552657  0.27547712233553656  1.00000000000000000
  0.43224485306637284  0.45421759386859445  0.45534244365248872  0.45646729343638304
  0.45759214322027730  0.45871699300417157  0.45984184278806584  0.46096669257196010
  0.46209154235585437  0.46321639213974869  0.46434124192364296  0.46546609170753722
  0.46659094149143149  0.46771579127532575  0.46884064105922008  0.46996549084311434
  0.47109034062700861  0.47221519041090287  0.47334004019479714  0.47446488997869146
  0.47558973976258573  0.47667684044450936  0.47773529644954710  0.47879375245458478
  0.47985220845962251  0.48091066446466024  0.48196912046969798  0.48302757647473565
  0.48408603247977339  0.48514448848481112  0.48620294448984880  0.48726140049488653
  0.48831985649992427  0.48937831250496200  0.49043676850999973  0.49149522451503741
  0.49255368052007514  0.49361213652511288  0.49467059253015061  0.49572904853518829
  0.49678750454022602  0.49784596054526375  0.49890441655030149  0.49996287255533917
  0.50108093830757017  0.50221843442583314  0.50335593054409611  0.50449342666235908
  0.50563092278062194  0.50676841889888491  0.50790591501714788  0.50904341113541085
  0.51018090725367382  0.51131840337193668  0.51245589949019965  0.51359339560846262
  0.51473089172672559  0.51586838784498856  0.51700588396325153  0.51814338008151439
  0.51928087619977736  0.52041837231804033  0.52155586843630330  0.52269336455456628
  0.52383086067282914  0.52496835679109211  0.52604814247074594  0.52705689313698856
  0.52806564380323107  0.52907439446947357  0.53008314513571608  0.53109189580195870
  0.53210064646820121  0.53310939713444372  0.53411814780068623  0.53512689846692885
  0.53613564913317135  0.53714439979941386  0.53815315046565637  0.53916190113189899
  0.54017065179814150  0.54117940246438401  0.54218815313062652  0.54319690379686913
  0.54420565446311164  0.54521440512935415  0.54622315579559666  0.54723190646183928
  0.54824065712808179  0.54924940779432430  0.55025815846056680  0.55053872070376719
  0.55053872070377718  0.55053872070378718  0.55053872070379717  1.00000000000000000
  0.02091884215672808  0.02483584534960356  0.02875284854247905  0.03266985173535454
  0.03658685492823002  0.04050385812110551  0.04495638443758821  0.04963500619909814
  0.05431362796060805  0.05899224972211798  0.09875269682000982  0.24361287885295219
  0.33487585158170435  0.33892827411199655  0.34298069664228875  0.34703311917258095
  0.35108554170287321  0.35513796423316540  0.35919038676345755  0.36324280929374969
  0.36729523182404189  0.37134765435433403  0.37540007688462618  0.37945249941491838
  0.38350492194521052  0.38755734447550272  0.39160976700579486  0.39566218953608701
  0.46073151795369799  0.46528805808053114  0.46984459820736435  0.47440113833419750
  0.47895767846103071  0.48351421858786386  0.48807075871469696  0.49262729884153011
  0.49718383896836327  0.50174037909519642  0.50629691922202957  0.51085345934886273
  0.51540999947569577  0.51996653960252892  0.54431184404981803  0.54828386526483652
  0.55225588647985502  0.55622790769487351  0.56019992890989201  0.56417195012491050
  0.56814397133992900  0.57211599255494749  0.57608801376996599  0.58006003498498449
  0.58403205620000298  0.58800407741502159  0.59197609863004008  0.59594811984505858
  0.59992014106007718  0.60389216227509568  0.60808742521848957  0.61229926167263315
  0.61651109812677674  0.62072293458092032  0.62493477103506390  0.62914660748920748
  0.63335844394335117  0.63757028039749475  0.64178211685163833  0.64599395330578191
  0.65020578975992560  0.65441762621406918  0.65862946266821287  0.66284129912235656
  0.67995872043895023  0.82481890247189260  0.83771164857089320  0.84236337799305006
  0.84701510741520680  0.85166683683736366  0.85631856625952041  0.86097029568167716
  0.86562202510383390  0.87027375452599065  0.87492548394814740  0.87957721337030415
  0.88422894279246089  0.88888067221461753  0.89353240163677428  0.95874750647563778
  0.96435129933466446  0.96995509219369114  0.97555888505271782  0.98087013053193195
  0.98565259789894899  0.99043506526596592  0.99521753263298296  1.00000000000000000
  0.00913476546605425  0.16987200102394676  0.17307733538122677  0.17628266973850679
  0.17948800409578680  0.18269333845306682  0.18589867281034683  0.18943338853331673
  0.19329693529101616  0.19716048204871561  0.20102402880641504  0.20488757556411449
  0.22345029409714978  0.29395240753839236  0.29841650153803639  0.30288059553768043
  0.30734468953732447  0.31180878353696850  0.31627287753661254  0.32073697153625658
  0.32520106553590061  0.32966515953554465  0.33390972190750845  0.33714252435358372
  0.34037532679965904  0.34360812924573431  0.34684093169180963  0.35007373413788490
  0.35330653658396022  0.35735707459171606  0.36170405426885677  0.36605103394599747
  0.37039801362313818  0.37474499330027894  0.37909197297741964  0.38343895265456035
  0.38778593233170106  0.39213291200884176  0.41662617210060826  0.46115145706286059
  0.46516784511297921  0.46918423316309782  0.47320062121321643  0.47721700926333499
  0.48123339731345360  0.48524978536357216  0.48926617341369072  0.49328256146380928
  0.49729894951392783  0.50131533756404645  0.50533172561416495  0.50934811366428356
  0.51336450171440207  0.51738088976452068  0.54046216063291252  0.62675434965154897
  0.63119264420533827  0.63563093875912768  0.64006923331291699  0.64450752786670640
  0.64894582242049570  0.65338411697428511  0.65782241152807452  0.66226070608186394
  0.66669900063565335  0.67113729518944265  0.67557558974323206  0.68001388429702136
  0.68445217885081078  0.68917675127062028  0.69452882489377166  0.69988089851692292
  0.70523297214007419  0.71058504576322545  0.71593711938637683  0.72128919300952821
  0.72664126663267958  0.73199334025583085  0.73734541387898211  0.74269748750213349
  0.74804956112528476  0.83885037589619116  0.85753828544063149  0.86132475766742456
  0.86511122989421751  0.86889770212101058  0.87268417434780365  0.87621801061470761
  0.87935402129476781  0.88249003197482800  0.88562604265488831  0.88876205333494851
  0.89189806401500882  0.89503407469506902  0.92722374598185220  1.00000000000000000
  0.22385680278142300  0.43988693650516297  0.44227387301032600  0.44466080951548898
  0.44704774602065200  0.44943468252581498  0.45182161903097801  0.45420855553614098
  0.45659549204130401  0.45911357485349025  0.46198277944724364  0.46485198404099703
  0.46772118863475043  0.47059039322850382  0.47345959782225722  0.47632880241601061
  0.47919993045611825  0.48224522632935635  0.48529052220259444  0.48833581807583254
  0.49138111394907064  0.49442640982230873  0.49747170569554683  0.50051700156878498
  0.50356229744202308  0.50660759331526117  0.50965288918849927  0.51269818506173737
  0.51574348093497546  0.51878877680821356  0.52183407268145166  0.52487936855468975
  0.52792466442792785  0.53096996030116606  0.53401525617440415  0.53706055204764225
  0.54010584792088046  0.54311122451230365  0.54607462890878833  0.54903803330527312
  0.55200143770175780  0.55496484209824259  0.55792824649472728  0.56089165089121207
  0.56359908313461149  0.56600269560915928  0.56840630808370707  0.57080992055825486
  0.57321353303280265  0.57561714550735044  0.57802075798189823  0.58042437045644601
  0.58282798293099380  0.58473733443414200  0.58651510506423044  0.58829287569431898
  0.59007064632440742  0.59184841695449586  0.59362618758458430  0.59540395821467273
  0.59718172884476117  0.59895949947484961  0.60073727010493805  0.60251504073502649
  0.60428481079628216  0.60594982856025692  0.60761484632423179  0.60927986408820667
  0.61094488185218154  0.61260989961615631  0.61427491738013118  0.61593993514410605
  0.61760495290808093  0.61926997067205569  0.62093498843603057  0.62260000620000544
  0.62426502396398020  0.62582913485032010  0.62731350293082455  0.62879787101132889
  0.63028223909183323  0.63176660717233757  0.63325097525284191  0.63473534333334636
  0.63621971141385070  0.63770407949435504  0.63918844757485938  0.64067281565536371
  0.64215718373586805  0.64364155181637250  0.64512591989687684  0.69615901531774693
  0.70397937695185342  0.70397937695186341  0.70397937695187340  1.00000000000000000
  0.05492752393086754  0.10688781422757164  0.10960896178847655  0.11233010934938145
  0.11505125691028635  0.11777240447119126  0.12049355203209616  0.12321469959300108
  0.12613182256623798  0.12942280464877259  0.13271378673130718  0.13600476881384180
  0.13929575089637641  0.14258673297891103  0.14590431315184207  0.15116758974942329
  0.15643086634700451  0.16169414294458573  0.17351000748902753  0.29738976461142436
  0.42126952173382121  0.44133115625516478  0.44573994293195868  0.45014872960875257
  0.45455751628554653  0.45896630296234042  0.46337508963913437  0.46778387631592833
  0.47219266299272228  0.47660144966951623  0.48101023634631013  0.48541902302310402
  0.48982780969989798  0.49423659637669187  0.49864538305348577  0.56333440291048764
  0.56776742030004035  0.57220043768959317  0.57663345507914587  0.58106647246869869
  0.58493013554419893  0.58819797509642680  0.59146581464865455  0.59473365420088242
  0.59800149375311018  0.60126933330533805  0.60453717285756581  0.60780501240979357
  0.61107285196202143  0.61434069151424919  0.61760853106647695  0.62087637061870471
  0.62414421017093247  0.62819085954145903  0.63251382888784602  0.63683679823423300
  0.64115976758061999  0.64548273692700686  0.64951952179042460  0.65353104838811804
  0.65754257498581159  0.66155410158350514  0.66556562818119869  0.66957715477889213
  0.67358868137658556  0.67760020797427911  0.68161173457197255  0.68562326116966599
  0.68963478776735954  0.69364631436505297  0.69765784096274641  0.70166936756043996
  0.70568089415813340  0.75030324571118467  0.87418300283358152  0.95907200965744666
  0.96137526574247334  0.96367852182750013  0.96598177791252693  0.96828503399755361
  0.97058829008258041  0.97289154616760709  0.97519480225263389  0.97749805833766057
  0.97967577685809315  0.98152343350735749  0.98337109015662172  0.98521874680588595
  0.98706640345515018  0.98891406010441441  0.99076171675367863  0.99260937340294297
  0.99445703005220720  0.99630468670147143  0.99815234335073566  1.00000000000000000
  0.30246191819508872  0.35595973887986077  0.35775281109305479  0.35954588330624881
  0.36133895551944278  0.36313202773263681  0.36492509994583083  0.36671817215902486
  0.36851124437221888  0.37030431658541291  0.37209738879860688  0.37389046101180090
  0.37584658634818036  0.37806738615934227  0.38028818597050418  0.38250898578166609
  0.38472978559282794  0.38695058540398986  0.38917138521515177  0.39139218502631368
  0.39361298483747553  0.39583377859783747  0.39802480406876012  0.40021582953968271
  0.40240685501060536  0.40459788048152795  0.40678890595245060  0.40897993142337324
  0.41117095689429584  0.41336198236521848  0.41555300783614113  0.41805539946259895
  0.42087964592995930  0.42370389239731965  0.42652813886467994  0.42935238533204029
  0.43217663179940063  0.43500087826676098  0.43774584088867197  0.43988137592645093
  0.44201691096422985  0.44415244600200876  0.44628798103978767  0.44842351607756659
  0.45055905111534555  0.45269458615312447  0.45483012119090338  0.45696565622868229
  0.45946924293455882  0.46262838819895025  0.46578753346334162  0.46894667872773305
  0.47210582399212447  0.47526496925651590  0.47842411452090733  0.48158325978529870
  0.48474240504969007  0.48790155031408150  0.49106069557847287  0.49421984084286424
  0.49737898610725562  0.50068621872644092  0.50471472320358624  0.50874322768073166
  0.51277173215787697  0.51680023663502239  0.52082874111216770  0.52485724558931313
  0.52888575006645855  0.53291425454360397  0.53694275902074928  0.54097126349789471
  0.54499976797504013  0.54902827245218544  0.55305677692933086  0.55708528140647617
  0.56111378588362160  0.58485491700752967  0.58810914296937566  0.59136336893122166
  0.59461759489306765  0.59787182085491353  0.60112604681675952  0.60434482398802325
  0.60705899810593256  0.60977317222384186  0.61248734634175117  0.61520152045966048
  0.61791569457756979  0.62062986869547898  0.62334404281338829  0.66813037647772999
  0.70469570557276406  0.70469570557277406  0.70469570557278405  1.00000000000000000
  0.02478146155675252  0.06657616736857390  0.07065233473714780  0.07472850210572170
  0.07880466947429560  0.08288083684286950  0.08764548126771907  0.09249609747704042
  0.09734671368636179  0.10219732989568314  0.14772529980888849  0.15367804867445778
  0.15963079754002707  0.16558354640559636  0.17153629527116560  0.17748904413673483
  0.18344179300230404  0.18939454186787327  0.19534729073344251  0.20130003959901172
  0.20725278846458095  0.25229638521452341  0.25653085481223858  0.26076532440995381
  0.26499979400766904  0.26923426360538422  0.27346873320309945  0.27770320280081467
  0.28193767239852996  0.28617214199624519  0.29040661159396042  0.29399872004412025
  0.29731870421043155  0.30063868837674290  0.30395867254305420  0.30727865670936549
  0.31059864087567679  0.31461550547364137  0.31956638711491792  0.32451726875619452
  0.32946815039747107  0.33441903203874762  0.33936991368002428  0.34432079532130089
  0.34927167696257749  0.35586990595412449  0.50674204500171183  0.52534748578659718
  0.53032669035394631  0.53530589492129543  0.54028509948864456  0.54526430405599369
  0.55024350862334281  0.55522271319069183  0.56020191775804096  0.56518112232539008
  0.57016032689273910  0.57513953146008823  0.58011873602743735  0.62533786795501090
  0.62965713912727406  0.63397641029953722  0.63829568147180049  0.64261495264406365
  0.64693422381632681  0.65125349498858998  0.65557276616085325  0.65989203733311641
  0.66421130850537968  0.66853057967764284  0.67284985084990601  0.67716912202216917
  0.68148839319443233  0.68580766436669549  0.77925885655152383  0.83621236744482375
  0.84069972824077888  0.84518708903673390  0.84967444983268892  0.85416181062864394
  0.85864917142459896  0.86313653222055386  0.86762389301650888  0.87211125381246390
  0.87659861460841881  0.88108597540437383  0.88557333620032885  0.89006069699628376
  0.89454805779223878  0.96046460938974576  0.96758498639250823  0.97470536339527059
  0.98147294881554492  0.98764863254369661  0.99382431627184831  1.00000000000000000
   2.4693700052351414E-005  -1.0000000000000000     
 F F F F F F F F F F F F F F F F F F F F F F F F F F F F F F F F F F F F F F F F F F F F F F F F F F F F F F F F F F F F F F F F F F F F F F F F F F F F F F F F F F F F F F F F F F F F F F F F F F F F F F F F F F F F F F F F F F F F F F F F F F F F F F F F
  <DiscreteSampler_grid>
  grouped_processes
  1 # 1 for a reference and 2 for a running grid.
  10 # Attribute 'min_bin_probing_points' of the grid.
  1 # Attribute 'grid_mode' of the grid. 1=='default',2=='initialization'
  0.0000000000000000 # Attribute 'small_contrib_threshold' of the grid.
  0.5000000000000000 # Attribute 'damping_power' of the grid.
 # binID   n_entries weight   weight_sqr   abs_weight
    10   10   2.764529046478198E+005   7.683395206656262E+010   2.764529046478198E+005
    11   10   2.764529046478198E+005   7.683395206656261E+010   2.764529046478198E+005
  </DiscreteSampler_grid>
