  0.00952272977972692  0.01586508413863172  0.02499700864575031  0.03581875460182581
  0.04619613780453233  0.05660585309486171  0.06699471634839051  0.07737409814419427
  0.08775382818172504  0.09813048616727918  0.10850342852980120  0.11886732255693649
  0.12925495422721653  0.13963440235714836  0.15002105476280012  0.16040455136760370
  0.17081906787505105  0.18123976927083740  0.19165781445622407  0.20205134152436888
  0.21244201054984785  0.22282318715245400  0.23319259659613631  0.24357182049768913
  0.25395781205071888  0.26435752657486372  0.27474623084678446  0.28512839130155065
  0.29549969090482775  0.30586019885100235  0.31620443817695387  0.32654210046284038
  0.33690013560281740  0.34728586298209646  0.35768636005005516  0.36807846395442545
  0.37845739872211070  0.38884569089844889  0.39924927119048481  0.40964357396486722
  0.42002757651729461  0.43040104547914970  0.44078422090308300  0.45117527474664232
  0.46157650749114254  0.47198455220436425  0.48237959716543355  0.49274877353711988
  0.50308992250729045  0.51344496993229349  0.52382524489441118  0.53422123349669060
  0.54461479072292063  0.55499281544889900  0.56535393275238233  0.57570827461226437
  0.58607300737509838  0.59646403255142988  0.60684918988249126  0.61721845488900839
  0.62758667721662720  0.63797161874205277  0.64837297743479316  0.65877325270781417
  0.66917286082120264  0.67955643303919766  0.68991986963920027  0.70027687031021768
  0.71064103122337208  0.72100629005334826  0.73137035476635193  0.74173144327021778
  0.75210225529998964  0.76247224414379033  0.77284689144255114  0.78320882779199086
  0.79355983974527944  0.80391043137474516  0.81427899526468039  0.82466644767342390
  0.83505569200000962  0.84545608826866114  0.85584635663577524  0.86626221978854112
  0.87667178770904941  0.88708580288596584  0.89745131898121189  0.90779786198707202
  0.91816092645845127  0.92855257783839706  0.93897396610192174  0.94940747390743785
  0.95983959722750656  0.97022855091741378  0.98056839892313474  1.00000000000000000
  0.00953966012323584  0.01551544777950184  0.02475912762448028  0.03554860387250904
  0.04591269089879498  0.05629264640650361  0.06668094712426692  0.07706022988245310
  0.08746202617290300  0.09786098599429061  0.10823700141935452  0.11858123774204386
  0.12891638348344017  0.13928499281496748  0.14967608287475917  0.16006835779693748
  0.17047702715481994  0.18086082644198848  0.19122270000774214  0.20156540337556839
  0.21193696047685998  0.22232678745018233  0.23272118278293910  0.24308534197681930
  0.25344151442256474  0.26378758806163582  0.27414269565142801  0.28450673938860194
  0.29488542614222724  0.30528360043142683  0.31570040697153895  0.32611450683615062
  0.33653431044545978  0.34694839239668546  0.35736068786516634  0.36774988366728256
  0.37813684018202259  0.38851720595075906  0.39890086915375250  0.40930219195061351
  0.41971785015794777  0.43013098904799246  0.44051917977590427  0.45090312404196159
  0.46128840331092230  0.47168236002121045  0.48207589062119238  0.49247777145532323
  0.50287309248238732  0.51325502156534508  0.52363197361137437  0.53401936430363539
  0.54442039646338725  0.55482374434714787  0.56521971924917325  0.57561128659481575
  0.58600729283498598  0.59640866928771474  0.60680893674048597  0.61719813626215370
  0.62757379954578196  0.63793852825856012  0.64830951834567541  0.65869097595944426
  0.66907667497687917  0.67946559069565848  0.68985463125400726  0.70024711485904778
  0.71063285232219886  0.72100804682073760  0.73136153845310969  0.74170711447728577
  0.75206463798292655  0.76245807003922572  0.77287197401801855  0.78327452437107759
  0.79365945549737127  0.80403913354252365  0.81442156851541114  0.82481071457692523
  0.83519202232224554  0.84558277071698584  0.85598436335682482  0.86639908595663750
  0.87679608360014283  0.88719241064875953  0.89758831946057538  0.90799289918799264
  0.91839241333780808  0.92877145978022557  0.93913620113455343  0.94948493806535417
  0.95985255171373463  0.97020794521272957  0.98056084598785676  1.00000000000000000
 -0.00245120324708006  0.00947009735659077  0.01961722066938694  0.03014089287256592
  0.04065851273182020  0.05114862574290232  0.06163707432504682  0.07216008088247838
  0.08270171578890127  0.09326234218711661  0.10381715493437299  0.11436980209247395
  0.12489148889398685  0.13544158082158056  0.14598667608661262  0.15655752376559559
  0.16710604757195366  0.17766981210588920  0.18821418163545650  0.19875505094204410
  0.20928108645781815  0.21981978275996067  0.23037336456918941  0.24091425838716513
  0.25143710685946263  0.26193647131367764  0.27245643750885479  0.28297608725985979
  0.29352254151791973  0.30405343319714240  0.31458918785356982  0.32510835299795249
  0.33563663144596534  0.34616673171688195  0.35669207748008586  0.36721511821378960
  0.37775408637827013  0.38828744070514498  0.39886082943428830  0.40941968657599215
  0.41997024075755779  0.43049405593013945  0.44103225307956956  0.45159913158572151
  0.46215610725081036  0.47267796876286960  0.48319807673040999  0.49372492836184251
  0.50427380114336073  0.51482237136105846  0.52534962932093721  0.53587179495232773
  0.54636906830585985  0.55690057901623413  0.56744147208466222  0.57798460054577916
  0.58854780653760996  0.59910494745853871  0.60968569657019667  0.62020648587967075
  0.63075090476767270  0.64127728305629894  0.65182359931982992  0.66235117271606936
  0.67288624739987024  0.68343914321746935  0.69398335614207907  0.70454194354386113
  0.71506726371843476  0.72559280940654991  0.73610358571294043  0.74664830289712525
  0.75722683035589811  0.76781517535588351  0.77840377318173226  0.78899240551200156
  0.79958874180960138  0.81016303327633088  0.82071773528493353  0.83129335068683152
  0.84188810064883735  0.85246874162417352  0.86301308252860154  0.87352880094103436
  0.88405306941819473  0.89457012516140910  0.90510719227113956  0.91564031919817546
  0.92617579198275535  0.93673078897016315  0.94726458879379438  0.95780853672963895
  0.96834565473644119  0.97890588463252814  0.98946166270596481  1.00000000000000000
 -0.00246965968846508  0.00957886756402014  0.01976242043929437  0.03028081927826226
  0.04081915993749480  0.05134486984622581  0.06187529867340041  0.07240883898828916
  0.08294442783683466  0.09346354698575518  0.10401607484059648  0.11457400174024995
  0.12511543723511734  0.13565207393956241  0.14618283244779295  0.15674665571175986
  0.16729213552781966  0.17782874382552569  0.18836415082675961  0.19892889002910924
  0.20951555431639149  0.22007486746800523  0.23062977266414630  0.24114750819958167
  0.25168197344050247  0.26218062913352441  0.27271411572955212  0.28325886864736177
  0.29381525281244442  0.30436710255477473  0.31491261156560840  0.32543737065575190
  0.33595223823586540  0.34645600556545436  0.35696720485452726  0.36745081763496801
  0.37796580626686072  0.38850650556925892  0.39910239443530238  0.40967474130752901
  0.42024165092452981  0.43077874999110943  0.44129373319449111  0.45178820661891617
  0.46226680020975064  0.47279945465426793  0.48334516819621953  0.49390647604721633
  0.50443211807658195  0.51496235369068155  0.52550666819644143  0.53606157891506900
  0.54660422961121757  0.55714460073249206  0.56766597609606173  0.57819922831171622
  0.58874230675204731  0.59928172681006664  0.60982504733942644  0.62034403194279919
  0.63089255633614716  0.64142077538397946  0.65196513033767756  0.66251724823771130
  0.67309491008640432  0.68367625372280394  0.69423351217528984  0.70478391649197614
  0.71532657044168879  0.72586890037327279  0.73641307081761764  0.74697692492817092
  0.75756549098736436  0.76815278836176137  0.77871531821430473  0.78927658917578658
  0.79981785873590827  0.81038356512522747  0.82091926245217217  0.83144589418575154
  0.84196705761053736  0.85248867561680264  0.86303919836533138  0.87356575410096737
  0.88409274918068070  0.89460177462191603  0.90511333014561524  0.91562972236465967
  0.92616946038056136  0.93671929712969404  0.94726279812749759  0.95782798076007869
  0.96838539426527670  0.97893925974439833  0.98946840334643982  1.00000000000000000
 -0.00247809879223399  0.00952822696008546  0.01968399987113538  0.03018653483550084
  0.04072718180695357  0.05127563692931902  0.06180112334348427  0.07231300697412965
  0.08283103657820115  0.09337448541588030  0.10389546454623493  0.11441300300096267
  0.12492717297902539  0.13546995274217072  0.14602983293361163  0.15659046143566829
  0.16714735390955757  0.17768883042557343  0.18821559689595529  0.19875627538000207
  0.20928523227930074  0.21985461784436075  0.23041832344317667  0.24100043042174557
  0.25156211983314658  0.26211354324851655  0.27267596418759610  0.28323128802812281
  0.29380183305270252  0.30435243342939305  0.31490767564263200  0.32545548175160127
  0.33600353917097264  0.34654790448768724  0.35708950591734001  0.36763603842557485
  0.37818868512554271  0.38873620218035526  0.39927748713428363  0.40978912538109658
  0.42029087038395002  0.43079962881178857  0.44132589172774961  0.45186326991889031
  0.46242001038315889  0.47298029982290785  0.48350804747324444  0.49403488854609395
  0.50454076584848861  0.51506792840943239  0.52559950341764239  0.53613453415381862
  0.54670788834971107  0.55725145395758657  0.56782796290879489  0.57836205685677011
  0.58890690290308290  0.59943239402089232  0.60998808023838225  0.62055287114595403
  0.63110586428444071  0.64163245233154187  0.65214354387489359  0.66270159964347297
  0.67327863739374993  0.68386496188515122  0.69442795369916699  0.70498896968220992
  0.71555915174584317  0.72608055485428769  0.73658486959012581  0.74706234443623676
  0.75758423914694073  0.76810986262131620  0.77865428337605302  0.78920615186264165
  0.79975890444861264  0.81029950424703201  0.82081749290404438  0.83134741789521915
  0.84186637676236731  0.85239298976115141  0.86292859969668112  0.87344763433636663
  0.88398811573428238  0.89451404068597939  0.90506338293353683  0.91559315372229788
  0.92611144553225577  0.93665810601331334  0.94720518553968991  0.95776745091696769
  0.96830627826345228  0.97885088121245112  0.98941651809306486  1.00000000000000000
 -0.00239349216748892  0.00992340989338258  0.02020627613863152  0.03077303527720092
  0.04132666023240215  0.05187208538179285  0.06235333120735004  0.07285365133605197
  0.08334437958999182  0.09386965452551493  0.10438858725758711  0.11490956687618649
  0.12541599704275780  0.13591404008609095  0.14640731749597738  0.15691133480257599
  0.16743720865537026  0.17796424940678926  0.18850133227200649  0.19903100455871947
  0.20955408309699969  0.22008415704005788  0.23061281284043755  0.24113956956525651
  0.25167441148736769  0.26220898707907958  0.27277255388499927  0.28334316374999591
  0.29390501719963014  0.30445475115117610  0.31498922548075459  0.32552360590954660
  0.33604364305346535  0.34655421688118315  0.35708483678220299  0.36765284755706279
  0.37821106118738068  0.38873826973593145  0.39923717787095780  0.40974504562892872
  0.42028421347281131  0.43083078086181126  0.44137999169803666  0.45192671726154710
  0.46244498503926551  0.47296356699958725  0.48346887208218087  0.49399725640583436
  0.50450274509048609  0.51503384635860816  0.52558502600401280  0.53613861966408372
  0.54667397136941309  0.55723036087495603  0.56777436474492871  0.57833196283055299
  0.58885349856587443  0.59938149933792895  0.60991908311815424  0.62044143248037398
  0.63100733579746038  0.64156036850535614  0.65213268258245294  0.66269469548026871
  0.67322500132405305  0.68377492605716039  0.69430855568473060  0.70488746074156683
  0.71546052230985058  0.72601570034087026  0.73652698364106706  0.74700504133308621
  0.75750801212763674  0.76804043108749354  0.77861435550531510  0.78919933925492169
  0.79977466551884502  0.81033352128388747  0.82087351635387062  0.83142322823086079
  0.84197462534562728  0.85252352225351247  0.86306388547871882  0.87362758643914573
  0.88419116042188950  0.89475851868405376  0.90528624005370850  0.91583208022562057
  0.92635781036000386  0.93689527342239165  0.94740411102615174  0.95793047678756438
  0.96843948666298152  0.97895872069187106  0.98947384513391445  1.00000000000000000
 -0.00243895524465744  0.00975110803915603  0.01999369200621328  0.03053393865093995
  0.04107100995691122  0.05160033957913941  0.06213576951328804  0.07266882346605928
  0.08319824149968393  0.09372960605419232  0.10427283512077780  0.11481362988158712
  0.12535091924639080  0.13585776165469632  0.14635746435993122  0.15685422067907953
  0.16738233808005090  0.17792736298569489  0.18849482048327129  0.19905632643055290
  0.20957246429090418  0.22006267209591454  0.23056929227108344  0.24109571841092628
  0.25165693318216681  0.26221309391047182  0.27278396335016547  0.28332712626542733
  0.29384416209411557  0.30436630763449996  0.31487518304503193  0.32540597377724706
  0.33592180579321496  0.34646453659021781  0.35700668412452263  0.36753501347219536
  0.37806475105143111  0.38859682476543572  0.39915043737561423  0.40971891031925667
  0.42028263928139681  0.43085259220649796  0.44140596239819119  0.45196691622154694
  0.46254830300312827  0.47312467940020414  0.48370283067733033  0.49423421874887313
  0.50475935667351568  0.51529048581220283  0.52581306866217425  0.53635042592014304
  0.54686954616460426  0.55741741834123582  0.56794714484335107  0.57847716093463619
  0.58901641927093462  0.59954307628004233  0.61009298018109581  0.62063159616899699
  0.63119048265482613  0.64174672114096087  0.65229793447981443  0.66283088730626050
  0.67335884545421743  0.68388828262842938  0.69442090991127459  0.70496056518004080
  0.71550994627329290  0.72606712307855281  0.73659932282925233  0.74710305645887853
  0.75759393018138876  0.76807833395325376  0.77859098003271054  0.78911999607999828
  0.79966602234457362  0.81020441826253609  0.82072571860394605  0.83125883575451931
  0.84181519293207574  0.85239358552173394  0.86295540318480712  0.87348826628803233
  0.88399929403207644  0.89451287680318503  0.90504334655376328  0.91559739808750029
  0.92617144003060359  0.93674419468814951  0.94730009647068336  0.95783791967166787
  0.96836650521447076  0.97890213416516869  0.98944778422689073  1.00000000000000000
 -0.00251940317806952  0.00947421206737856  0.01964112022744713  0.03018358227268568
  0.04073777490700500  0.05127422809566244  0.06180654933210089  0.07236518290789852
  0.08291152469002816  0.09346009351937407  0.10398595331980341  0.11453788619140241
  0.12509635424920859  0.13563882714201958  0.14615726452622921  0.15665815795774843
  0.16718848211655335  0.17772770425013751  0.18828923797053049  0.19885497450864101
  0.20940042359714256  0.21994220198298961  0.23048046583855433  0.24101316060770925
  0.25152191580490996  0.26202259527882665  0.27255271637812944  0.28309199851639577
  0.29363492747805353  0.30414648912306469  0.31466317814000094  0.32520382677985971
  0.33576861717421641  0.34631946971832428  0.35684453158274537  0.36737232254532137
  0.37789148700209191  0.38840738636082833  0.39892552154351330  0.40948938067918200
  0.42004443970961414  0.43061292765059239  0.44116035996325748  0.45171678938760418
  0.46223395449022037  0.47276074449856137  0.48329104067973433  0.49384720033699436
  0.50440446046461518  0.51492785160042231  0.52545442594003089  0.53597793111323877
  0.54652690429942852  0.55709403504801591  0.56766681649074546  0.57824546461089721
  0.58880703818981817  0.59932299692975877  0.60986352741251648  0.62040626271080823
  0.63098574986554889  0.64152804405491526  0.65206101971257513  0.66258145416698810
  0.67312052468676775  0.68365344335801903  0.69420581900084311  0.70476840769934468
  0.71534257935408874  0.72591754674677400  0.73648463161746514  0.74702580742897207
  0.75754392741555787  0.76803487368756451  0.77855018760608941  0.78906590393092912
  0.79959890108529086  0.81012868757522671  0.82065525638193193  0.83121376258119173
  0.84177345444284435  0.85236335956716081  0.86292313261541620  0.87349748722795717
  0.88405337380281201  0.89460151495358320  0.90512127898962591  0.91563856386420317
  0.92617317266970423  0.93673138033009684  0.94726945867941137  0.95780411539680899
  0.96832325999336544  0.97887571708867327  0.98943172657665457  1.00000000000000000
   1.5412466381678336E-002  -1.0000000000000000     
 F F F F F F F F F F F F F F F F F F F F F F F F F F F F F F F F F F F F F F F F F F F F F F F F F F F F F F F F F F F F F F F F F F F F F F F F F F F F F F F F F F F F F F F F F F F F F F F F F F F F F F F F F F F F F F F F F F F F F F F F F F F F F F F F
  <DiscreteSampler_grid>
  grouped_processes
  1 # 1 for a reference and 2 for a running grid.
  10 # Attribute 'min_bin_probing_points' of the grid.
  1 # Attribute 'grid_mode' of the grid. 1=='default',2=='initialization'
  0.0000000000000000 # Attribute 'small_contrib_threshold' of the grid.
  0.5000000000000000 # Attribute 'damping_power' of the grid.
 # binID   n_entries weight   weight_sqr   abs_weight
    10   10   4.495088243759739E+013   3.208611623669280E+027   4.495088243759739E+013
    11   10   4.495088243759744E+013   3.208611623669293E+027   4.495088243759744E+013
  </DiscreteSampler_grid>
