  0.00949351861703461  0.01652911187953243  0.02547525426255772  0.03631880752274151
  0.04668408731125194  0.05708491095860969  0.06750809830984544  0.07793282392617043
  0.08832187076047514  0.09868532315810427  0.10905131412821428  0.11946937925386771
  0.12987598094132738  0.14025851562675268  0.15058960516541756  0.16092796055079978
  0.17125888865683175  0.18164633363771335  0.19203641236483915  0.20245529395850936
  0.21285200125283696  0.22323448049348407  0.23360685023223990  0.24401213692878834
  0.25442317815494181  0.26482871270839053  0.27519824051050235  0.28555096638060740
  0.29590668111945834  0.30626627279744784  0.31663999722189967  0.32701074851902223
  0.33737551292013906  0.34772813184209417  0.35809366768785944  0.36849508846555107
  0.37888025654098051  0.38924403873363517  0.39957160342017900  0.40994663841353229
  0.42032826234275572  0.43067806964114841  0.44099951434836837  0.45134178333238645
  0.46171862111462841  0.47210374112945569  0.48247658572371138  0.49286159591556955
  0.50326109452522216  0.51365661761075254  0.52402755457448635  0.53438198334006493
  0.54474302609299941  0.55510613381443630  0.56548460357951169  0.57586209883856099
  0.58624570991328429  0.59660833240264000  0.60696074880518369  0.61733931168841050
  0.62775470188719007  0.63818176834083273  0.64858696874966604  0.65896342677874387
  0.66932521727289074  0.67970039880696265  0.69009499424678367  0.70049602185454873
  0.71086875693130713  0.72121106097191190  0.73156160970793516  0.74192401377592088
  0.75229517002722246  0.76267614938537887  0.77307826311866201  0.78349324437063717
  0.79389998568225562  0.80427793924886248  0.81465472963740937  0.82503675166692192
  0.83541976320979761  0.84580845286196071  0.85619028323780833  0.86657534973616013
  0.87692610919061453  0.88724702853924697  0.89757420404516952  0.90790847051865764
  0.91826122940484767  0.92862733656261531  0.93903134991401183  0.94944298832043206
  0.95984047465412825  0.97020462227292115  0.98055215124144857  1.00000000000000000
  0.00958624598835740  0.01586187963920592  0.02504936009658297  0.03584043571360884
  0.04618605091011210  0.05658994398348025  0.06701222967263819  0.07743888724543221
  0.08783139156856924  0.09816900306277046  0.10853416118053683  0.11894711577975708
  0.12940123812466742  0.13981275622379347  0.15018215653607439  0.16053540828786128
  0.17089884122394244  0.18126403623522763  0.19162669882990466  0.20199037750220478
  0.21237297581920347  0.22275632672312157  0.23312379357193608  0.24349840334975242
  0.25386553426300917  0.26425516844699593  0.27462316144225501  0.28500659612164841
  0.29536208377269518  0.30571946208810930  0.31607656567020864  0.32645272286249172
  0.33683166221803856  0.34721090643497465  0.35757655827660695  0.36795620682565905
  0.37833921402873161  0.38873510757645086  0.39908270338757279  0.40941040313229971
  0.41973344034948679  0.43008677584507393  0.44042949558303712  0.45077781419153712
  0.46112159540341080  0.47147706287981866  0.48183628538667778  0.49224640400420905
  0.50267783576000435  0.51311318552799379  0.52349065293217367  0.53385258698977567
  0.54420876717933531  0.55458646787962029  0.56497192018944942  0.57534748916619294
  0.58570802763334107  0.59606235209311376  0.60642837710331532  0.61680096951143326
  0.62716228002613972  0.63752257931111223  0.64790083613908789  0.65830632478344631
  0.66872504769920982  0.67913209074480163  0.68952675601540281  0.69990723555388945
  0.71028017732414195  0.72064769719330846  0.73103707300775711  0.74143542157100872
  0.75183360960997769  0.76222687752656093  0.77263721911038696  0.78305970214990905
  0.79345174895094339  0.80382016872348327  0.81417551819074385  0.82456058714551439
  0.83494074707386456  0.84533547291858391  0.85574651432722837  0.86617065267179139
  0.87658622795350005  0.88695292662985692  0.89731244240897856  0.90767351088498305
  0.91808108330886495  0.92847261347975107  0.93885775210094613  0.94920585972770133
  0.95956941907889204  0.96999024432221870  0.98040617939847552  1.00000000000000000
 -0.00233892409401121  0.00959171961309757  0.01978771784388020  0.03035755776562675
  0.04096597684935377  0.05156111987657417  0.06213384582166619  0.07264870211192063
  0.08316475752230834  0.09365281725839689  0.10414418169052390  0.11464182774468520
  0.12518243961411199  0.13574884820416697  0.14628847656973384  0.15684460581748907
  0.16738351494427683  0.17790594350772562  0.18844494250713922  0.19897847388107232
  0.20954340117026873  0.22001617105418861  0.23053050472578643  0.24103555169592611
  0.25162562359409979  0.26221180927972154  0.27277476320735178  0.28327795575348258
  0.29375048064726744  0.30426315302224810  0.31477428567937538  0.32528849899604945
  0.33582433514424265  0.34637981036819210  0.35694917444475815  0.36749674392816528
  0.37804165815996305  0.38855476684151441  0.39907366804942174  0.40959341467107568
  0.42013166267946350  0.43066584664446528  0.44119357363311379  0.45172635191706328
  0.46225550801712223  0.47282258218861478  0.48337113091959233  0.49391688597422390
  0.50441911544837625  0.51494809814566866  0.52550946214380345  0.53609848292595097
  0.54663438777298401  0.55714214368903525  0.56763240312995611  0.57815265900324009
  0.58867189956922550  0.59921454333718027  0.60978579208418560  0.62033986188451240
  0.63092188034094643  0.64144010947605923  0.65192886826677532  0.66242072642802752
  0.67296393184462666  0.68356137486789947  0.69410959023077534  0.70465449230614563
  0.71523121738259166  0.72580433150166790  0.73640356856145583  0.74692596792825039
  0.75746095783553058  0.76795969111380080  0.77848353422773331  0.78901362928452456
  0.79956156127602251  0.81014226170373860  0.82070289678456843  0.83124506660521202
  0.84173488921839867  0.85221485486854942  0.86270304675005383  0.87319775152985601
  0.88378106123469125  0.89436887626435313  0.90498749881081830  0.91555588278621980
  0.92616871909223519  0.93675991152083071  0.94738478377651014  0.95791691620736830
  0.96845870488477492  0.97891794436958346  0.98945895540318607  1.00000000000000000
 -0.00232158355029090  0.00979432882466329  0.01998007556228698  0.03046450162538987
  0.04097471283544182  0.05147774474662316  0.06203037443345094  0.07258472145836292
  0.08315745188556720  0.09370196451967264  0.10426238337505719  0.11486720898675774
  0.12544124117471525  0.13601596894272858  0.14655389817973907  0.15712234294091010
  0.16768268055437771  0.17824114461852722  0.18878815665771376  0.19930999009754602
  0.20987224847804392  0.22040317178615249  0.23097499443559427  0.24151009813960361
  0.25210219168849451  0.26270190806332994  0.27329177180008141  0.28384227284292940
  0.29435484996050770  0.30486241643603784  0.31537043811209081  0.32589868314840531
  0.33638217352557737  0.34690792239952306  0.35743490648245896  0.36801252206956903
  0.37852153115651532  0.38902122667984873  0.39952261643568182  0.41003223348734597
  0.42053314630124566  0.43103012970587928  0.44152600910462930  0.45202255085653592
  0.46252106144571253  0.47309100820785455  0.48363525569095711  0.49417245397896842
  0.50461350960384121  0.51506444574523136  0.52557315284261052  0.53613175689229853
  0.54671875080403054  0.55725493581449781  0.56781347351884925  0.57836094744658928
  0.58894040236259093  0.59949995888551388  0.61007664822758734  0.62062029566950672
  0.63118197199999726  0.64175474102124275  0.65235793466241820  0.66296355963954856
  0.67354370202782698  0.68411631409712936  0.69469193609646296  0.70526355687269349
  0.71579482677485040  0.72630125335530338  0.73681996944612227  0.74734758052133643
  0.75782568841500719  0.76830258185628630  0.77879145941822492  0.78934787719317312
  0.79993486385103374  0.81051774085007866  0.82111122731183339  0.83169978044846660
  0.84227321437673364  0.85277984352128855  0.86325186745568538  0.87374431776511430
  0.88425587894322077  0.89476987441551570  0.90530565840575139  0.91583024892680198
  0.92639625849684204  0.93697446160113540  0.94753308693643545  0.95805906996754520
  0.96852203343882459  0.97902969299225284  0.98952114879344966  1.00000000000000000
 -0.00238277830743635  0.00948266497627869  0.01961992079263524  0.03012155588595989
  0.04072777503927212  0.05131222185915022  0.06190358592106704  0.07243925373754641
  0.08301368831053847  0.09358617701701244  0.10415178608644110  0.11471877112982165
  0.12527668163527680  0.13585577905526039  0.14644043139231833  0.15700929250453841
  0.16761365582751567  0.17818023629760668  0.18878471786452306  0.19929551046422100
  0.20985029254712861  0.22037822335365045  0.23093612605002584  0.24151177456085279
  0.25207706303012184  0.26264592946125120  0.27313679730734292  0.28361796571253584
  0.29411469644799138  0.30463770745448926  0.31518897366498766  0.32568537597863784
  0.33622070111179264  0.34676598967047467  0.35734273169207992  0.36791136417961229
  0.37845920373061726  0.38901510576942161  0.39949525146358777  0.40999262575281792
  0.42047078571270557  0.43102080481889027  0.44160461365454101  0.45219742832887944
  0.46276846599690979  0.47329236441174150  0.48383607903065290  0.49433944797398771
  0.50486331683092822  0.51532592897929286  0.52586685045599890  0.53641620501478404
  0.54703529687445307  0.55758168966914290  0.56813225332426520  0.57865299673683079
  0.58920796420488752  0.59972980690746569  0.61024410747176128  0.62076677670921110
  0.63126900714778345  0.64176678871018322  0.65228733281473772  0.66286449559349903
  0.67344808668161915  0.68399599458205396  0.69454603206111931  0.70509732832178384
  0.71564194740635256  0.72616756337176158  0.73670216709526315  0.74724196608392179
  0.75778126074295715  0.76831060680637775  0.77883465468895174  0.78938809120979525
  0.79995059362399512  0.81048426380848571  0.82099925832268728  0.83150229488475214
  0.84206431772537083  0.85259745657725561  0.86312720760304751  0.87365240844017256
  0.88423971412912605  0.89484937984895485  0.90540287115235241  0.91587038503607887
  0.92634067129988107  0.93684386255289565  0.94740718453568196  0.95795519705558585
  0.96852462837156106  0.97903569325309081  0.98953845504766380  1.00000000000000000
 -0.00222108102083022  0.00988157571333859  0.02014173799628650  0.03065861073549614
  0.04119874138088687  0.05174457730251496  0.06227408473338882  0.07276018803952133
  0.08323919337646844  0.09378391808813585  0.10435127167118069  0.11490958373090458
  0.12543796670761570  0.13597719060236160  0.14654338088424607  0.15702842026220165
  0.16749896606629505  0.17797383348123150  0.18847946724065140  0.19896280989667262
  0.20944368672525943  0.21995927425738157  0.23053927496217547  0.24113576544145432
  0.25176748266221471  0.26235568260501396  0.27293248753933180  0.28346354700791992
  0.29397691796026365  0.30451407465831609  0.31508509935940232  0.32566868427588158
  0.33623106730128327  0.34676301193440912  0.35728908131844672  0.36780627627277462
  0.37829590486007370  0.38880799528883947  0.39928050313134378  0.40979403946698367
  0.42029434195168403  0.43086358197819213  0.44141660312356601  0.45197092373597131
  0.46247222573778279  0.47297886237440612  0.48347219249815149  0.49400618763560461
  0.50455224419558342  0.51513141271396334  0.52565238815676985  0.53618932753661486
  0.54671997958554241  0.55734328780495179  0.56792364402553319  0.57849015626955358
  0.58906552297984038  0.59969700664859571  0.61033154704760884  0.62087116132361897
  0.63139942723840126  0.64192226270770447  0.65249797949658139  0.66303609784867157
  0.67361020280971362  0.68416691759614112  0.69474248911856740  0.70525174985781425
  0.71579172675377345  0.72632637481454543  0.73690226189831298  0.74742908300583777
  0.75792642157612544  0.76841977605112244  0.77889409650721830  0.78939372674152941
  0.79985198585945549  0.81031482333928018  0.82082864598851235  0.83141534180313748
  0.84202774115273882  0.85258866666908939  0.86312662205234381  0.87364142710292270
  0.88415541219864580  0.89467981738541558  0.90521849025302292  0.91576989275006060
  0.92632217720506227  0.93688912061109164  0.94743559618943085  0.95795355211343569
  0.96847847267884346  0.97898710561805080  0.98950448306767602  1.00000000000000000
 -0.00221700948452950  0.00947780911602433  0.01960811421869925  0.03006559690083740
  0.04061196566924215  0.05113005942816141  0.06172202578749657  0.07229741250752274
  0.08291637757627725  0.09343861312779783  0.10396220653886323  0.11445671185331011
  0.12497746107074025  0.13550114106091082  0.14604361930096094  0.15662794449728723
  0.16714361135586014  0.17763267986969522  0.18809123900313907  0.19858929490417790
  0.20907001893497718  0.21957156884525186  0.23004915320196187  0.24054586447419679
  0.25105946078144631  0.26158072301095353  0.27212054164051724  0.28263134723984268
  0.29316107670155123  0.30369892126455628  0.31427613109663904  0.32490327145767228
  0.33550637914437798  0.34605758731213832  0.35660933268277095  0.36716152013781633
  0.37772582875093325  0.38825076716683743  0.39877213678364398  0.40930687786813807
  0.41984055303028989  0.43038314367180519  0.44092085663748010  0.45144311639286794
  0.46198168110067883  0.47253235303790725  0.48306172306378242  0.49359500026960662
  0.50414824399735247  0.51475196353488117  0.52534284727745806  0.53586782500358277
  0.54640086919938402  0.55692665278248465  0.56745846626584762  0.57796707937660563
  0.58848308894093815  0.59901902519515915  0.60955123808333567  0.62006594365449741
  0.63059619254233046  0.64114601890673306  0.65170751660434900  0.66223295601290078
  0.67271384679947122  0.68319612716936118  0.69370306339820820  0.70423724487939487
  0.71478452197033715  0.72534879543125141  0.73591212558430641  0.74645236605567233
  0.75698390784985581  0.76755283631449256  0.77811611778231005  0.78872099891911218
  0.79925131520620596  0.80980883340313226  0.82033601041109916  0.83090725931624476
  0.84149216602145827  0.85206935830594077  0.86264592278403029  0.87320316166844680
  0.88376325399415834  0.89432940227256386  0.90491586266854940  0.91546754873688740
  0.92605105961273637  0.93662272670115088  0.94724610250227359  0.95783642002316605
  0.96842865868669137  0.97897745300987182  0.98950181221129485  1.00000000000000000
 -0.00248941177321251  0.00964973362647530  0.01984257357903966  0.03037960333730886
  0.04093650825476899  0.05151974881677709  0.06203970570277188  0.07255123941282483
  0.08306608136025734  0.09360952302173041  0.10416292044098646  0.11467915608734140
  0.12523813480347787  0.13580155548441097  0.14636863372751571  0.15688968740360051
  0.16741481213164786  0.17795244690801584  0.18842877243326658  0.19890485139966499
  0.20940267821720321  0.21996293016688062  0.23052971439709563  0.24108207633497689
  0.25162441659092788  0.26213523687672502  0.27269155756338126  0.28323292785543797
  0.29381085873815693  0.30431165816601352  0.31486202802107505  0.32539673065674035
  0.33598754045566698  0.34655364066820976  0.35709378035644862  0.36756567888372482
  0.37803049137093409  0.38852510071364715  0.39908279688696374  0.40964443255835198
  0.42019634048112020  0.43072879099932093  0.44124397131080312  0.45175841619257151
  0.46225650779726463  0.47278827785844335  0.48334117363681223  0.49391888794545885
  0.50445327998561973  0.51496414108927036  0.52546536694566592  0.53600288187702394
  0.54652771173618608  0.55705938010798106  0.56756074023011382  0.57811756452014140
  0.58867976841144476  0.59928356885211009  0.60985483161692411  0.62041734076131683
  0.63093725911851861  0.64145835643045579  0.65207871643404591  0.66271415593969785
  0.67333946325064453  0.68386158126662422  0.69441607042358844  0.70493669749654853
  0.71543331377817454  0.72591116476876794  0.73640905435073878  0.74693663270860888
  0.75745602485282715  0.76800050534456465  0.77854297164693653  0.78911262223836687
  0.79970597309977187  0.81029962824525259  0.82086329689946547  0.83140970134690029
  0.84195473636552731  0.85255489471425783  0.86313448078889587  0.87370282132964938
  0.88424255625672965  0.89479906854390334  0.90533160515868250  0.91583092601057103
  0.92633382957934651  0.93692719620112508  0.94750056652171721  0.95805937250601370
  0.96854660524769598  0.97900512066984924  0.98950191648435271  1.00000000000000000
   6.9733803898322594E-002  -1.0000000000000000     
 F F F F F F F F F F F F F F F F F F F F F F F F F F F F F F F F F F F F F F F F F F F F F F F F F F F F F F F F F F F F F F F F F F F F F F F F F F F F F F F F F F F F F F F F F F F F F F F F F F F F F F F F F F F F F F F F F F F F F F F F F F F F F F F F
  <DiscreteSampler_grid>
  grouped_processes
  1 # 1 for a reference and 2 for a running grid.
  10 # Attribute 'min_bin_probing_points' of the grid.
  1 # Attribute 'grid_mode' of the grid. 1=='default',2=='initialization'
  0.0000000000000000 # Attribute 'small_contrib_threshold' of the grid.
  0.5000000000000000 # Attribute 'damping_power' of the grid.
 # binID   n_entries weight   weight_sqr   abs_weight
    10   10   3.155843949554873E+013   2.325498620269673E+027   3.155843949554873E+013
    11   10   3.155843949554873E+013   2.325498620269673E+027   3.155843949554873E+013
  </DiscreteSampler_grid>
