  0.00962970974472701  0.01356986314546020  0.01675018206742668  0.02021590775886083
  0.02420603677547649  0.02860042393621751  0.03322525128800217  0.03794141641525198
  0.04291614098321506  0.04821668719274098  0.05371052605642658  0.05933639539050307
  0.06520635305235215  0.07133175044720495  0.07759358872743490  0.08398923754963124
  0.09055395904251290  0.09724201700514086  0.10407934419324164  0.11104997773843941
  0.11811224790303063  0.12522139531818552  0.13248080617005273  0.13977398960686177
  0.14730131730525978  0.15494340709378326  0.16263698355152534  0.17030872977970510
  0.17802194405527980  0.18587370739967576  0.19391176513504330  0.20207037882434004
  0.21027335476801542  0.21852113622751262  0.22689476518847876  0.23546928003262563
  0.24418201508071055  0.25287056814162789  0.26150854098661691  0.27024747313857572
  0.27911039533218268  0.28799484182020568  0.29691856429046543  0.30587043977202744
  0.31490321307371322  0.32407771252222151  0.33332442386782041  0.34263617710194061
  0.35187328295952541  0.36114430899953137  0.37049922958527592  0.38010303151573321
  0.38992450192597716  0.39969071610188545  0.40931774350106492  0.41899411236255202
  0.42894544157314185  0.43896342826385892  0.44890660123562898  0.45886957796652877
  0.46897296050745096  0.47928983997165481  0.48946993642767017  0.49957685656155132
  0.50965332744622915  0.51974592055790025  0.53019361457775593  0.54088085519166307
  0.55184708286607509  0.56281192498381849  0.57389896164808762  0.58503105092978114
  0.59608493281831532  0.60728912758036580  0.61873476936033944  0.63052512586518783
  0.64243588145009933  0.65452791080144768  0.66679063873746225  0.67909716669122511
  0.69140450667358189  0.70383752556594459  0.71660289975284730  0.73008043025649549
  0.74460784641058031  0.75932620843118370  0.77408400603810701  0.78947711471207882
  0.80591444377446375  0.82308055876117714  0.84163989928492244  0.86196153923030927
  0.88521807242766870  0.91232396850511022  0.94717397830872851  1.00000000000000000
  0.00979325622366183  0.01283922107828226  0.01805839425003057  0.02471347128740319
  0.03188634656963434  0.03926121096841841  0.04679340249352824  0.05453779782146523
  0.06252615985652966  0.07074747422966368  0.07916932094649616  0.08769626304721122
  0.09648486848830337  0.10529230731652925  0.11421409675907804  0.12331741477660034
  0.13261672221442225  0.14199180117189841  0.15138080886166649  0.16081832506614921
  0.17037924273046037  0.17998661062071683  0.18959427666505357  0.19924662488480246
  0.20903334843349863  0.21902100904875824  0.22907509092128181  0.23913058545394963
  0.24930381992438849  0.25967500111852948  0.27016099908022784  0.28042266254636061
  0.29052552279680649  0.30068911604832727  0.31096434793376343  0.32130095136648174
  0.33168078793734607  0.34215561849284049  0.35264236879862770  0.36293324381318576
  0.37315290802758572  0.38348575055774753  0.39404785074732807  0.40469552086842603
  0.41523512131161000  0.42564388230350081  0.43607492096292344  0.44651160818491864
  0.45698693451462330  0.46754785904191981  0.47821924115374292  0.48902168268253865
  0.49992478537042234  0.51091023191028540  0.52189793638170645  0.53277796235421604
  0.54358889980142988  0.55448573659525435  0.56560936422381858  0.57683334260832109
  0.58800398959370370  0.59939881315541410  0.61094288269693497  0.62254944556998615
  0.63358428946848444  0.64464878435538797  0.65572103073053645  0.66683085190035907
  0.67798607015513002  0.68927605697506289  0.70084669481812334  0.71270773062825177
  0.72460408369671991  0.73612566464193885  0.74757329987523913  0.75934949117233796
  0.77142589425489594  0.78361762703679461  0.79584032417906447  0.80802867052265470
  0.81987056808558989  0.83168737301040574  0.84344088736093825  0.85492683947994330
  0.86601019981212757  0.87698167793480075  0.88845410241891831  0.90012160524694895
  0.91164431141520041  0.92200416499454629  0.93150234394009412  0.94416581245438969
  0.95874756027174035  0.96911413722443562  0.97735006329669283  1.00000000000000000
 -0.00258729018904029  0.00996277088575925  0.02007829007848595  0.03059083032684442
  0.04096134754460865  0.05173722074305510  0.06250709653400373  0.07329520754517421
  0.08391524806552841  0.09469052807250035  0.10557532227936968  0.11632187087317389
  0.12683304287135849  0.13726770662561877  0.14769448048322587  0.15808655527120241
  0.16823344835121917  0.17839378302095982  0.18859241902891777  0.19883556264830166
  0.20901327336244127  0.21936201480213041  0.23004170936757801  0.24083057685493206
  0.25173841611966863  0.26274247162392494  0.27376093842436883  0.28442734832683347
  0.29492898519114791  0.30557034354327245  0.31610530299130518  0.32651437124063959
  0.33674538125258496  0.34689835202911762  0.35707656669734888  0.36712404209632871
  0.37716113290950387  0.38728697160846470  0.39756653331798419  0.40813096097343554
  0.41860983565652693  0.42904708579378681  0.43928014141550731  0.44949282503841925
  0.45977518162044234  0.47017813033799832  0.48061397931893374  0.49098220328275266
  0.50135128742856327  0.51167501088441492  0.52196863466648169  0.53247046076259219
  0.54306909239258139  0.55371122647037252  0.56429103453194285  0.57482592265385168
  0.58529383022241821  0.59553443006439166  0.60568103049522470  0.61584550129592730
  0.62590636832087243  0.63597145660300303  0.64612684541923804  0.65672295027028971
  0.66734044960231764  0.67788875745999999  0.68840983600480865  0.69904476474384825
  0.70978018831438561  0.72041871774325261  0.73109306937326601  0.74178130430739264
  0.75244693373163241  0.76320395711253952  0.77385595843713184  0.78456381301756584
  0.79516560168639061  0.80576012970136002  0.81627259886107917  0.82704486286314516
  0.83800502181493142  0.84918723486866210  0.86022065332346975  0.87132441667237293
  0.88222065286020102  0.89273584329121092  0.90319035904559442  0.91380734181725110
  0.92476997880254430  0.93567862221071108  0.94646496216329590  0.95699473863796991
  0.96749002561990249  0.97807651040017773  0.98896098078035932  1.00000000000000000
 -0.00239258710381999  0.01008292168483116  0.02036847499357942  0.03062426843148718
  0.04113289832737237  0.05165368649940744  0.06235275907008592  0.07262607484440811
  0.08295888104482796  0.09315725020496587  0.10336060740870077  0.11368434692556958
  0.12385232240360228  0.13407299544411971  0.14430662237879263  0.15462659720069460
  0.16493630391528347  0.17496902803272515  0.18491756456046543  0.19505973331015283
  0.20549837597200454  0.21591876881939112  0.22635845852200126  0.23696609929178827
  0.24789139180925659  0.25873067593307592  0.26960093146317515  0.28050367692900968
  0.29141881590698615  0.30213786459123698  0.31288303832168701  0.32364112870228257
  0.33447302617140456  0.34532657723989885  0.35607069864101354  0.36685949582903760
  0.37784957478180481  0.38890659730370758  0.39975944101274252  0.41032898509394083
  0.42079852741308471  0.43113661188865071  0.44155944913734763  0.45210523057924368
  0.46298556003674074  0.47382497603191931  0.48478724350167229  0.49580190011349906
  0.50679123920651425  0.51787753680421722  0.52861344665653276  0.53916523804152738
  0.54933076857557539  0.55944216892795551  0.56970410354549228  0.58012247598686706
  0.59079402399707537  0.60175049616380538  0.61243738354603283  0.62299547129820654
  0.63340774358701879  0.64393603764687335  0.65420465838949138  0.66429598864656614
  0.67466036914334782  0.68527536188301885  0.69586799530330812  0.70631321496515154
  0.71690866411094500  0.72756081038340770  0.73825579851159706  0.74887863209920824
  0.75945671360330824  0.76990555512589398  0.78067847723757133  0.79158756982817247
  0.80245511585248552  0.81310853469642996  0.82367271155404520  0.83395916512033463
  0.84396266279286902  0.85374382538534888  0.86363068993150627  0.87353862710537855
  0.88380222389345753  0.89426813471940669  0.90479443636730550  0.91548354067958326
  0.92634863093215336  0.93740198001278496  0.94802024615906100  0.95858227724165201
  0.96929440609450934  0.97988718773958439  0.99013028312325557  1.00000000000000000
 -0.00238599935537865  0.00984023900680491  0.02043806483402226  0.03125080460782182
  0.04218948844626481  0.05244938032001572  0.06258625479962628  0.07262513104408075
  0.08273300507163155  0.09297033195588145  0.10346267328765221  0.11406540574537243
  0.12432000256565520  0.13472704137788222  0.14544592853505681  0.15657492154387823
  0.16769107889833756  0.17863391153912345  0.18948305268543000  0.20020905549606507
  0.21062678416706282  0.22068204550572132  0.23081804133232853  0.24110026406701560
  0.25158424136470880  0.26224352567786968  0.27309822198357664  0.28393913663212039
  0.29447633139885265  0.30519850439047486  0.31599139535515286  0.32668111903047814
  0.33702383254540080  0.34732932464870725  0.35795283509745429  0.36870523953054402
  0.37960204081257903  0.39020159828418849  0.40084733184973870  0.41134228128834510
  0.42174783028375495  0.43220575451887355  0.44293611773657349  0.45385685579069901
  0.46451089740728824  0.47502933756851856  0.48547882672552001  0.49608480180901093
  0.50640674967487320  0.51677692771870631  0.52714553524148999  0.53758526436837695
  0.54801174985540557  0.55858364035150776  0.56909553950317870  0.57958959599755810
  0.59014639032585825  0.60094062563353579  0.61174826001349880  0.62257916509551514
  0.63305845655617554  0.64322472031272926  0.65313056991654617  0.66328552130875518
  0.67363013014804807  0.68422643375511338  0.69481087008940068  0.70556940952195657
  0.71626685579688854  0.72696181805463911  0.73769566027350919  0.74854859132942286
  0.75941319603064850  0.77015550274267996  0.78054157855949236  0.79104732333566830
  0.80149794897434656  0.81176054735297232  0.82211773628572549  0.83233409965639571
  0.84265628124648584  0.85301084139906591  0.86365894597565229  0.87440859586638131
  0.88485743529164085  0.89552061627512114  0.90627966407507954  0.91707764602788844
  0.92727886187567743  0.93738809506036302  0.94767078541050787  0.95824931679292413
  0.96881957877636959  0.97938251133601162  0.98972971479039407  1.00000000000000000
 -0.00212717170051343  0.00978196512181118  0.01954347683553675  0.02974968389167776
  0.04005235464561901  0.05095423117354681  0.06204985890504066  0.07247963247302873
  0.08291599534800559  0.09320361682356038  0.10392026628739871  0.11478627872279572
  0.12567347507555846  0.13625733019380559  0.14709545550241168  0.15773845353781060
  0.16856490831957469  0.17870530048941702  0.18899908326688614  0.19937348671083133
  0.21002182330036487  0.22089159800619607  0.23138714115591372  0.24158049893040573
  0.25186234478226349  0.26224303961180284  0.27268741356539672  0.28285388263884925
  0.29297603564528035  0.30321925658193916  0.31360704219941909  0.32402840451612736
  0.33461297828289999  0.34497198880833702  0.35511037941299245  0.36531333534650579
  0.37563657869437606  0.38650859584116226  0.39740967459376086  0.40860570546868946
  0.41955604282159487  0.43013001382423161  0.44041954758138685  0.45052444767276972
  0.46056052863230268  0.47070957179140405  0.48101652407554413  0.49163055549795520
  0.50210525275321283  0.51253415434157601  0.52302044064937236  0.53355660963412199
  0.54414883274830572  0.55486986162202134  0.56567668257891179  0.57638474012353536
  0.58689981757895959  0.59708234754800116  0.60725991506272903  0.61764788237458379
  0.62840237478958016  0.63946748310127288  0.65036186981102984  0.66134065950074195
  0.67209571089761411  0.68296956024636424  0.69373801135046509  0.70430049293074026
  0.71464306757574836  0.72486130852469588  0.73545237279331255  0.74623570421784735
  0.75721895653037596  0.76802196289081948  0.77873173101861715  0.78915155656725056
  0.79959573684839291  0.80996731643495423  0.82069290747071644  0.83146575785843824
  0.84234968632272766  0.85315725309405965  0.86365239887221135  0.87389959709387521
  0.88392799536496947  0.89411536022623173  0.90456696003671422  0.91494263471943515
  0.92539929358854656  0.93599170135263043  0.94667946676972070  0.95752112079363538
  0.96810614544909357  0.97864725028363952  0.98927276700790401  1.00000000000000000
 -0.00214735191196562  0.01001695092064653  0.02022619553480048  0.03075770270955293
  0.04140231534529345  0.05196044605020217  0.06252118422011366  0.07329735336597284
  0.08416722949275103  0.09480704478636319  0.10529379296065296  0.11570980157481964
  0.12626581243894328  0.13676601989652426  0.14727693385275506  0.15775073996764333
  0.16848061752487350  0.17920537916307161  0.18987215772873106  0.20034869510091044
  0.21094305485526305  0.22164806875356469  0.23231686695024353  0.24301168930471787
  0.25349864202770545  0.26396403921679995  0.27426206123707880  0.28461463333532927
  0.29488410016459193  0.30505272516941834  0.31497566424866369  0.32497434133078473
  0.33523470730690735  0.34576070040389673  0.35661982560006844  0.36770733512721826
  0.37883299699206141  0.38977609435449595  0.40053216420262933  0.41117024729653096
  0.42180659544257809  0.43243946043036019  0.44329589375345746  0.45389843484743614
  0.46451096361729211  0.47512098424082150  0.48566406886232577  0.49607153771841084
  0.50643323165844645  0.51684426480672008  0.52726035221981071  0.53758392255783682
  0.54790527933111299  0.55837342816243063  0.56886292774093150  0.57928233314106470
  0.58955423346064451  0.59975039329987867  0.61017001897864909  0.62053632303323225
  0.63117206767235268  0.64174845968552618  0.65246322215874519  0.66318496011899863
  0.67381297948696761  0.68436398019147882  0.69493753257661317  0.70572009602874597
  0.71638286540227858  0.72700484339127003  0.73752046456811859  0.74776134015710161
  0.75787279904937577  0.76803071271009105  0.77847983119185671  0.78896442408440393
  0.79929737157858993  0.80972719456925624  0.82026162918656342  0.83076232234104663
  0.84146859203586877  0.85220179961080356  0.86270168864705421  0.87326914444689940
  0.88384216515017544  0.89451846196040330  0.90482276661582839  0.91512891886954761
  0.92568825761437101  0.93641502760591155  0.94722683460859780  0.95801957665721216
  0.96862595983126398  0.97911285206590126  0.98952095902285087  1.00000000000000000
 -0.00257767513478792  0.01014445612642611  0.02067853192429530  0.03115655346517241
  0.04179186049532363  0.05210606461766099  0.06226222937280361  0.07220409017345218
  0.08219597081437076  0.09247164947489495  0.10268226278707006  0.11323773766526998
  0.12369714579848307  0.13421615904484366  0.14474043675733156  0.15528210157144873
  0.16576181230036660  0.17611492190265554  0.18649858350691367  0.19682932825499863
  0.20713450668160413  0.21760118919235480  0.22803846909036618  0.23852308797085964
  0.24897296022757709  0.25955556353242221  0.27022607925096820  0.28096109277281600
  0.29169237173314982  0.30241734222023597  0.31292564714952820  0.32333205668083437
  0.33381803744552524  0.34450745766634877  0.35541075023471469  0.36602075826698482
  0.37637932846126143  0.38689397161209094  0.39744961261884226  0.40812397480728058
  0.41853117446419508  0.42889638647084255  0.43936180625358645  0.44971381928380311
  0.45981151361210471  0.46990343632145443  0.48020879122546445  0.49086847088755192
  0.50162042818162522  0.51242726098564362  0.52307388634612373  0.53356752322840717
  0.54397374449881031  0.55443846778838235  0.56463574928922322  0.57508512605992079
  0.58547164486748171  0.59606268061302381  0.60655488855781237  0.61705612605169113
  0.62763541446468218  0.63824438563685848  0.64897864839647978  0.65973126653578362
  0.67031759059337159  0.68066540345355664  0.69099790463317612  0.70148130302120304
  0.71213790260415766  0.72275234363991669  0.73304813313324535  0.74321514571507863
  0.75358878930160078  0.76413762340703395  0.77470521758001787  0.78515844770300969
  0.79570134735309062  0.80636979915725870  0.81712132951551808  0.82791165001087530
  0.83869028922341837  0.84927961371918559  0.86003509922827948  0.87074074139585012
  0.88140543053112808  0.89186697947786187  0.90253919677450989  0.91332569732467961
  0.92418032272282624  0.93510610339125333  0.94613998663539234  0.95728133730239440
  0.96814268914329948  0.97896802275555583  0.98945653125071609  1.00000000000000000
   2.8814448831616235E-025  -1.0000000000000000     
 F F F F F F F F F F F F F F F F F F F F F F F F F F F F F F F F F F F F F F F F F F F F F F F F F F F F F F F F F F F F F F F F F F F F F F F F F F F F F F F F F F F F F F F F F F F F F F F F F F F F F F F F F F F F F F F F F F F F F F F F F F F F F F F F
  <DiscreteSampler_grid>
  grouped_processes
  1 # 1 for a reference and 2 for a running grid.
  10 # Attribute 'min_bin_probing_points' of the grid.
  1 # Attribute 'grid_mode' of the grid. 1=='default',2=='initialization'
  0.0000000000000000 # Attribute 'small_contrib_threshold' of the grid.
  0.5000000000000000 # Attribute 'damping_power' of the grid.
 # binID   n_entries weight   weight_sqr   abs_weight
    10   10   1.193502376527391E-014   2.947843945383550E-028   1.193502376527391E-014
  </DiscreteSampler_grid>
