  0.00968185022079888  0.01575306827563356  0.02508079549979227  0.03594330290261192
  0.04641020453480099  0.05687885691464380  0.06733770673294416  0.07779399483133154
  0.08827436024868318  0.09877000554894845  0.10928278345646979  0.11977203077597655
  0.13023539478858759  0.14069304258022705  0.15114328968746801  0.16159050808488745
  0.17204833284616691  0.18252622391297063  0.19303495551561048  0.20353629711298912
  0.21403470163544069  0.22452614586860531  0.23503555655360397  0.24556344469033334
  0.25609367892375146  0.26660053636049069  0.27711394567979469  0.28763099768108796
  0.29815407063811961  0.30866597727666134  0.31919219811775046  0.32971265447799947
  0.34021867138761064  0.35068737902508296  0.36118991932761485  0.37167057090895711
  0.38215830888932917  0.39263384179673105  0.40315623902986175  0.41368904862679390
  0.42422036765728144  0.43473175517843776  0.44522776726975755  0.45570872019839415
  0.46617602207378606  0.47665557032259065  0.48712193362171324  0.49760565854651401
  0.50808350626010157  0.51856693009749555  0.52903835495028928  0.53951217027990261
  0.54999223436026867  0.56049410381354237  0.57100938349647490  0.58152234489244725
  0.59203621578674870  0.60254960299911486  0.61307834572256947  0.62356688828827378
  0.63405596678389919  0.64453159565605211  0.65502453993751364  0.66550610972354984
  0.67596522811354354  0.68645661790877732  0.69692238724908928  0.70739955632458273
  0.71778854209825882  0.72819565704857570  0.73861412065442644  0.74909020108031954
  0.75958889052424383  0.77008592641853502  0.78058580648066722  0.79106854934837090
  0.80154535153764328  0.81203667852100436  0.82253184286091907  0.83303221859679621
  0.84355300522406629  0.85409304004428088  0.86464271936154324  0.87514429426860263
  0.88561024659914134  0.89608234460019165  0.90659013505746144  0.91716805734392548
  0.92770239964689660  0.93821830561663988  0.94868038617017647  0.95919571722959063
  0.96971627839100438  0.98022691098486381  0.99093377160305396  1.00000000000000000
  0.00968106332689182  0.01604096356384263  0.02513376658581999  0.03598327199125410
  0.04636979571950125  0.05676052901746902  0.06713574515438864  0.07750717491549829
  0.08788151729974125  0.09825165334560870  0.10864651800411579  0.11906319848475595
  0.12946528651476608  0.13984361594279360  0.15020851447479480  0.16060660693080214
  0.17098432315458545  0.18137077129239729  0.19174643011325881  0.20217241215951404
  0.21255421152744011  0.22293005429928509  0.23328791367580848  0.24365179218763103
  0.25402670043271730  0.26440821295962463  0.27479830939270311  0.28518131386528511
  0.29557539651975751  0.30598115486753275  0.31640167636035249  0.32680912617851376
  0.33722044132892764  0.34762823085384287  0.35798946606504328  0.36829770550396534
  0.37858698932944640  0.38891738118245101  0.39930224283213311  0.40969317066001160
  0.42008471118752205  0.43048274243763623  0.44091562667015871  0.45136147009331173
  0.46180210822798029  0.47219996761761013  0.48258605475006466  0.49296692470640935
  0.50335977304323853  0.51375718001928394  0.52414139836195317  0.53453369434035081
  0.54494659571920301  0.55537778325714882  0.56579225226120222  0.57617078476880068
  0.58653509357695099  0.59690959840499025  0.60728057748442477  0.61763560680422880
  0.62799477106745250  0.63836457009204051  0.64876061877910929  0.65917009790252001
  0.66956437139414127  0.67994307108541374  0.69031191566300865  0.70069497723384910
  0.71107736772340902  0.72144897884988390  0.73182167263157349  0.74219138216037173
  0.75255447841993672  0.76290368642783501  0.77324793115819435  0.78357569286980755
  0.79390980360516572  0.80428302395859474  0.81469829782113989  0.82511656605185779
  0.83549897730353617  0.84586658740041154  0.85623952612870857  0.86662638104788114
  0.87700170211426576  0.88735241472741422  0.89770945394050572  0.90810607969034574
  0.91852740751719963  0.92896119407355016  0.93937566590523247  0.94978955244207386
  0.96018262532537413  0.97045344055059501  0.98073509883884313  1.00000000000000000
 -0.00148035192307306  0.01047578165041169  0.02097423971050769  0.03154013653621127
  0.04207197330907703  0.05259547085941983  0.06310753289956854  0.07366377307419705
  0.08415155481399654  0.09465617220824880  0.10512760605469548  0.11563425525818578
  0.12615987080797456  0.13667358246470621  0.14721542265919188  0.15770206545281040
  0.16820077013023510  0.17873044072731692  0.18930316438539477  0.19990671471511459
  0.21043595584376815  0.22095908373070686  0.23146418145093023  0.24199740947644530
  0.25254663606837008  0.26306403732215816  0.27361838148401579  0.28413626306241363
  0.29465656871700041  0.30514321459314281  0.31566809582918365  0.32620816879356385
  0.33671071532958202  0.34720596222015576  0.35768903799339014  0.36822350171251844
  0.37871107122676329  0.38922821687461129  0.39973377504039026  0.41026796271674776
  0.42076549816813302  0.43126978101845703  0.44179618060707937  0.45236308914763579
  0.46297692137628255  0.47360856918696070  0.48426597057456711  0.49488919318241020
  0.50552098287015090  0.51612192534029555  0.52669794799257008  0.53720757854794265
  0.54767847864884700  0.55818429814968473  0.56870191868734243  0.57925200838310065
  0.58976957346578818  0.60029834233273327  0.61080871267608650  0.62129190441968518
  0.63175944217969926  0.64224361212253189  0.65275247735699016  0.66327929839242739
  0.67383978882375228  0.68441162761205421  0.69497115206146265  0.70546515079331784
  0.71592424539977173  0.72637915673993281  0.73690085078086009  0.74741962944311635
  0.75795623878407636  0.76842262054366084  0.77894831258738151  0.78943338713954125
  0.79997486095171633  0.81048095840810852  0.82102676363938509  0.83155414159231122
  0.84208145113168031  0.85258458317118357  0.86306550910365476  0.87356133485186804
  0.88409639351511049  0.89464212041472813  0.90518546367367436  0.91577913209084338
  0.92637938857568825  0.93694982272917915  0.94747451230240720  0.95796422106703893
  0.96845046634034804  0.97895016943080060  0.98945904911165450  1.00000000000000000
 -0.00219932637317513  0.00965627487382607  0.01984292627302619  0.03038786900348810
  0.04095512701875958  0.05148440883200159  0.06198003768757282  0.07246848044667041
  0.08302141315785695  0.09363904855827507  0.10423736763017870  0.11484237831098415
  0.12538936353319324  0.13594062242411814  0.14645236849704846  0.15697768657242855
  0.16745046849235176  0.17791581340167964  0.18839285420571103  0.19889720044929984
  0.20941208240758749  0.21996005837267416  0.23054936406678811  0.24117073268021713
  0.25173870340308752  0.26228903031765038  0.27280314104777914  0.28334107832314726
  0.29390334128445178  0.30445196550848797  0.31499074320654935  0.32550602185940886
  0.33602884561095986  0.34655527060062491  0.35707938084759883  0.36762291681225773
  0.37817214198544541  0.38871155464051810  0.39923897356466698  0.40976800330640889
  0.42030574134596793  0.43086300030198277  0.44141268796732797  0.45197192347066911
  0.46247175296629689  0.47299859434138181  0.48353916292196131  0.49414554822946505
  0.50474957851072177  0.51531160641241913  0.52584413824221032  0.53634586566851228
  0.54688579102562240  0.55739077742175658  0.56789376536578906  0.57839281356239958
  0.58893133231108408  0.59944133301837943  0.60992058082332967  0.62040921618279909
  0.63094785932944741  0.64149771186275495  0.65203020313537208  0.66255031074243476
  0.67309075154690801  0.68362428053251623  0.69413569324880398  0.70466724646121137
  0.71525783877876847  0.72582294993191021  0.73636462074173081  0.74687414722833290
  0.75739448002504117  0.76792171306486168  0.77842180699557639  0.78894677709598704
  0.79942577593175412  0.80994717587054765  0.82042985407612046  0.83097607939601470
  0.84148957572940331  0.85204990693215632  0.86259917354010240  0.87316772932599285
  0.88374740310495592  0.89432482571139549  0.90491292044560623  0.91549664138981035
  0.92603736084552313  0.93658809459091175  0.94713436070384749  0.95775196676834540
  0.96834812464857600  0.97891927236310416  0.98946758649381050  1.00000000000000000
 -0.00250925958142811  0.00957076637888495  0.01976219728770650  0.03029328519317718
  0.04082977085496913  0.05136907080975939  0.06190837467418094  0.07245441436280937
  0.08297019277360444  0.09347476592014262  0.10398497799526397  0.11450256037622281
  0.12505536817513360  0.13561802137057805  0.14618749659156571  0.15671348760766735
  0.16722895513614455  0.17779000134494266  0.18836216063069727  0.19894012337710415
  0.20947882658500769  0.22004093781600995  0.23058588349517004  0.24113577539400755
  0.25164971534372144  0.26218045753543440  0.27274002531229519  0.28330930075391597
  0.29388229727268489  0.30443981533897152  0.31502006316526704  0.32558080250602861
  0.33610458634171037  0.34662204582973499  0.35714833085020065  0.36767198237284177
  0.37825870206427059  0.38884853915750406  0.39942789965753067  0.40999372454935218
  0.42054319399845180  0.43112539335045802  0.44164482803389071  0.45216737466450418
  0.46271650521423247  0.47325865603360534  0.48377350549835663  0.49425204586846622
  0.50472268565298772  0.51524876524299135  0.52578287806556367  0.53633630154882517
  0.54685659673505449  0.55736616279669549  0.56785294601760761  0.57837639044489819
  0.58893398462874058  0.59950642184583058  0.61004543821169099  0.62056175230976329
  0.63106383053019655  0.64157279009376222  0.65208961532041021  0.66261383545158348
  0.67313339815451334  0.68365744787854121  0.69417886153967723  0.70471043356215046
  0.71520212909276670  0.72569574924304103  0.73620628060629489  0.74672063350212581
  0.75728758576450050  0.76787395220867050  0.77848171919562259  0.78904095916154604
  0.79959293578280588  0.81015467022457277  0.82074737754551863  0.83132415956136463
  0.84187655571535236  0.85241221381683607  0.86293178666139703  0.87345122721913537
  0.88395970837673576  0.89449061873523383  0.90502931318120317  0.91558402258944915
  0.92612677158412249  0.93669932224056629  0.94724343943027900  0.95786775963393156
  0.96847183434823458  0.97905376699629154  0.98954084253058416  1.00000000000000000
 -0.00250248595322528  0.00958247397358485  0.01975266831895096  0.03028189136429056
  0.04085276570657086  0.05146414411509651  0.06204771911180111  0.07260378787516081
  0.08311934756669170  0.09363084490415047  0.10414920447699128  0.11469496222098681
  0.12522346948490576  0.13575594123709744  0.14626034772076119  0.15676717872891854
  0.16725776157274383  0.17776174257782532  0.18826725517459300  0.19877159078323231
  0.20928474752808254  0.21984297730658520  0.23043960654813922  0.24103968750931620
  0.25160471602542911  0.26212936256731928  0.27269680893389991  0.28327482677251709
  0.29383401157412214  0.30433109645413275  0.31480831036305362  0.32532752243922874
  0.33589778960148636  0.34649532065723282  0.35704425081653413  0.36756824685944323
  0.37808523185788984  0.38862903619936995  0.39915373409692201  0.40968976196179824
  0.42026599449728869  0.43083233216353145  0.44137876226113859  0.45189224206986012
  0.46241727296144586  0.47294898924742046  0.48346927332973283  0.49399719460177971
  0.50451885914817540  0.51512923191849913  0.52574752276103021  0.53633107670451696
  0.54683910524212276  0.55733641853082316  0.56788457943363735  0.57840730176304100
  0.58893528689009622  0.59945717083486261  0.60997227737206905  0.62046638299688406
  0.63100323470220754  0.64156376074380084  0.65214393722418929  0.66266527780843076
  0.67320395568903224  0.68371816071882174  0.69423064261672074  0.70472494054766499
  0.71522324324570130  0.72575364850260915  0.73630119351736101  0.74687463873499904
  0.75747412498925770  0.76809502500833249  0.77870870770159251  0.78923859977089106
  0.79974637730889786  0.81031925404281968  0.82090969817201909  0.83151556305891117
  0.84204185775369356  0.85259721287940005  0.86312497573487579  0.87365008485579465
  0.88417485161828457  0.89472239803703779  0.90524382555697336  0.91574690520244340
  0.92624667997384347  0.93674553726619658  0.94727090351799259  0.95777835582612980
  0.96834361289791138  0.97892308618335333  0.98947309310466258  1.00000000000000000
 -0.00218014566590380  0.00977243701007811  0.02000749467410889  0.03053977751803245
  0.04108933787160532  0.05161535994743203  0.06217585002591308  0.07273640139003724
  0.08330740093759996  0.09382629963789499  0.10435077114615192  0.11487485379423992
  0.12539500373144702  0.13591161280773528  0.14642510204803780  0.15692714248931389
  0.16743085421286738  0.17793496015464130  0.18848230153884879  0.19905316270147166
  0.20968533446650026  0.22028616364683401  0.23085725734006490  0.24134117715738859
  0.25184245756186252  0.26234195793881548  0.27285152282293745  0.28338619709831608
  0.29389099206877667  0.30442862493703882  0.31493863810761091  0.32545775495121315
  0.33596081993146432  0.34644357450036978  0.35699655057354324  0.36755717067040405
  0.37815553449737471  0.38873798898986534  0.39931546428560111  0.40985223649233199
  0.42034066757394994  0.43084186480649100  0.44133630110529798  0.45190053386810819
  0.46246304758549356  0.47304487988526545  0.48357568485985014  0.49411205119565621
  0.50466501610406778  0.51519364469177586  0.52571668314607001  0.53623610576356884
  0.54677559682068710  0.55732706065280102  0.56786350414578823  0.57840579760093491
  0.58888291856704911  0.59937640745788567  0.60986944340130633  0.62041923472400740
  0.63096489044506998  0.64152371366393135  0.65208833922463594  0.66264514004670905
  0.67317811964762164  0.68369834901939130  0.69421636922707741  0.70472703370252410
  0.71520575684582577  0.72569528626479574  0.73621350543797071  0.74676871194050221
  0.75734549497537385  0.76795193125319106  0.77856730186766421  0.78916778334140114
  0.79971305372341461  0.81020660710391923  0.82072028561727917  0.83123227777276476
  0.84182475754874542  0.85233024068193119  0.86287318490638210  0.87339089689911442
  0.88397977741472766  0.89451575663116201  0.90504357567237392  0.91553075923075011
  0.92608734594103703  0.93665474285781825  0.94723877580656246  0.95779313648773512
  0.96832578557797089  0.97891027069730407  0.98945162933011244  1.00000000000000000
 -0.00216391807343542  0.00969787404186676  0.01989605936090867  0.03041732479966504
  0.04097096836443821  0.05148776655813189  0.06198746252013537  0.07250792987540730
  0.08305023887006986  0.09359839120046695  0.10415644598693623  0.11472231266873860
  0.12534098552518924  0.13594975252902708  0.14654337372896314  0.15708208183992001
  0.16761450103054537  0.17814084397277002  0.18863989608445039  0.19917465562750356
  0.20974242259871337  0.22031055146073389  0.23082555787348408  0.24133626155322999
  0.25181868987740880  0.26231835152823785  0.27280744675646584  0.28331868184713749
  0.29386625586535309  0.30440643685500890  0.31497591986812501  0.32549762771440677
  0.33604382519384551  0.34656616108865201  0.35712481241701316  0.36766195231004872
  0.37822937202488982  0.38878939237678584  0.39936608177492289  0.40991722990116497
  0.42046194224360239  0.43099338030590484  0.44155660439768180  0.45212539937080432
  0.46270716499633696  0.47326997976356155  0.48382547589071762  0.49435242676678742
  0.50489944322013214  0.51541185711198123  0.52593108261339405  0.53643086732961176
  0.54695362561765049  0.55750245244455310  0.56804760187264092  0.57858889570375260
  0.58912037301807441  0.59967870503093412  0.61021161870256613  0.62076750638868117
  0.63128438969751166  0.64185303464046550  0.65237647204800076  0.66292684682153458
  0.67350367861387828  0.68408594365840036  0.69465319958658633  0.70520702617832054
  0.71575487364825707  0.72629217431983895  0.73679349569616792  0.74727327609739946
  0.75776139585229429  0.76828233077883024  0.77888028284664923  0.78952893935011814
  0.80014560207441054  0.81070283869391868  0.82122784979146546  0.83173498274609980
  0.84223237707816523  0.85271725945616372  0.86322345161556724  0.87375209386491703
  0.88427922342509591  0.89480096733548131  0.90534418777959091  0.91587943139509065
  0.92636522912280084  0.93681538156678690  0.94726607294393883  0.95774212601306863
  0.96825518732038152  0.97882221450322826  0.98941207078410387  1.00000000000000000
   3.1225170288223827E-010  -1.0000000000000000     
 F F F F F F F F F F F F F F F F F F F F F F F F F F F F F F F F F F F F F F F F F F F F F F F F F F F F F F F F F F F F F F F F F F F F F F F F F F F F F F F F F F F F F F F F F F F F F F F F F F F F F F F F F F F F F F F F F F F F F F F F F F F F F F F F
  <DiscreteSampler_grid>
  grouped_processes
  1 # 1 for a reference and 2 for a running grid.
  10 # Attribute 'min_bin_probing_points' of the grid.
  1 # Attribute 'grid_mode' of the grid. 1=='default',2=='initialization'
  0.0000000000000000 # Attribute 'small_contrib_threshold' of the grid.
  0.5000000000000000 # Attribute 'damping_power' of the grid.
 # binID   n_entries weight   weight_sqr   abs_weight
    10   10   4.622385181437709E+004   6.348455549259013E+009   4.622385181437709E+004
    11   10   4.622385181437709E+004   6.348455549259012E+009   4.622385181437709E+004
  </DiscreteSampler_grid>
