  0.00954130863033432  0.01645562590937171  0.02533046410647912  0.03616465579493965
  0.04649215276503896  0.05684760630432969  0.06720562419648636  0.07755093937754774
  0.08790190058099759  0.09828032677309440  0.10866162445749772  0.11904846960192211
  0.12942195192567610  0.13978757594043098  0.15015544819605611  0.16050515518867434
  0.17086682345180237  0.18124617256577616  0.19164773020160811  0.20204955502070285
  0.21243722153009803  0.22279868669638719  0.23317027721672351  0.24354898772029238
  0.25395238226648548  0.26434809830927947  0.27472444944764046  0.28509606324082570
  0.29547851095317190  0.30588358981429259  0.31629406965054091  0.32670916717351633
  0.33711519409721841  0.34749857099964632  0.35786680815627697  0.36822688845770807
  0.37862670349136385  0.38903161528540198  0.39941922901113441  0.40978918396030967
  0.42013259881336290  0.43049668462268231  0.44086923007482159  0.45124457016119390
  0.46161666167832571  0.47198222081110397  0.48237669943171052  0.49277945219875552
  0.50318720675517548  0.51359979804853040  0.52401394843654592  0.53440012607598719
  0.54476257540463080  0.55512474548245738  0.56549136504753950  0.57586316253762992
  0.58624490784235139  0.59664336561603037  0.60703610014577047  0.61740224112886088
  0.62774249504251756  0.63807270690305251  0.64841054232750261  0.65876367491343268
  0.66913754958525695  0.67950707191304716  0.68987117499559669  0.70026237348964671
  0.71066288611229345  0.72104686843368337  0.73140625041188900  0.74175804713478166
  0.75211440326342771  0.76246533593523624  0.77282366178187556  0.78321873912523987
  0.79361383797957785  0.80400422783223868  0.81435979339694486  0.82471220811487800
  0.83504705490655950  0.84540964942519292  0.85579280904331045  0.86621289519651434
  0.87661104480784413  0.88700540099731973  0.89737365589522011  0.90773874492160533
  0.91812124141160556  0.92852365386854363  0.93894789868259299  0.94935741040315325
  0.95976444622943835  0.97015274864095880  0.98052707868034339  1.00000000000000000
  0.00945358551741633  0.01604984433641280  0.02510865910813811  0.03599443886656785
  0.04638824155446292  0.05675925398850667  0.06711557619972539  0.07745228722841661
  0.08780859403631658  0.09818964810395676  0.10858739502652998  0.11897850054482065
  0.12937236707012170  0.13979157284934132  0.15023958398911083  0.16070184449368952
  0.17116629318701396  0.18160669326053988  0.19201157509551733  0.20241435039247815
  0.21283149573393417  0.22322101075352771  0.23358550086657487  0.24394379985843248
  0.25433197646740574  0.26471652696162512  0.27510844733642614  0.28549634601833579
  0.29588206927705729  0.30623938253239252  0.31657141848794451  0.32690546099053691
  0.33722801628860882  0.34757711900798050  0.35791911313922381  0.36828633797636212
  0.37867683177849171  0.38908966071406531  0.39950136908152900  0.40988052397692953
  0.42024657343442201  0.43059599501761991  0.44099172735304215  0.45137536916951781
  0.46175864664549970  0.47210734155161882  0.48248193604173567  0.49286097462022627
  0.50321167234373088  0.51354395238608042  0.52389591916869338  0.53428135515837694
  0.54466403104683847  0.55502423729934947  0.56535843110660755  0.57568074080879916
  0.58599786748643612  0.59633316260120617  0.60670311083169026  0.61709242264612019
  0.62747341987513328  0.63782389239315640  0.64817273932228625  0.65855186724686776
  0.66895670615369751  0.67936677827142533  0.68976879652340306  0.70018827973059272
  0.71063760527048025  0.72108258360317179  0.73150100828289744  0.74188594663962304
  0.75224714698676221  0.76261149390836758  0.77298683997863393  0.78335722575806388
  0.79373048491659859  0.80409548307434575  0.81447760735988317  0.82483832598053786
  0.83519244297683271  0.84552641540032580  0.85586836889102580  0.86618925753406328
  0.87652055380787297  0.88686261596470262  0.89723689324658729  0.90765659871542492
  0.91808319884960288  0.92852926146666337  0.93894944789772716  0.94936400232069307
  0.95976412108404030  0.97015105584789685  0.98052869897672634  1.00000000000000000
 -0.00245744221434815  0.00969806003410291  0.01990604794097939  0.03046039019662011
  0.04101279488523744  0.05160258237559982  0.06215475920748727  0.07275283072696967
  0.08334913539847862  0.09396511323104084  0.10454169151154756  0.11508247910607922
  0.12557969490702417  0.13608480772487569  0.14658750799433340  0.15713777107620397
  0.16767123769183503  0.17821024208948688  0.18871348373813171  0.19920690794394974
  0.20965657622258549  0.22015260415939752  0.23064767603100020  0.24120211322541257
  0.25171902399867829  0.26224148048610069  0.27274037179260324  0.28324168925593868
  0.29373849227498394  0.30423659924799606  0.31475738510329587  0.32531825708193263
  0.33588980563047438  0.34642224425540163  0.35695220932382077  0.36747270615025124
  0.37802313173541058  0.38855227364260081  0.39911356955157173  0.40961078110648097
  0.42016822342807736  0.43069076301065778  0.44125511786289212  0.45181558807749561
  0.46238883891443228  0.47300281063005833  0.48357034672432875  0.49412050227043414
  0.50464074160783146  0.51516638388811897  0.52570431917635796  0.53623845313691065
  0.54674831793664291  0.55725325502212308  0.56777496970962715  0.57829758330158865
  0.58882427631685164  0.59932532445771947  0.60983388351811707  0.62039625935125942
  0.63096714797118103  0.64156383443273868  0.65209041590649219  0.66258478520676711
  0.67305132035958015  0.68351336792044148  0.69401254627445752  0.70455177532204682
  0.71511655918415229  0.72569021197952954  0.73630910425343421  0.74691583044207466
  0.75754741651934376  0.76812467951711683  0.77871636484548357  0.78927391183804030
  0.79981503554901945  0.81033224717652275  0.82082949320918708  0.83135145804278110
  0.84191389724544419  0.85250569345756610  0.86304493305634633  0.87362775645826074
  0.88417828785200903  0.89475023394825093  0.90525994811537869  0.91575539277237317
  0.92623444045089509  0.93671038050463362  0.94722854558788050  0.95777056721046872
  0.96832934031936491  0.97890005699036409  0.98945676462740972  1.00000000000000000
 -0.00125099770354396  0.01025693523655529  0.02062817095610782  0.03111022960333356
  0.04157726530799360  0.05205368210994192  0.06253876926879338  0.07305691334534295
  0.08355929045782659  0.09408010868074693  0.10460929225537180  0.11514605613555477
  0.12566407584670666  0.13619956473689576  0.14672095171170049  0.15730735741584706
  0.16785536959648706  0.17842865401932187  0.18891672962010725  0.19942244340422091
  0.20989645974356411  0.22036608370374197  0.23088880154929034  0.24140531380977337
  0.25195946548899656  0.26248806611980652  0.27300978244090973  0.28352828435938443
  0.29401474931780497  0.30454920707276301  0.31506073540814111  0.32558954347447933
  0.33608078663346680  0.34662478308238426  0.35718186886367931  0.36772525602589978
  0.37828432075823215  0.38884733280615091  0.39942227535719693  0.40996057516088696
  0.42049638680465656  0.43102629379654134  0.44153835802170771  0.45201847565469688
  0.46252661701825343  0.47303604863701249  0.48354453301771777  0.49401530542407718
  0.50452916936506620  0.51506013815464535  0.52564864765837982  0.53619839424820470
  0.54672505011630612  0.55722526191573452  0.56772373587011193  0.57823411147464043
  0.58878248895756446  0.59932218445365926  0.60986611972106874  0.62037722374276316
  0.63096037864791277  0.64157106544360709  0.65220997504995681  0.66281709239617692
  0.67341399454954887  0.68401051862396423  0.69454358213105472  0.70507519283343301
  0.71557975841452759  0.72614622001228124  0.73673773201796655  0.74735133565083334
  0.75790002174241666  0.76840343732888061  0.77888052451975431  0.78936190371530757
  0.79989393467803427  0.81042706883752091  0.82100189678136948  0.83155101922804731
  0.84212994637442318  0.85265324161933054  0.86319613068284640  0.87368350054035182
  0.88416550223277113  0.89461990141684944  0.90509417185433472  0.91561549610197168
  0.92612474735845407  0.93668619340371928  0.94729290041783099  0.95793225649833968
  0.96852494488843888  0.97906275571978507  0.98954244370281541  1.00000000000000000
 -0.00159887076202661  0.00976264448263193  0.01997798713579423  0.03051342647844010
  0.04109050470543837  0.05163972679145105  0.06223433634179315  0.07280747356717024
  0.08340067272839292  0.09397910592628225  0.10454903935786415  0.11511390253742475
  0.12567754272115508  0.13623972360064707  0.14679394483631197  0.15734585238821447
  0.16792176658497637  0.17845257278096899  0.18896533674707075  0.19946476086388948
  0.20998395338022496  0.22049943353519957  0.23099826911740504  0.24150773149883986
  0.25205652989661326  0.26258933332257162  0.27311170530745021  0.28360973264777306
  0.29411964988934891  0.30463060905683448  0.31517086215703305  0.32568569747388981
  0.33620194913770135  0.34667934281566193  0.35723035684266313  0.36778032188147980
  0.37834992049645505  0.38891226881847096  0.39948521827913108  0.41003879479319838
  0.42053375202182236  0.43102216865042631  0.44152131014948298  0.45208163478659191
  0.46265484315834221  0.47319704281513825  0.48371694679251620  0.49424907352147079
  0.50484971455417837  0.51542515221201213  0.52597811008809958  0.53647015810976972
  0.54698840723722919  0.55749095853910102  0.56801835586658422  0.57853342215608827
  0.58907223480778292  0.59961642027837303  0.61013609046241679  0.62065655411996001
  0.63113660471610833  0.64163202795855279  0.65212804601782526  0.66270311020083683
  0.67332154867484073  0.68394408870701662  0.69451631770480804  0.70503059313728556
  0.71552075748704891  0.72604042821255654  0.73666987993876620  0.74735276784480287
  0.75801235790755195  0.76858468362445398  0.77917058918472148  0.78973995012562981
  0.80027989636102903  0.81071366292608316  0.82114328909597500  0.83159822579368348
  0.84210093912414397  0.85259881971098472  0.86313481506319434  0.87367729006879935
  0.88423460001329979  0.89473931744154478  0.90523094678138838  0.91572704117779569
  0.92624607229592681  0.93675316186029689  0.94735349292640147  0.95793249757069732
  0.96850021381867302  0.97898282287729255  0.98947291707976037  1.00000000000000000
 -0.00228963870464403  0.00967854300529320  0.01986343830677538  0.03036163232278769
  0.04091179131860424  0.05148456533928653  0.06205338950032147  0.07260760432857712
  0.08315037401221029  0.09364556170716118  0.10411161352412746  0.11455369719995277
  0.12507882841512874  0.13563429499958671  0.14616611844241428  0.15672337996059771
  0.16725408214813520  0.17788694153419765  0.18844192861742889  0.19899412659708945
  0.20954194201490375  0.22009527516545385  0.23062237998363211  0.24112502385067597
  0.25160787002298340  0.26210373423641919  0.27261703491554173  0.28315390813125568
  0.29368180676838812  0.30416835389574554  0.31464565522763543  0.32516707361586306
  0.33567101656498249  0.34623107121965602  0.35676689143417345  0.36737603577932598
  0.37795309303770191  0.38851576882188160  0.39902678678113035  0.40952225185462765
  0.42001712772498206  0.43055744202249774  0.44109994189669965  0.45167560640122034
  0.46224276505870482  0.47280594465187864  0.48333654914550539  0.49388004685853970
  0.50439251532042073  0.51497755136718271  0.52553429597520596  0.53614428280145687
  0.54669316204177265  0.55722448274637526  0.56774400822509996  0.57826374416993631
  0.58878348899098076  0.59926538853571043  0.60979465316981685  0.62034939876982498
  0.63095765421956729  0.64152879918006422  0.65208781666132931  0.66264448021521971
  0.67321744677270035  0.68376607796334132  0.69432423140124744  0.70486685285057782
  0.71541978607554335  0.72596624363764362  0.73652005941591625  0.74704071041401077
  0.75754805930207758  0.76805208368848710  0.77863329350455035  0.78921435493506420
  0.79984182079188515  0.81044064898689827  0.82101179833399496  0.83153529702855733
  0.84205855606198055  0.85263236420034927  0.86316708361376970  0.87369374845921388
  0.88420029342673978  0.89474105654805602  0.90525747129680056  0.91577657616090724
  0.92630532215567452  0.93685106711448840  0.94738572987808389  0.95793607821599625
  0.96846151708511530  0.97896995695912004  0.98947068446330244  1.00000000000000000
 -0.00228966480129871  0.00953871723585946  0.01967362710778592  0.03016182274029404
  0.04066716192613017  0.05115128222019609  0.06162400090413953  0.07214014746028734
  0.08263469627130299  0.09313876402942564  0.10365060064704693  0.11420814821412749
  0.12477785328405797  0.13532005246180237  0.14587697272535155  0.15642694677755492
  0.16698032179523378  0.17751924428736177  0.18806938520711552  0.19861676677422682
  0.20915924149936482  0.21968571685241553  0.23025930181756774  0.24084939517340742
  0.25141341756279523  0.26192272106109943  0.27241763124403778  0.28293308842047976
  0.29345278948980774  0.30398010627497907  0.31453485062092285  0.32507569483184351
  0.33562155458659759  0.34615567854494561  0.35673706723991677  0.36731302905768948
  0.37786314239877139  0.38841273211772998  0.39896626454195439  0.40956996575234678
  0.42014155695471334  0.43071542266373536  0.44126452741182171  0.45180568615056993
  0.46234821262388681  0.47291002763529283  0.48348296123788342  0.49403806560741709
  0.50459473810841149  0.51515351166346357  0.52573165125295063  0.53629903690211789
  0.54685439120582402  0.55738963860086665  0.56791950677367276  0.57843274592787886
  0.58895458060165840  0.59948316196952633  0.61001452515086030  0.62051577568847838
  0.63103309193645685  0.64156551254953798  0.65215867716826426  0.66271444936909107
  0.67327182818671449  0.68380233751155250  0.69431466746759241  0.70487890894769367
  0.71547386535766355  0.72609939708053928  0.73671553252544597  0.74729543668419862
  0.75784735403397485  0.76836698544759241  0.77890200458668746  0.78944997678940143
  0.79991026944784749  0.81036293075027188  0.82083307741471301  0.83137593579751179
  0.84190157892091133  0.85241886576585102  0.86292123721754110  0.87345894875556263
  0.88400903972007605  0.89454912828391409  0.90511126320691848  0.91564735435182276
  0.92621023552251602  0.93678879130014414  0.94736608237958575  0.95794412702737031
  0.96846696138670274  0.97901654840283137  0.98952133451372259  1.00000000000000000
 -0.00228447353742772  0.00953891479600733  0.01969200056141594  0.03019763188945232
  0.04069967567975018  0.05117127649522492  0.06164968379401439  0.07215886082453855
  0.08268903644842480  0.09320610995322869  0.10369950529363217  0.11419599381831012
  0.12472505597863173  0.13529490966106425  0.14585603012717566  0.15641042719011478
  0.16693686128467675  0.17748613065135746  0.18806901686476823  0.19864813564902370
  0.20922372108922715  0.21972842758300953  0.23025193567814381  0.24080507954764138
  0.25136876247074519  0.26190161521148386  0.27243762616150896  0.28296377788043775
  0.29351292125424844  0.30402468043835001  0.31453843811656751  0.32503039937265715
  0.33553101927944745  0.34604562812413209  0.35659339384948968  0.36711889702127404
  0.37761481880529024  0.38808166377880204  0.39857714420603929  0.40912881197675788
  0.41969058990156088  0.43026389609863408  0.44082236718830348  0.45136965276675417
  0.46193677408172573  0.47252337557613477  0.48309815300708370  0.49361588869902756
  0.50410630967382031  0.51467054382835653  0.52525803491465717  0.53583562694523923
  0.54633139705316158  0.55681879342458607  0.56733444542880085  0.57789781420561215
  0.58845615312329458  0.59902287915433927  0.60960787841514630  0.62018997258763353
  0.63074220087452415  0.64123066166327969  0.65175675593600269  0.66227863429853639
  0.67284567282360030  0.68338610847480197  0.69394300812717180  0.70447693638789866
  0.71501446339651886  0.72554361520481359  0.73609633041005962  0.74669585344321920
  0.75726283592992216  0.76782422584342325  0.77836014053974589  0.78893558592492041
  0.79951028186539397  0.81008071304411577  0.82066337946823942  0.83123430163375378
  0.84181113170829791  0.85236668417874828  0.86293378973513557  0.87345604890994988
  0.88399298446690866  0.89454240292918064  0.90512612527387404  0.91569584173981122
  0.92623996719848722  0.93675100694377844  0.94729284553412951  0.95786119087725408
  0.96845594981218430  0.97899711746478857  0.98951596535710595  1.00000000000000000
   1.0404890673970683E-017  -1.0000000000000000     
 F F F F F F F F F F F F F F F F F F F F F F F F F F F F F F F F F F F F F F F F F F F F F F F F F F F F F F F F F F F F F F F F F F F F F F F F F F F F F F F F F F F F F F F F F F F F F F F F F F F F F F F F F F F F F F F F F F F F F F F F F F F F F F F F
  <DiscreteSampler_grid>
  grouped_processes
  1 # 1 for a reference and 2 for a running grid.
  10 # Attribute 'min_bin_probing_points' of the grid.
  1 # Attribute 'grid_mode' of the grid. 1=='default',2=='initialization'
  0.0000000000000000 # Attribute 'small_contrib_threshold' of the grid.
  0.5000000000000000 # Attribute 'damping_power' of the grid.
 # binID   n_entries weight   weight_sqr   abs_weight
    10   10   8.001992567301022E-007   1.456123191140106E-012   8.001992567301022E-007
    11   10   8.001992567301022E-007   1.456123191140106E-012   8.001992567301022E-007
  </DiscreteSampler_grid>
