  0.00956521399542262  0.01551097289711901  0.02476316861636683  0.03552226800126787
  0.04589299695501828  0.05629093789300387  0.06669656390725331  0.07707573083508139
  0.08746294972710378  0.09784168075015245  0.10823285129781596  0.11861509697324292
  0.12899185243592254  0.13936874923652454  0.14973761536194183  0.16011321422048203
  0.17050319851191598  0.18090030957764916  0.19131605739107474  0.20171258813730478
  0.21208368958509821  0.22243952165185854  0.23278413817989579  0.24314817000663530
  0.25351966674134613  0.26389115610530928  0.27424043396953091  0.28463403215464977
  0.29503077001938843  0.30544766798761031  0.31583879160210571  0.32621879163352285
  0.33661436095878405  0.34700839630736291  0.35741715614166714  0.36782203663804763
  0.37821853306758724  0.38862580588610951  0.39903182268154858  0.40943188815807435
  0.41981494338571740  0.43017728483348622  0.44054121661762102  0.45090977895514156
  0.46129926815015121  0.47169240213297126  0.48208413659106503  0.49246616281608385
  0.50283833507300957  0.51321511903574168  0.52360017627523603  0.53400462619998490
  0.54440304880883816  0.55479657735887355  0.56517714299945288  0.57554969510443887
  0.58592507505143832  0.59630834722024528  0.60669722012506544  0.61707929950154250
  0.62745286222014984  0.63783562078379008  0.64822455271423951  0.65860903854321895
  0.66899914992382681  0.67939397358110698  0.68980178522323299  0.70021063590903765
  0.71061006371843316  0.72101493679535100  0.73142855626197445  0.74185503447301493
  0.75227093357053465  0.76268014691928621  0.77307920507627736  0.78346684802494648
  0.79382457387172523  0.80417599169362175  0.81453052680075189  0.82490282432458895
  0.83527004404193084  0.84565747744009057  0.85605478431935311  0.86645559547545103
  0.87684984835142032  0.88720553513878675  0.89754831200326002  0.90788572327538875
  0.91824229949334690  0.92861565411337310  0.93899976875140678  0.94938861578862466
  0.95978359993277584  0.97015585332355747  0.98052331966014916  1.00000000000000000
  0.00954699579157730  0.01567020420557900  0.02487644555248604  0.03564620697745919
  0.04600171459476848  0.05639529057366514  0.06679759572746093  0.07718813832814883
  0.08756676279616225  0.09797114343702654  0.10836380350503509  0.11875591974050188
  0.12912345079590645  0.13950435820719714  0.14989493108651597  0.16029910570832526
  0.17069239470872064  0.18109004097134820  0.19148189175486732  0.20187315728960697
  0.21225611093199753  0.22261607416428028  0.23295166801173070  0.24329591163610756
  0.25364681817573931  0.26402555414140572  0.27438275403182560  0.28475649042334983
  0.29513273286519565  0.30551928932430072  0.31589100153679067  0.32626723300918409
  0.33666004675589017  0.34707225584732038  0.35749219415991973  0.36789975086815507
  0.37831959193662812  0.38871601739584999  0.39909346991167760  0.40944831942447202
  0.41981463840878630  0.43019819984089469  0.44060251402570982  0.45101289338880568
  0.46142276961384576  0.47181615871291710  0.48219823755825003  0.49258589217506521
  0.50298399989079334  0.51338523569747962  0.52378476797601081  0.53418112677922180
  0.54458317229332920  0.55498054307650813  0.56537448131080226  0.57576395449563023
  0.58614968359235020  0.59653357890205672  0.60692240395845687  0.61731982842935873
  0.62770144025180608  0.63806551921284171  0.64842701282081083  0.65878522029180187
  0.66914444252085670  0.67950398510892673  0.68987189475566435  0.70024446976902999
  0.71060676988398486  0.72097643320300453  0.73135450243923583  0.74174185178143170
  0.75214221975198503  0.76254101989598466  0.77293373014455291  0.78332215869929356
  0.79372499411067710  0.80413264788703875  0.81452476706587129  0.82491020925703340
  0.83529994680705688  0.84570528557457880  0.85608810507928801  0.86645057723079022
  0.87679790512346656  0.88713792796405122  0.89749428331716541  0.90787516189916440
  0.91827258477589579  0.92867246253872049  0.93905500346257309  0.94945219091639654
  0.95984388185747793  0.97021401788197759  0.98055419672709443  1.00000000000000000
 -0.00251335092474988  0.00953137698121217  0.01970444591448701  0.03024349718331295
  0.04080475441171648  0.05136442648575838  0.06190399831756534  0.07245613913748497
  0.08301403239264459  0.09357721820326667  0.10414259952384343  0.11472470920965269
  0.12531880316985775  0.13589119543351613  0.14644485132064916  0.15696072704014699
  0.16747024097384555  0.17797743942199171  0.18850468932519915  0.19903676480561663
  0.20954447248416447  0.22005321316565885  0.23056705829701926  0.24109817212784060
  0.25163181383729155  0.26216913523329016  0.27270073710695170  0.28324892512497912
  0.29379389515663745  0.30433040045261200  0.31485220768439215  0.32538581833920771
  0.33591668190162510  0.34646013415592314  0.35699614934601226  0.36754804813678987
  0.37808898670741081  0.38863110393810135  0.39917770915689010  0.40972111038998876
  0.42024078151667116  0.43076675172088819  0.44128923709391193  0.45183634888853336
  0.46238886577128530  0.47294578895269163  0.48350773292937449  0.49403896721961843
  0.50456918032584874  0.51508291089131875  0.52561873781327795  0.53614891485841842
  0.54671257793507344  0.55726298614745839  0.56781868249644374  0.57835464180612650
  0.58890302396348848  0.59944597234179609  0.60996714262086560  0.62047686749292397
  0.63098057640599770  0.64150413060629030  0.65205434006259388  0.66262909827129390
  0.67319092200184005  0.68372155948841584  0.69422709815750350  0.70474116445986212
  0.71527936893299637  0.72583246571555682  0.73637349069499658  0.74690147126224871
  0.75743548906245572  0.76798356898452957  0.77855101186551856  0.78913195233515654
  0.79972598819398488  0.81030449678137217  0.82084947161365340  0.83139642641007105
  0.84194041633807548  0.85249923465840338  0.86305045052456208  0.87357744791670455
  0.88411616049725938  0.89464065831431860  0.90520491458114960  0.91576665226777987
  0.92632257622484382  0.93687383036152150  0.94740783316629429  0.95795840976483182
  0.96849893484534111  0.97903201343162560  0.98952879655127424  1.00000000000000000
 -0.00247662036315908  0.00950907646833083  0.01966951179519947  0.03019286034437217
  0.04075998635056718  0.05128867713486686  0.06180031835900557  0.07227944466108785
  0.08280192629863391  0.09329882690267867  0.10381922908368287  0.11432986426399251
  0.12487148820925668  0.13540851403786436  0.14594210438848529  0.15647217414322992
  0.16701037744676800  0.17754260535438277  0.18806312085284257  0.19858938342668941
  0.20911827164442065  0.21968569856699824  0.23023076048969299  0.24078760246390707
  0.25130315916345475  0.26184963796990546  0.27237225359903994  0.28290478678729486
  0.29341948335195112  0.30394875020616502  0.31448342713499844  0.32502175992708449
  0.33554970661547673  0.34606176313713605  0.35659514319174507  0.36712604370887741
  0.37769239224726930  0.38824520345762115  0.39879437005701623  0.40932423311986937
  0.41985875362553277  0.43042040124424263  0.44096276303123205  0.45150880441534164
  0.46206683948067967  0.47264523902959754  0.48322334359226338  0.49375959266032976
  0.50430347935360464  0.51480895595648857  0.52535924826513170  0.53591993019878970
  0.54651293193449846  0.55711712962373772  0.56769509233319204  0.57823627745696038
  0.58873664515434510  0.59926843798449114  0.60981675821438264  0.62036706814204956
  0.63089400490012337  0.64145236713888132  0.65201961405845343  0.66260670727137760
  0.67318298996495018  0.68374574631417395  0.69430264182781398  0.70483681526184239
  0.71537390012591673  0.72590306990502673  0.73643306272251552  0.74699179020780127
  0.75755000066578171  0.76808419754708046  0.77859330866041276  0.78909083812769643
  0.79962106361033947  0.81016490724983414  0.82073360686645791  0.83130856648273888
  0.84184734320474430  0.85238828287239521  0.86294471310775833  0.87352373770831149
  0.88405238945733033  0.89456106117595735  0.90504150408092032  0.91557507789669856
  0.92611335353315238  0.93670537484813943  0.94724906769103112  0.95780785936778534
  0.96832251857972906  0.97887846498630859  0.98942365772353535  1.00000000000000000
 -0.00239721593447723  0.00979533137412448  0.02002654819646924  0.03055052864129837
  0.04108616512660863  0.05157691317520620  0.06209408608709699  0.07260103323310339
  0.08315408767036996  0.09369726631192216  0.10423878809589746  0.11478113195818483
  0.12531669968584302  0.13584543499889651  0.14637867490001977  0.15691324463820888
  0.16744536664081963  0.17796902089225700  0.18849954737522778  0.19902572005966412
  0.20956006203376371  0.22006766436224831  0.23060399074891294  0.24114675560431620
  0.25168097897864139  0.26218787103648789  0.27269942130428199  0.28325158661544636
  0.29384426303083450  0.30442630864136200  0.31499374608336633  0.32552898922303186
  0.33604956649110262  0.34657302793845579  0.35710810784159047  0.36763899595476929
  0.37815107584698165  0.38864937185219883  0.39917793947255265  0.40973631198145860
  0.42028972304467693  0.43081480398503763  0.44133655806666239  0.45189975388337272
  0.46245812411149112  0.47300618442199471  0.48354365915648889  0.49409680348823332
  0.50464430872885746  0.51517377102579476  0.52568384203769003  0.53621498206193929
  0.54674543277028143  0.55731311055124200  0.56787936781172110  0.57844303227601734
  0.58900327759357807  0.59954322172386054  0.61009516142567810  0.62065189863716275
  0.63120533883005636  0.64175656349366350  0.65230350172243690  0.66287144993714342
  0.67343449641082309  0.68399305057945270  0.69452930368749610  0.70509053662511312
  0.71563929311274421  0.72619916053806455  0.73674925574723016  0.74728799078217056
  0.75783723713295137  0.76835768419816641  0.77890436077910885  0.78943332436876779
  0.79997255470777184  0.81048534261473981  0.82097976553263696  0.83147014978363376
  0.84197148557080881  0.85249536570416318  0.86306726068977091  0.87365277396077656
  0.88420816207856789  0.89472295997752638  0.90523359293259043  0.91578298940512937
  0.92632453544902449  0.93685025563148927  0.94735572059205952  0.95787270644543665
  0.96838568543563630  0.97890635317068020  0.98944274248801301  1.00000000000000000
 -0.00250666765070384  0.00941895198297353  0.01956548169911606  0.03010633460399566
  0.04066645443625296  0.05121704533823750  0.06181539153602984  0.07242021839106826
  0.08301889309537235  0.09356779028258054  0.10410552766033697  0.11463945003000095
  0.12516930262965995  0.13569673773266724  0.14621995764739157  0.15674750646613705
  0.16730049750394635  0.17786414750575974  0.18844549984073716  0.19899264007188980
  0.20955278880548428  0.22007438351728098  0.23062336720209678  0.24114840463433704
  0.25167760797993666  0.26220088595225477  0.27272958674945896  0.28326862675384912
  0.29380562084154316  0.30435509504838043  0.31490011982648680  0.32544150580783704
  0.33595027925692167  0.34649166220332178  0.35703206302463952  0.36760558685840383
  0.37815691854925831  0.38872509944484157  0.39926151288053147  0.40978712771784798
  0.42029079368564420  0.43081639430964203  0.44137814121703906  0.45193595561784788
  0.46248318168985580  0.47303930884457951  0.48358818493289923  0.49413198063602309
  0.50468598513242946  0.51525165833815634  0.52582269526965175  0.53637131244631397
  0.54694536842334451  0.55751036284431688  0.56804892345283453  0.57858827208322450
  0.58913526177751119  0.59971066999599987  0.61026512918246434  0.62084062426057063
  0.63142315128356619  0.64197015313848416  0.65249382484798735  0.66297245254449833
  0.67347019092275118  0.68400048846574157  0.69456048401317039  0.70511740375962062
  0.71564309167428097  0.72613371504653279  0.73665159496747845  0.74714611605685322
  0.75765257467315306  0.76815319878491706  0.77870550828448148  0.78926295481146458
  0.79981901800049626  0.81036896118177992  0.82092045402243119  0.83146111370821274
  0.84198432891676234  0.85250058642189330  0.86304538586004265  0.87360844482356281
  0.88416692977490596  0.89471533281779803  0.90523276410749531  0.91576291522871223
  0.92627437291431092  0.93680546482770932  0.94733452179190214  0.95788495446639121
  0.96840926415158657  0.97894645988413409  0.98946782534517574  1.00000000000000000
 -0.00251167247946083  0.00957270513443790  0.01975713311417012  0.03026583407853127
  0.04080009762064920  0.05132764617702558  0.06187560216230861  0.07239525739777043
  0.08290033215455367  0.09338127116453888  0.10388991139275135  0.11442699807416702
  0.12498943639513563  0.13555050246030270  0.14610743760917186  0.15660724534080206
  0.16712311025439935  0.17763011379198032  0.18819243602774005  0.19872504684470718
  0.20925376496752787  0.21977465587977407  0.23030906094527162  0.24084340706442300
  0.25138472629009900  0.26192632603042415  0.27248653547764695  0.28303896339860257
  0.29358433418839203  0.30411877534174808  0.31464961073424658  0.32518622362385791
  0.33571524559713278  0.34628455479250692  0.35681853483750908  0.36735762568397223
  0.37787545772621023  0.38841670584294508  0.39894502845098229  0.40945166085275503
  0.41997883800058383  0.43053613199449037  0.44110595611210995  0.45165411543343104
  0.46219378481079271  0.47272707041354212  0.48325275772201304  0.49377528837662943
  0.50430268569541215  0.51486259008456337  0.52541343166023557  0.53593343462054577
  0.54645219846490511  0.55696543058281522  0.56750102279520676  0.57802957832649959
  0.58857217501999448  0.59912135277396517  0.60964705756042736  0.62017689308673907
  0.63071640582273136  0.64128089084366258  0.65183536316027424  0.66239006536305056
  0.67294656046439938  0.68349296298920992  0.69406365375076051  0.70464501642662380
  0.71525287415310157  0.72581972576955556  0.73636779865699020  0.74690442005864366
  0.75743793538901416  0.76796679343963337  0.77849570567593585  0.78903099048844594
  0.79958965117439262  0.81015098535064622  0.82072385115267066  0.83126971535354366
  0.84181022398727512  0.85233238931180277  0.86287753031308845  0.87340941383143600
  0.88396313551416483  0.89451474576929479  0.90509770980894921  0.91567372659784407
  0.92626800441604262  0.93683364094921728  0.94738610075235097  0.95792109874028597
  0.96845933720115951  0.97899414864324497  0.98950058265599228  1.00000000000000000
 -0.00254832468454846  0.00951764424034838  0.01967232863945750  0.03018902142896982
  0.04072245982729800  0.05123392928542662  0.06177347480652473  0.07230217971889666
  0.08286995474969786  0.09341602608519257  0.10396212424392558  0.11450383197272113
  0.12505865023228430  0.13558549956217986  0.14613242047244959  0.15664526432677017
  0.16717832521989945  0.17769342313154649  0.18821740557348088  0.19874921107610949
  0.20927997032758625  0.21980699061768122  0.23035187822385736  0.24090063470175058
  0.25146091392558678  0.26198600005416106  0.27250391131619162  0.28304522658687536
  0.29359530108029719  0.30413217836728773  0.31466330029674788  0.32521010365303599
  0.33574870925657746  0.34625935601505214  0.35676141147780893  0.36728787341316205
  0.37782652392946309  0.38836181793837499  0.39888832007719738  0.40941246639008472
  0.41994451283286954  0.43046206231378381  0.44096482100448831  0.45146489521801764
  0.46197687712245344  0.47252579823963992  0.48307452104007259  0.49364413396600809
  0.50420864820575662  0.51477035857837550  0.52531907847794190  0.53584992393355879
  0.54637867294471965  0.55689075640525898  0.56741131180429050  0.57793373794778757
  0.58845529881500724  0.59899321660741045  0.60954378768393669  0.62011654276101069
  0.63068179284381742  0.64124475295806249  0.65183493944858617  0.66241557536606255
  0.67300016618892022  0.68354086959239779  0.69409310246467382  0.70462322984716907
  0.71518080147415541  0.72570745562327688  0.73626684804957887  0.74681595096738940
  0.75740790047533346  0.76799698881573031  0.77858510789940993  0.78913416124613078
  0.79968335609926244  0.81022583396246872  0.82078375024650296  0.83132444898262225
  0.84186832859360550  0.85239605022897391  0.86292121858617399  0.87343883371732323
  0.88395648845863561  0.89448537322201838  0.90502713346330010  0.91558675301627879
  0.92611825886624288  0.93665459665492179  0.94719606755239338  0.95778066986460475
  0.96835802525055670  0.97892492694300004  0.98946420215303432  1.00000000000000000
   1.5463081005556311E-002  -1.0000000000000000     
 F F F F F F F F F F F F F F F F F F F F F F F F F F F F F F F F F F F F F F F F F F F F F F F F F F F F F F F F F F F F F F F F F F F F F F F F F F F F F F F F F F F F F F F F F F F F F F F F F F F F F F F F F F F F F F F F F F F F F F F F F F F F F F F F
  <DiscreteSampler_grid>
  grouped_processes
  1 # 1 for a reference and 2 for a running grid.
  10 # Attribute 'min_bin_probing_points' of the grid.
  1 # Attribute 'grid_mode' of the grid. 1=='default',2=='initialization'
  0.0000000000000000 # Attribute 'small_contrib_threshold' of the grid.
  0.5000000000000000 # Attribute 'damping_power' of the grid.
 # binID   n_entries weight   weight_sqr   abs_weight
    10   10   1.807355338633513E+013   1.080101874303064E+027   1.807355338633513E+013
    11   10   1.807355338633512E+013   1.080101874303064E+027   1.807355338633512E+013
  </DiscreteSampler_grid>
