  0.00955389267333293  0.01596324337261777  0.02500647866241848  0.03577372262881116
  0.04607934436516200  0.05645762529396146  0.06683970079580018  0.07720907745597207
  0.08758223664938233  0.09794254101768564  0.10829329995476639  0.11859553566938363
  0.12890644932326600  0.13926223043509403  0.14967641792005348  0.16012419221771257
  0.17056410060379820  0.18093497646894272  0.19127935132002538  0.20165500658175428
  0.21203916294987685  0.22240153526707915  0.23272143852257030  0.24305091884899280
  0.25343177685483209  0.26380772527006052  0.27420925099105858  0.28457311347987363
  0.29493726253917668  0.30525318530026274  0.31559903178669907  0.32598256426554545
  0.33641926197396510  0.34682564439521518  0.35717561910092238  0.36747016542958488
  0.37782211279703287  0.38820460856367317  0.39863545703653386  0.40902372502230505
  0.41940221810699396  0.42978584247618173  0.44018732622997314  0.45059590398352378
  0.46102679342247477  0.47143880146251993  0.48185610564443315  0.49226714169095270
  0.50271864672221678  0.51318065661443912  0.52359022125453369  0.53396298149268517
  0.54431176776946444  0.55468411583578936  0.56508460932091886  0.57549554191607732
  0.58589820961284733  0.59629615740029807  0.60669793037561048  0.61710929505272571
  0.62751074791119998  0.63789568458828427  0.64826402302236652  0.65862633499672085
  0.66900060542436102  0.67938041927425030  0.68976338935688197  0.70013303561678741
  0.71047509210775306  0.72079965787005595  0.73113774348545801  0.74150664295314761
  0.75189692961666676  0.76229888296271364  0.77271157122271472  0.78312627509615385
  0.79354837949833834  0.80396599504084354  0.81438764504056482  0.82477805989317754
  0.83517696558438259  0.84559900630166862  0.85600695607363042  0.86640261898063686
  0.87674643713951761  0.88706603105953341  0.89738821065443075  0.90772925282690398
  0.91812499515144153  0.92851621283390073  0.93893504171544728  0.94931235606408504
  0.95971791318296951  0.97008529967591117  0.98045614122795033  1.00000000000000000
  0.00963431277896114  0.01559477194594950  0.02492582327420985  0.03576359386718357
  0.04617135441054665  0.05656640162990136  0.06695787812802198  0.07734669822241941
  0.08775224094104708  0.09819461112682133  0.10864065465680404  0.11906102119384349
  0.12939906451387054  0.13970403964167571  0.14997916954202908  0.16028964207299154
  0.17060434597335999  0.18096114366186006  0.19131334445874845  0.20168078742223261
  0.21203628559807677  0.22241346745487992  0.23279643684140622  0.24320080137268915
  0.25362345421776072  0.26405400967166814  0.27444273897055893  0.28477957034806145
  0.29506595863365315  0.30542715673272791  0.31581233999476643  0.32622934624188554
  0.33663086292438671  0.34702580982163589  0.35743364577545972  0.36782812557619493
  0.37823726714948169  0.38867007182461888  0.39909420021967018  0.40954285047392913
  0.41993926217654298  0.43032624448984369  0.44069015785711274  0.45107513522252662
  0.46145940437527899  0.47182792819920483  0.48219782514937098  0.49255603492296973
  0.50291100634290364  0.51325373527590312  0.52360873253530460  0.53398316431650084
  0.54434987893641174  0.55469964797214355  0.56503132542724199  0.57542524373306958
  0.58587778771316223  0.59633858562505926  0.60675075802752609  0.61711267284869176
  0.62745769283952735  0.63778594138800504  0.64810909717549237  0.65845868115258666
  0.66884466769873918  0.67924308045677106  0.68964151811806240  0.70004305705405467
  0.71042684916747756  0.72078223080254900  0.73112678582500190  0.74146212038896575
  0.75182750421707845  0.76221649944145520  0.77262174602922329  0.78300391205122244
  0.79335957536363211  0.80374422881050156  0.81416359503266988  0.82458131861042105
  0.83497411481560790  0.84536330825926542  0.85577444935895919  0.86617449745829667
  0.87655667571970397  0.88692510962440774  0.89730250465848793  0.90772129192560969
  0.91814142572100010  0.92855228324960093  0.93894587137270624  0.94931724494903058
  0.95970793500423057  0.97009994150921874  0.98048196635542495  1.00000000000000000
  0.16572683090254792  0.16641868719187242  0.16745071643772805  0.16845805267529929
  0.16946859256194866  0.17057357575182419  0.17170393379320156  0.17283593194004174
  0.17397013573841522  0.17510592065799244  0.17624372996094037  0.17739245316555802
  0.17855596887842115  0.17972598312760665  0.18089144117286207  0.18206019776309923
  0.18323571010082432  0.18441888829529049  0.18560651462575881  0.18682608957384142
  0.18803689323864453  0.18925061958819292  0.19047141398480016  0.19169953070135279
  0.19293187627136110  0.19417437481883365  0.19543121817824113  0.19669298251244749
  0.19796023464622889  0.19922939682320334  0.20050151061025642  0.20177193838126198
  0.20305380350489799  0.20436487135548306  0.20567791791220177  0.20699598947997633
  0.20831704868808773  0.20963813150455665  0.21095983118444186  0.21229939259217540
  0.21366214661781785  0.21502880094645585  0.21640442127494469  0.21778405398224998
  0.21916524637813359  0.22054737005354794  0.22195051207163752  0.22338147150991117
  0.22480484683181290  0.22623109512092027  0.22766491012938042  0.22911436761863488
  0.23056631242810643  0.23202855216224519  0.23351291638956173  0.23499346981062449
  0.23648785051968674  0.23799347532955875  0.23951075930326349  0.24101824664863863
  0.24255411768828769  0.24410452276525468  0.24566603809026316  0.24722895782349227
  0.24879698128802488  0.25036773364076242  0.25194274416923257  0.25353553719334770
  0.25515645231766659  0.25678200840445686  0.25841321794001221  0.26005198600567558
  0.26169543993062239  0.26334040384796120  0.26501716879533022  0.26671561967495722
  0.26841941424770999  0.27013139753409798  0.27185062526105869  0.27358128666599413
  0.27532045917524944  0.27707836768517280  0.27886294438947651  0.28065465506311293
  0.28245533448518700  0.28426708685601026  0.28609030437125316  0.28791394416587651
  0.28977805026550474  0.29165932874238970  0.29354832460381181  0.29544054794425639
  0.29736848775075131  0.29908911590903814  0.30000666025553618  1.00000000000000000
 -0.00235985053953369  0.00973006310901853  0.01997936447786018  0.03053091669722948
  0.04110303679559045  0.05168686778560967  0.06223629342312287  0.07277849531605746
  0.08320886090252273  0.09367018483845296  0.10416331440748032  0.11471949613539287
  0.12526018721138221  0.13578510822891945  0.14625709440075096  0.15674396677207356
  0.16725989148474174  0.17783404540529404  0.18845674555209657  0.19904090154815535
  0.20962949419652541  0.22015326929227974  0.23070466367198775  0.24124205500672688
  0.25175505177741109  0.26225154840936415  0.27274523876827433  0.28324714028628439
  0.29377938345584270  0.30430790552204706  0.31485104663434199  0.32536295780117919
  0.33589053318438333  0.34644783206297225  0.35697652174911026  0.36748881343794343
  0.37795882680708032  0.38845410290348836  0.39900763964406888  0.40961256145141395
  0.42028397739061779  0.43092886571016115  0.44153478503854160  0.45207619582549463
  0.46262925489288914  0.47318658529811697  0.48372470573639026  0.49423487389432924
  0.50475521915372890  0.51528385578294345  0.52584775460508548  0.53637318673314738
  0.54692250879381732  0.55748454529396274  0.56805108841123397  0.57861730837008907
  0.58911258660026433  0.59960884803220371  0.61014432341986780  0.62066489848460160
  0.63121769030764319  0.64171352138293203  0.65225057367664474  0.66278276613955434
  0.67331301747194372  0.68386787246215863  0.69446171439441484  0.70505709767997660
  0.71562398870295096  0.72622971735312059  0.73679645582443531  0.74735968263386754
  0.75783968837655691  0.76837986457593566  0.77889459770973180  0.78942480606643206
  0.79992483913824286  0.81041853106977590  0.82089173304144269  0.83141108769169203
  0.84197027171405447  0.85252064190862820  0.86304761949310038  0.87359027329820949
  0.88413374936185452  0.89463671429033587  0.90511501429955776  0.91565351920481197
  0.92628357229100822  0.93689392665388038  0.94746800691705280  0.95799177817318470
  0.96851116703581652  0.97900997727903127  0.98949798779489540  1.00000000000000000
 -0.00244245294662489  0.00952592712974929  0.01970447098750123  0.03024398123077299
  0.04076239568752014  0.05125017299091573  0.06176018240331570  0.07223576504214044
  0.08271841035340377  0.09320277672461426  0.10372623793427903  0.11427156297917387
  0.12480511690040003  0.13534972460856265  0.14588639013453800  0.15648014243789138
  0.16710799217412056  0.17774911448457190  0.18837709599072622  0.19898216981076619
  0.20952099547945616  0.22004164117207389  0.23051383045887852  0.24102253679586502
  0.25153269251739413  0.26208207752743151  0.27267899241185262  0.28323102520370730
  0.29378553459433782  0.30432801181254154  0.31490456509817993  0.32548127663852744
  0.33603346570577136  0.34661230171626639  0.35716127236591699  0.36774882593304120
  0.37828231125316608  0.38885054577961475  0.39936550570458379  0.40991514077871283
  0.42046789632723619  0.43101006843870404  0.44153312910842224  0.45206857616390556
  0.46263289850809464  0.47320517119500949  0.48372344153926183  0.49420657797717926
  0.50467073222135628  0.51518349911151418  0.52574431052932236  0.53630441539294316
  0.54681393415203738  0.55728453764680375  0.56779942124686444  0.57840234573505189
  0.58903173861768454  0.59965947381156059  0.61022694016129742  0.62076581935037922
  0.63127229613551661  0.64182179319313803  0.65238348779353661  0.66297299327509174
  0.67347707238020571  0.68398208500984614  0.69448736172686443  0.70503988733445233
  0.71561658082521296  0.72617382542717634  0.73672889994485902  0.74729134029271649
  0.75784257496504226  0.76839767188749375  0.77892291889436771  0.78949117731949336
  0.80005350748017090  0.81061120734068970  0.82117587566965544  0.83177409574717143
  0.84241166334957907  0.85298865655980605  0.86352525769803001  0.87401859473450483
  0.88454041420883212  0.89506182079341734  0.90561418154779771  0.91612046584787576
  0.92665131188623218  0.93717560277998069  0.94771951811804567  0.95826533512840006
  0.96872735177291414  0.97919499297901935  0.98961056907272227  1.00000000000000000
 -0.00235049546211652  0.00966595623764353  0.01983521970610388  0.03026383300480344
  0.04079110267628929  0.05132137828062215  0.06181048976548972  0.07226399372081034
  0.08272414567693155  0.09325010336222848  0.10374902217200971  0.11427246931930347
  0.12477479799309485  0.13531372392206972  0.14581131970236755  0.15635508659179201
  0.16690026367323368  0.17748916832565897  0.18807595160656687  0.19865462459734406
  0.20922014042526527  0.21979025546091385  0.23038762841085128  0.24100865371080821
  0.25158325842271223  0.26216036605033621  0.27274013115521267  0.28333465585465240
  0.29392410577849887  0.30450814982223262  0.31510032895496976  0.32565558309237175
  0.33622482169075529  0.34677412434124710  0.35740976675172459  0.36802338803174584
  0.37860156890087404  0.38912869032230013  0.39964811702552633  0.41016228225088519
  0.42065662247374547  0.43113184206665223  0.44164518810368020  0.45216547351942532
  0.46269240991408606  0.47320327979786414  0.48370014504148612  0.49414435969324028
  0.50462322715248209  0.51514413578681295  0.52574849026275738  0.53633459607348710
  0.54687122780204434  0.55739937911808146  0.56793126496898794  0.57850589810279918
  0.58902235626588439  0.59952271255490397  0.60998166333721038  0.62046317762236269
  0.63097494038679180  0.64147058652272060  0.65196243735690962  0.66244119555796344
  0.67298693831613676  0.68356922856186331  0.69416100806435255  0.70472548948424485
  0.71523961177332884  0.72572388773955454  0.73623169196828675  0.74677098108480888
  0.75733784716428409  0.76790808592831994  0.77853250567025323  0.78914731584580045
  0.79976411201327324  0.81028432511938853  0.82078462146752629  0.83124982068809194
  0.84172044611479391  0.85220628404265175  0.86274343035663503  0.87331359121940555
  0.88388760204234207  0.89439817659121590  0.90489828634413660  0.91540004997962687
  0.92597121430736040  0.93654046305643512  0.94706948411933378  0.95754007011442344
  0.96809587775900230  0.97872866477392162  0.98938854135210152  1.00000000000000000
 -0.00241510889099591  0.00960564707864489  0.01979843092830230  0.03036442531527492
  0.04091052542029090  0.05143847702409014  0.06198688242361118  0.07256596022697294
  0.08316877422441096  0.09370871567812715  0.10422741556027229  0.11479896052051744
  0.12545132358079572  0.13609357928609456  0.14667438107560934  0.15722686017910817
  0.16778181474006065  0.17833626954193546  0.18885999257540997  0.19939911619476761
  0.20992766904910395  0.22047002170077279  0.23104416306151851  0.24159499025884817
  0.25216421199214428  0.26271858770149625  0.27325731476339382  0.28379953001196623
  0.29428736622466534  0.30481001907452848  0.31534615787938847  0.32590524450465869
  0.33649449051557162  0.34701651501455072  0.35756689719528018  0.36804749135727971
  0.37854877417481614  0.38901536063259962  0.39953712684202641  0.41001918626214140
  0.42050648334701107  0.43099128973417172  0.44154151985157170  0.45212265288470238
  0.46272456252743438  0.47332160738929552  0.48392193810656625  0.49449944381489913
  0.50502437513967557  0.51554970824524526  0.52606893640221519  0.53657956864783796
  0.54704340672231022  0.55748763669857337  0.56799642028154140  0.57853909657322977
  0.58913579033002139  0.59969909652203635  0.61030131266079823  0.62084569603856909
  0.63140368000039160  0.64187652028781927  0.65240967603090450  0.66294269192913513
  0.67351486274740713  0.68405685723373899  0.69457548836613048  0.70507588350525419
  0.71555632684940540  0.72605452430697082  0.73664024443094811  0.74727026575868616
  0.75787932001573188  0.76841413533531522  0.77886304389480343  0.78938170678721031
  0.79997144948491339  0.81056958142834079  0.82111092513617323  0.83159940655164377
  0.84215991280494062  0.85270072464734326  0.86326111276860473  0.87375495049913265
  0.88427316472558659  0.89471987264236086  0.90522986584475207  0.91572137783503782
  0.92627257371000260  0.93679663494595455  0.94730525894455109  0.95785177900047636
  0.96838623114592215  0.97898766353945732  0.98948586861428500  1.00000000000000000
 -0.00224620180531962  0.00976851953242100  0.02004237081603637  0.03056736413992172
  0.04113465253304528  0.05167226071660828  0.06224996206077781  0.07278634265608451
  0.08333497379473810  0.09385439287486649  0.10438321518253071  0.11488967406632028
  0.12542240584162356  0.13599299538845458  0.14656499771058915  0.15710657987851157
  0.16765934896598908  0.17820163956767593  0.18876543412137450  0.19931197447693583
  0.20984159651165976  0.22034741242648248  0.23082042421862625  0.24130854920501210
  0.25182245013824217  0.26234870528296045  0.27292371576725216  0.28346719845066892
  0.29403265677516399  0.30455497988749097  0.31504729258276021  0.32553071149469653
  0.33602603590114111  0.34654998697803990  0.35701051325953720  0.36748389681606752
  0.37797627793633332  0.38851292558587680  0.39901365066337774  0.40950479911971105
  0.42001269246096190  0.43055103057885896  0.44110165122988099  0.45165353513570045
  0.46217585815664047  0.47271285978905381  0.48325792686370955  0.49381040616330513
  0.50434424124353516  0.51483944835757556  0.52539125845266854  0.53592957786500628
  0.54646516186866922  0.55693522334688916  0.56743943142095254  0.57799883697908039
  0.58854161708306796  0.59910587955435191  0.60967214371287615  0.62025308380877109
  0.63079884297492894  0.64129900524352890  0.65183338017089509  0.66234817665469159
  0.67286112563902256  0.68340153925088321  0.69395995684288503  0.70450833967682658
  0.71501504033369123  0.72558181629422813  0.73615220920241475  0.74674588244111928
  0.75729362285339119  0.76786283786289089  0.77840071712969228  0.78891901159178113
  0.79945996651499607  0.80995888514848580  0.82044931289842138  0.83095451922488472
  0.84152243459254195  0.85209755698240963  0.86265590367785827  0.87318298508619707
  0.88374414201961493  0.89427837627190587  0.90484975790245881  0.91542241434360661
  0.92602273323698170  0.93657457801074351  0.94717804197607791  0.95780067706558425
  0.96841734839475113  0.97896238800739410  0.98946168323098194  1.00000000000000000
   2.1435394853380897E-016  -1.0000000000000000     
 F F F F F F F F F F F F F F F F F F F F F F F F F F F F F F F F F F F F F F F F F F F F F F F F F F F F F F F F F F F F F F F F F F F F F F F F F F F F F F F F F F F F F F F F F F F F F F F F F F F F F F F F F F F F F F F F F F F F F F F F F F F F F F F F
  <DiscreteSampler_grid>
  grouped_processes
  1 # 1 for a reference and 2 for a running grid.
  10 # Attribute 'min_bin_probing_points' of the grid.
  1 # Attribute 'grid_mode' of the grid. 1=='default',2=='initialization'
  0.0000000000000000 # Attribute 'small_contrib_threshold' of the grid.
  0.5000000000000000 # Attribute 'damping_power' of the grid.
 # binID   n_entries weight   weight_sqr   abs_weight
    10   10   6.490114649207679E-002   6.093520538443702E-003   6.490114649207679E-002
    11   10   6.490114649207676E-002   6.093520538443696E-003   6.490114649207676E-002
  </DiscreteSampler_grid>
