  0.00969174251956702  0.01580909377757874  0.02500916794488941  0.03582458244845072
  0.04624344108706348  0.05668957232178440  0.06711101307662329  0.07755328390772147
  0.08798881582586021  0.09842652016448286  0.10880043116990139  0.11916520008168138
  0.12953584954859998  0.13992699515480694  0.15029995121027398  0.16070176333801386
  0.17109674727389595  0.18150725026126802  0.19187048538992016  0.20220240965488448
  0.21254561516431797  0.22290530055699190  0.23327353792101957  0.24360842833029214
  0.25394058173386785  0.26424883147814909  0.27456329915381811  0.28488645454660833
  0.29526451139876114  0.30567163684880394  0.31607624100303555  0.32648048999003815
  0.33685895912493918  0.34724176559483599  0.35758793665427852  0.36795773885341282
  0.37833436927884806  0.38873647487912760  0.39912030179033486  0.40950717652109747
  0.41987690821990020  0.43025181864323753  0.44062505394655960  0.45099961337325079
  0.46136681583930211  0.47173970783036545  0.48213069209377257  0.49253775037797887
  0.50294196102332178  0.51333421438671978  0.52372395240603720  0.53408841440504273
  0.54445357932935523  0.55482921623747816  0.56521834933000326  0.57560418496323873
  0.58596863737323501  0.59632088199599620  0.60667442532453653  0.61702825201597822
  0.62738412331689697  0.63773485347890557  0.64807394108091143  0.65840680901409665
  0.66873353543784964  0.67908678455543148  0.68946670378476715  0.69986064255782732
  0.71022595925393972  0.72056140088032239  0.73090013680913635  0.74129002790025411
  0.75174203531419925  0.76221930128439741  0.77266550012422919  0.78307708924194697
  0.79344740614578479  0.80381586917828562  0.81418385972937302  0.82458854364989354
  0.83501617936968842  0.84545237856123967  0.85589121270259472  0.86629882523446877
  0.87667627083340116  0.88698913546574853  0.89730737328269472  0.90763694044674081
  0.91800936851205450  0.92837687450875706  0.93878395679822491  0.94921566605757257
  0.95967002885441177  0.97007546463488370  0.98041671624846438  1.00000000000000000
  0.00943882367564187  0.01613576561432532  0.02508632812328009  0.03591704721706064
  0.04628077094975751  0.05667172258126386  0.06705690551615823  0.07741910834618164
  0.08779627957736047  0.09815364350051449  0.10850765638985489  0.11885992637779960
  0.12924191394680973  0.13966349593700922  0.15005504512713902  0.16041443992482765
  0.17074581952369897  0.18108572469914622  0.19145611177101204  0.20184098330115044
  0.21222235509104384  0.22258343447988493  0.23290645323971751  0.24324965996273926
  0.25357120586485021  0.26395052995607621  0.27430889884749193  0.28469608582217687
  0.29505487541795317  0.30543724393206484  0.31582765581916722  0.32623146991407781
  0.33662127849232593  0.34701554208367436  0.35738755206883732  0.36777653711601394
  0.37816788196021422  0.38855994934311705  0.39893344673213416  0.40929923161387410
  0.41970392157127379  0.43013117988730903  0.44055426273901338  0.45093517198043992
  0.46130064769004564  0.47166760699182181  0.48202934562985389  0.49237665891935439
  0.50272345665420159  0.51310249646414130  0.52350201010511999  0.53390138606391013
  0.54428127342699228  0.55464541097692732  0.56500952599284970  0.57537412789664688
  0.58574091309141518  0.59611741812444563  0.60650200409336574  0.61688038508883081
  0.62725281315046277  0.63762922977826386  0.64801239294286705  0.65837919082710683
  0.66872525341828370  0.67908352796804827  0.68946234204942658  0.69986881200735440
  0.71028246487293689  0.72068137841056101  0.73107889765174194  0.74147436036460723
  0.75187399201123961  0.76224319605426250  0.77261839010631617  0.78301857761948990
  0.79343872516946390  0.80383657601895697  0.81424098629356301  0.82466461063206897
  0.83507985871283408  0.84545289450821748  0.85581594709558484  0.86619240665706398
  0.87657090803431881  0.88692339710317603  0.89724740082556753  0.90761713196175309
  0.91801252363823127  0.92843551358276399  0.93881609147534983  0.94921678919763874
  0.95964374030057331  0.97006507402074860  0.98044596737311263  1.00000000000000000
 -0.00204164287220258  0.00980616867321324  0.02002758630821495  0.03054815265996729
  0.04110925248364355  0.05166895296929785  0.06222810471924218  0.07272645303440209
  0.08324891969703682  0.09384199129228726  0.10443146766755189  0.11502264164152819
  0.12551571702019285  0.13604626434347014  0.14655271461827932  0.15713584592650820
  0.16771416541207407  0.17829473600700319  0.18883352526455907  0.19934887641565452
  0.20987710205197513  0.22042216884233265  0.23097367081628542  0.24153034560131453
  0.25205846587635833  0.26256205963420443  0.27305428452274327  0.28354921948368322
  0.29408763747101219  0.30459288239193816  0.31512392615876711  0.32562549709100702
  0.33618732995957240  0.34677582139677421  0.35739494144676481  0.36799777075946521
  0.37858619260438325  0.38915946266160295  0.39974364625023190  0.41032554395753057
  0.42086098068008138  0.43135060741690062  0.44178567661678908  0.45224063130431186
  0.46268149607771519  0.47316852169853363  0.48367328058696263  0.49423512486032878
  0.50480736989883956  0.51541244106102335  0.52599236289155060  0.53655874229884948
  0.54706055283724986  0.55758443643667510  0.56812299332839755  0.57871018696528631
  0.58931653498927805  0.59985643543603151  0.61038878237291894  0.62088976428838416
  0.63138247745146281  0.64187495737413935  0.65239458708315579  0.66293116156417109
  0.67341856251541043  0.68386757070174475  0.69436713849835996  0.70492484934993427
  0.71550524706121876  0.72606005720077216  0.73657754552902133  0.74707476538475992
  0.75756599040751127  0.76809128129665372  0.77861436428315356  0.78915916706513300
  0.79968060155849630  0.81020591936772579  0.82076471334779355  0.83136764776528393
  0.84191689956843363  0.85247133975517286  0.86297831414077808  0.87351788039837042
  0.88394754057328306  0.89443826818870942  0.90496237112206457  0.91554222387860684
  0.92613828230729167  0.93675997824399615  0.94736517539305709  0.95787756253908407
  0.96833125379824081  0.97886514317591222  0.98941029563292315  1.00000000000000000
 -0.00253094961648759  0.00947924167433005  0.01961400220505361  0.03008939004723678
  0.04056933988191565  0.05105163778716684  0.06152938581777645  0.07201955108781642
  0.08251530457928810  0.09302344234391249  0.10351343024947401  0.11402410210581540
  0.12452302123387764  0.13502988531333585  0.14555611592378020  0.15611503047342720
  0.16668734853866582  0.17723666199438659  0.18780928914206726  0.19837320608381140
  0.20896976321522714  0.21953572884783595  0.23008067049571784  0.24058632410687766
  0.25107599032355082  0.26160325651937860  0.27214113777555377  0.28274245550655730
  0.29333776900440717  0.30391527881432384  0.31446625883659590  0.32496345257492343
  0.33546822300792528  0.34597261372447491  0.35649536799448905  0.36702761024045549
  0.37756418263468938  0.38813998280679274  0.39870052583168875  0.40924319632374917
  0.41975906024606502  0.43028453770321362  0.44082127697854612  0.45135029140702571
  0.46188285100564724  0.47239476130506231  0.48296741055546016  0.49355798719484612
  0.50413393287592867  0.51465296764947599  0.52516904852387147  0.53572562542742430
  0.54628344622810343  0.55681820937448012  0.56734690048823599  0.57789749301098825
  0.58844319568547176  0.59897249867762670  0.60953424714549476  0.62006043913649822
  0.63065174678372793  0.64121732571824996  0.65180153443124722  0.66237678590009230
  0.67291231041817412  0.68350125888327029  0.69405812798865707  0.70468390688913851
  0.71529167623952139  0.72587832003960273  0.73646037988155921  0.74700656423080281
  0.75757564856473392  0.76811470671956406  0.77868709269043657  0.78919776367898131
  0.79973304873891249  0.81029339869326944  0.82089475682210689  0.83148267826693689
  0.84204270217099964  0.85261340956920939  0.86315937886901550  0.87369540219101605
  0.88423254620721636  0.89479565260841076  0.90535237407105373  0.91590138966909584
  0.92642750457955769  0.93696841876293635  0.94747102155028118  0.95796149690720467
  0.96841851260897893  0.97892713553846433  0.98944333970529530  1.00000000000000000
 -0.00240902362392241  0.00976256804690141  0.02000074928303474  0.03058588025016720
  0.04115107417080987  0.05172941829943722  0.06228455576979002  0.07282787903479394
  0.08338661910347049  0.09391966392933655  0.10448673572741808  0.11502629793780882
  0.12555765591339885  0.13602414132295837  0.14646881740129503  0.15693037863665901
  0.16744154873425762  0.17799379160160891  0.18854533576627408  0.19912602808889204
  0.20972574517605982  0.22031742741826160  0.23086584059614296  0.24140580241619641
  0.25191428863211590  0.26245845119694017  0.27296296451355900  0.28349939010980763
  0.29405269216741342  0.30462570254598909  0.31522454371497927  0.32575254798989312
  0.33627604940857414  0.34678062136684662  0.35734962060683284  0.36791699909742537
  0.37848421167350144  0.38902507337145220  0.39955075416079172  0.41006959287690470
  0.42056299111944667  0.43104965024345743  0.44156396290750022  0.45207571507210370
  0.46262832142115318  0.47318954900356464  0.48374630967684629  0.49427350174882462
  0.50475877654576640  0.51524995062333256  0.52574693508353398  0.53629316663514981
  0.54687021924128565  0.55744346179574256  0.56799886179569214  0.57854836906255136
  0.58909779380818994  0.59962337947706501  0.61014699723424826  0.62067910342358035
  0.63122997527330449  0.64178865090420312  0.65234939646269452  0.66291846507787422
  0.67346028087014254  0.68405581612308497  0.69463909191758932  0.70522403160488922
  0.71578257698880632  0.72631295457420242  0.73685471621502607  0.74735696898688697
  0.75784069614938399  0.76833509522443455  0.77887437103666868  0.78943430134952886
  0.79999343305533643  0.81050720727313286  0.82103296486566546  0.83156255360560483
  0.84211059859873727  0.85267182702804567  0.86323613183396330  0.87375978326072157
  0.88426186786149108  0.89472768332287989  0.90525344220177761  0.91580926861162959
  0.92637246928271699  0.93689803097491009  0.94742369243021429  0.95795165978659602
  0.96848933235842571  0.97900206831289005  0.98950963206042941  1.00000000000000000
 -0.00231676480225366  0.00988097851557505  0.02013367702194756  0.03063071542409024
  0.04116106913751007  0.05171431295402242  0.06229225417162277  0.07291960059993642
  0.08346586282084620  0.09400562492752929  0.10448181978232050  0.11503093717970053
  0.12556445464543500  0.13612202072784879  0.14668494262004234  0.15726723143917440
  0.16783587074367867  0.17837193546838345  0.18885966092961395  0.19936048727625927
  0.20984758482789276  0.22040655017555158  0.23093481915954789  0.24151030328054168
  0.25201857697640229  0.26255293941364899  0.27307232198109760  0.28360949057892382
  0.29416360799539693  0.30467026002512815  0.31519335031046214  0.32565908815560707
  0.33617997103872460  0.34668206951831515  0.35721643041054235  0.36773454305193043
  0.37823755692710209  0.38875571110762097  0.39928594560701747  0.40983838367457709
  0.42032529147802483  0.43081960126524005  0.44134083331046303  0.45192743556202164
  0.46251053862236680  0.47314095725949218  0.48372768185908499  0.49432972944356174
  0.50486501733163436  0.51539083562879440  0.52590451286120787  0.53643348293483972
  0.54700523458584116  0.55756213951235467  0.56807985114033110  0.57858687204693005
  0.58908560156670431  0.59960183313694493  0.61010964093778031  0.62064022973942390
  0.63117314493642174  0.64171948971871062  0.65225855208407102  0.66280387959222076
  0.67334575403919383  0.68387342787383032  0.69439941457790144  0.70492907014052220
  0.71553548564107228  0.72616330412901076  0.73679070800372637  0.74737056553500136
  0.75791154456074494  0.76845072939300063  0.77893034498291258  0.78943202025591430
  0.79992765889350903  0.81050502647721501  0.82106924353411515  0.83161730761214914
  0.84212256015699127  0.85262349881172550  0.86316336044577913  0.87370383510230498
  0.88421036165563904  0.89470204779584284  0.90517761936618857  0.91570629387728963
  0.92625477003023637  0.93681211938220621  0.94737489280962850  0.95792236968472266
  0.96845982642582762  0.97896936115311317  0.98947503873428466  1.00000000000000000
 -0.00247057818722513  0.00955338382874721  0.01970135336519521  0.03016856544875384
  0.04064200683210917  0.05113572250238510  0.06164751079773573  0.07217208714030181
  0.08267384923301299  0.09316912351022516  0.10366835188281735  0.11417209631172838
  0.12468012496251363  0.13519900812689795  0.14568694822757108  0.15616306575701389
  0.16661666959360880  0.17711466750303903  0.18762678379578351  0.19816456826712159
  0.20870883010422883  0.21923325716859171  0.22974894906093096  0.24026012896386703
  0.25079104405219771  0.26133188894491599  0.27188072905818106  0.28245278888919989
  0.29306977188811956  0.30365603188752566  0.31420807547499030  0.32472046930111015
  0.33524095863920927  0.34578380388590385  0.35637757571100481  0.36698604848731958
  0.37756189654748901  0.38808438662562034  0.39864133320309636  0.40918215461082746
  0.41973120911451206  0.43027855956519057  0.44084154505179435  0.45134885817881759
  0.46184819027594481  0.47235591812375549  0.48295478560058530  0.49355444450387947
  0.50417345052618057  0.51472926751925951  0.52527936912116580  0.53583752606681256
  0.54638948353192363  0.55689181948356603  0.56741529870271856  0.57796148799048264
  0.58852835929079050  0.59905714366155571  0.60956323469361484  0.62009777254436049
  0.63064922824860215  0.64123940386299971  0.65183173380516057  0.66246111123150897
  0.67305608573080267  0.68361349520895898  0.69415133264406326  0.70469925742465811
  0.71528664549579402  0.72583659476164797  0.73644517632497197  0.74701282438496686
  0.75758156649251363  0.76815830504325011  0.77874968344464723  0.78935936161201414
  0.79991600349647440  0.81047562151033026  0.82103092188923021  0.83161223119083916
  0.84220070503741595  0.85279944024837018  0.86334079787285245  0.87386781253809687
  0.88434179739255636  0.89486692564859915  0.90543284737917984  0.91603413662545286
  0.92658547074346553  0.93708126338123832  0.94754845316921943  0.95803054841209356
  0.96849217844120938  0.97896720985097285  0.98946194637988027  1.00000000000000000
 -0.00247053962688666  0.00953231708009407  0.01967413607031580  0.03017329667058209
  0.04066334904338952  0.05119713868551617  0.06172118807677328  0.07230691455689947
  0.08288411012662289  0.09349366749747846  0.10406342311233231  0.11461639800050220
  0.12516542914153023  0.13573336702296770  0.14630746749886492  0.15686966938991867
  0.16742850542038298  0.17800040589794425  0.18857261028614700  0.19915897418556083
  0.20971399514869343  0.22026115095988505  0.23076235356786934  0.24125439570788187
  0.25175760479509340  0.26225788797416560  0.27277478095150598  0.28327351148181268
  0.29379035419465083  0.30432337313958341  0.31489521696466771  0.32544698061141863
  0.33602539302831913  0.34656289368947862  0.35709478491958901  0.36756860839654731
  0.37800450263084423  0.38849299284833078  0.39900794164537673  0.40956486210020604
  0.42006404450974216  0.43058534320761843  0.44110205990091883  0.45165763500157463
  0.46218894229945817  0.47270173478306676  0.48321027414733958  0.49374152337937238
  0.50429897330455264  0.51486854094302592  0.52539755672067090  0.53593767880666010
  0.54645446015628907  0.55698249933385813  0.56751252250820838  0.57803131299170363
  0.58855145898689221  0.59904340903304398  0.60955930608160525  0.62007480331252784
  0.63062632872430069  0.64117258556865264  0.65175514073076846  0.66232253933562524
  0.67289878578322626  0.68344734649933214  0.69401351513690224  0.70457897699343619
  0.71515808737086928  0.72573831449383042  0.73627182563552684  0.74680131378741588
  0.75733555825828358  0.76790591078472770  0.77846495939878957  0.78898870891389039
  0.79950182994997521  0.81001494920920680  0.82057047435616126  0.83116262366426408
  0.84175336522855193  0.85229209391507055  0.86275898648177074  0.87323621031105825
  0.88374908493172688  0.89429637215532243  0.90485395356757325  0.91540589739302214
  0.92596598084049220  0.93651064469207035  0.94707995728630823  0.95764903914471600
  0.96822274404924102  0.97879551077732296  0.98938807927024275  1.00000000000000000
   2.9992136485541296E-009  -1.0000000000000000     
 F F F F F F F F F F F F F F F F F F F F F F F F F F F F F F F F F F F F F F F F F F F F F F F F F F F F F F F F F F F F F F F F F F F F F F F F F F F F F F F F F F F F F F F F F F F F F F F F F F F F F F F F F F F F F F F F F F F F F F F F F F F F F F F F
  <DiscreteSampler_grid>
  grouped_processes
  1 # 1 for a reference and 2 for a running grid.
  10 # Attribute 'min_bin_probing_points' of the grid.
  1 # Attribute 'grid_mode' of the grid. 1=='default',2=='initialization'
  0.0000000000000000 # Attribute 'small_contrib_threshold' of the grid.
  0.5000000000000000 # Attribute 'damping_power' of the grid.
 # binID   n_entries weight   weight_sqr   abs_weight
    10   10   1.554107396254447E+007   3.815559844173161E+014   1.554107396254447E+007
    11   10   1.554107396254447E+007   3.815559844173164E+014   1.554107396254447E+007
  </DiscreteSampler_grid>
