  0.01032358612045029  0.01859259056909108  0.02689539819765677  0.03781966979094153
  0.04812800044651793  0.05847073773232681  0.06880443670603546  0.07914922492494270
  0.08950185887582394  0.09984993164993312  0.11019882436285589  0.12053987876018210
  0.13088645446288796  0.14119427509740515  0.15145921170987295  0.16175408559820759
  0.17209689617599699  0.18248956661375010  0.19283181426059784  0.20316885768307996
  0.21352467063040581  0.22391452596623670  0.23429279955254742  0.24464991773544650
  0.25498802515262298  0.26535942623869513  0.27573222529290137  0.28607400166515956
  0.29638769532601794  0.30669916896341820  0.31702632688017124  0.32735998384082687
  0.33771873168823746  0.34809719925750165  0.35847416874839200  0.36883839121028317
  0.37919212723359197  0.38954607533637081  0.39992766338473240  0.41033237092340280
  0.42071926159574935  0.43108119449300619  0.44142286503275863  0.45179008045323832
  0.46217991688616777  0.47259432978218413  0.48301130365436806  0.49340897044829907
  0.50380511745107903  0.51419619884405432  0.52455823735291629  0.53488468543502155
  0.54521314380062291  0.55556544580346401  0.56593220149030410  0.57630590512480262
  0.58667724361172324  0.59703466899576751  0.60737847605870321  0.61772527913912600
  0.62808851960523848  0.63845590995915946  0.64881170443160741  0.65913273678351403
  0.66942722853723036  0.67974359148986685  0.69011188384218791  0.70050383073141920
  0.71086215702158817  0.72120880604137705  0.73157391825608420  0.74196639233727957
  0.75235310443240955  0.76271598767129212  0.77307500280656360  0.78342867872731892
  0.79381193543893147  0.80420089066664613  0.81459485837487811  0.82497536639285052
  0.83535347594021725  0.84571900569715730  0.85605882525322308  0.86637919785013540
  0.87673477626949270  0.88709353441838523  0.89744956694364364  0.90779285594887005
  0.91816952088307280  0.92858449955268363  0.93899585610980230  0.94939774311990854
  0.95977295520156380  0.97013894725961924  0.98049708962727622  1.00000000000000000
  0.00956315056182780  0.01583881614650933  0.02500871579488530  0.03581826637857306
  0.04617772418407590  0.05656878802580535  0.06693539250866085  0.07728835819288371
  0.08763302205602223  0.09801867175220054  0.10841100545932242  0.11884552446923040
  0.12926465302313600  0.13966167351171938  0.15006248733196056  0.16044455109436562
  0.17083106168193793  0.18118082432939800  0.19155023539994087  0.20196672784284611
  0.21237992681595685  0.22275269454159269  0.23311036542869509  0.24346315471044083
  0.25383144537581925  0.26421823433634573  0.27456930208151076  0.28491527919658638
  0.29521960841558265  0.30558571278276231  0.31597105921083363  0.32640286603876079
  0.33679004995479850  0.34716167197387832  0.35751734050719031  0.36788587264721395
  0.37826367234865843  0.38864171232766065  0.39903384385027030  0.40946497921501529
  0.41991691852756596  0.43035054712663806  0.44074472784720475  0.45108117198542130
  0.46142966658040480  0.47179819201588613  0.48219007943354647  0.49255347924899850
  0.50289460901791505  0.51324805051562550  0.52360567508435996  0.53394649109126813
  0.54431650984434099  0.55471720270013802  0.56512928683034092  0.57551863369882150
  0.58589580885036496  0.59628113648936132  0.60664373484895706  0.61698642346991894
  0.62732366396339689  0.63768766315569303  0.64810184226162870  0.65855785648319465
  0.66901694282408963  0.67944017296348791  0.68984672063794295  0.70022891126234788
  0.71058604294120953  0.72095272443027603  0.73134940845558394  0.74174451613951242
  0.75209193086069492  0.76240721994441962  0.77275788963390823  0.78313733452188961
  0.79351644569281787  0.80387996212016188  0.81425043447014434  0.82465947734868994
  0.83505545346741883  0.84544458601528005  0.85580550049590276  0.86622328067265786
  0.87664454757383881  0.88706506637592641  0.89746026910869614  0.90784239256439803
  0.91819332417675004  0.92852175268668991  0.93885497693383757  0.94923643820958659
  0.95966259834128520  0.97006929195237213  0.98044825001068558  1.00000000000000000
 -0.00218494437626082  0.01001781782717006  0.02032316338575051  0.03086305436237862
  0.04141539453075041  0.05193324597226848  0.06250555085198428  0.07303485858404928
  0.08361743064074384  0.09410930508286496  0.10462982381777429  0.11513212230060760
  0.12572662966001319  0.13633687930070190  0.14691152509106892  0.15744595099971503
  0.16794204008438576  0.17844748734414248  0.18892351645261310  0.19941109881473107
  0.20992859262015742  0.22047874191783629  0.23097337161409806  0.24145711268911424
  0.25191539718651090  0.26246489534900852  0.27306547553087557  0.28368444102302443
  0.29431018997063380  0.30487557995502945  0.31541288984591270  0.32592234321193875
  0.33639147354846294  0.34685914017854036  0.35732708802293928  0.36780770404600421
  0.37832132962420123  0.38887658905097600  0.39943612830092362  0.41000411581760282
  0.42047083753891146  0.43091185456895642  0.44135787319178260  0.45185970336044451
  0.46237929190562138  0.47289727138765209  0.48347996993054465  0.49410263022129469
  0.50463708263853080  0.51513461785969239  0.52559134032647947  0.53610989701862055
  0.54661494180232728  0.55716998552933317  0.56773312587084346  0.57832373177833241
  0.58885460185644978  0.59938582901388060  0.60989254763466827  0.62040493586430845
  0.63091391988476409  0.64143268144152754  0.65195369096781508  0.66252308175358032
  0.67307318733955679  0.68366999374583015  0.69417872420019522  0.70469753857899575
  0.71516379147499920  0.72564976573526163  0.73617623724106707  0.74675027877398437
  0.75736412564889388  0.76794331716116138  0.77851635396397600  0.78903474359880255
  0.79952358189736372  0.80996656131589495  0.82044072307657967  0.83096518075833214
  0.84155469995481624  0.85217186249914878  0.86273588072109908  0.87328585080055798
  0.88380895658215830  0.89438096035002024  0.90496050195910338  0.91560093745247839
  0.92620035419327751  0.93678043269180455  0.94728148108217303  0.95785984679756353
  0.96841810135200612  0.97900876185653152  0.98950861989552463  1.00000000000000000
 -0.00251970153630964  0.00952477572598808  0.01969912674156801  0.03019122895462432
  0.04071922096158701  0.05120490134960756  0.06169514603187304  0.07218209773235507
  0.08274090772436368  0.09330931002213744  0.10386341818270839  0.11442892501940724
  0.12500312628199528  0.13555065946463249  0.14605483911129877  0.15655237714265277
  0.16707367417208441  0.17757082419905082  0.18806005649956067  0.19853433995034225
  0.20903226451909990  0.21953490183256533  0.23005937504856314  0.24059540578436997
  0.25115723047429289  0.26167230173300854  0.27228632888957499  0.28290532093931681
  0.29355544943895384  0.30410524123701133  0.31466192922033309  0.32520768336673661
  0.33572870463914423  0.34621330664128247  0.35674354154479121  0.36727055239515038
  0.37779743535295734  0.38832632927886979  0.39889205161996111  0.40943059515178182
  0.41994717666599485  0.43046028782788515  0.44105826388271036  0.45171790118390326
  0.46238211041918803  0.47298045409043887  0.48348837480446877  0.49400425298836426
  0.50455231524322597  0.51516015225704503  0.52578135381550606  0.53638195814837863
  0.54694966256058597  0.55744388939255418  0.56796722536326338  0.57849737778418919
  0.58905407690503075  0.59957513848105803  0.61010378091399564  0.62064490093475333
  0.63117702011508625  0.64171620051298361  0.65224996900151178  0.66278571469838454
  0.67329331212180321  0.68384135251291245  0.69440092954720833  0.70497878391787350
  0.71550919740177021  0.72603524457553470  0.73653594616636275  0.74706310313039170
  0.75757476665980206  0.76813964353664277  0.77867564193119798  0.78926565635648083
  0.79988169522810471  0.81049465266998499  0.82119884824183431  0.83184261018806926
  0.84250476549471032  0.85302156165542331  0.86350333368186094  0.87395895509258115
  0.88444494442817523  0.89495848789845900  0.90547650006163116  0.91596523078316616
  0.92649363012837893  0.93703922224423508  0.94757658039631687  0.95810995345704764
  0.96859429465617097  0.97910935801440879  0.98956412799608184  1.00000000000000000
 -0.00249110236220318  0.00949648432360586  0.01966331109327434  0.03015268452777193
  0.04071235203122877  0.05122998794182915  0.06172123798473243  0.07218073166936211
  0.08261628828784852  0.09307448729860930  0.10353616473591579  0.11406842796661858
  0.12469572491893401  0.13537233417700525  0.14600376995416153  0.15655039543318153
  0.16705533374429127  0.17758291290342637  0.18808182862713921  0.19861322670293824
  0.20907669307099752  0.21955143598859525  0.23000857166846644  0.24053967682542210
  0.25104596040262778  0.26158047049785976  0.27207917173855017  0.28258612572764891
  0.29310529563125420  0.30367691993316959  0.31425724487381335  0.32483480571483853
  0.33539813362098053  0.34602037838899086  0.35659346342445247  0.36711878936850423
  0.37758639676174455  0.38808066725866386  0.39866942635773811  0.40930929789490628
  0.41995328727298237  0.43053714084507977  0.44106828923198288  0.45160104229440839
  0.46214383312590890  0.47271196537212162  0.48326949081145387  0.49380419966543604
  0.50435010003768033  0.51487952722166475  0.52543515995865775  0.53598048897429829
  0.54650071864513294  0.55696000295216541  0.56743885822776829  0.57793098392562148
  0.58848286416529505  0.59898793246658244  0.60952750141645062  0.62006397015415526
  0.63059820015995105  0.64111888650196269  0.65164976070701686  0.66221593124059552
  0.67278674573342212  0.68332955632355996  0.69384442930228218  0.70441020551981082
  0.71501350382874429  0.72562917369018631  0.73623714315286160  0.74678169404217742
  0.75735760270727814  0.76788742530390153  0.77843715944378444  0.78897161621629819
  0.79949023823871745  0.81005398447162935  0.82060748650713711  0.83118295683509447
  0.84173429906893416  0.85228783405541464  0.86286346986395668  0.87344677658983594
  0.88399962125773546  0.89452425183939199  0.90503167913677729  0.91558282685456882
  0.92611746592789967  0.93663322374762770  0.94723345458396158  0.95780614409629350
  0.96841915470169060  0.97893305422420507  0.98948207553000311  1.00000000000000000
 -0.00235614415716917  0.00959297815765306  0.01977220366325671  0.03024890111323469
  0.04081385601781975  0.05137387309149351  0.06199740354099979  0.07259423765732032
  0.08316566674646360  0.09364569976917292  0.10410325398521120  0.11455603531985230
  0.12505279454897184  0.13557007195523701  0.14605094388550940  0.15653282798061047
  0.16700052565957296  0.17752241953593081  0.18806446806087768  0.19858889530569626
  0.20910087438154470  0.21958617356151383  0.23015192314750338  0.24071780601737366
  0.25133381568717239  0.26188385276985371  0.27245876511737549  0.28303028941823688
  0.29362099726644769  0.30422507703764218  0.31478018124434831  0.32530737745382049
  0.33581700775484158  0.34635742598334868  0.35700633038950019  0.36768860136030473
  0.37831750799006630  0.38887438396526280  0.39933551126448569  0.40985473931330435
  0.42036598056666058  0.43091125673579544  0.44140215486658918  0.45188898559958673
  0.46238650900777528  0.47286156623243597  0.48333954274340774  0.49381591025701316
  0.50434131822340733  0.51487500569239286  0.52539203125157252  0.53591819030440169
  0.54640309198167347  0.55691970613178399  0.56747344858633531  0.57803103938909139
  0.58853680076500781  0.59901690221405768  0.60951824136613142  0.62003884529047382
  0.63051426184536119  0.64101596005203876  0.65153999960271580  0.66209709763117552
  0.67263920313530801  0.68317457484542987  0.69371683476622992  0.70423759491241666
  0.71474038832305864  0.72526837171681613  0.73582749633418287  0.74637708862695207
  0.75692966792683669  0.76750079764056756  0.77812920064814350  0.78873300676922431
  0.79929632763300651  0.80981105082542992  0.82024862703936474  0.83082662305483312
  0.84142749216173007  0.85207410899934521  0.86257665586853682  0.87309008808237176
  0.88362392529344191  0.89420501014809628  0.90480581539081550  0.91543322637174651
  0.92602528249094807  0.93660208360421748  0.94719560753201915  0.95777804429264579
  0.96835560206902138  0.97889564161378706  0.98944992628599659  1.00000000000000000
 -0.00230337027029175  0.00954252725315945  0.01967012858574847  0.03009891798160326
  0.04061950127208305  0.05111240750745340  0.06167101658045354  0.07219988901735379
  0.08278671346132074  0.09336291688920396  0.10390401322501083  0.11442028430600701
  0.12490938157942683  0.13540305167050690  0.14590861558055920  0.15642220820692848
  0.16695403417459753  0.17750391886984287  0.18804150749742535  0.19856067223329074
  0.20913192869375671  0.21966325098652162  0.23025949933287257  0.24075330066389852
  0.25134841514615025  0.26188960128142308  0.27244291358485068  0.28295024203136293
  0.29342740382185206  0.30392076861334810  0.31442026531830591  0.32493734162334620
  0.33555813586249189  0.34617987134118466  0.35675862742877618  0.36721048550647944
  0.37776352537355690  0.38835655693485782  0.39895026615505730  0.40945310666982260
  0.41997887215914509  0.43061382368910178  0.44124080003016730  0.45188667618061540
  0.46245980648672064  0.47305033768758009  0.48359445048726640  0.49411737145372081
  0.50461191493581348  0.51514046042910355  0.52567415550730090  0.53620546527652224
  0.54672806446080491  0.55727833965795348  0.56786083776817609  0.57842183487989973
  0.58895624586805007  0.59943130339324491  0.60990918811599859  0.62039723807641622
  0.63093707656292397  0.64152668409383762  0.65213015629484350  0.66269426797738140
  0.67327824394852676  0.68384357059176071  0.69441638126120364  0.70492003425708261
  0.71543606444420516  0.72597622417638685  0.73653078718785281  0.74712972943086620
  0.75769029246130437  0.76825704264340067  0.77873019859925208  0.78924494773007359
  0.79971703542044281  0.81026732787463696  0.82079896898011862  0.83134964512974752
  0.84188588991999191  0.85241170303737790  0.86300402794986697  0.87359338040535539
  0.88418104424451061  0.89471089838212858  0.90520879045748492  0.91570683714785117
  0.92620869014151985  0.93678316730761513  0.94736124642097119  0.95790032195822283
  0.96840213200645320  0.97894028688090706  0.98948068552053581  1.00000000000000000
 -0.00241284766647848  0.00975131390431909  0.01994861049635794  0.03043401888897326
  0.04094406071631327  0.05138883868804812  0.06188945774721270  0.07233143410615046
  0.08290836091545700  0.09352582206330502  0.10417789746608498  0.11472734918009313
  0.12524913064292154  0.13573862476829082  0.14628426859875626  0.15683909683621267
  0.16740886478077627  0.17798684913093582  0.18854629793976668  0.19916947730742293
  0.20978494308037124  0.22037337703723295  0.23089743489854089  0.24145758937548187
  0.25205445218909001  0.26273265627427173  0.27335578721752074  0.28394200266843267
  0.29446846732738174  0.30499132546912672  0.31559276697484184  0.32620426387664714
  0.33677654390895534  0.34729027879072927  0.35779930409037164  0.36831583234502352
  0.37883719018834838  0.38941112017465979  0.39996649424663738  0.41052267566220629
  0.42099545560337676  0.43147095194856189  0.44191946752167505  0.45239019946029252
  0.46285200336492349  0.47336351260549414  0.48386633743953694  0.49440684139003527
  0.50489806056511688  0.51538465729666394  0.52591609202078016  0.53647525375488381
  0.54700795519414092  0.55751637017387168  0.56803816963049936  0.57859071502286186
  0.58911528047585870  0.59958385915139434  0.61006534158813286  0.62059892654734361
  0.63113389859798019  0.64170139673524496  0.65223038104326669  0.66281250661852953
  0.67334951373515184  0.68386134175147328  0.69437545062143313  0.70486051464399824
  0.71536866484106176  0.72585368499226210  0.73635334718943080  0.74683265789907605
  0.75734102904024958  0.76787096809427935  0.77841446387740720  0.78897943401145310
  0.79956113047652178  0.81019751127959483  0.82076991152523582  0.83135040467957377
  0.84192611323918110  0.85253955302451745  0.86311505816048772  0.87360740620632460
  0.88409283256238280  0.89459087394499526  0.90512756913063719  0.91564015717731584
  0.92615308469335700  0.93668367091636084  0.94717492567797035  0.95777880554977290
  0.96836344308812583  0.97900215588999462  0.98950057653924617  1.00000000000000000
   6.8527597621317844E-016  -1.0000000000000000     
 F F F F F F F F F F F F F F F F F F F F F F F F F F F F F F F F F F F F F F F F F F F F F F F F F F F F F F F F F F F F F F F F F F F F F F F F F F F F F F F F F F F F F F F F F F F F F F F F F F F F F F F F F F F F F F F F F F F F F F F F F F F F F F F F
  <DiscreteSampler_grid>
  grouped_processes
  1 # 1 for a reference and 2 for a running grid.
  10 # Attribute 'min_bin_probing_points' of the grid.
  1 # Attribute 'grid_mode' of the grid. 1=='default',2=='initialization'
  0.0000000000000000 # Attribute 'small_contrib_threshold' of the grid.
  0.5000000000000000 # Attribute 'damping_power' of the grid.
 # binID   n_entries weight   weight_sqr   abs_weight
    10   10   5.814211467678352E-001   9.525729412673820E-001   5.814211467678352E-001
    11   10   5.814211467678352E-001   9.525729412673820E-001   5.814211467678352E-001
  </DiscreteSampler_grid>
