  0.00955026517345962  0.01559780702012675  0.02481447602012405  0.03555969494842495
  0.04589967383025818  0.05627099430323098  0.06666277944867913  0.07703911900724265
  0.08742580186396307  0.09778613307418756  0.10815568648800566  0.11851436532931939
  0.12890348248601427  0.13928923767825929  0.14970201628630284  0.16012148371760815
  0.17055429608708864  0.18097390913711003  0.19137297423525515  0.20174842520604186
  0.21213179673861657  0.22253553891938557  0.23295887543928845  0.24337490620124305
  0.25378120374785967  0.26415337894268998  0.27453352142452087  0.28493025717963266
  0.29536565927366587  0.30578700170586587  0.31617476802048994  0.32655170837207798
  0.33694822197433860  0.34735808281117891  0.35776205497869601  0.36814960537503949
  0.37854169396865556  0.38892922535703472  0.39929301082822599  0.40965584053207704
  0.42001784528331876  0.43039052683520557  0.44075361566463755  0.45111554395521308
  0.46149328738592066  0.47187457343116518  0.48225302409194332  0.49262958281433322
  0.50301099703672170  0.51339738199939522  0.52376572585842762  0.53412402780317436
  0.54448524203156701  0.55485101397610970  0.56522265647859182  0.57559719480030513
  0.58598273888598174  0.59637435373741610  0.60676601631390614  0.61715829395539457
  0.62755370973485314  0.63794539273942286  0.64832998837678457  0.65871764553554879
  0.66910607340769823  0.67949502046736976  0.68987984683365544  0.70025959703854779
  0.71064415499362998  0.72102849476870523  0.73140972207762667  0.74178739832101359
  0.75216301787820206  0.76254505985345722  0.77293137435361314  0.78332299924316562
  0.79372842442916236  0.80411924781721011  0.81450089577017393  0.82486795421372960
  0.83524190115982511  0.84562662273745737  0.85601184309937506  0.86639203591330149
  0.87678454841823295  0.88717438380923974  0.89757314610940675  0.90793897951343394
  0.91830813056506067  0.92867398106754151  0.93903923407225964  0.94939498059737537
  0.95976551731399451  0.97012987105431492  0.98050116321048775  1.00000000000000000
  0.00936168405774840  0.01647725174832832  0.02519244994218080  0.03604933476908349
  0.04637256297487870  0.05672572630433770  0.06708532003907776  0.07746377262841421
  0.08784006295198932  0.09823127239288397  0.10861451372039978  0.11897477839190657
  0.12932786730487572  0.13968755123796886  0.15007705127941501  0.16045482122924637
  0.17080417701034259  0.18115637665679399  0.19151572543163639  0.20191857463433815
  0.21232308707356448  0.22272084693167563  0.23310185087439178  0.24348145150225475
  0.25386448636209941  0.26423525138347059  0.27460626776176478  0.28497661155314563
  0.29535250366089649  0.30572784146876197  0.31611658341525634  0.32652475935624442
  0.33692815096989498  0.34731076811304279  0.35767431071403266  0.36804113313398695
  0.37842111095759184  0.38880279948318147  0.39917837982196808  0.40956090801303585
  0.41994462010323447  0.43033289180015549  0.44072173443425355  0.45110812866838634
  0.46150181106197546  0.47188879235612091  0.48227489850491395  0.49266057487091452
  0.50304589797086363  0.51343432750323048  0.52381210203257100  0.53419022411876260
  0.54457710055846920  0.55496748023660936  0.56535680413943967  0.57574673930966314
  0.58614759676606953  0.59653808859974922  0.60691454995720184  0.61729444980115977
  0.62769499494504610  0.63810291206621872  0.64849013686809420  0.65886341625311196
  0.66924874321024352  0.67965446269311602  0.69004771452304459  0.70041058377748067
  0.71075208756829511  0.72109685902462117  0.73145727814510031  0.74182399206945759
  0.75218942333196737  0.76254735717393884  0.77292045357099504  0.78330334372163435
  0.79369585237113671  0.80408691095805973  0.81446876817099056  0.82483635023452151
  0.83519531810568171  0.84556794480971331  0.85596059479590236  0.86634512298548549
  0.87671803405774473  0.88709684404832312  0.89747913080152864  0.90786775807984044
  0.91824136204258267  0.92862151647307856  0.93899637599685060  0.94938673295220022
  0.95976683443553201  0.97013170079653055  0.98049580513068690  1.00000000000000000
 -0.00249946028234713  0.00959553089537375  0.01977875462055301  0.03028063884451450
  0.04082986660527377  0.05139211615494629  0.06192631478818939  0.07243069452380745
  0.08293706766400410  0.09345026806607042  0.10392511255458928  0.11439973566901090
  0.12492189970097495  0.13549643261780489  0.14606487719023997  0.15661146341795415
  0.16713439247223896  0.17770120797448660  0.18825171869353949  0.19882694628370504
  0.20934113406375091  0.21985708653429611  0.23038919939490043  0.24097093943666381
  0.25154963209393505  0.26207760372588218  0.27255142477253275  0.28304132877336324
  0.29354747630002659  0.30407714786564899  0.31461160218461937  0.32516547527649842
  0.33572632000102415  0.34628121365614561  0.35681988182513957  0.36735175150582883
  0.37786018359732981  0.38838737032508436  0.39890499737048518  0.40943060345313415
  0.41996208339271007  0.43049739934546816  0.44104869223304399  0.45157485924203633
  0.46210903532163239  0.47262570843573648  0.48317963798636820  0.49376095347060173
  0.50434904441611150  0.51490264242173445  0.52544333451869729  0.53600722518898469
  0.54657872790683593  0.55712910836686724  0.56768592289564634  0.57823766189306902
  0.58878315441156670  0.59933762846389571  0.60988037500470338  0.62042439239493929
  0.63091421472800457  0.64139823674418173  0.65190346670091381  0.66245694916719999
  0.67304333438512254  0.68362378914981647  0.69416643074928197  0.70470349931514475
  0.71527415940449224  0.72586744886276422  0.73646193630141699  0.74699736010404794
  0.75750553599303805  0.76801879576467835  0.77855068314649611  0.78910913643175262
  0.79965062639136519  0.81019395624239487  0.82073236115751302  0.83128262993823310
  0.84184689490348641  0.85241452263710671  0.86298805987457738  0.87354545574293241
  0.88411171016029377  0.89466387920458013  0.90522383149743479  0.91579705830168812
  0.92635120077957911  0.93688358558104445  0.94737583150618510  0.95787034083307077
  0.96839764131333905  0.97893122326929771  0.98947714270031495  1.00000000000000000
 -0.00254718538271737  0.00972255390886624  0.01995272572338873  0.03045471084749682
  0.04097319830626787  0.05152161963685749  0.06210568928830979  0.07267882879750125
  0.08323077217895829  0.09376021767842199  0.10430727606710656  0.11485781640427468
  0.12539986729449806  0.13593869484347929  0.14646208791057549  0.15698056058216048
  0.16751145162842462  0.17804399606332175  0.18858149283400755  0.19911820068320363
  0.20966755145090590  0.22024201624213377  0.23083710626310366  0.24141330111917164
  0.25197707583398610  0.26248919624342926  0.27299878905125724  0.28351659040771948
  0.29406297393101377  0.30462248448698509  0.31518417001404841  0.32577036080453864
  0.33633480844062374  0.34689962893730175  0.35743849889130824  0.36798643860161045
  0.37853306783859159  0.38906842449888152  0.39960885099338150  0.41010166851583424
  0.42061391740357140  0.43113080509306689  0.44166927090122332  0.45218512532578659
  0.46270874307738213  0.47322917836931755  0.48375991854229833  0.49427739804781418
  0.50482741214982829  0.51539117974680682  0.52594077803795380  0.53647660632267002
  0.54701350455679265  0.55754839381852028  0.56806725681355330  0.57857132222774665
  0.58911829936497917  0.59965184509863245  0.61018924556480270  0.62072138761054030
  0.63128321711133750  0.64183751034087044  0.65238725525754426  0.66294003640386190
  0.67348220054371988  0.68402446746720047  0.69455795363512640  0.70509726339809387
  0.71561883477097499  0.72614138948186824  0.73669793166483899  0.74726322915451215
  0.75781111819012048  0.76835665478899884  0.77891731189601221  0.78944318275237868
  0.79994238472635548  0.81041036118581644  0.82092042387044262  0.83143550015157719
  0.84196778923108806  0.85250376256434557  0.86304105787518337  0.87356144455216200
  0.88407519768742726  0.89458707201620302  0.90511133773964858  0.91566085309843559
  0.92624423340326245  0.93683264841375480  0.94742858569398058  0.95797351519189999
  0.96850492968075264  0.97900596185764144  0.98950179862585408  1.00000000000000000
 -0.00250889552050219  0.00956164965115308  0.01977367454053392  0.03032925491954242
  0.04093371651805969  0.05151414715155408  0.06207865074825014  0.07257765859445653
  0.08307049845334177  0.09358666256768786  0.10411045252765266  0.11463370164042247
  0.12515533967294165  0.13571245918405769  0.14624879982738193  0.15677624982662050
  0.16730204380426569  0.17785527477660026  0.18842016180648810  0.19899241881967306
  0.20955312019167241  0.22009209285612685  0.23060127749916154  0.24111835816412197
  0.25166863411477391  0.26222442078973041  0.27278973649380323  0.28333145402605331
  0.29388411943611364  0.30441762221769819  0.31495628628790562  0.32548351442565815
  0.33600932318924420  0.34652355228245008  0.35702740718787374  0.36751254801809241
  0.37800284473959633  0.38853495984790853  0.39908319680844800  0.40964904048219164
  0.42018100336829162  0.43073150632393370  0.44129777314936969  0.45189123294695588
  0.46244889386599447  0.47298873319696416  0.48351054355866141  0.49406016777767320
  0.50464852685096195  0.51522219427935489  0.52581780730118943  0.53634911743530811
  0.54691212050116444  0.55745898012892736  0.56803868706023963  0.57860578855901057
  0.58916716211591713  0.59971559335396440  0.61027197264956767  0.62082190237184665
  0.63137875259302845  0.64193245639287178  0.65250807449994519  0.66308737785327698
  0.67365032773069355  0.68418485518929084  0.69470887736940901  0.70523417575789749
  0.71577934831627255  0.72631813209394225  0.73685419855708112  0.74738269904988763
  0.75790231077727366  0.76841153987326050  0.77891485977902331  0.78942805987578479
  0.79995624933612619  0.81048553927756717  0.82103488236397870  0.83158393208728587
  0.84213956529374123  0.85264976164317119  0.86317885822740448  0.87371800856922266
  0.88427918689620100  0.89483113777360179  0.90537430675597697  0.91592884803254626
  0.92645918081982281  0.93700150529953830  0.94751091485779371  0.95806087584951116
  0.96854964666907650  0.97905482955439804  0.98952087761119689  1.00000000000000000
 -0.00252434213607506  0.00953577542950047  0.01972644039844428  0.03025241303011689
  0.04081605647823282  0.05135736759517193  0.06188307288459124  0.07240745590650370
  0.08293343086341301  0.09346682196623901  0.10398916440605548  0.11448784746548668
  0.12499035511490968  0.13552040476346688  0.14606311264621552  0.15659090535467024
  0.16709970131444413  0.17763895599180227  0.18819802116758833  0.19878231027237986
  0.20938228540581527  0.21999150506361914  0.23055153831488806  0.24107345107188433
  0.25156811246278393  0.26210046126122022  0.27263622684416222  0.28319385330385571
  0.29372876727999120  0.30426851667931709  0.31477450850198579  0.32530145303197666
  0.33580661909008441  0.34634855466946363  0.35690030126315248  0.36748985899770870
  0.37805635061498016  0.38858570566223621  0.39909613162184554  0.40960817883691270
  0.42013248307661344  0.43066240513711285  0.44119834239287781  0.45174214302620008
  0.46231638416879534  0.47289893912024716  0.48348199241087320  0.49405759231978452
  0.50460655366440221  0.51513028794717830  0.52560651622940224  0.53610614511502319
  0.54664037124991360  0.55717173156028577  0.56771879223718302  0.57825496354499617
  0.58882096952926488  0.59938994017361180  0.60997131458933507  0.62054719361685329
  0.63109037108900057  0.64159542983675333  0.65209288848468638  0.66261247846520555
  0.67316455247549578  0.68371512897229902  0.69424832255253133  0.70476610185065680
  0.71526389492718601  0.72577266923433692  0.73628276101880108  0.74683817013791476
  0.75739486744395679  0.76795762367097853  0.77852159917052977  0.78907634045409947
  0.79959714245424862  0.81007878133885858  0.82057043711752331  0.83112163331755284
  0.84170056916117575  0.85229457167333034  0.86287833098693734  0.87346265782069588
  0.88402413537216828  0.89455780194213552  0.90510213255311711  0.91562912937089869
  0.92618739737546940  0.93671923196063001  0.94726125917889170  0.95778920023654390
  0.96830590707207875  0.97887723492096823  0.98942570404988739  1.00000000000000000
 -0.00250270226954746  0.00954398240656611  0.01971241084171842  0.03023945545936414
  0.04077596063139639  0.05131563914272576  0.06184999242121422  0.07238733318347086
  0.08292544152591240  0.09345908304521450  0.10399520715288041  0.11452704042758921
  0.12506925062465621  0.13562754796927365  0.14616174887540156  0.15671449094597772
  0.16723033608914722  0.17779823235076331  0.18833459027062546  0.19888172953683381
  0.20939571819806169  0.21993285214590438  0.23048193158253080  0.24105411622766626
  0.25161296685996526  0.26218270900139762  0.27273123181930781  0.28329546362101321
  0.29386526022173720  0.30443878337120617  0.31494583460671782  0.32544537201664236
  0.33595552351847457  0.34649107661114026  0.35703635281590318  0.36758960844031408
  0.37819168250607738  0.38875928495371181  0.39930412203129462  0.40982684649120565
  0.42037444070944857  0.43094071418704705  0.44150439387344159  0.45204577770521376
  0.46257131992349826  0.47310689270611650  0.48363272986704531  0.49416862246846777
  0.50468758776239875  0.51520564519736278  0.52571430468450520  0.53623463584257092
  0.54677906808501764  0.55733006012395259  0.56788601988751275  0.57844404977416553
  0.58901132543404255  0.59956235353557585  0.61011842955446505  0.62068671326053071
  0.63125742883110103  0.64180633462847281  0.65234643272696413  0.66288409064028275
  0.67345592740894800  0.68398544971433750  0.69452026855513371  0.70503213062638614
  0.71556219156499601  0.72609070671102793  0.73662943063046193  0.74714457721110150
  0.75766516491368419  0.76819059923862920  0.77873447075234048  0.78926267514708714
  0.79977173599805174  0.81028173620232480  0.82081041295641199  0.83135144610412381
  0.84191860393691276  0.85246584851797846  0.86303454799380930  0.87359255389098356
  0.88419585832569714  0.89478679636800584  0.90537047174601393  0.91590848206557562
  0.92640665153288249  0.93687650616173312  0.94736314836580171  0.95786574556692661
  0.96839688041957173  0.97891310101060824  0.98945118837665613  1.00000000000000000
 -0.00249195029702205  0.00954576475942920  0.01972549663585341  0.03026066354912454
  0.04082589866437826  0.05137220606420053  0.06189567911560916  0.07242914797501256
  0.08298189741771175  0.09354754135883557  0.10410210126940873  0.11464205135065024
  0.12519960125226104  0.13576008352446908  0.14631991101113556  0.15686466635967095
  0.16740363169870776  0.17795084704333275  0.18848036348621919  0.19900973346296347
  0.20955513488858710  0.22008791735950400  0.23062193500124645  0.24115172706793042
  0.25168977577826024  0.26220220591428683  0.27272159494714215  0.28325508400856936
  0.29378753852705514  0.30429340395381554  0.31479684060585122  0.32533441037107425
  0.33589169970093485  0.34643598676889764  0.35698730951032620  0.36752287841884812
  0.37807418980304802  0.38860147676910872  0.39913021798226744  0.40966751967774478
  0.42022012508200685  0.43079414741946359  0.44135514841360735  0.45191421548484473
  0.46245241175719332  0.47298350254475341  0.48350896122049580  0.49403412252072593
  0.50455739866609117  0.51509327389374948  0.52561962772027460  0.53614733569556139
  0.54667988246161170  0.55719768845650930  0.56773276751823709  0.57826036224360367
  0.58879458071512636  0.59931441940686669  0.60983166769713615  0.62038840605959755
  0.63093062034165404  0.64147135694942203  0.65198684013696873  0.66254018587401231
  0.67306756981782079  0.68360136723477027  0.69412122507859786  0.70466413058621913
  0.71521478722029097  0.72575556872912883  0.73627596443702947  0.74679651637078459
  0.75731824456450725  0.76787280908499922  0.77843519094599778  0.78900286568251810
  0.79957623351675322  0.81014050658800041  0.82073907986057293  0.83129413914103667
  0.84185458728589746  0.85236271597912794  0.86290424111142017  0.87342307338457748
  0.88395363258269888  0.89449475656970745  0.90503722892836813  0.91559467900874392
  0.92614799236597956  0.93671865267394383  0.94727847772383955  0.95781672455735989
  0.96830948429769292  0.97882554888114837  0.98938689933571933  1.00000000000000000
   1.5446401858311880E-002  -1.0000000000000000     
 F F F F F F F F F F F F F F F F F F F F F F F F F F F F F F F F F F F F F F F F F F F F F F F F F F F F F F F F F F F F F F F F F F F F F F F F F F F F F F F F F F F F F F F F F F F F F F F F F F F F F F F F F F F F F F F F F F F F F F F F F F F F F F F F
  <DiscreteSampler_grid>
  grouped_processes
  1 # 1 for a reference and 2 for a running grid.
  10 # Attribute 'min_bin_probing_points' of the grid.
  1 # Attribute 'grid_mode' of the grid. 1=='default',2=='initialization'
  0.0000000000000000 # Attribute 'small_contrib_threshold' of the grid.
  0.5000000000000000 # Attribute 'damping_power' of the grid.
 # binID   n_entries weight   weight_sqr   abs_weight
    10   10   3.099549826990753E+013   2.003953061160719E+027   3.099549826990753E+013
    11   10   3.099549826990754E+013   2.003953061160719E+027   3.099549826990754E+013
  </DiscreteSampler_grid>
