  0.01040266842197892  0.01132531159967897  0.01367953395277629  0.01692500736954682
  0.02088147682141181  0.02666300273398220  0.03298711333506120  0.03891773230458925
  0.04459916463138158  0.05081130815241240  0.05724735103046773  0.06468370521177180
  0.07331284236340486  0.08199005180640125  0.09070717013175968  0.09980825878980902
  0.10973195259069740  0.11994073411975688  0.13055720206440946  0.14087785951995777
  0.15051653586022049  0.16012800281843390  0.16893784822613683  0.17843476558531887
  0.18810954430239840  0.19893210820909715  0.21014407151264664  0.22159595235209420
  0.23313642785130351  0.24431793358616516  0.25500563280741739  0.26593024200333065
  0.27694387639893170  0.28774155249821515  0.29509342650638909  0.29902775238699125
  0.30323315620282593  0.30780304912549317  0.31291875324362600  0.31824035594347938
  0.32490793743086993  0.33443638258530833  0.34312654617704941  0.35219228839972128
  0.36125168694279891  0.37122739163680651  0.38107951618143082  0.39085872585458431
  0.40106991134305148  0.41236925188870760  0.42385379921900895  0.43512188809143254
  0.44650853062255880  0.45893437200265463  0.47158990976083220  0.48382811544712079
  0.49514737681563747  0.50618240393084946  0.51802041419701517  0.52792421501133913
  0.53315636732190719  0.53887581194175149  0.54438947248384084  0.54984678406909637
  0.55497109849276516  0.56395299450264769  0.57413991311392742  0.58451456108044730
  0.59561109642548460  0.60846244392586690  0.62096804952244056  0.63401746584413843
  0.64702510094775345  0.66113027338590824  0.67419611591237061  0.68533295723998489
  0.69598487812453058  0.70584823493573723  0.71723422535303494  0.72853599115019474
  0.74122011777898633  0.75439290578410612  0.76867291898556511  0.78543159361585879
  0.80253269523210990  0.81913707453330287  0.83483411404804553  0.85012475458715353
  0.86323083937956668  0.87569332649921183  0.88780381496500516  0.89995556402651800
  0.91407219752740843  0.93054768748053229  0.95556879671391826  1.00000000000000000
  0.01008637663972278  0.01195831041040888  0.01517349152991730  0.01922629149075178
  0.02435510764630334  0.03084182997034358  0.03875925711774598  0.04759740394063561
  0.05647433773347556  0.06522069588919763  0.07400482115183027  0.08276961845173537
  0.09187490963907136  0.10150497107036531  0.11164711316097876  0.12227898458406973
  0.13315603187792294  0.14416424678356005  0.15494719997295198  0.16514418064260419
  0.17509057910516979  0.18474298055923127  0.19297513251023618  0.20199387573390418
  0.21046072317610168  0.21921021921970091  0.22896083152081878  0.23902046858775589
  0.25010513003886375  0.26082347301413461  0.26891297800413883  0.27686229664006290
  0.28480039094606480  0.29285883539921925  0.30294922112308326  0.31510212681125005
  0.32902245523344503  0.34281370526221172  0.35644215683224373  0.37014727970562400
  0.38068503453410907  0.38658980009158866  0.39246068096463971  0.39778603744496066
  0.40295984019202491  0.40826621263337659  0.41609491838647950  0.42960067235267441
  0.44410059590314788  0.45595387069708770  0.46739831857438119  0.47813783964063078
  0.49004394714700289  0.50076800361838580  0.51166732061063136  0.52286904792957023
  0.53555497031812938  0.54907908105083225  0.56181735537605604  0.57425603579247597
  0.58549532241276725  0.59790389843255209  0.60388962376298205  0.60996154460695651
  0.61579287468172694  0.62127429910263365  0.62662873854698042  0.63303525451454057
  0.64522139896458131  0.65844889251077443  0.67221675949212290  0.68563432151911441
  0.69653117129069075  0.70564605314109274  0.71430706785200437  0.72358784568295842
  0.73475556983080437  0.74707403380831994  0.75973559929111478  0.77159198352101255
  0.78335393687956734  0.79513920338446786  0.80708173757587298  0.81939526789347217
  0.83114911389107593  0.84220978679920888  0.85489737159515644  0.86798567444787178
  0.88462993104623044  0.90088818707689566  0.91552364855613511  0.93032390719490821
  0.94714099703620902  0.97041155662471767  0.98927932645980654  1.00000000000000000
 -0.00006380476755159 -0.00003881049905505 -0.00001381623055851  0.00001117803793804
  0.00003617230643458  0.00006116657493113  0.00007502617270155  0.00007582776771555
  0.00007662936272956  0.00007743095774356  0.00007823255275757  0.00008120103170222
  0.00008432830026057  0.00008750524971689  0.00009071031017134  0.00009390547154918
  0.00009706686905435  0.00010024188959339  0.00010349034424560  0.00010680377354196
  0.00011016681445523  0.00011352645292837  0.00011690229121116  0.00012030001869702
  0.00012376370432640  0.00012729440776007  0.00013092735545428  0.00013464271540219
  0.00013842826987617  0.00014223555411879  0.00014550509821350  0.00015852922798909
  0.00018087961786078  0.00020958338359561  0.00023792597069455  0.00026412799129282
  0.00028831800195494  0.00030700620237171  0.00032460666732382  0.00033997466051072
  0.00035481872841949  0.00036790410113687  0.00038098947385425  0.00039238846767663
  0.00040359358559898  0.00041456497410569  0.00042515410572605  0.00043574323734642
  0.00044560267641043  0.00045517203798072  0.00046474139955102  0.00047445067599917
  0.00048416532709164  0.00049406544239225  0.00050439930786935  0.00051473317334645
  0.00052484873323155  0.00053490821520170  0.00054491693421194  0.00055482465502533
  0.00056473237583873  0.00057436125776649  0.00058393823958314  0.00059357546694982
  0.00060337925656888  0.00061318304618794  0.00062294615023339  0.00063270491445738
  0.00064269840862501  0.00065289099616914  0.00066283405260271  0.00067213254347823
  0.00068143103435376  0.00069031587569356  0.00069913357617892  0.00070796363494398
  0.00071681833902556  0.00072567304310714  0.00073487850411740  0.00074416192532049
  0.00075395792915462  0.00076425917198126  0.00077587311110572  0.00078864009335748
  0.00080252061456730  0.00081286765425360  0.00081736048826390  0.00081908809468592
  0.00082059588745938  0.00082207955693017  0.00082352744418910  0.00082423825223499
  0.00082423825224714  0.00082423825233013  0.00082423825240752  1.00000000000000000
 -0.00230472275751305  0.01112295977085818  0.02255311457341518  0.03257490050128394
  0.04238234605826051  0.05238549686352060  0.06227659010811025  0.07209277052339734
  0.08177691124513477  0.09161804765813453  0.10348001834567017  0.11530688720458239
  0.12743595208304073  0.13902207150853702  0.15037461259652979  0.16163739468514429
  0.17382897462663172  0.18713539952884445  0.20106785451665660  0.21480337873021027
  0.22802131033922526  0.24043599132013652  0.25110444666696796  0.26199118657228448
  0.27331959794012584  0.28672884426347867  0.29945125443861176  0.31050348327147043
  0.32097058477935853  0.33201028598101007  0.34440204508796307  0.35695804343840659
  0.36803533329713167  0.37939306294259045  0.39150602628483350  0.40459627195461384
  0.41463987881803915  0.42421397342939077  0.43343796737138446  0.44459309669093172
  0.45520508238512386  0.46651588527882726  0.47828450493332564  0.49048779983377766
  0.50335003103723863  0.51646414977794564  0.52851155023771779  0.54020482110583012
  0.55130468442641634  0.56244172250655033  0.57345012456589239  0.58003030007908185
  0.58455720187082028  0.58876494061147810  0.59280907434798358  0.59664689441986707
  0.60073824740480086  0.60522042407606647  0.61446050045466194  0.62745201155775543
  0.64004265128464455  0.65259662605223234  0.66423309860963431  0.67536113868529202
  0.68664516978592405  0.69838917525606625  0.71060805176076480  0.72267499488499587
  0.73450731236626787  0.74680606143461647  0.75901989141024762  0.77101514439789720
  0.78333680436673669  0.79602658614646449  0.80876367650506897  0.82103646687862630
  0.83322539575285215  0.84329852211685030  0.85069052750991303  0.85807973185064546
  0.86552171736520600  0.87302373062012684  0.88461631676198482  0.89652575512838450
  0.90796382272907128  0.91792985974002106  0.92786192342645624  0.93782195718609973
  0.94669291127663124  0.95266081541251146  0.95927833784854455  0.96555353811564126
  0.97146157216424678  0.97781408877109666  0.98869352478943939  1.00000000000000000
 -0.00255360863336426  0.01070283342855316  0.01672397764002710  0.02391546503194839
  0.03117798315755427  0.03762162779144295  0.04254743578954969  0.05051528093843913
  0.06056656931180963  0.07209934676251049  0.08401048154786435  0.09491081220553474
  0.10596816636397481  0.11743592814015133  0.12903843814515739  0.13949770515081553
  0.14913621003026958  0.15869727244716045  0.16796710822056832  0.17793030479278613
  0.18868255213252849  0.20018345473072977  0.21271840043951321  0.22465662690810434
  0.23397044572994560  0.24329870828818159  0.25307060590713371  0.26586150806299896
  0.28031161708069458  0.29289807024774084  0.30491178731988677  0.31573618607678111
  0.32558665469494863  0.33450311298885610  0.34355485513592071  0.35330341047780189
  0.36460510250293343  0.37748827962401532  0.39080351284539194  0.40392997473017173
  0.41627004115398158  0.42803322972545893  0.43996024357387215  0.45070238839843246
  0.46141735169305287  0.47238363005291695  0.48402563387579167  0.49682952275414144
  0.50993364769451843  0.52369473651051557  0.53709442583099998  0.54912739021235757
  0.56023077768823304  0.57148362540353292  0.58344116384803146  0.59544714525917053
  0.60680030806585428  0.61814307642858690  0.62992157244445302  0.64252796077401297
  0.65584042191953973  0.66948524304096457  0.68313223423952574  0.69508774037125487
  0.70512988336582583  0.71382270617923249  0.72280316508894893  0.73247491558540845
  0.74307141160139489  0.75361146464211048  0.76341084972685413  0.77305185698534307
  0.78366291361536600  0.79533657773284439  0.80779205805411747  0.81788828158697724
  0.82350301447152485  0.82867344651931740  0.83437133614378756  0.83973836461882878
  0.84496662312183102  0.85046436690031690  0.86111008836482583  0.87291284115579815
  0.88383364282749122  0.89453346956809277  0.90565645318723331  0.91699436805420709
  0.92813550016033042  0.93935935059991338  0.95058451235335484  0.96062384964181802
  0.97057812346561367  0.98003646877593698  0.98960791560153405  1.00000000000000000
 -0.00293525305266758  0.00767178020938577  0.01752313560996101  0.02685103363062694
  0.03567364978210875  0.04223178730106687  0.04882889635132476  0.05539621441685812
  0.06160103767003811  0.06865180597088613  0.08100987362501323  0.09355937178644218
  0.10630546313806354  0.11872602301368106  0.13111090730711833  0.14351581596850294
  0.15626808075745943  0.16877097945818528  0.18173096832827484  0.19428515556366380
  0.20665753873277914  0.21863632940147051  0.23106053406945753  0.24309307502615643
  0.25312266187158450  0.26285514257489451  0.27228831846754670  0.28224457438748296
  0.29297552087893591  0.30451414799885124  0.31463837828083507  0.31944116476221573
  0.32349506739755568  0.32749215136916104  0.33224793871868080  0.33712271062814636
  0.34134973072183472  0.34842383435501856  0.35904673769604506  0.37105019715688348
  0.38370428464762285  0.39672266639475856  0.40958368715661825  0.42357144573796551
  0.43641615628301811  0.44778186677557991  0.45901931771584992  0.47157516326520521
  0.48552060237407535  0.49861059823897164  0.51019718929432700  0.52108767734285177
  0.53226513301888101  0.54392071063856595  0.55596107258539385  0.56661269420504778
  0.57639526129291763  0.58631386095438520  0.59668355137170714  0.60736985275307365
  0.61664189447009510  0.62569240082129629  0.63542444622770056  0.64691948612898165
  0.65877549045854911  0.66995728083196593  0.68056897212062872  0.69064466175268102
  0.70201384348809048  0.71268258158109676  0.72300891088702723  0.73293333576898667
  0.74298926347320227  0.75372364517200674  0.76535362892472580  0.77701729548665366
  0.78837402427386627  0.80031374861267091  0.81296708915910210  0.82511308476017686
  0.83636950237672247  0.84763628492728649  0.85848065813131613  0.86888812265192716
  0.87896913834456847  0.88949252463626494  0.90094511686908885  0.91252626335891163
  0.92404867540200131  0.93521402918644170  0.94610795153935223  0.95639692218107963
  0.96686585747627452  0.97701886782560510  0.98819765703167961  1.00000000000000000
 -0.00262598718333835  0.01224295834558823  0.02451780419651868  0.03740122271363208
  0.05125132693308317  0.06470248358786232  0.07700422758360362  0.08782749475410695
  0.09760469924756360  0.10679945200053685  0.11590618261768044  0.12566579483493162
  0.13580678336576810  0.14715264987389115  0.15850401203141631  0.17058903344449947
  0.18293438940734347  0.19613791910598125  0.21057819566469832  0.22404323183550429
  0.23612774472210707  0.24773584072495006  0.25987407942130031  0.27289079227920326
  0.28501191282025184  0.29563053318678667  0.30568359517512478  0.31591245000491930
  0.32669814495137195  0.33760550589313132  0.34817254044893342  0.35955696865544234
  0.37249776248063016  0.38590898780664562  0.39711867590708344  0.40661285206903175
  0.41596594114506003  0.42397694638839734  0.43262878689325113  0.44209706378264535
  0.45205309122669440  0.46404676934925793  0.47638524335490523  0.48805720749247677
  0.49953311341865597  0.51125486540795750  0.52321651918378320  0.53599816264843603
  0.54887565612315026  0.55930834962430931  0.56844582368717089  0.57720077000136327
  0.58536428803696827  0.59468460153676894  0.60413722082152221  0.61429061961542042
  0.62526418042013199  0.63648116977940983  0.64767527422187976  0.65897632911792914
  0.67062389403416167  0.68168403984090198  0.69208817507599507  0.70222580274567015
  0.71230741273133447  0.72269033358646451  0.73340527200386352  0.74455306176753699
  0.75677454460165039  0.76874480720387961  0.77922132551743861  0.78986601605775131
  0.79892226609525996  0.80831931577474736  0.81824687196108359  0.82954738387507709
  0.83758376308610027  0.84265455962837399  0.84771456676068646  0.85285834143620309
  0.85872195105334692  0.86613390937712176  0.87727257487224808  0.88905496570492470
  0.89987827432810352  0.91089248581018667  0.91766981216010624  0.92338049402694744
  0.92949484375725433  0.93570888115394868  0.94174657884358259  0.94940783659696470
  0.96093271313606576  0.97359615086606854  0.98664857209621326  1.00000000000000000
 -0.00211674455952295  0.01086998749112269  0.01962679393536994  0.02871714184125145
  0.03787831184396139  0.04782872033384875  0.05964554691298539  0.07134749683051296
  0.08222051404850263  0.09308206956729236  0.10402853455925809  0.11706187905444160
  0.13084722728078599  0.14348744334385774  0.15488251098952049  0.16420242738183413
  0.17313230688508971  0.18218122220171118  0.19170116750531824  0.20213767846308162
  0.21288413895431235  0.22250812766327888  0.23185620141229490  0.24144373799010468
  0.25189065225531537  0.26440889910708082  0.27839379322613794  0.29039933385093691
  0.30104382642514643  0.31139210188239147  0.32243299400056924  0.33524107510981077
  0.34790541955979953  0.35878711956187026  0.36911053899277674  0.37947226291331448
  0.39044330006515049  0.40225615528456127  0.41426334159388434  0.42649796991472089
  0.43929687644719068  0.45219403213239895  0.46436676727311338  0.47548380930533629
  0.48662109855558267  0.49792536515853930  0.50943195155916177  0.52045093567922440
  0.53073885891584427  0.54059182496398472  0.55050159167854462  0.56094183023105493
  0.57193707594285370  0.58429888224480309  0.59675438590851981  0.60915257971461845
  0.62000461421065034  0.63069077633961002  0.64167545898759615  0.65353579019941266
  0.66644810433659873  0.67948614353220604  0.69164866721922091  0.70306313648980623
  0.71423846417126446  0.72101713586975280  0.72610270170434077  0.73067694178591525
  0.73511084443375607  0.73982871556855989  0.74473641672797597  0.75175406235861630
  0.76666856886054702  0.77962745254123811  0.79201151385319335  0.80492849982478565
  0.81856172378408842  0.83117768920788881  0.84276437769189261  0.85394897394293312
  0.86522910067234304  0.87694300478850806  0.88607835189216755  0.89121077534112603
  0.89622274106509259  0.90109165834226446  0.90609652675428498  0.91172571303796546
  0.91982984521707556  0.93380322761977941  0.94678208383485929  0.95873120889799845
  0.96967045839022625  0.97973581159221457  0.98999818865613032  1.00000000000000000
   9.2705620238661635E-021  -1.0000000000000000     
 F F F F F F F F F F F F F F F F F F F F F F F F F F F F F F F F F F F F F F F F F F F F F F F F F F F F F F F F F F F F F F F F F F F F F F F F F F F F F F F F F F F F F F F F F F F F F F F F F F F F F F F F F F F F F F F F F F F F F F F F F F F F F F F F
  <DiscreteSampler_grid>
  grouped_processes
  1 # 1 for a reference and 2 for a running grid.
  10 # Attribute 'min_bin_probing_points' of the grid.
  1 # Attribute 'grid_mode' of the grid. 1=='default',2=='initialization'
  0.0000000000000000 # Attribute 'small_contrib_threshold' of the grid.
  0.5000000000000000 # Attribute 'damping_power' of the grid.
 # binID   n_entries weight   weight_sqr   abs_weight
    10   10   1.631291872654374E-008   8.542115420175727E-016   1.631291872654374E-008
    11   10   1.631291872654372E-008   8.542115420175703E-016   1.631291872654372E-008
  </DiscreteSampler_grid>
