  0.00944488184869230  0.01621215688890456  0.02524295787364380  0.03612267600067667
  0.04650174909308465  0.05685221367852848  0.06716341475051957  0.07749269973208389
  0.08787803420028271  0.09825782519428268  0.10861740777077944  0.11898936638964050
  0.12940586917631799  0.13984149813854269  0.15026898167734651  0.16071409822567886
  0.17116929632458713  0.18159855124816551  0.19197633433743136  0.20233450457951976
  0.21266513477488369  0.22303059867528818  0.23335347308485868  0.24371483097903793
  0.25401717063351731  0.26435869839831727  0.27466823011659475  0.28501498010528759
  0.29538745238254932  0.30575199463765862  0.31612583935134825  0.32646114890745187
  0.33683069589964559  0.34720372272720351  0.35759953494982821  0.36800348531477806
  0.37841679369195291  0.38880922865041045  0.39919946130747402  0.40954268819984585
  0.41988052575309009  0.43021978256039528  0.44060903557218073  0.45102330260913381
  0.46142328189593679  0.47181957805534186  0.48223735252106148  0.49266115285607837
  0.50308027471186745  0.51348704044153293  0.52392290618913495  0.53437081056641822
  0.54483171681866294  0.55528146115138233  0.56569133090906520  0.57605202624013074
  0.58641207475358714  0.59679298149285476  0.60720154450777564  0.61761409645083576
  0.62800340589257564  0.63837705997383420  0.64874001524853042  0.65911285005208231
  0.66950685670368237  0.67989302735435797  0.69027183542248793  0.70066999018763709
  0.71110175088528860  0.72156919698038191  0.73201736803069917  0.74244477837178025
  0.75285347883384879  0.76325685513180797  0.77365699139701416  0.78404163736067156
  0.79441384371689105  0.80478820650148464  0.81515261298022224  0.82549368532921752
  0.83580752420681093  0.84614198360526760  0.85648756607112075  0.86683121735391389
  0.87715877837913492  0.88751039469647008  0.89787720718115827  0.90828838302447756
  0.91870082822967702  0.92913451786518397  0.93959150544524661  0.95002163280830831
  0.96041551571281769  0.97062306249361097  0.98084436065245539  1.00000000000000000
  0.00966936608970609  0.01583837359824851  0.02501354926097241  0.03581173191217520
  0.04617693492053475  0.05656366085079555  0.06697027120355183  0.07739444048590136
  0.08781184989180903  0.09821613214913782  0.10861401128866255  0.11901306567467745
  0.12940450411531093  0.13975041603506194  0.15011038275430716  0.16046303280418631
  0.17084375732733104  0.18123088667258369  0.19161062395771189  0.20199210965189765
  0.21237255093197549  0.22280797460969398  0.23325128271836679  0.24366875869956903
  0.25406652755218195  0.26442391069823357  0.27477161510192982  0.28512338774311186
  0.29549901932052164  0.30590731693293949  0.31629762555552721  0.32668227030669350
  0.33705273719467721  0.34742254345827417  0.35777858744285879  0.36811959201894429
  0.37844141825764921  0.38877977516403917  0.39913960309083957  0.40954557518315532
  0.41995775037096272  0.43034318635378072  0.44069232466582331  0.45104572114487046
  0.46144379936790431  0.47186894643029348  0.48229549777206498  0.49269569137722485
  0.50308236792967109  0.51348275491490580  0.52390606144149809  0.53434120942919239
  0.54478642941776367  0.55522518327706116  0.56564302147554413  0.57603154568077108
  0.58639932101030268  0.59676660141430260  0.60713699528330034  0.61752051604827529
  0.62792178313475844  0.63832698310224023  0.64873803996382418  0.65913926278582569
  0.66951091300819854  0.67985221565305243  0.69018276016446489  0.70054320443097695
  0.71093655985900295  0.72133965928619637  0.73172791619023914  0.74210522311234151
  0.75248075840338713  0.76285321341146040  0.77319200800975585  0.78351718373104295
  0.79385734964441812  0.80424640513773049  0.81465848968953725  0.82505119169337693
  0.83539865469694496  0.84570182177613329  0.85601872464559636  0.86636400857166296
  0.87675192676706781  0.88712514222195549  0.89748989851476191  0.90781955744895604
  0.91817033309492024  0.92851769975840559  0.93892310637159415  0.94931587439554399
  0.95971166723460810  0.97005706408578363  0.98043662530861431  1.00000000000000000
  0.13234813762294226  0.13308665748941481  0.13399204634722856  0.13497090861306779
  0.13596310434340164  0.13695665939645951  0.13795848302037880  0.13897172744228353
  0.13999000734027342  0.14100972382356827  0.14203316696545282  0.14307047488325667
  0.14411499907518296  0.14516403892472279  0.14621043897238875  0.14726976917206477
  0.14833574734620644  0.14940740465535651  0.15047721383464410  0.15155211864828153
  0.15263444172087628  0.15373109674511715  0.15483098530347481  0.15593368114176540
  0.15703981428488598  0.15816442796043742  0.15929447505786676  0.16042998509141579
  0.16156672327962066  0.16271917218519563  0.16388445493337953  0.16505182686303693
  0.16622262495874879  0.16739162155061102  0.16858302709748382  0.16977356126392176
  0.17096755967603264  0.17215979762394015  0.17336792663912387  0.17459162739960493
  0.17582199022679354  0.17705829072160470  0.17829777866982047  0.17955012426487638
  0.18081119635865150  0.18207120559340328  0.18333160654536057  0.18459956263745370
  0.18590001507925255  0.18720394869096901  0.18851417771744503  0.18982124024878838
  0.19113876945567818  0.19247182034688093  0.19380451816578090  0.19513983568470381
  0.19648037240531288  0.19784233561511530  0.19921973439708987  0.20059484739119871
  0.20197246973675737  0.20335516605798601  0.20475870763822668  0.20617618368527313
  0.20759599791172806  0.20902305193324980  0.21045206558654586  0.21191839805525098
  0.21337760303714134  0.21484293208332314  0.21631330920803335  0.21781178712777843
  0.21932824675175427  0.22084671513014292  0.22236873484816816  0.22389737481379757
  0.22544879934291015  0.22701079397629223  0.22857037999568405  0.23013357071937585
  0.23170925826085992  0.23331003374706843  0.23491686288118210  0.23652868015232273
  0.23814505117109500  0.23977492883389498  0.24143854139977797  0.24310280596631492
  0.24477220844558589  0.24644512634026738  0.24815567659362184  0.24989183255974792
  0.25163442969150274  0.25344242555068236  0.25485474173907446  1.00000000000000000
 -0.00241810319537531  0.00982641159284945  0.02010034663024175  0.03064912443364502
  0.04115803092782140  0.05165588933670732  0.06214223281809184  0.07270877886057649
  0.08325787654730811  0.09385100891133936  0.10438135091041710  0.11491754491542536
  0.12547470555278756  0.13603823782155078  0.14659840082700379  0.15713088642801051
  0.16768305580749307  0.17823618754086809  0.18880475695734039  0.19936487342805415
  0.20995268973610623  0.22049859468051858  0.23105564441343923  0.24165165387989118
  0.25224021410723324  0.26281670393770395  0.27332491764350270  0.28383357348707156
  0.29433898846613471  0.30486639361114959  0.31537020678739164  0.32583869241859958
  0.33633488118283006  0.34687723764953243  0.35742991961123100  0.36795485875296480
  0.37846933119270637  0.38901813833112475  0.39955737441597755  0.41014377226042026
  0.42073952317353802  0.43131722071955325  0.44183919339002331  0.45238307479442019
  0.46296219567359803  0.47350661078757250  0.48396914416617653  0.49442382482396180
  0.50494001824611601  0.51549181002355127  0.52604496658429178  0.53651279414374542
  0.54701215589268026  0.55752267012401513  0.56810019028625292  0.57863983839368094
  0.58912695441110730  0.59960299912360759  0.61007856674024896  0.62059131465079975
  0.63112650007140436  0.64164222747640232  0.65213376521538891  0.66263648690457777
  0.67316299994690298  0.68371839428118664  0.69427572494890644  0.70487509728560238
  0.71549513250205743  0.72605352539662138  0.73653790200508518  0.74701277723584003
  0.75752795562203645  0.76806487052472550  0.77858394333613867  0.78910123413560262
  0.79963203195847576  0.81017726450850103  0.82073719259511257  0.83134887443871497
  0.84195414168978999  0.85258518861547405  0.86313247093057288  0.87370111596941902
  0.88423596410145722  0.89480654002499094  0.90533286005665770  0.91585767846916211
  0.92639810458063920  0.93695956299922356  0.94745711930429477  0.95795750002104207
  0.96842608331661051  0.97895206768359300  0.98946052157950815  1.00000000000000000
 -0.00239191903483141  0.00955940153210028  0.01975677641231168  0.03034546037416882
  0.04090682314352882  0.05144641256764838  0.06196734468052713  0.07251351272987362
  0.08300878763822074  0.09352150513770800  0.10400722848442916  0.11453003405401072
  0.12503860958877827  0.13555965512719942  0.14609460843752828  0.15666712570161784
  0.16719968111950204  0.17773950654369872  0.18826885055339082  0.19887509081282564
  0.20944372275887446  0.21998423483986512  0.23045371442367843  0.24096709089568402
  0.25148208439574576  0.26200951112263515  0.27252242247989916  0.28304937154503257
  0.29357716270658468  0.30407557163333460  0.31457493958991101  0.32509951626866362
  0.33564525256333383  0.34620059671775122  0.35676267351071561  0.36736665020612003
  0.37795870828863548  0.38852536218294226  0.39903465656987064  0.40951784571635708
  0.42004511697705804  0.43060246051973938  0.44121835193763292  0.45183040752727321
  0.46243824754407781  0.47300521356530695  0.48354242609152953  0.49405955915156624
  0.50460087962152134  0.51512915235771972  0.52569411787633991  0.53626409738255187
  0.54681610561728389  0.55734739012985068  0.56785816351693585  0.57837925492742981
  0.58890095040390578  0.59938407781726988  0.60991014375469088  0.62039473352207397
  0.63093344038063226  0.64145629638104029  0.65199156941805647  0.66255000046395218
  0.67310879756010711  0.68369333526499876  0.69424757029877382  0.70476450181248973
  0.71526041998400414  0.72572383157172871  0.73625341576588643  0.74681703060760551
  0.75740533716253866  0.76795146787461666  0.77844443454116741  0.78894817092525737
  0.79942889459543220  0.80995228110104533  0.82048503859907307  0.83104748032288733
  0.84162774423520281  0.85221290804983252  0.86279677415166034  0.87336735847991909
  0.88391085635397559  0.89446685620477573  0.90503136958108787  0.91556405247884332
  0.92605236426070880  0.93660481664260375  0.94721444283939371  0.95786192475680099
  0.96838711132633959  0.97888733176797738  0.98941900446492781  1.00000000000000000
 -0.00213680369031405  0.00990226527151378  0.02021043872205269  0.03071905513582647
  0.04121825049165868  0.05169246331828737  0.06221104132098425  0.07277016963422750
  0.08334670646802594  0.09391720091745953  0.10451588383817371  0.11510452755678820
  0.12567310055715469  0.13617598043309873  0.14670230742697576  0.15720507565136088
  0.16770297268360140  0.17816172405392430  0.18865969239708455  0.19916660176027789
  0.20970342526029090  0.22022644362563032  0.23077025807592924  0.24130976267630064
  0.25188941993756864  0.26248706819380174  0.27307686891561017  0.28362238769112869
  0.29414158386051426  0.30465466097969762  0.31514796565460351  0.32568157349813348
  0.33620447708468137  0.34677243492006254  0.35731827761261253  0.36785749707488186
  0.37838781314998360  0.38897769614908345  0.39958531964790311  0.41019739612565964
  0.42076057477222972  0.43127347788184850  0.44178657428996670  0.45227605187734249
  0.46283808368071788  0.47336629095901789  0.48391219574563021  0.49441587874645088
  0.50495369962883507  0.51545792272494817  0.52596683808452227  0.53646670693179022
  0.54701913029284943  0.55756925232232490  0.56814223233519601  0.57869184686694353
  0.58924816433013860  0.59979272270515271  0.61036335075342552  0.62092801842757039
  0.63148477663872837  0.64204232586896925  0.65259020886240060  0.66312153983890221
  0.67366572705587346  0.68423127936443506  0.69476519718678320  0.70528062035695738
  0.71579067736678725  0.72633982538274733  0.73687613275916997  0.74740844581674282
  0.75793226874018160  0.76838237511079110  0.77882259276621335  0.78927392860844425
  0.79979005093771249  0.81033466857392333  0.82088633452648352  0.83144487317920956
  0.84204104443834682  0.85260704100683526  0.86313735111885570  0.87361725206696739
  0.88413926410515165  0.89467222126195123  0.90519935593404521  0.91571573729386502
  0.92625520238152281  0.93680126878798564  0.94731804597754321  0.95793706491061692
  0.96844171108362131  0.97899865371686823  0.98945710526909703  1.00000000000000000
 -0.00247431904473222  0.00964812444864053  0.01985794595834266  0.03032120143460234
  0.04078807107655831  0.05125328850266805  0.06177003341535576  0.07231782969449277
  0.08282992020572472  0.09334895183266420  0.10386209083792475  0.11442461239982746
  0.12502162621651058  0.13559650808370247  0.14617959979228135  0.15669407882140207
  0.16725617352081643  0.17778803798182513  0.18837198997068438  0.19892792746773327
  0.20951739837048475  0.22008075144056763  0.23063312096550767  0.24116409607187839
  0.25169285527764623  0.26223363721458343  0.27279375868259420  0.28340783829506322
  0.29398765753648332  0.30459465683628573  0.31514585562018455  0.32574058695323166
  0.33631839014470888  0.34685682569115089  0.35738429206174843  0.36788871738287743
  0.37843992683325656  0.38896535464494875  0.39950277874399792  0.41006122682359064
  0.42065609721091413  0.43126194588298150  0.44180850350924111  0.45233132336114701
  0.46280193184852308  0.47326922273920974  0.48374478154568934  0.49420378696530215
  0.50470647836109750  0.51522560213079671  0.52580742881367548  0.53635961272463850
  0.54692639027517131  0.55744227955285131  0.56798369387817793  0.57848374459151708
  0.58902873254597221  0.59959615971122293  0.61016862586471332  0.62077350074301196
  0.63135387567050449  0.64191898237249223  0.65240502989112292  0.66292275882999518
  0.67345307484553696  0.68401322056471936  0.69451133405349452  0.70500896494968435
  0.71550426450280935  0.72605120973333459  0.73660696906556056  0.74715567830232188
  0.75772173817864530  0.76829376853134701  0.77885973356974580  0.78937842863437735
  0.79987793989264722  0.81041087295011194  0.82097865452064356  0.83154560358993024
  0.84211693144234501  0.85265664417675702  0.86321664046571711  0.87372198160538217
  0.88422419354928772  0.89474581352761773  0.90529562216043258  0.91580994490951351
  0.92631222133622848  0.93683955078993331  0.94737464642646629  0.95791476138817666
  0.96839016032460468  0.97892842755163045  0.98943899945695080  1.00000000000000000
 -0.00221152866185852  0.00965274655271896  0.01983377294324208  0.03035812530883782
  0.04089746097808293  0.05146584004038982  0.06202040907449775  0.07258519650036957
  0.08312232303736161  0.09371592053260111  0.10427788881629757  0.11486473770987800
  0.12537918055007050  0.13593402297928153  0.14647774191394414  0.15703751799206736
  0.16751364384559364  0.17800179706255048  0.18848607418007104  0.19901895120319235
  0.20953571088916920  0.22001750919392604  0.23049365184044507  0.24096069299203002
  0.25146543733098609  0.26201256935243888  0.27256277291604408  0.28316212738906704
  0.29372824649666973  0.30431293028877554  0.31485714428139661  0.32538410839196702
  0.33588328257631028  0.34637030473711550  0.35689579909706759  0.36742719564040949
  0.37798600466731780  0.38859202488940658  0.39921533771380380  0.40980775727431745
  0.42031631372157852  0.43082432216439009  0.44133196686589249  0.45185243918111584
  0.46238100043123143  0.47292631073613672  0.48348803473768626  0.49399831535636207
  0.50452238746689893  0.51505877476808637  0.52562004850269428  0.53615522355834422
  0.54665336023781153  0.55716621179413328  0.56771019386572019  0.57826010675399941
  0.58880297259041880  0.59932908141663632  0.60984716589131460  0.62039908718773984
  0.63093448753010106  0.64144424809364997  0.65193292301166561  0.66241580868881256
  0.67291252342142616  0.68336970672042852  0.69387835109725204  0.70443281883122144
  0.71504785565259699  0.72567515405098493  0.73628609125479993  0.74691029191687697
  0.75750263689861053  0.76811197772457640  0.77869535901223053  0.78925548327989137
  0.79979814413075523  0.81033369411797895  0.82088799706418358  0.83148555079981645
  0.84204747356047993  0.85255992080525045  0.86305699068421582  0.87354505532917037
  0.88408690530298428  0.89456362059190708  0.90507340720750196  0.91563117594987664
  0.92619697889554420  0.93676483015209377  0.94728079852872071  0.95782445718988218
  0.96836873260456158  0.97890498768382339  0.98945552306464524  1.00000000000000000
   2.1895492917133370E-016  -1.0000000000000000     
 F F F F F F F F F F F F F F F F F F F F F F F F F F F F F F F F F F F F F F F F F F F F F F F F F F F F F F F F F F F F F F F F F F F F F F F F F F F F F F F F F F F F F F F F F F F F F F F F F F F F F F F F F F F F F F F F F F F F F F F F F F F F F F F F
  <DiscreteSampler_grid>
  grouped_processes
  1 # 1 for a reference and 2 for a running grid.
  10 # Attribute 'min_bin_probing_points' of the grid.
  1 # Attribute 'grid_mode' of the grid. 1=='default',2=='initialization'
  0.0000000000000000 # Attribute 'small_contrib_threshold' of the grid.
  0.5000000000000000 # Attribute 'damping_power' of the grid.
 # binID   n_entries weight   weight_sqr   abs_weight
    10   10   9.907255095309543E-005   2.536033448144669E-008   9.907255095309543E-005
    11   10   9.907255095309546E-005   2.536033448144671E-008   9.907255095309546E-005
    16   10   9.907255095309542E-005   2.536033448144669E-008   9.907255095309542E-005
    17   10   9.907255095309546E-005   2.536033448144671E-008   9.907255095309546E-005
  </DiscreteSampler_grid>
