  0.00962723586812443  0.01580640113576903  0.02493642676207097  0.03572956631529456
  0.04610530925559547  0.05651394043213129  0.06691322686669959  0.07727290082973044
  0.08760640143698402  0.09795020433030825  0.10833025509747837  0.11871810736147928
  0.12910700916480730  0.13950560137612852  0.14988885916112071  0.16026079056736264
  0.17060309003252760  0.18098127831230676  0.19138614487805194  0.20179366734267545
  0.21220985583410690  0.22261876522671656  0.23302154481431736  0.24341329912745441
  0.25379776594728903  0.26417651317401813  0.27454353839266743  0.28491959277347573
  0.29531952840057524  0.30570195248522924  0.31608968412114524  0.32644954392907960
  0.33683670374245023  0.34721850603442728  0.35757995836019563  0.36793144129159688
  0.37826677900585803  0.38864468494442767  0.39903464553960044  0.40944841789703351
  0.41984232562461132  0.43020314947934274  0.44055065168507213  0.45089209283092235
  0.46125480993937196  0.47162116874136573  0.48200737603524418  0.49240874684048697
  0.50281412095531108  0.51320714209051388  0.52357949069246579  0.53394169031267857
  0.54430994984448922  0.55469818264989701  0.56509286521986335  0.57548085460186804
  0.58584766735710925  0.59621620950992849  0.60660536520591757  0.61701483969755555
  0.62742165328124733  0.63780509089366377  0.64818460259744504  0.65857425619977472
  0.66896582412096284  0.67934881753592324  0.68973798906340866  0.70014054215425214
  0.71053215901876332  0.72090535925155441  0.73127739664507774  0.74167264525066545
  0.75205870874588354  0.76241507138505793  0.77277313185818697  0.78314195300724188
  0.79352919699548297  0.80391664370747851  0.81431345637151209  0.82472028016184318
  0.83513460812768670  0.84554323109748708  0.85594336279215977  0.86632789358424467
  0.87672004897059297  0.88711971972505443  0.89752674615222328  0.90792946950077891
  0.91832769035624051  0.92871666658813656  0.93907996024926643  0.94943014173619966
  0.95977104951745684  0.97012026428240938  0.98048578496785987  1.00000000000000000
  0.00952216679691434  0.01560262645115404  0.02482044892968799  0.03562709689076785
  0.04600156174704795  0.05639884367803535  0.06678613718534368  0.07717494561666963
  0.08757217593614398  0.09796889649492962  0.10836601625104605  0.11874057087132153
  0.12909420547377404  0.13943252802418418  0.14977772811517337  0.16015578435293990
  0.17055046199784463  0.18095248066031794  0.19133369369515613  0.20170142495865270
  0.21206297897723930  0.22243577003297377  0.23282515548339769  0.24322173848854639
  0.25360022746119570  0.26397183864420576  0.27434181099795657  0.28473004614731490
  0.29510296731240315  0.30546638386748942  0.31583256462265213  0.32622185504352169
  0.33663567997352806  0.34706390310285690  0.35750208878843848  0.36793973018147097
  0.37836903365676416  0.38879256440482751  0.39921020580990541  0.40961237802634054
  0.42001427746942471  0.43041579213307396  0.44081492278923917  0.45119860686363056
  0.46156498407183932  0.47193124079924265  0.48230480154708133  0.49269060265580045
  0.50308313215593858  0.51346815804588763  0.52383254739513863  0.53419384819322857
  0.54456920116984564  0.55497298271251150  0.56538249344945724  0.57579310643272663
  0.58620507224010232  0.59660153701287599  0.60697303116267698  0.61732641848313186
  0.62769764931637206  0.63809029114556592  0.64848410588615690  0.65887729322494326
  0.66926978493298783  0.67967226464986674  0.69007443621002251  0.70046621305919032
  0.71085696071577997  0.72123819711378812  0.73162011944503724  0.74200117622311712
  0.75239137836791592  0.76278725668999792  0.77315932644220298  0.78352846527355702
  0.79388558275940013  0.80426931164530779  0.81464745433211061  0.82502108842549060
  0.83539442556077892  0.84575833967812186  0.85614650304764961  0.86653079945648259
  0.87693532406417241  0.88733514493364174  0.89772692214571792  0.90810536969000977
  0.91848415310718989  0.92886911897474267  0.93927137543504613  0.94969034739561964
  0.96009484540906675  0.97042757854476991  0.98069063238527476  1.00000000000000000
 -0.00252286619222926  0.00943438719785201  0.01958912467111887  0.03011052084728541
  0.04066468195172150  0.05118648644588927  0.06170570080472727  0.07220854584145266
  0.08272506423915395  0.09325307209862213  0.10381500280567925  0.11438783726648431
  0.12495668213065773  0.13550846381559861  0.14605955478689350  0.15662331470397903
  0.16719661649683032  0.17774234498390654  0.18827394927436281  0.19880195193818065
  0.20933647411250050  0.21987100640578522  0.23040573379321383  0.24095789481546562
  0.25149856334429793  0.26202483888505762  0.27256931627088393  0.28309133026570404
  0.29361885127384912  0.30409278957362179  0.31459471498031438  0.32509658391935226
  0.33562714169637542  0.34616815976853277  0.35671942869119638  0.36729998219853199
  0.37786916850916458  0.38842820055672139  0.39892716744385548  0.40945115238362212
  0.41999300196700706  0.43058415124951394  0.44115326108864555  0.45171053910344156
  0.46227358428516224  0.47284399426914431  0.48342137158586607  0.49398907507604872
  0.50456191675191908  0.51512855981260020  0.52569721089553745  0.53625995261459869
  0.54682366252232462  0.55737610236895052  0.56793428587400652  0.57847079317028927
  0.58897248945377778  0.59947979882436397  0.61002470477180770  0.62059994361652882
  0.63113275384804257  0.64164343370068655  0.65215880229966838  0.66270710110903241
  0.67324597665897312  0.68377575797272039  0.69427857039082508  0.70479505803053433
  0.71531260772558614  0.72584976129884082  0.73637567084216105  0.74692311786558785
  0.75745159212698543  0.76800932618652840  0.77853341684992450  0.78908198377353989
  0.79962461819683950  0.81016602528100956  0.82069858130778883  0.83121470796262553
  0.84173418294971669  0.85226858416578322  0.86282502481946732  0.87337666490403110
  0.88393238613342373  0.89446395468125028  0.90503215363863487  0.91556589107710162
  0.92610796289540354  0.93661417090297217  0.94714514532169669  0.95766484882401570
  0.96820856087328311  0.97878445026427230  0.98938213409287412  1.00000000000000000
 -0.00233088875970381  0.00945087077341093  0.01957068249117765  0.03007924405805117
  0.04065807985206218  0.05121864120568007  0.06175030147108425  0.07226253494437035
  0.08279792859784889  0.09334893984218495  0.10394551797166807  0.11454529473113460
  0.12511662863062820  0.13566266319176906  0.14619166432048936  0.15671786715054170
  0.16722180778033457  0.17771880196058351  0.18823955711101867  0.19876277214499535
  0.20931227307983871  0.21985752298208450  0.23041616845742935  0.24099546856347168
  0.25158133527077259  0.26213088484998975  0.27266552964526303  0.28320206499270079
  0.29375191141633478  0.30427830924520199  0.31478237971817491  0.32528484269561853
  0.33579963429180854  0.34633446707365673  0.35690400704631420  0.36748696150195437
  0.37807872993281860  0.38865727023822827  0.39920861742434632  0.40973777400855477
  0.42027024061682500  0.43080803060080969  0.44134622306463805  0.45189040245983092
  0.46243392383493992  0.47297897560238583  0.48351973835788215  0.49406746044142752
  0.50459704519687820  0.51512803876883462  0.52566667890227914  0.53622810315909830
  0.54678783894959404  0.55737187687361356  0.56794549281199824  0.57851240526687220
  0.58904719710665099  0.59960164197110810  0.61014852112855389  0.62067875742143164
  0.63119181525960855  0.64171723956227233  0.65225453133532407  0.66281451448435935
  0.67336691501062973  0.68389792548377226  0.69442561169125783  0.70494042924191791
  0.71548621341711749  0.72602349667593935  0.73656605823461152  0.74711075199595756
  0.75766363612372500  0.76822344261329545  0.77880934809902858  0.78937290032755714
  0.79992830416991823  0.81045282664662999  0.82097137292839695  0.83150227159816481
  0.84205038155470069  0.85260222236196892  0.86312236095320927  0.87359984740902785
  0.88412744422494616  0.89466760092251607  0.90520516853065436  0.91573065963200717
  0.92624800436802057  0.93680724861700138  0.94731641265988442  0.95784208782697777
  0.96835484604467170  0.97889227489940434  0.98944323234688636  1.00000000000000000
 -0.00228669361920633  0.00956252603779642  0.01973354961389598  0.03025819347737086
  0.04080858185151060  0.05134524441043055  0.06190289933536113  0.07245271207013296
  0.08299346605209416  0.09351014410934116  0.10403961210545629  0.11457640318536756
  0.12515187223988744  0.13569994751031339  0.14627307138003931  0.15680783788934227
  0.16735661684293193  0.17787392021745765  0.18839680261531488  0.19896106983274700
  0.20953634652403214  0.22010449432223550  0.23063820698589427  0.24119843070097136
  0.25174960020813553  0.26231382700551981  0.27283760505812998  0.28338996590893512
  0.29393191043475886  0.30448695525970310  0.31505738531232963  0.32560770565535607
  0.33617376498168761  0.34673195189239703  0.35729892123852419  0.36784056055890135
  0.37837614643843576  0.38891267143436503  0.39946326538431659  0.40999075239500593
  0.42052730858344445  0.43104316098674506  0.44160782954688144  0.45217307822559827
  0.46275507010955197  0.47331570276603979  0.48385430383928429  0.49437520673116220
  0.50486688304983873  0.51537238726146817  0.52590304020448320  0.53644218440198121
  0.54698277852344745  0.55751230913294014  0.56804142791422063  0.57854516793531996
  0.58904697512008208  0.59956704643414671  0.61013363267371468  0.62069710161506475
  0.63124764933644684  0.64181505126824945  0.65239484682808957  0.66293569440136635
  0.67346803294606372  0.68399443251994807  0.69459288993100465  0.70515146927634509
  0.71568831927791576  0.72618082250435434  0.73666865147351135  0.74719469184127341
  0.75774393210308455  0.76829148300826533  0.77881112180099321  0.78933187408205074
  0.79987667709230548  0.81044392154924982  0.82101631821598464  0.83158617781192834
  0.84213288806843689  0.85265280904791063  0.86318478386139896  0.87371534570766307
  0.88425054292866723  0.89475966221876335  0.90527974717450654  0.91578374253823702
  0.92631611376651057  0.93685945358306155  0.94740863011189902  0.95792151237336420
  0.96842880169816448  0.97894485191205471  0.98947789718830215  1.00000000000000000
 -0.00237175559523806  0.00956674163709069  0.01974616183668882  0.03028401057852339
  0.04083410507348244  0.05134742920104633  0.06185601511657195  0.07235977730687852
  0.08289244849404047  0.09342546126141647  0.10397460058487176  0.11454397230479739
  0.12514199558506395  0.13571780765859487  0.14625793562530437  0.15675704011344946
  0.16726409884584104  0.17778389881994555  0.18833338193769050  0.19889327931633227
  0.20945326812261755  0.22003446874888613  0.23058531726545406  0.24113341043406394
  0.25167194063530895  0.26221861517641382  0.27275049265110901  0.28324487861788428
  0.29375205322739145  0.30426441143988470  0.31479118586022659  0.32529325771313367
  0.33580963158249671  0.34631601313732147  0.35684313789879196  0.36736986773480068
  0.37789958008699587  0.38840687735820290  0.39892616693321181  0.40944387310584007
  0.41996933548475829  0.43051127901226849  0.44105693734774531  0.45162370679013708
  0.46215704080470910  0.47271215041299974  0.48327240746909239  0.49383057339754566
  0.50439971978493370  0.51492303322053434  0.52545586712935843  0.53595677623144544
  0.54647570107141952  0.55699058206450824  0.56751843950553205  0.57806221386602596
  0.58860566185092966  0.59914916698529896  0.60968660533226293  0.62022680172396805
  0.63076530288956489  0.64128636340757128  0.65181707594290528  0.66232161355929819
  0.67283327405937532  0.68334611272748025  0.69390871798851572  0.70447915989960064
  0.71502418246785604  0.72555448144509871  0.73610116845020623  0.74667705753291347
  0.75725579753738115  0.76782233832261315  0.77837700215199723  0.78892665977321841
  0.79947245314007653  0.81003317847391032  0.82060152154090726  0.83119584042504080
  0.84176021689782143  0.85227169974851569  0.86277745546003193  0.87329095528717915
  0.88385801635217709  0.89440818249056031  0.90496026080049374  0.91549405609451551
  0.92604159603530223  0.93660054397595760  0.94714601502170126  0.95769412549533028
  0.96826055776697295  0.97883914944615680  0.98942789539474463  1.00000000000000000
 -0.00232272045377467  0.00956616902867923  0.01972010757728834  0.03026472244507717
  0.04077988747888107  0.05129045746138310  0.06178571967976412  0.07229829138837587
  0.08284856211658236  0.09338579757863245  0.10392511801649919  0.11446311285208112
  0.12500582545902844  0.13554890078757256  0.14610410379257557  0.15668216754018457
  0.16727320119301328  0.17784158809555325  0.18835947526773328  0.19886363124761397
  0.20937291446365000  0.21990198095242861  0.23044904094543506  0.24098503518579539
  0.25153243545155446  0.26207296698985222  0.27262217851707604  0.28315378468702945
  0.29367975466035778  0.30421048749380880  0.31477727407015688  0.32535194012567242
  0.33595061188579944  0.34653394881029670  0.35711596580874383  0.36766341256495583
  0.37821182959225119  0.38878010628880577  0.39932722859094305  0.40986904642363858
  0.42037666624156017  0.43088899769525435  0.44138678677888987  0.45189067139762579
  0.46242206941924158  0.47295384529658302  0.48349330671407426  0.49402848710631908
  0.50458694549376282  0.51513345193939897  0.52567062694782285  0.53619625432701856
  0.54674761227769941  0.55729851630921290  0.56786897475123732  0.57840926008449256
  0.58895568718617675  0.59950831657448012  0.61004583245771615  0.62057957630479499
  0.63109573234090788  0.64162750748179520  0.65215956222984894  0.66269304574689547
  0.67323409224173647  0.68376722143475988  0.69429331560465934  0.70480460363034914
  0.71531802773691999  0.72584740009592519  0.73637933956339230  0.74690585794460052
  0.75741636250851763  0.76797865643881325  0.77854666873417067  0.78912365179342980
  0.79963459185807784  0.81016778325303951  0.82067052991509581  0.83120651289471870
  0.84172676785151990  0.85228186701795849  0.86283990660948973  0.87338107467677983
  0.88390838929535887  0.89445345411415256  0.90505227512963116  0.91564728458009537
  0.92621915111106656  0.93676629472483963  0.94732913213630932  0.95789254827746673
  0.96841824384544428  0.97895267669640740  0.98947140940560874  1.00000000000000000
 -0.00254197868683277  0.00947262015200179  0.01963934534966530  0.03017433082908611
  0.04075791934620503  0.05131580169789524  0.06185329393938076  0.07235829712597189
  0.08284554288181818  0.09333052552416088  0.10384152776910109  0.11439239738868257
  0.12493287467877229  0.13546409180615038  0.14596974520328787  0.15651167895360762
  0.16706465848018046  0.17764576333561005  0.18821587755810507  0.19877834513366022
  0.20934173151525001  0.21988212329526458  0.23041631315693681  0.24094942833768718
  0.25150233873509198  0.26208128554524401  0.27262144081213646  0.28316451898984762
  0.29369728284158242  0.30423523236761046  0.31476430092472413  0.32527586036300071
  0.33581266957080513  0.34636718832175356  0.35692446490941732  0.36745030389376515
  0.37795514254093271  0.38847574691766301  0.39901382636144589  0.40957157586403264
  0.42014840503039064  0.43074708400187239  0.44131300908629806  0.45183869873031129
  0.46232655819621843  0.47283179062158576  0.48334191231403068  0.49387950120328200
  0.50442109756341047  0.51496111958337754  0.52547979928229394  0.53599893793683884
  0.54652899290739709  0.55706347014036395  0.56756639549499477  0.57807996376980331
  0.58861229134434978  0.59920031614812652  0.60978298039979950  0.62034714949408232
  0.63088380264221777  0.64140916760163436  0.65195592080872600  0.66251465775471474
  0.67309565430244012  0.68366207975538629  0.69421791711561098  0.70476953028098455
  0.71532967656782120  0.72592814401165995  0.73654140078190045  0.74715645265695074
  0.75771326468895339  0.76824132921416299  0.77876400456291750  0.78932607071254468
  0.79988943308842109  0.81042332206652401  0.82090970572829836  0.83140215156694885
  0.84191206397977336  0.85247913812639131  0.86305579727586501  0.87365373229290488
  0.88420400711910807  0.89474792492806721  0.90527408830372991  0.91583228265679750
  0.92639660308048255  0.93694608997824425  0.94747439764887798  0.95798935777822958
  0.96849012947283453  0.97897774190929654  0.98947413359023795  1.00000000000000000
   1.5427666480438015E-002  -1.0000000000000000     
 F F F F F F F F F F F F F F F F F F F F F F F F F F F F F F F F F F F F F F F F F F F F F F F F F F F F F F F F F F F F F F F F F F F F F F F F F F F F F F F F F F F F F F F F F F F F F F F F F F F F F F F F F F F F F F F F F F F F F F F F F F F F F F F F
  <DiscreteSampler_grid>
  grouped_processes
  1 # 1 for a reference and 2 for a running grid.
  10 # Attribute 'min_bin_probing_points' of the grid.
  1 # Attribute 'grid_mode' of the grid. 1=='default',2=='initialization'
  0.0000000000000000 # Attribute 'small_contrib_threshold' of the grid.
  0.5000000000000000 # Attribute 'damping_power' of the grid.
 # binID   n_entries weight   weight_sqr   abs_weight
    10   10   1.766137614637449E+013   5.320612639143254E+026   1.766137614637449E+013
    11   10   1.766137614637450E+013   5.320612639143265E+026   1.766137614637450E+013
  </DiscreteSampler_grid>
