  0.00949420170080809  0.01590708368060672  0.02496860934338297  0.03579055976473459
  0.04617455196980701  0.05655762481757887  0.06691456417352207  0.07725148464443406
  0.08759726181307662  0.09796989927652829  0.10832802390516606  0.11870034693137696
  0.12904449947292035  0.13942689163095570  0.14981587271780156  0.16021398247358654
  0.17059305708116596  0.18097586812796829  0.19134359750660260  0.20170083958719975
  0.21206488110319979  0.22246325566856953  0.23287512974727892  0.24329041962353692
  0.25369747548482474  0.26411242820899128  0.27451353920203581  0.28489929910770723
  0.29525896162473159  0.30562845592424009  0.31600732202343468  0.32638889207653582
  0.33675447292825167  0.34712386339779627  0.35750969853040465  0.36788831974087316
  0.37826452339333189  0.38865327065001420  0.39904897707796416  0.40945271499222491
  0.41985003524427539  0.43025186983216279  0.44065300018031839  0.45104931458641062
  0.46144379209207942  0.47183111477159750  0.48221195973006137  0.49259346974469698
  0.50298135421032575  0.51336331393201151  0.52374306645318136  0.53410470296189350
  0.54446386399729296  0.55483729476846100  0.56523101477286442  0.57562611119171081
  0.58599576490179339  0.59635867978125245  0.60673026371887040  0.61711010512973175
  0.62748956839430470  0.63786132713398958  0.64822527769295102  0.65858015210830556
  0.66894358996239867  0.67932901599113915  0.68972753977641887  0.70012167455190855
  0.71050390142243136  0.72088359868011664  0.73126246934168071  0.74163804211003870
  0.75201087447218029  0.76239030486487713  0.77277502202512693  0.78317022550050441
  0.79355711448793875  0.80393191827339672  0.81430590282285431  0.82468606635959318
  0.83507820084263606  0.84545322019904467  0.85582289108772669  0.86619864206745667
  0.87660594306467376  0.88701704422169536  0.89743664336633533  0.90784885202499987
  0.91825151500718871  0.92864262854447166  0.93902910960675867  0.94943187357623116
  0.95983929686332281  0.97022058799693267  0.98056507213876365  1.00000000000000000
  0.00953716889148989  0.01571910601670359  0.02496146963419619  0.03579269075078269
  0.04619444303725424  0.05661990766992011  0.06702709706960815  0.07741859914426963
  0.08779045837976381  0.09814973599182243  0.10850944175157584  0.11889227971734209
  0.12928355146690521  0.13968003626262376  0.15005357769975849  0.16043406189023637
  0.17081629379990015  0.18123405475588192  0.19163846515976718  0.20203730871674666
  0.21242894834206014  0.22282834023945752  0.23322770094721285  0.24362160237276068
  0.25399419789528471  0.26436339336295483  0.27473219857251008  0.28510911420770746
  0.29547420728221402  0.30582145725034166  0.31618524971389228  0.32656376130687720
  0.33696231959108702  0.34734609597158639  0.35771470849250298  0.36809421128105407
  0.37849161993197405  0.38892094924042930  0.39934268982864907  0.40974235874440906
  0.42011690207984403  0.43050027928652990  0.44090942215920775  0.45133546475097996
  0.46173671421830653  0.47211430160907819  0.48249572011927605  0.49289326823072216
  0.50329648524427606  0.51369416232035447  0.52408734863945461  0.53448636475108424
  0.54488010343941884  0.55526302607382072  0.56563951471492513  0.57601909693018771
  0.58640263019708516  0.59677978609391169  0.60715720655637062  0.61754427978273352
  0.62793477268813636  0.63831177253895655  0.64868394286103137  0.65906410672077198
  0.66944497272494286  0.67981269136314959  0.69016131303916861  0.70052037818329338
  0.71089906140213399  0.72130032221703089  0.73169622079939312  0.74205621633898722
  0.75238597923661032  0.76272694473287506  0.77309906124380134  0.78349555212542354
  0.79386927549149422  0.80424074375420784  0.81461301290412114  0.82500052029244930
  0.83538498959473073  0.84577289025080371  0.85616647382129318  0.86655113804823025
  0.87693414549236093  0.88730198362945822  0.89767757249959268  0.90806700993281730
  0.91847751531525523  0.92887948752079230  0.93927660689858128  0.94964799552425938
  0.96002923247854788  0.97033417000907940  0.98064110333535659  1.00000000000000000
 -0.00248860848046018  0.00954137538483543  0.01971112804820985  0.03018554444901896
  0.04069438608774790  0.05119375199256145  0.06174141084978842  0.07228538304372845
  0.08287430408413037  0.09346228476651999  0.10403679770277158  0.11457143726256847
  0.12510069929757087  0.13563351770944213  0.14616745339273762  0.15672035566258447
  0.16729743782544190  0.17786968598431863  0.18840408366251832  0.19891915991205666
  0.20943412828905000  0.21997053306373326  0.23050550948500934  0.24105296886817176
  0.25159759663326015  0.26211769622717007  0.27263480908995014  0.28314997310641166
  0.29369769291462722  0.30424138173635679  0.31480638186488885  0.32536744395085232
  0.33590474287416511  0.34643097989827731  0.35696949374736636  0.36754552601571366
  0.37811783863253734  0.38865965981737782  0.39920030833839165  0.40972406090642072
  0.42028734422175013  0.43081150879760571  0.44133687585184755  0.45181914910488830
  0.46232962416210382  0.47285177859490912  0.48337727434436817  0.49391500532345600
  0.50446407868220433  0.51503146414966905  0.52560386336384279  0.53617321233087012
  0.54673953176001211  0.55726119465214607  0.56777993189824560  0.57829749267953956
  0.58883442527183394  0.59934584108268996  0.60989136628066909  0.62045148789780702
  0.63104982222902617  0.64161598065947456  0.65219753442632422  0.66275195074564996
  0.67331001474810526  0.68383829950867381  0.69438862815251379  0.70493231171724291
  0.71548607639328188  0.72600952507448968  0.73653681466034160  0.74704370202764403
  0.75754630580663562  0.76803201726008641  0.77853599524268002  0.78907408438405324
  0.79961777405886691  0.81015720430596005  0.82069199731369413  0.83123046504074061
  0.84177984499168867  0.85231909438678255  0.86287124713168861  0.87341620379924656
  0.88396025087436703  0.89450313448741625  0.90503524182584394  0.91558740967520613
  0.92614736016803967  0.93671176461472871  0.94726770090581602  0.95782112117805351
  0.96837903235487410  0.97892548949956226  0.98946298891696338  1.00000000000000000
 -0.00250707212452262  0.00953772104151018  0.01972288359751916  0.03026166276769286
  0.04080627538521438  0.05135138008798829  0.06190180004497703  0.07246147629618040
  0.08299721819707284  0.09354899432242171  0.10411394536404933  0.11467972537895613
  0.12524254913282101  0.13579165938265983  0.14635598771846534  0.15692330754742070
  0.16746756656604372  0.17801970343225987  0.18855236754598637  0.19911140697471755
  0.20963147202638729  0.22015263790187029  0.23066989586679704  0.24121636904255445
  0.25176289611515912  0.26231359481781480  0.27286260910085908  0.28340048304293519
  0.29392015963902690  0.30444960234538387  0.31500743647625207  0.32556574655011722
  0.33609879065855264  0.34660488299265413  0.35711400542489341  0.36766359228046686
  0.37820235932890367  0.38873947839440198  0.39923034658961487  0.40972604507818938
  0.42025496243677579  0.43079142457750136  0.44133146407987373  0.45184878033295478
  0.46236600655322463  0.47288185069008681  0.48340798787845873  0.49394785296435262
  0.50451695654487161  0.51509838022277876  0.52566718579470062  0.53621145837959394
  0.54674088512427088  0.55729587692823079  0.56784653944555841  0.57837319501927742
  0.58887537433490189  0.59938622221163174  0.60991486733821298  0.62044048328083945
  0.63099888748666100  0.64159517977029157  0.65217876288268350  0.66275020378630822
  0.67327577356397017  0.68383786246897160  0.69440165031152212  0.70494648557768735
  0.71547735783205690  0.72602386784251227  0.73657352372215146  0.74714590925205848
  0.75769136354910849  0.76824797792027155  0.77878796346677370  0.78929186536201423
  0.79982458218869468  0.81035954062929505  0.82093281287714592  0.83150591210556390
  0.84206560729348268  0.85260375549273559  0.86310517170966228  0.87362763927154385
  0.88415858467981656  0.89472327350831471  0.90526574623382239  0.91579068346684611
  0.92631819044121100  0.93684183424135981  0.94738744070067960  0.95791311089186282
  0.96844703629510487  0.97897546586800199  0.98949119003286923  1.00000000000000000
 -0.00240030528367294  0.00957203011292729  0.01973893161804843  0.03026513666752326
  0.04080221629268582  0.05135774279533180  0.06190495722941401  0.07245405096253156
  0.08296956222672711  0.09350693859060237  0.10403195494895177  0.11458106332949337
  0.12511425495842898  0.13567812695343504  0.14624750606831660  0.15679699205123201
  0.16735000611984405  0.17788135582355552  0.18843126111562858  0.19894938889255431
  0.20950014965911073  0.22003238815107701  0.23057877377534830  0.24109665964847299
  0.25162564167389351  0.26217647624538082  0.27271737187574013  0.28325972658280579
  0.29375507597577105  0.30427923574427318  0.31481901564937875  0.32537812612374151
  0.33592611389031929  0.34646105438849378  0.35701854342683587  0.36759408905357926
  0.37818454548616881  0.38874733738882955  0.39930649232641691  0.40984351638708449
  0.42037175034623619  0.43088798959963359  0.44139860026228978  0.45193708977278685
  0.46246875102417867  0.47301489730813823  0.48351547891760843  0.49403067683601132
  0.50457163662929161  0.51511397758983091  0.52563654966369144  0.53614322288101890
  0.54669611069417690  0.55724682822843519  0.56782184614181119  0.57837026126337820
  0.58893090292291772  0.59945865447537450  0.61000452144972239  0.62056331016635558
  0.63113180452903872  0.64168238464660399  0.65218246698541915  0.66265905100912992
  0.67317000552708128  0.68371673797241406  0.69426279940827396  0.70474522132498973
  0.71524407272716295  0.72574728113225084  0.73626741208796842  0.74679336713838718
  0.75732711748672521  0.76787975129404529  0.77839969266856168  0.78892072156274706
  0.79944647322388673  0.81000974938952519  0.82057542789806770  0.83116130501270524
  0.84172224564363363  0.85228156837029723  0.86280437273384847  0.87334357753933844
  0.88387316298192764  0.89444443741948088  0.90500655551418008  0.91558857366943902
  0.92613596268877507  0.93669498165298604  0.94724973783746702  0.95781251199513329
  0.96835789909477654  0.97890481087539294  0.98945162501145967  1.00000000000000000
 -0.00251862005795125  0.00948280902824487  0.01965231935729094  0.03018119056640287
  0.04077121753277916  0.05135205098342580  0.06190672144090029  0.07245205642500376
  0.08300046075781524  0.09356467965044374  0.10413845593020925  0.11469170721580781
  0.12521131452624112  0.13569324959344647  0.14621128533351221  0.15676724633792607
  0.16733307180161733  0.17787817788811566  0.18841185716821449  0.19895831244357165
  0.20949942504760366  0.22002472581237661  0.23053218235576337  0.24104105571800463
  0.25156950807627476  0.26213010646447688  0.27269732500658733  0.28326272819826670
  0.29378829310761811  0.30431858324041655  0.31485044896928022  0.32543499738945780
  0.33600497197132706  0.34655737038760498  0.35707422240014131  0.36758452186990065
  0.37810881090200849  0.38862203265611994  0.39916750928126576  0.40971048092369944
  0.42025459155550943  0.43077484638776625  0.44130219514233765  0.45185167118535990
  0.46241139183873664  0.47295226972563392  0.48349835334648555  0.49404037530608030
  0.50460932286955340  0.51514973382252416  0.52567773484534353  0.53618392472820564
  0.54669444813028178  0.55721647742879366  0.56773796488682127  0.57826139619643291
  0.58879036629728199  0.59931681252444480  0.60986296575313237  0.62039890927167585
  0.63093872350009805  0.64146230042421470  0.65201837379044136  0.66260588592127245
  0.67323106535798694  0.68382395426131093  0.69438067519681546  0.70490678635083281
  0.71544503992820296  0.72596424031312712  0.73650828971465709  0.74702943555770240
  0.75757075127556905  0.76810048273167764  0.77865559729890410  0.78921216041927367
  0.79976771265683122  0.81028701660113522  0.82081552849182404  0.83133589657384177
  0.84187540874487032  0.85241179698857972  0.86293365460265736  0.87343932769478272
  0.88393356679401702  0.89446206370474157  0.90500073040468842  0.91557277657637526
  0.92613915364714772  0.93669976026083068  0.94723508312913141  0.95777243487489860
  0.96835715435512004  0.97892360273054335  0.98948187337942617  1.00000000000000000
 -0.00229418506485097  0.00967439248373785  0.01985022253240545  0.03037307760792563
  0.04087623667355236  0.05137975398624542  0.06188791897342361  0.07239355137353136
  0.08290674325243597  0.09343170739420258  0.10394654741165008  0.11447077075652438
  0.12498020377469078  0.13552673775348340  0.14609360213885422  0.15665706292366710
  0.16720604191736083  0.17772397189928496  0.18823868034140520  0.19876201406194088
  0.20929257318597935  0.21981718676270137  0.23033734722119681  0.24086179888731749
  0.25140388981309436  0.26196674881651028  0.27250297314543587  0.28303537935829942
  0.29356249597805473  0.30413206362145501  0.31470111218019364  0.32528419616243959
  0.33584778450998032  0.34642007433645805  0.35696733852625118  0.36751280497018013
  0.37806949080740693  0.38863787986837778  0.39918915823867446  0.40971121946626810
  0.42020505694474991  0.43072388610869128  0.44126783145774157  0.45181890517306217
  0.46238290915522839  0.47294033467567992  0.48351602525097570  0.49407931279317152
  0.50463475843173378  0.51518608237478247  0.52572776479981376  0.53629122988885880
  0.54686569615470559  0.55743221739537230  0.56799606984965445  0.57854471631883031
  0.58910080350413530  0.59966050531212645  0.61023191660592657  0.62077937072155176
  0.63129511076996669  0.64179313621178824  0.65229229757303264  0.66280677973966462
  0.67334963022236105  0.68391342221190199  0.69448652101753061  0.70502049351170482
  0.71557874906872521  0.72613114760240682  0.73670321847290310  0.74725894706234386
  0.75782555161338838  0.76842744844766264  0.77901103308955100  0.78958026409439686
  0.80013163280121313  0.81069579609031095  0.82125202249815454  0.83179462822089667
  0.84233964497578839  0.85288653603272491  0.86343527087708727  0.87396052068511287
  0.88447934774397707  0.89498864326041283  0.90549292411014504  0.91599759296015026
  0.92648076447215011  0.93698526727079112  0.94749414761080653  0.95803045559414268
  0.96853070798071916  0.97903654287109121  0.98951360406548206  1.00000000000000000
 -0.00249312061050459  0.00953457339315201  0.01971247068115183  0.03023817947581662
  0.04080090903469211  0.05134979469331417  0.06190386271161048  0.07246184874546714
  0.08301431469462786  0.09355483897115748  0.10409243803674670  0.11462059650117616
  0.12515466903044922  0.13567433068834400  0.14619102182974938  0.15673672091491547
  0.16728657406887884  0.17785572535538496  0.18840507258839717  0.19894331602518026
  0.20946519860503640  0.21995480607661755  0.23046701239756151  0.24098839444352435
  0.25155130602682901  0.26211401774451110  0.27268707909329076  0.28324467668308762
  0.29382283842849100  0.30439138941698890  0.31496177594378683  0.32549831181039462
  0.33604616914934821  0.34659600344336711  0.35713963825523426  0.36767487845859054
  0.37823085372989662  0.38878663085942289  0.39932669540918980  0.40986269970295702
  0.42039818378974225  0.43093895794714221  0.44145249270794656  0.45200243580224736
  0.46256671780106845  0.47315401238625504  0.48372242997826437  0.49427156832893365
  0.50480689895973008  0.51531424261304959  0.52582092352535947  0.53631635141838951
  0.54684245331331582  0.55740527370874970  0.56797443050063190  0.57854151349992455
  0.58906377416934486  0.59956313293902075  0.61005112327137134  0.62057310171368329
  0.63111659950195065  0.64167283460228475  0.65221572790544879  0.66275469935455322
  0.67326215042795168  0.68379988478364229  0.69433729982740644  0.70491699244674466
  0.71546601198068038  0.72602456312718788  0.73658011846340299  0.74713894023378147
  0.75767565478236354  0.76818797677021866  0.77867225007093621  0.78918987625069348
  0.79974906959715020  0.81034713054952479  0.82091030319053626  0.83145765886612821
  0.84199165089691086  0.85255781437355316  0.86310134574468689  0.87365106692093741
  0.88417794715091114  0.89472984955153867  0.90527453225124521  0.91582523305635177
  0.92633550898521344  0.93684754823543448  0.94736409632820806  0.95789690342546285
  0.96841037859518719  0.97894002770161748  0.98946027848549545  1.00000000000000000
   1.5456821365235780E-002  -1.0000000000000000     
 F F F F F F F F F F F F F F F F F F F F F F F F F F F F F F F F F F F F F F F F F F F F F F F F F F F F F F F F F F F F F F F F F F F F F F F F F F F F F F F F F F F F F F F F F F F F F F F F F F F F F F F F F F F F F F F F F F F F F F F F F F F F F F F F
  <DiscreteSampler_grid>
  grouped_processes
  1 # 1 for a reference and 2 for a running grid.
  10 # Attribute 'min_bin_probing_points' of the grid.
  1 # Attribute 'grid_mode' of the grid. 1=='default',2=='initialization'
  0.0000000000000000 # Attribute 'small_contrib_threshold' of the grid.
  0.5000000000000000 # Attribute 'damping_power' of the grid.
 # binID   n_entries weight   weight_sqr   abs_weight
    10   10   3.779564873373141E+013   3.040688262425249E+027   3.779564873373141E+013
    11   10   3.779564873373142E+013   3.040688262425252E+027   3.779564873373142E+013
  </DiscreteSampler_grid>
