 -0.00247312518148541  0.00966359912696692  0.01986945729838089  0.03038530643844328
  0.04092419725994376  0.05146683613908236  0.06200895574046271  0.07255565378372265
  0.08310789683590630  0.09364733234898631  0.10417952471019888  0.11470762272476236
  0.12523848112438218  0.13577720390622514  0.14631839612881245  0.15687067117739142
  0.16740861124996115  0.17794780147543951  0.18848570918602756  0.19903771618984156
  0.20958665151960146  0.22012624158137611  0.23066620320134162  0.24119825413588730
  0.25172123384588391  0.26222637542916366  0.27272798362399048  0.28324351213011961
  0.29377579016010830  0.30431883113063674  0.31486645581938949  0.32541085141092108
  0.33594580381012967  0.34648083756424874  0.35702110298184153  0.36756291285492004
  0.37810617227404542  0.38863398041462144  0.39917311040298009  0.40971005888309098
  0.42026208464332515  0.43080906920372991  0.44135622122038071  0.45190362690317581
  0.46244658148285128  0.47299180704925836  0.48352229295284399  0.49405829337128893
  0.50459177469128536  0.51513800364581375  0.52568438478988677  0.53621818333701465
  0.54675400330507884  0.55729234481539902  0.56784312506235679  0.57839254528495476
  0.58894413322669714  0.59949573339852014  0.61004718174273365  0.62059912532166439
  0.63113097433001242  0.64166393307883207  0.65219469696290633  0.66274782976210667
  0.67328151664241609  0.68381708511751349  0.69435258958174706  0.70488439753306997
  0.71541790267727456  0.72593989809169568  0.73647430984140771  0.74699264685477007
  0.75752363649284016  0.76806397269183191  0.77862035248393624  0.78915078737718236
  0.79966818642813320  0.81018402607728901  0.82072347163636450  0.83127720015799123
  0.84182000592677053  0.85236318461242255  0.86290535685712222  0.87345163836223738
  0.88399656063515097  0.89454245205124117  0.90509337623935870  0.91564425731942223
  0.92619454400626544  0.93674602688900788  0.94729140028762582  0.95783119076793732
  0.96836455645433961  0.97890385796083290  0.98944916624512691  1.00000000000000000
 -0.00220082151323879  0.00972114912224357  0.01990600252689170  0.03041315313933423
  0.04091781089271406  0.05145398172510465  0.06197510987477119  0.07249077986507345
  0.08300899957751398  0.09354251233264822  0.10408596870336195  0.11460596079686410
  0.12511858478149712  0.13564053276619023  0.14618596212044394  0.15672437011813292
  0.16726205622942289  0.17779985731461961  0.18834569292392905  0.19889185080555671
  0.20943791754930033  0.21998842768415824  0.23054005591267770  0.24108243481410180
  0.25161401472571554  0.26214558332170679  0.27268634034873923  0.28323233999362818
  0.29377686248120383  0.30432178858480796  0.31487302980040210  0.32542511100204324
  0.33597682715108546  0.34652835602182841  0.35707922848199253  0.36763064971042558
  0.37817219315292272  0.38871350705150065  0.39925452027809555  0.40980558424368613
  0.42035728393484245  0.43090916494145937  0.44145599306871464  0.45200266657622634
  0.46254229146086717  0.47308106404529254  0.48361463123352910  0.49415509243259187
  0.50470094738107785  0.51525232442557500  0.52580391337347221  0.53635533891631326
  0.54690853078179480  0.55745032047637844  0.56799261629210140  0.57853304903581049
  0.58908646351750305  0.59962861225883701  0.61016635293816368  0.62070204882663882
  0.63124474614572235  0.64178616079415596  0.65232186568905937  0.66283896673914722
  0.67335698176534964  0.68387358485460070  0.69441295050689578  0.70495709430483688
  0.71550815796743406  0.72605919662602680  0.73661021717078101  0.74716144781815008
  0.75770933114490635  0.76824298984110717  0.77877866075544355  0.78931783764724417
  0.79987228557623313  0.81041250438812984  0.82095293572468653  0.83148664472223022
  0.84203370559712676  0.85256922142479485  0.86310720785455630  0.87363987446730207
  0.88418327406542541  0.89472627873218369  0.90526026200337184  0.91579562775056245
  0.92633543905443561  0.93688896270428335  0.94744270747273696  0.95799180694034025
  0.96849210101684147  0.97900477543314557  0.98950024905924261  1.00000000000000000
   3.0701493803231016E-009  -1.0000000000000000     
 F F F F F F F F F F F F F F F F F F F F F F F F F F F F F F F F
  <DiscreteSampler_grid>
  grouped_processes
  1 # 1 for a reference and 2 for a running grid.
  10 # Attribute 'min_bin_probing_points' of the grid.
  1 # Attribute 'grid_mode' of the grid. 1=='default',2=='initialization'
  0.0000000000000000 # Attribute 'small_contrib_threshold' of the grid.
  0.5000000000000000 # Attribute 'damping_power' of the grid.
 # binID   n_entries weight   weight_sqr   abs_weight
    10   10   8.843064917081405E-001   7.819979712771596E-001   8.843064917081405E-001
  </DiscreteSampler_grid>
