  0.00954274584996321  0.01559742803202224  0.02486801203863433  0.03564987471257832
  0.04600122078251170  0.05638086225161849  0.06674760447219051  0.07712189096504087
  0.08747498649675410  0.09782980320543094  0.10817496952543826  0.11853262238643882
  0.12890567410242171  0.13928740327191094  0.14967399123121172  0.16004125660696958
  0.17040160345349989  0.18076659583632404  0.19114882026679347  0.20156027200765081
  0.21196336372421637  0.22234651451424370  0.23271678129356979  0.24309776041232883
  0.25350835285422207  0.26390852580562302  0.27428952844505011  0.28463002524923914
  0.29495176607798640  0.30530313654171992  0.31569298219674019  0.32610265085133761
  0.33653057166832467  0.34695725404081151  0.35736036175482772  0.36774663467909025
  0.37811577622571491  0.38850116933884932  0.39889646320314803  0.40931344664644281
  0.41974658386279956  0.43016966014166053  0.44057533690345818  0.45096931791348815
  0.46135059083507374  0.47173430053514920  0.48212865905405961  0.49254182334237689
  0.50296980233449884  0.51339639615595789  0.52379700948702357  0.53420244075269752
  0.54462448809345210  0.55507299540401933  0.56551268895338680  0.57592825675266157
  0.58634263721388580  0.59675939110910603  0.60717046922062379  0.61755775751790809
  0.62791797090514823  0.63825860457069727  0.64858619866730627  0.65892158323703498
  0.66929500704281075  0.67969732676626549  0.69009191624417465  0.70047373841274585
  0.71084905298141554  0.72122442566874334  0.73159864287918441  0.74198450506095925
  0.75236759641173534  0.76273575095496782  0.77309921590921271  0.78348660225879030
  0.79389681454430272  0.80431774524630884  0.81473616388907866  0.82514687935628395
  0.83554139298819574  0.84594123826982259  0.85634791842479785  0.86673967529858975
  0.87709542505601223  0.88742226818830039  0.89773239061883225  0.90804094006546143
  0.91835031312919424  0.92868261280914099  0.93903466750975007  0.94943133771394739
  0.95983615203025530  0.97021021551082964  0.98055166432352192  1.00000000000000000
  0.00944590706663118  0.01609570797203003  0.02509660992580306  0.03588133410050443
  0.04617115167225469  0.05649638904645925  0.06685080734461410  0.07723544208981681
  0.08762592644999606  0.09797112613513612  0.10831381539938208  0.11865189208799352
  0.12901231583595804  0.13938741008442324  0.14979966232184183  0.16019446607448834
  0.17057838977484904  0.18096740048985713  0.19139756707124955  0.20183568201596644
  0.21224467351112208  0.22262920921994034  0.23299444245516443  0.24338189877476382
  0.25377657690201866  0.26418573183137556  0.27455228893167921  0.28491015703698447
  0.29527318702469219  0.30568328477247830  0.31610659794327711  0.32651188147933102
  0.33686858884760318  0.34720581904972814  0.35756772547537885  0.36793202554465509
  0.37833500019282973  0.38873129304081855  0.39913868744465553  0.40949852926890729
  0.41985820703036492  0.43022823128599719  0.44061465744955836  0.45099900116562691
  0.46137642999971484  0.47175800691700859  0.48214217519642416  0.49254120204914181
  0.50295736925250067  0.51338002471003141  0.52379610400806198  0.53419336476849544
  0.54458162540365129  0.55497553828645663  0.56538762932735198  0.57580868348156755
  0.58622264467330032  0.59661425296301251  0.60700039124613292  0.61739942275756399
  0.62781677470943020  0.63823904581694690  0.64864506085672269  0.65904483053709839
  0.66942928666592516  0.67978986284029286  0.69013931152078456  0.70049188538648954
  0.71086976242103916  0.72124966514979783  0.73160843618493454  0.74195899095681561
  0.75230461982849295  0.76266134313817957  0.77303447878104015  0.78340167106643821
  0.79376474152457532  0.80412385164926670  0.81450118464149657  0.82490365802790655
  0.83528034730852330  0.84565534271897491  0.85600086897454086  0.86637458110620202
  0.87676279785246924  0.88717227098483065  0.89755488919171500  0.90790683082000845
  0.91828819694963548  0.92867346865798961  0.93907229189540475  0.94942907613907590
  0.95976708761798546  0.97009594596454096  0.98043595884244716  1.00000000000000000
 -0.00241895628972508  0.00969605053611416  0.01993108189513328  0.03053941356905871
  0.04109927928963013  0.05159978492396486  0.06204063838213793  0.07249354152979302
  0.08298971359735427  0.09350688582317067  0.10404691496292212  0.11458047012301562
  0.12513605701279007  0.13568535925007313  0.14625485938166805  0.15683339431048537
  0.16736460656154645  0.17787721556708097  0.18836982348288106  0.19886912430474427
  0.20936723966438997  0.21987147825285608  0.23043493058011652  0.24101001807975508
  0.25159693506604286  0.26213982280682591  0.27268763992274386  0.28322951653424366
  0.29383825150647097  0.30444160626049754  0.31499728984219316  0.32551683529535241
  0.33604975576311968  0.34660278727301658  0.35717759269861415  0.36771394946610686
  0.37825705357180345  0.38877655009210926  0.39932363028017798  0.40991961096133228
  0.42051674388084687  0.43109485113201818  0.44160519048866170  0.45212125879059178
  0.46263098454126572  0.47317692355778102  0.48372379582143665  0.49428047595037505
  0.50481132336569068  0.51533625085243462  0.52585261671109296  0.53637736091531818
  0.54685848689237793  0.55734515927313233  0.56782328521800873  0.57834107368702747
  0.58887792462020350  0.59940436755678717  0.60993004471228873  0.62043893295657826
  0.63098455019745980  0.64151560621506809  0.65202140681810339  0.66254433095710175
  0.67307647936568049  0.68367312972739414  0.69423232513734356  0.70475017360527370
  0.71521500524075743  0.72571535478334348  0.73624937425751102  0.74676816029636495
  0.75724869511422299  0.76774230760445650  0.77827538878851210  0.78881500303076701
  0.79934502144455799  0.80986861354478101  0.82041315087294298  0.83095614204599244
  0.84150776507303360  0.85206277424128984  0.86261824530925990  0.87316253284230372
  0.88369524072398609  0.89425727130657862  0.90483924320178089  0.91543190200128488
  0.92604345983761727  0.93661292035095056  0.94718799732646286  0.95775746788447580
  0.96835775895244847  0.97893518180403516  0.98947004943544736  1.00000000000000000
 -0.00161830946329048  0.01013123172250566  0.02046260954249025  0.03099629274017116
  0.04151549199696913  0.05203156268490747  0.06253695423955410  0.07308048297245910
  0.08361160060107915  0.09417152695000251  0.10468869408484661  0.11522904332951954
  0.12577963122681152  0.13635627927187113  0.14694624983584362  0.15751015063864260
  0.16807576317371478  0.17861264933652274  0.18915383404131814  0.19970177121702870
  0.21024234642765213  0.22075859823917629  0.23126775247399595  0.24180703595787997
  0.25239304853917588  0.26294383868094517  0.27345698269621727  0.28397785763229955
  0.29451566077330305  0.30503994909754251  0.31553920776471539  0.32606122432090290
  0.33660460906688489  0.34714757900764787  0.35769543800428827  0.36832387908370690
  0.37893908303541435  0.38957444694384868  0.40012687165488975  0.41067939459993724
  0.42119085108267879  0.43169852576871953  0.44220059497693476  0.45268102641777885
  0.46319797362907000  0.47376626422494816  0.48432377942806260  0.49482286307140966
  0.50531278869213114  0.51583087524133320  0.52638461916345680  0.53686160023936491
  0.54738514775554881  0.55793878725488266  0.56853572658051676  0.57911670824825023
  0.58966296406564878  0.60016232920058321  0.61067648848669553  0.62117435183912817
  0.63172462559482123  0.64224720629890830  0.65278352441536924  0.66330457239386598
  0.67376196382310272  0.68421830466289102  0.69465075920810793  0.70514287755338478
  0.71562598222929152  0.72611786074472706  0.73662631706040194  0.74711504513700777
  0.75762492341719068  0.76808447940144786  0.77857583715689493  0.78906596538686569
  0.79959650039000263  0.81014904264386189  0.82070728940447490  0.83130228289278940
  0.84188139160223296  0.85242573487667517  0.86293468151223862  0.87344807065963448
  0.88401487560938985  0.89459593863132691  0.90517143413974677  0.91572854106740587
  0.92628229959814401  0.93683292887135450  0.94738810500488990  0.95790617653134658
  0.96844020552179277  0.97896375471138852  0.98949328621720656  1.00000000000000000
 -0.00247905650299796  0.00950916790828055  0.01970661728571573  0.03018764713329324
  0.04069950153837236  0.05122234114486737  0.06175317128007445  0.07231346430314881
  0.08283561954754594  0.09343540182381271  0.10402398076552506  0.11459618130457573
  0.12512228383187005  0.13563624873313126  0.14613002283957771  0.15663419208847082
  0.16717838180727482  0.17772062022035767  0.18827213384868285  0.19876874524336519
  0.20928082228233660  0.21980774536254111  0.23041014436474017  0.24100849864573434
  0.25158264646831313  0.26207730043222854  0.27257614699193317  0.28308484999464389
  0.29363327652340521  0.30417838189553159  0.31473678080667716  0.32532722641188205
  0.33594879071835282  0.34649748595001184  0.35704277421695763  0.36755314267199113
  0.37813540230382903  0.38870154836019954  0.39926475205784562  0.40977677570381649
  0.42027246228963555  0.43078524661436984  0.44133031194253880  0.45187265793493919
  0.46242090689264498  0.47298136388096090  0.48356428886951502  0.49412872305441580
  0.50470827953394148  0.51527594432353652  0.52583036718741660  0.53632380452565931
  0.54677482238772368  0.55726837094220416  0.56778087200584182  0.57833681974263418
  0.58887966718286489  0.59945717346844241  0.61000797701849985  0.62056035937694243
  0.63106425736215976  0.64157461607565991  0.65207711852455685  0.66262087338842612
  0.67317372027667977  0.68371704888372320  0.69427121092610911  0.70483236029828966
  0.71541627714616896  0.72594285457749186  0.73648958063128789  0.74702607254144948
  0.75760418418288555  0.76812158060364322  0.77865656356400459  0.78912884102399283
  0.79966269126834866  0.81019511740618078  0.82081836114023299  0.83139038578709290
  0.84195117202593639  0.85243001623437964  0.86298454990285756  0.87352093805905395
  0.88408809739525451  0.89459910206148219  0.90513588521404909  0.91566952386944489
  0.92617834570138846  0.93671698024964567  0.94727554046031703  0.95786511179637779
  0.96840960427042189  0.97894653107287832  0.98947405666031885  1.00000000000000000
 -0.00244337952197058  0.00970834563759948  0.01989556728496130  0.03038481821210890
  0.04087718016481665  0.05142492976132059  0.06197718453379364  0.07251638968791398
  0.08301261615661522  0.09351119394776587  0.10403479426888640  0.11460333586476829
  0.12515883785916473  0.13572018735085670  0.14624347165397170  0.15679883933224720
  0.16734848536734639  0.17791132454034739  0.18842858549112315  0.19893915773709855
  0.20946190773189105  0.21998512270625445  0.23053951506099579  0.24110575941532880
  0.25167024117751197  0.26219477373490946  0.27268697896211902  0.28319508977726210
  0.29374134621321940  0.30430687521662481  0.31489114764375598  0.32545354363348605
  0.33601191309374240  0.34654439786169799  0.35707233405226896  0.36754014575851041
  0.37801539674059154  0.38851787011752004  0.39908180890036227  0.40964434803253352
  0.42019530856721160  0.43076950996142027  0.44134163251001723  0.45188218047830281
  0.46242086413833411  0.47299121489877061  0.48361373353080311  0.49419889054311755
  0.50476500753136144  0.51531000187626641  0.52581062946486112  0.53631540256554400
  0.54683368275688904  0.55739126535044603  0.56793549935522192  0.57843940020835516
  0.58898555279522968  0.59953737061709589  0.61010913471577244  0.62065590901665435
  0.63119133389712179  0.64172585974879925  0.65224367014469387  0.66284708188787700
  0.67346415644718727  0.68407925560297755  0.69461232761793135  0.70515524362700022
  0.71572397124961695  0.72630355132682900  0.73686721687632339  0.74744131682568427
  0.75799145530190692  0.76853507501561247  0.77905862283608207  0.78965287595530986
  0.80023339459489951  0.81081327542094250  0.82133402944794887  0.83187081671242680
  0.84242635227968943  0.85300161901140248  0.86353291468060844  0.87400807735439023
  0.88444010286743380  0.89492367900769609  0.90543650034129086  0.91596644902797630
  0.92648972854766087  0.93703412399136610  0.94760415559822908  0.95817781413424363
  0.96865792060878597  0.97912992465761095  0.98953996215693329  1.00000000000000000
 -0.00209651043529275  0.00955644255060372  0.01969509773739462  0.03014477520881938
  0.04063864170595084  0.05114817446441328  0.06174289188839693  0.07231102736908952
  0.08284425040395967  0.09335711032324280  0.10386432415755285  0.11442493419952425
  0.12497750827739153  0.13554754561677287  0.14606414028439244  0.15657519991317667
  0.16708197664121960  0.17758721819355899  0.18807272528073118  0.19856370053047526
  0.20908114451924437  0.21963011387436066  0.23019073908674928  0.24071500050091066
  0.25124120413419310  0.26178523059206815  0.27234440639481988  0.28289309948469760
  0.29339899061876978  0.30392224946188251  0.31444244151033357  0.32502794663111328
  0.33563514621679558  0.34626897921262700  0.35682919577093908  0.36737777388120652
  0.37794396234485989  0.38851067975356807  0.39907033270242848  0.40960390097283073
  0.42016847671046437  0.43072883547652541  0.44127140063849069  0.45180058124576367
  0.46232557151075931  0.47286772225959461  0.48340723682916154  0.49395553523468388
  0.50446370288042219  0.51500384016904199  0.52553498410015620  0.53608834325331534
  0.54662555563468362  0.55719285857181133  0.56776467929913443  0.57831382656079389
  0.58890169782726132  0.59946549296224971  0.61006582055027581  0.62059981188727098
  0.63113610637208706  0.64164262537034111  0.65213042496926721  0.66266905923859520
  0.67324068821301630  0.68381864439900808  0.69438035011594201  0.70491475178965868
  0.71547694787697202  0.72603019462195595  0.73657608767708627  0.74709078092556258
  0.75758749460480845  0.76810275879543988  0.77866491910649172  0.78921334726081149
  0.79977443895603140  0.81029477992107912  0.82084799360709160  0.83139764358930657
  0.84194736610691068  0.85251253471699506  0.86304877265438140  0.87361897246462938
  0.88415442421742430  0.89471123295751886  0.90525362400168985  0.91578349877048748
  0.92631982779212996  0.93679311309981439  0.94730802723509966  0.95780084684584221
  0.96835234565126527  0.97887893159779127  0.98943859532116829  1.00000000000000000
 -0.00227807729454058  0.00970876863685951  0.01991172846519478  0.03043145470242006
  0.04095820678004934  0.05143308622813258  0.06197989620850428  0.07255834913090747
  0.08317025355273844  0.09373952760006417  0.10427223566619086  0.11480022989967031
  0.12536800784946139  0.13594505026529222  0.14658253569589752  0.15713707037658789
  0.16771558931799227  0.17826147208124454  0.18884309540846878  0.19938087774709545
  0.20991103796767441  0.22046180686608527  0.23100922768280879  0.24155197830240760
  0.25204270065959805  0.26254792867324483  0.27305516439147287  0.28359916853398121
  0.29408632205377544  0.30465833517988949  0.31525943729832112  0.32591475660576924
  0.33649148402195805  0.34704768548272297  0.35758409350450654  0.36813342836407398
  0.37870220701576945  0.38930170796508395  0.39989227926681542  0.41043158841447841
  0.42095423842379809  0.43145906991008603  0.44195091433344058  0.45245028179923646
  0.46296844626697009  0.47350433233998757  0.48403365164283146  0.49454832487258893
  0.50510983618770056  0.51566669463407722  0.52623453617765936  0.53672968525461862
  0.54720260047137104  0.55769490355742601  0.56822900119818309  0.57880091125422461
  0.58935226289190024  0.59993770737470575  0.61047213001116107  0.62101113095111626
  0.63149153932417756  0.64200965979425062  0.65253337256186572  0.66305459081897045
  0.67356580173025915  0.68406009367172271  0.69458329786524853  0.70512272506452389
  0.71566952025967701  0.72622277733944263  0.73675840997203323  0.74731172929103895
  0.75782976865956442  0.76836194944878722  0.77887932287400541  0.78943601703555100
  0.80001335287363884  0.81057836181295162  0.82110347606063494  0.83157167306079527
  0.84202110811215070  0.85250878416761577  0.86301922087374727  0.87357736894102866
  0.88412638527695309  0.89468003120619299  0.90516830464436948  0.91566869490466418
  0.92616209395060256  0.93672191666225446  0.94726023725672215  0.95781725820781538
  0.96835727627671975  0.97891502911407235  0.98945799624823405  1.00000000000000000
   2.8968950815546535E-010  -1.0000000000000000     
 F F F F F F F F F F F F F F F F F F F F F F F F F F F F F F F F F F F F F F F F F F F F F F F F F F F F F F F F F F F F F F F F F F F F F F F F F F F F F F F F F F F F F F F F F F F F F F F F F F F F F F F F F F F F F F F F F F F F F F F F F F F F F F F F
  <DiscreteSampler_grid>
  grouped_processes
  1 # 1 for a reference and 2 for a running grid.
  10 # Attribute 'min_bin_probing_points' of the grid.
  1 # Attribute 'grid_mode' of the grid. 1=='default',2=='initialization'
  0.0000000000000000 # Attribute 'small_contrib_threshold' of the grid.
  0.5000000000000000 # Attribute 'damping_power' of the grid.
 # binID   n_entries weight   weight_sqr   abs_weight
    10   10   1.054094470143300E+006   2.740073880649320E+012   1.054094470143300E+006
    11   10   1.054094470143299E+006   2.740073880649311E+012   1.054094470143299E+006
  </DiscreteSampler_grid>
