  0.00938751162237411  0.01630377155320075  0.02506345784942077  0.03592037579105804
  0.04629076486626123  0.05674043522721009  0.06715914647002674  0.07760295984880444
  0.08803088289535138  0.09843390004871561  0.10882776408647654  0.11921684667087752
  0.12959170159083619  0.13993866066753002  0.15031086988417205  0.16065315974473007
  0.17098026698787835  0.18130105892628151  0.19168576781890431  0.20211503829211003
  0.21255190302307880  0.22295688495439459  0.23335206525128430  0.24370878347238517
  0.25407611854972534  0.26441676928453289  0.27478809546296601  0.28510335976832268
  0.29543907328553570  0.30577577534442718  0.31618005139643263  0.32656620027019290
  0.33693289622026840  0.34726331328576709  0.35765071762832246  0.36810072205337352
  0.37856421746744423  0.38901077089358144  0.39940079883181662  0.40978660421974872
  0.42014707791798478  0.43055373655173490  0.44097854357131933  0.45139467004611139
  0.46174565542459767  0.47206437362042925  0.48239460512404936  0.49274816909145691
  0.50312927565646004  0.51353143657970790  0.52394130517399706  0.53435619723208738
  0.54475019869692431  0.55513211858463596  0.56551284589346562  0.57590734272362143
  0.58631331445764734  0.59671856544687185  0.60710395259161876  0.61747650555929312
  0.62786431421408773  0.63825942956990478  0.64866228048235053  0.65904321276472222
  0.66941842195874512  0.67980683648885576  0.69019535681647903  0.70060062403662748
  0.71101276142543102  0.72143513665879522  0.73184568008158091  0.74222401968540153
  0.75254726429167751  0.76284600826688587  0.77314802632539203  0.78350180569080030
  0.79387798036258683  0.80424490463739151  0.81459238774902920  0.82493498115774055
  0.83527688383213228  0.84562218136221123  0.85599707823689009  0.86639485314445597
  0.87679201548793029  0.88718187915006874  0.89757422421454913  0.90795854227608763
  0.91834848922300716  0.92869778689324090  0.93905418585484257  0.94938504600020091
  0.95977387456578367  0.97012301292311987  0.98048458958197504  1.00000000000000000
  0.00946825181610839  0.01633508935667437  0.02537021259754102  0.03617692313109032
  0.04651092533324284  0.05686391446929824  0.06720338442527912  0.07754497203961583
  0.08791068216019246  0.09829368717544769  0.10867930755587128  0.11904792823318169
  0.12942534055243404  0.13977123884773751  0.15011781063110066  0.16044160510747515
  0.17075512919349956  0.18112189671885948  0.19151103322539945  0.20190182836643142
  0.21223139668455673  0.22255579838814710  0.23289768685832934  0.24326851585403214
  0.25367697147325946  0.26411058314058661  0.27453576876426228  0.28494829586860060
  0.29534251402195755  0.30576326195596842  0.31615721698263027  0.32653109554850596
  0.33687861554249537  0.34723620655388959  0.35763583902299734  0.36801914312176193
  0.37839953406591914  0.38876222156584767  0.39912872895901175  0.40949886852586470
  0.41987445546679797  0.43031018710766650  0.44074436398655514  0.45116376015892912
  0.46155004164319324  0.47194153469667888  0.48234130372851935  0.49274065612985030
  0.50314251097191609  0.51354272064229589  0.52393590095852449  0.53431356601003333
  0.54468100130762664  0.55505896691999668  0.56545306660242844  0.57585293416388228
  0.58626793847312386  0.59667110274504831  0.60706264157729073  0.61745146275662799
  0.62785247622306850  0.63825788912141501  0.64863607044833493  0.65899869054283744
  0.66937207426625334  0.67976957288264395  0.69018079842021673  0.70057845752970771
  0.71093941742856936  0.72129817469984725  0.73166298611628933  0.74202875447289296
  0.75237116670194826  0.76267877839056553  0.77296094540646865  0.78323438073644647
  0.79353141900180957  0.80384893417296222  0.81420047432997877  0.82456124441457046
  0.83494576419094757  0.84531019170787269  0.85569019413774250  0.86605965207982294
  0.87643343123991935  0.88674206966088653  0.89705320452848203  0.90736404418805860
  0.91772784483670045  0.92809945565214003  0.93858090453717502  0.94907819717504993
  0.95955090387275854  0.96994577589276110  0.98033650394557326  1.00000000000000000
  0.16572103924486634  0.16644562865593091  0.16747830884468340  0.16848561676296073
  0.16949192995899595  0.17059028063824250  0.17171182537917706  0.17283480699740619
  0.17396523119566851  0.17509974444139223  0.17623834966676993  0.17738386938754075
  0.17854257561152545  0.17971101796668151  0.18087597002515021  0.18204182481805267
  0.18321249846893359  0.18438948023433621  0.18557502466462461  0.18678819599996824
  0.18799705889914217  0.18921093753500387  0.19042856573017980  0.19164724291938148
  0.19286710170627588  0.19409830829526781  0.19535168830870250  0.19661465206530573
  0.19788302583618828  0.19915698837881832  0.20043010799684846  0.20171069012066875
  0.20300434944934781  0.20432868020515976  0.20564788309723298  0.20696830246915082
  0.20829441331170892  0.20962435227811244  0.21095189695092789  0.21229147200375478
  0.21364884866418868  0.21500794202461657  0.21637257813295321  0.21774416082978978
  0.21911749864301783  0.22048811215795505  0.22187746823965940  0.22329537311313680
  0.22472288929552786  0.22615675497664325  0.22759442411478822  0.22903678707641689
  0.23048357355979668  0.23195335574706155  0.23345814520391453  0.23495512414260600
  0.23645034428956230  0.23795039860935271  0.23945742250369043  0.24096813284885632
  0.24250802501804067  0.24406228603857999  0.24562077924886075  0.24718261901428970
  0.24874872962552266  0.25031934394213989  0.25189365839996108  0.25349090744418168
  0.25512689741212347  0.25676576980988070  0.25840266666995187  0.26004175615930208
  0.26168659396191940  0.26334207978927399  0.26503546321093424  0.26675307626205896
  0.26847191371673373  0.27019511033852794  0.27191847774558930  0.27364019505910026
  0.27536697456893239  0.27711936846773955  0.27891259944104563  0.28071422755962683
  0.28252226180112294  0.28433296031590116  0.28615479813182571  0.28797096615831774
  0.28982656953857816  0.29169580808952394  0.29356715494706204  0.29544353124798739
  0.29736069294986733  0.29906878413807914  0.29996514635396249  1.00000000000000000
 -0.00246918515861811  0.00953622904012989  0.01973405281262538  0.03034443953091593
  0.04090919815486804  0.05144067778720248  0.06195804582522516  0.07247115466684166
  0.08297257640498662  0.09345285637334876  0.10394556206886349  0.11441478766408837
  0.12493538931308946  0.13547509549126435  0.14608401105388499  0.15669102499598295
  0.16728171781524642  0.17785468321106992  0.18836041120625238  0.19888775573280065
  0.20939130274087361  0.21994344984506153  0.23048038139193822  0.24101728016631324
  0.25151513079446819  0.26198393700242351  0.27245460245209213  0.28296256622602978
  0.29352679451088109  0.30413170544137874  0.31469862301873491  0.32525001487884903
  0.33569744671435620  0.34618418209077290  0.35665455159547288  0.36717136800027705
  0.37773805749250050  0.38832581290090296  0.39892539012146039  0.40945828889768965
  0.41997603627769026  0.43049746051159121  0.44103815001827701  0.45156649882822564
  0.46210182348967899  0.47263640678097663  0.48319434901897584  0.49377958353629181
  0.50438308476474436  0.51498424659944275  0.52557909255241675  0.53618513161945613
  0.54676705104296497  0.55730415262080046  0.56779883387706331  0.57830601063860476
  0.58880736949332391  0.59932972822668662  0.60986657454580950  0.62042180432555161
  0.63103840001561995  0.64161228421656735  0.65215974759283091  0.66260400089380489
  0.67310302167180702  0.68362799050213141  0.69417976243121993  0.70470164179258310
  0.71529159361989936  0.72589216089994668  0.73647033945666973  0.74699744592365003
  0.75753157847149433  0.76805915342011966  0.77857310755833564  0.78908685029009917
  0.79969133158566930  0.81031627337168022  0.82085568943838028  0.83130847934005003
  0.84175359913425352  0.85224403353718003  0.86281303869784065  0.87341515961219740
  0.88401675785304179  0.89455661932574482  0.90507249233444953  0.91562206390941059
  0.92620093475150689  0.93674973067896539  0.94726689313871282  0.95779698995720730
  0.96834244341471909  0.97890222354202638  0.98945205788517110  1.00000000000000000
 -0.00249796420962466  0.00969731606850611  0.01998778289909068  0.03060402578921124
  0.04119808356744116  0.05172990576411061  0.06229164315698933  0.07288007288930556
  0.08342296224089503  0.09394598358278720  0.10447943356356118  0.11502470575053257
  0.12556533991218469  0.13611244679106116  0.14670203031606155  0.15727270847976962
  0.16780909491733118  0.17835621242360120  0.18887286327583061  0.19943685824593729
  0.20995540794532580  0.22054183049638973  0.23103552325509352  0.24153165451108005
  0.25196772010225099  0.26251118563298403  0.27301686568048600  0.28352361600472098
  0.29397822755324243  0.30453538898238819  0.31514407522913407  0.32579169360642413
  0.33645827721965266  0.34709107809257617  0.35768653312356646  0.36817763659794517
  0.37863619648015900  0.38911830947367410  0.39962381109760831  0.41018032314584907
  0.42073729884649241  0.43129558924894751  0.44184004631004659  0.45235446175022997
  0.46284015725658051  0.47331350834541180  0.48378325477956213  0.49430150843597287
  0.50488467697980277  0.51545938965909055  0.52598877359992791  0.53646548456727983
  0.54701550274422361  0.55761326235879505  0.56824935739287086  0.57883491991839942
  0.58937780534490170  0.59987071001168735  0.61035157572253207  0.62088651379929349
  0.63151367679959902  0.64217121786627984  0.65277968935439445  0.66334383071129432
  0.67386322980689006  0.68438206538357327  0.69485240778500401  0.70538530844456804
  0.71591482850809307  0.72646086304429147  0.73697700993752535  0.74747074916577760
  0.75801002181215571  0.76852119192316481  0.77907288939740371  0.78957136136757611
  0.80010873609679367  0.81061892532403601  0.82111139278216205  0.83162254651632728
  0.84215291856097652  0.85270424969856695  0.86321925212287443  0.87376735962567720
  0.88433673841839200  0.89489627676476802  0.90537992126743205  0.91588121055226268
  0.92639577846833232  0.93696977739780840  0.94750678192251125  0.95803107790557218
  0.96856520626694420  0.97911252645703317  0.98959246659335198  1.00000000000000000
 -0.00229610156614508  0.00949322750142915  0.01963249168080035  0.03025004458334336
  0.04086679900018143  0.05142106226216300  0.06185472764898833  0.07233680466720417
  0.08293201350809824  0.09358229419330975  0.10416906083123599  0.11469652454597278
  0.12525235855797281  0.13581721067280100  0.14633808719260230  0.15684354169080783
  0.16733317385531246  0.17777235721730700  0.18816355259893794  0.19858423303012329
  0.20906112539757823  0.21956223041889855  0.23005097451570716  0.24056352806235654
  0.25110119853853363  0.26165359802588328  0.27219462564102342  0.28273160794774888
  0.29326369974251026  0.30382239882585843  0.31436268536649342  0.32491108902885069
  0.33546988115436338  0.34605153447672293  0.35663474622208496  0.36716156664685873
  0.37768129850522364  0.38821321881684390  0.39879696261420899  0.40939051365260648
  0.41998445099017606  0.43057109892224865  0.44113505671786829  0.45170990599149358
  0.46227974166765234  0.47286412042458781  0.48347547325115831  0.49409725110600083
  0.50465798757992786  0.51514673732639016  0.52563722191028783  0.53614846477221834
  0.54666022160332339  0.55713649676084875  0.56766429709981014  0.57823695433325606
  0.58886253136876388  0.59950835533739655  0.61007949289222130  0.62064014213696861
  0.63113918870125874  0.64171469197371156  0.65222609699925782  0.66277407255079368
  0.67326092893296208  0.68374723573131579  0.69420738977959806  0.70467972615684760
  0.71520810219078679  0.72573023320918473  0.73632514518004666  0.74684235688437328
  0.75733234907748459  0.76778657644406989  0.77834667950713754  0.78898893476595333
  0.79962778375721477  0.81022295691400337  0.82075786750833557  0.83126634687415146
  0.84171756574401690  0.85223121390975665  0.86278783287784311  0.87341723412525019
  0.88403464666118081  0.89461985983491532  0.90517249717202830  0.91572018228782448
  0.92624577472604497  0.93678249545523540  0.94738814645248148  0.95800768056774133
  0.96864719019129486  0.97914560653114979  0.98961183617232984  1.00000000000000000
 -0.00236950756710889  0.00951028312789100  0.01964390099081193  0.03012813292393262
  0.04062935023186228  0.05114468788663776  0.06173342258904068  0.07235835602883345
  0.08298916431750089  0.09354464679526979  0.10407366137003626  0.11463567252111838
  0.12523637875200641  0.13585387187151465  0.14646084575008403  0.15703177353746878
  0.16756463482121275  0.17803956664544601  0.18854765435198417  0.19910417483702311
  0.20968954472383458  0.22023965389766131  0.23075936969611155  0.24134560834479990
  0.25194382703866536  0.26254254427563861  0.27302978788899396  0.28352587989507194
  0.29400008039981079  0.30455638467896445  0.31510919650754304  0.32567203216877250
  0.33617316571151601  0.34662913549201263  0.35715525724104336  0.36770026593603505
  0.37827655565908841  0.38880771120789120  0.39930506201648430  0.40982035174434250
  0.42036279950162186  0.43094184680079267  0.44148269124978490  0.45203616706826893
  0.46263171027196498  0.47323399081308765  0.48376738015538645  0.49422248361914495
  0.50471674591803040  0.51522195208153898  0.52575288017942556  0.53623456054476792
  0.54673567072866014  0.55725886140113035  0.56783311873519804  0.57842617247944650
  0.58899634832103998  0.59957842464835587  0.61012944361406907  0.62068378016475190
  0.63118180977012761  0.64166256533061594  0.65213310847068218  0.66269388108420568
  0.67325555806652837  0.68381991204352433  0.69431478145306769  0.70480465895065925
  0.71525551689901989  0.72571769614221726  0.73623521587706231  0.74676467244425015
  0.75730689979698640  0.76784437194269850  0.77838643287921327  0.78905200153661825
  0.79970295163850869  0.81039286117930576  0.82094244591488741  0.83147572506788137
  0.84198788828843718  0.85255098194459022  0.86315853451681701  0.87373169172918541
  0.88425306960318806  0.89472987821877037  0.90522865654792273  0.91571196883906969
  0.92622077320703633  0.93673875937471562  0.94728046593686288  0.95782406838924439
  0.96840497370086931  0.97897836831524554  0.98952666620492047  1.00000000000000000
 -0.00242553736443280  0.00945327374502119  0.01957498892692013  0.03010727393830430
  0.04067821687307497  0.05126985985898601  0.06183707012108779  0.07242306827514279
  0.08301182621552464  0.09354433864151314  0.10400496853089844  0.11447329217308695
  0.12502383027008393  0.13561257462621276  0.14621574597117049  0.15678211575678250
  0.16736819248500723  0.17789128536057808  0.18840421649182792  0.19888450226413926
  0.20939477455794386  0.21992865576178294  0.23045645812260579  0.24096708790080998
  0.25142105427948730  0.26190826979234572  0.27240573360624704  0.28295158804974069
  0.29349172821812186  0.30404418631519953  0.31458637049424398  0.32512600951990300
  0.33568695554828637  0.34624698662726849  0.35678517753123157  0.36728427378755257
  0.37778764616544769  0.38830705831922757  0.39883084518721901  0.40935193299338651
  0.41988825741097535  0.43038912461612361  0.44089173594180442  0.45137940247241465
  0.46193658285035061  0.47252920488496497  0.48311523268577578  0.49367546891228048
  0.50419228566415808  0.51474462785226438  0.52528744679582451  0.53586409526247269
  0.54633682114505222  0.55685827582207215  0.56739939470027112  0.57807156967450657
  0.58873715306173957  0.59936437321363190  0.61000640106718562  0.62061327972807556
  0.63122445651443049  0.64173135279027249  0.65226811284855435  0.66278973550879905
  0.67330465331380929  0.68380291566047835  0.69427529012923572  0.70481962328356329
  0.71532805937553634  0.72593989306154960  0.73652061245877842  0.74713116144025582
  0.75765141076605491  0.76814574793205970  0.77864182065465559  0.78914131527681519
  0.79968768572054183  0.81020203702296201  0.82070669671653695  0.83116582703633246
  0.84170145650933870  0.85225917487536595  0.86289835980816165  0.87350987203003794
  0.88416757078968611  0.89475443994723947  0.90532633497081572  0.91587029753355043
  0.92642088672105904  0.93698751751912590  0.94752560198742908  0.95806987019433520
  0.96857341455356316  0.97904405958069274  0.98951929545554096  1.00000000000000000
   4.4968660504776726E-015  -1.0000000000000000     
 F F F F F F F F F F F F F F F F F F F F F F F F F F F F F F F F F F F F F F F F F F F F F F F F F F F F F F F F F F F F F F F F F F F F F F F F F F F F F F F F F F F F F F F F F F F F F F F F F F F F F F F F F F F F F F F F F F F F F F F F F F F F F F F F
  <DiscreteSampler_grid>
  grouped_processes
  1 # 1 for a reference and 2 for a running grid.
  10 # Attribute 'min_bin_probing_points' of the grid.
  1 # Attribute 'grid_mode' of the grid. 1=='default',2=='initialization'
  0.0000000000000000 # Attribute 'small_contrib_threshold' of the grid.
  0.5000000000000000 # Attribute 'damping_power' of the grid.
 # binID   n_entries weight   weight_sqr   abs_weight
    10   10   2.684247754817010E-001   1.303239742431272E-001   2.684247754817010E-001
    11   10   2.684247754817014E-001   1.303239742431277E-001   2.684247754817014E-001
    16   10   2.684247754817010E-001   1.303239742431272E-001   2.684247754817010E-001
    17   10   2.684247754817014E-001   1.303239742431277E-001   2.684247754817014E-001
  </DiscreteSampler_grid>
