  0.00943511104464300  0.01610035476160739  0.02513724930020973  0.03596469066804305
  0.04631184472309488  0.05665956235340255  0.06700673375724084  0.07734568053389022
  0.08770668233673588  0.09810015059887020  0.10850435114740044  0.11890296207208725
  0.12927531579119045  0.13963594003928262  0.15000720920593250  0.16037491701839185
  0.17073340972643178  0.18109146393229944  0.19145604893199383  0.20183625667897240
  0.21218566599218999  0.22253442847425517  0.23290351401895878  0.24330706827005183
  0.25372988782623290  0.26413715954808387  0.27454393890586892  0.28493498614769114
  0.29532079217175305  0.30570034586789324  0.31607050539520321  0.32643640832945064
  0.33679254035391565  0.34715562173071990  0.35752767668324203  0.36789856083122358
  0.37827800530067274  0.38866516732312900  0.39905421054202594  0.40943131917935754
  0.41980188347655628  0.43017795007784126  0.44054074310144847  0.45088798782553291
  0.46123465358033222  0.47158652133179924  0.48194279167163373  0.49230810190872676
  0.50267020065399814  0.51303033075481985  0.52337847336209375  0.53373109660376472
  0.54408400505461629  0.55443869971505033  0.56480730468252294  0.57518403024911191
  0.58556454990948603  0.59595757859961940  0.60637110281822193  0.61679254701370545
  0.62720206438497428  0.63760976508528222  0.64803177406896539  0.65845861524939453
  0.66886911718215014  0.67925739975135491  0.68963506541581376  0.70001634450487171
  0.71041514020547591  0.72082750076977620  0.73124423905346703  0.74163368600565516
  0.75199930501864221  0.76236734596874844  0.77274668634378862  0.78313922359965737
  0.79354033365830345  0.80394382148313193  0.81434044222854973  0.82473652967052269
  0.83513019953299639  0.84552506374702063  0.85590213548205840  0.86628931597996506
  0.87669263185061230  0.88709473455111831  0.89749519292546343  0.90786759896377167
  0.91824910914354596  0.92861375558013093  0.93901160781651238  0.94939743526355369
  0.95977948450996542  0.97012790551402739  0.98047641642873173  1.00000000000000000
  0.00950960933572515  0.01578951506512827  0.02494910578435623  0.03572757889788934
  0.04605934407960758  0.05641865305185793  0.06679067326586037  0.07716004324155176
  0.08752118728976505  0.09789902754874587  0.10826272093423679  0.11862591848664453
  0.12895091653439672  0.13931306061901691  0.14968929959861682  0.16007159142056265
  0.17042768902450109  0.18077794613525996  0.19115194436731814  0.20153009853306628
  0.21189440675762664  0.22225389532630072  0.23263752768372423  0.24303520715947485
  0.25343161351787930  0.26382707114475157  0.27420761685835243  0.28459733728019559
  0.29495921417851823  0.30531672659791720  0.31566632864887545  0.32603054291015998
  0.33640516938354120  0.34675933604247311  0.35710256142750141  0.36744796115296641
  0.37780834669094959  0.38817346700395927  0.39856106622014659  0.40896001674918814
  0.41935881315296147  0.42973897759354351  0.44011751238179392  0.45050585361003703
  0.46090405912277266  0.47131380309241921  0.48172887245222223  0.49212295967664410
  0.50250574165507289  0.51288795884037064  0.52326959735940093  0.53364422329278594
  0.54400588362487534  0.55437355259944310  0.56474364862115622  0.57512311582273445
  0.58552637198866875  0.59593608237820028  0.60631755924367292  0.61667632337449241
  0.62704360996558728  0.63742762140144160  0.64781236866340230  0.65819463356729824
  0.66860221360748207  0.67902381242184218  0.68943478895128396  0.69983253697957559
  0.71023453397907732  0.72064985400154302  0.73106917845098807  0.74148255394088791
  0.75187313121130794  0.76224713239396935  0.77261481883129146  0.78300111219946333
  0.79339853042422459  0.80380160009134505  0.81420465229607630  0.82459621767763669
  0.83497997224498610  0.84535734388132400  0.85574524416623532  0.86614166173265228
  0.87654699224685595  0.88694942390346287  0.89735319665842384  0.90774992153077583
  0.91814510265237159  0.92853956192005072  0.93894195227010546  0.94935841698089452
  0.95976697984925086  0.97016158027522337  0.98052740300430419  1.00000000000000000
 -0.00253058063821063  0.00948992210573044  0.01962862426465928  0.03013963650675824
  0.04066434961658370  0.05121042658832667  0.06172983294099946  0.07227213874453055
  0.08280262955383201  0.09333799129505384  0.10388006830690873  0.11442167227043105
  0.12494826411308831  0.13546144085567499  0.14599202893017432  0.15654009668935892
  0.16709775124905152  0.17764543222480456  0.18818560827879713  0.19870364358852977
  0.20921161446544156  0.21971998713091481  0.23023163696264701  0.24076414313706415
  0.25130848134949879  0.26183635398932059  0.27235395388822875  0.28286731982597413
  0.29341315367417092  0.30398075034960587  0.31455015124687624  0.32509996673107283
  0.33563397609250600  0.34616946161828888  0.35673038421725684  0.36731283613644916
  0.37787908798075798  0.38845293922010282  0.39900828815459333  0.40957577299877679
  0.42010739975911066  0.43064969556613353  0.44120908662916897  0.45175738846657454
  0.46229914260486021  0.47281824982738163  0.48336896538390584  0.49388929653708324
  0.50442252650023889  0.51494424931768956  0.52549290920792802  0.53603607977435197
  0.54658711799659621  0.55715448801370315  0.56774352916356430  0.57830534748595852
  0.58884097508301436  0.59934496401031756  0.60988723321963989  0.62042792913591061
  0.63100432050706212  0.64155871337359183  0.65213035689990229  0.66267423445295270
  0.67322196864450756  0.68376266585964152  0.69430869892646130  0.70485564058463313
  0.71538766781658303  0.72593087819560020  0.73647096417912972  0.74704417530828993
  0.75759105294739648  0.76816104374775585  0.77872557135233855  0.78930334403586278
  0.79985424508760372  0.81040278756361017  0.82092471035150416  0.83143265959873636
  0.84194822770141842  0.85247756295507704  0.86301061380942201  0.87350126944596029
  0.88402669239091025  0.89456856586272537  0.90512908976512829  0.91568207256563339
  0.92625689309865178  0.93683944538255126  0.94738765956002946  0.95789926233605638
  0.96838587784690688  0.97889670647770355  0.98943445345607406  1.00000000000000000
 -0.00250331289647217  0.00946539659453499  0.01961125207719285  0.03014496575569530
  0.04069904793368688  0.05124130785271255  0.06177482730276146  0.07230752334257477
  0.08285238997734756  0.09338399804957531  0.10391394992672526  0.11445545347753616
  0.12499564591625685  0.13555315505080950  0.14609240345325447  0.15662550005674514
  0.16714808700032224  0.17769403150729263  0.18825416069076750  0.19881849873847213
  0.20934953488867586  0.21990326300951407  0.23045337131200910  0.24103694913573970
  0.25156835729268512  0.26207671808695759  0.27258445034262674  0.28309586805354808
  0.29363741809600019  0.30415557339587562  0.31468941818682739  0.32521731409271759
  0.33574707986957908  0.34630208283369396  0.35685790942185908  0.36739913846806521
  0.37792067178959238  0.38843376542798380  0.39899063035922944  0.40954979581008655
  0.42011906437645491  0.43066470128715051  0.44118643015377179  0.45170922075872949
  0.46224107551345861  0.47282524443090973  0.48340166789775801  0.49397171472786394
  0.50450966826718457  0.51502364500283671  0.52552654269142329  0.53601106872898807
  0.54650761394908465  0.55700953380908991  0.56754108177433649  0.57807004935276607
  0.58860863165095245  0.59913868147145954  0.60968921707792911  0.62024301719697283
  0.63081652122964793  0.64138968697137677  0.65195222258477759  0.66248173099300889
  0.67301386105412531  0.68355254648774821  0.69412074278244174  0.70464858178009682
  0.71519952995609670  0.72573921615839054  0.73631527560831023  0.74684887625066265
  0.75740399998058083  0.76797847249004458  0.77857499218357884  0.78914324035456418
  0.79967458107194389  0.81018453892225761  0.82070193803248714  0.83123788665182474
  0.84178943687446872  0.85235357752226615  0.86293604240996535  0.87348152795285627
  0.88401743481650441  0.89453197427164877  0.90507166847113396  0.91561113096071234
  0.92614067612163786  0.93671377395771116  0.94729315599555208  0.95789310137231676
  0.96846502778331356  0.97899507612673420  0.98950902667167584  1.00000000000000000
 -0.00251639968709758  0.00946521251926741  0.01962247699671519  0.03018616249428670
  0.04077585301462312  0.05133462546623693  0.06186816425554591  0.07236771948774742
  0.08286330024900293  0.09335101853432379  0.10386771452043829  0.11442313835710667
  0.12497415966079616  0.13552986776655945  0.14607114774737218  0.15659418280058557
  0.16711381297380612  0.17762179609667195  0.18817878772166866  0.19872464553290572
  0.20928272098756145  0.21982102659472483  0.23035375059920318  0.24090206545256543
  0.25143966454096112  0.26197913955047258  0.27253028182747580  0.28310645825907871
  0.29369474204324508  0.30427282934812949  0.31482538058375253  0.32539128356845920
  0.33594609856128155  0.34650210306381662  0.35707701958456983  0.36762476539396227
  0.37815329656670854  0.38864724836707659  0.39916637079926631  0.40970059148260157
  0.42024040031816379  0.43078158853171034  0.44134493981647333  0.45190971869494423
  0.46247466944138382  0.47302134506704313  0.48357025183369606  0.49412636292990680
  0.50469949895215738  0.51525497225210870  0.52577099165120422  0.53628640663017357
  0.54681190433543359  0.55737814506095007  0.56792924539876510  0.57846929687200488
  0.58901408815430478  0.59952703818539077  0.61003392274693702  0.62054414488554122
  0.63110063790896576  0.64165808100000310  0.65218642845566144  0.66271409431396788
  0.67326322721720189  0.68382067034317828  0.69436803585763962  0.70488988881778980
  0.71541840080933428  0.72594456831441523  0.73650889780916007  0.74704596836737258
  0.75759248391142342  0.76811558945799630  0.77862721563672999  0.78914235419852274
  0.79963530317712650  0.81015275858550817  0.82066230432731424  0.83119647668198504
  0.84170981973483749  0.85223958903639696  0.86278166581592319  0.87334051855857620
  0.88388225227482398  0.89440738041477352  0.90495235971241916  0.91554026078725737
  0.92613912957012368  0.93672202752591693  0.94727030755766217  0.95782431201406470
  0.96837655471140127  0.97891353996797259  0.98945477376197188  1.00000000000000000
 -0.00241692264833752  0.00964956488915271  0.01983794520653288  0.03036855519261192
  0.04086658735851050  0.05135761885829877  0.06188420722151501  0.07243396331544306
  0.08299554093379689  0.09353718766255845  0.10406922753769375  0.11459490929084747
  0.12511974566687631  0.13568342957399665  0.14628110442057676  0.15686227750361267
  0.16739713198054748  0.17788770921084704  0.18839091009246725  0.19891987316214096
  0.20948166471858262  0.22003644208667877  0.23059181265940951  0.24114005366656266
  0.25170176281148354  0.26221721860012120  0.27275057954743720  0.28328083839137064
  0.29385486545580541  0.30440896262458400  0.31495828284095623  0.32552330751052272
  0.33606903809114025  0.34661894338665811  0.35714836810300643  0.36768710274630789
  0.37820738023942513  0.38871779105872079  0.39923388859729808  0.40977550009093577
  0.42034603732666515  0.43093456115260115  0.44151020069429958  0.45205454091334724
  0.46260646177997444  0.47316006229073959  0.48372863157215878  0.49424201189847006
  0.50475833098894607  0.51525720413507825  0.52578659632596603  0.53630720970402923
  0.54684098918883928  0.55738594384124251  0.56793368892071128  0.57848651510082094
  0.58901003291258192  0.59953461316690171  0.61007038870593189  0.62060332428853615
  0.63114716081349731  0.64168505375461449  0.65225412476545208  0.66284649405151652
  0.67341698779579806  0.68400464402527328  0.69454116538865185  0.70510001309890091
  0.71562344705588177  0.72617717533358772  0.73671346360924916  0.74726637768553550
  0.75782141200000708  0.76837515071920903  0.77888745273421900  0.78939463739233606
  0.79992162186785776  0.81051209184660078  0.82106365242379864  0.83161088051972165
  0.84208348548924350  0.85256612340781068  0.86307641560324633  0.87364362991200528
  0.88422712516755242  0.89477170044322307  0.90530855042474367  0.91585037072263387
  0.92638189875601151  0.93691677992173594  0.94745126241018440  0.95800791385137762
  0.96854311381401437  0.97903562439268932  0.98951869527294944  1.00000000000000000
 -0.00240454367541517  0.00946242648475940  0.01961603460889105  0.03012265865674228
  0.04067516110624592  0.05117845019983418  0.06167341155817586  0.07216126809894184
  0.08268053741134160  0.09324635829021359  0.10381678659173466  0.11436471373108614
  0.12487410197632134  0.13537624822190936  0.14590106632643912  0.15645027323673338
  0.16700614852414974  0.17758659440359648  0.18813502492840253  0.19867784463571492
  0.20918861245027845  0.21972173935620992  0.23024734172234082  0.24078678673069254
  0.25132002155333044  0.26184999835624384  0.27239764467738797  0.28293727616141406
  0.29349212238797712  0.30404124892312456  0.31460156102517350  0.32518585608817324
  0.33574042035596013  0.34631468692579459  0.35686665267182216  0.36742243338054881
  0.37795994139267508  0.38849332452636320  0.39901747473201971  0.40953408468488767
  0.42005752169114979  0.43060340924524404  0.44113455729855006  0.45165008239453497
  0.46217010636125672  0.47269098608191407  0.48321336972419782  0.49371929105728396
  0.50424868299135228  0.51477886348042889  0.52532207278669851  0.53588411685601756
  0.54645391391852960  0.55702091883778559  0.56756144842326273  0.57810321824875188
  0.58863810865512445  0.59917419749814493  0.60972156247407960  0.62024799354250026
  0.63078923280602062  0.64131939378941494  0.65185693244297283  0.66239194500994802
  0.67290258373076151  0.68346091369563955  0.69401329763289066  0.70461998270154347
  0.71518547591434256  0.72573828416630093  0.73627126809794863  0.74682317456653557
  0.75740478434908320  0.76794765244641283  0.77846451563502128  0.78896240615838820
  0.79948878480612351  0.81001885831962239  0.82056869657029108  0.83110496998907402
  0.84167201813473347  0.85221690904403014  0.86278432197600541  0.87333967335249241
  0.88390615107694848  0.89445194124529603  0.90501869617541442  0.91556439129405986
  0.92616656945820108  0.93672420892958064  0.94729597480022709  0.95780968710861714
  0.96834643083945815  0.97889101912829357  0.98944760447292024  1.00000000000000000
 -0.00244001852588878  0.00956288608597694  0.01974146413803372  0.03024234646386053
  0.04077031327272338  0.05129746009347959  0.06181564823265868  0.07234393260745463
  0.08286631155285665  0.09340923199268150  0.10393547419149241  0.11446871070582204
  0.12499276284901363  0.13551294056856653  0.14604647932383863  0.15657516207815303
  0.16710213772654675  0.17762078888089769  0.18816321436637445  0.19872015957715919
  0.20925960913779831  0.21977816575730283  0.23029918183328382  0.24080170269267606
  0.25133089139118542  0.26186664442017576  0.27244382212928342  0.28299647016919421
  0.29355352282480784  0.30410593079488329  0.31466733833046706  0.32521395064369590
  0.33576345394837032  0.34629045209731657  0.35682182324054540  0.36734602741361067
  0.37789966305986905  0.38846374487333624  0.39902389789667497  0.40956092128949773
  0.42008584668255960  0.43062045505643232  0.44115357719812454  0.45170406716723971
  0.46228372679594149  0.47285718087020262  0.48343867929848344  0.49396272097364452
  0.50450798863929858  0.51504242409395284  0.52562373660107164  0.53620384956977174
  0.54675891839690127  0.55729484016712294  0.56782431972820946  0.57840315260010189
  0.58896771445503615  0.59953531580776609  0.61005659448901683  0.62060529111670115
  0.63115121376206063  0.64169193979506978  0.65219291530411261  0.66267808370279746
  0.67318912537228504  0.68368795534242055  0.69422028599874785  0.70477100855658736
  0.71535947825728130  0.72589891917277827  0.73641493535123492  0.74691840915146723
  0.75749215904791201  0.76807809000653049  0.77866989680934851  0.78923247581649214
  0.79977076763116084  0.81030107039321031  0.82084411066061380  0.83139397358714195
  0.84194354484755851  0.85246886865360982  0.86300729291788614  0.87354577354201790
  0.88409295882833849  0.89464705593523319  0.90519758341027190  0.91575345042011913
  0.92626691171949171  0.93679993251754889  0.94732879678014159  0.95788943810748828
  0.96843126514241384  0.97896609575257665  0.98948617921722526  1.00000000000000000
   1.5419615236261810E-002  -1.0000000000000000     
 F F F F F F F F F F F F F F F F F F F F F F F F F F F F F F F F F F F F F F F F F F F F F F F F F F F F F F F F F F F F F F F F F F F F F F F F F F F F F F F F F F F F F F F F F F F F F F F F F F F F F F F F F F F F F F F F F F F F F F F F F F F F F F F F
  <DiscreteSampler_grid>
  grouped_processes
  1 # 1 for a reference and 2 for a running grid.
  10 # Attribute 'min_bin_probing_points' of the grid.
  1 # Attribute 'grid_mode' of the grid. 1=='default',2=='initialization'
  0.0000000000000000 # Attribute 'small_contrib_threshold' of the grid.
  0.5000000000000000 # Attribute 'damping_power' of the grid.
 # binID   n_entries weight   weight_sqr   abs_weight
    10   10   4.345839763447352E+013   3.893396232387048E+027   4.345839763447352E+013
    11   10   4.345839763447352E+013   3.893396232387048E+027   4.345839763447352E+013
  </DiscreteSampler_grid>
