  0.00955218065180971  0.01566186468259765  0.02478612822919156  0.03554823603739796
  0.04588586052827239  0.05626322546056701  0.06665407694722021  0.07705822004099599
  0.08749064079447635  0.09791871944739691  0.10833008323608609  0.11870986406077742
  0.12907096018895528  0.13945052527529297  0.14983728221817880  0.16023599431270558
  0.17062773797095479  0.18103685812395404  0.19144424374015834  0.20184602218937392
  0.21222711560593169  0.22261015681893134  0.23298267404345580  0.24336354332286037
  0.25372825716254599  0.26412583965924874  0.27452719034673811  0.28494315252715618
  0.29534700139898157  0.30576113178032466  0.31615821546819889  0.32656059717621655
  0.33692881061311653  0.34730341068264670  0.35766958420298373  0.36804708130790303
  0.37843892590048561  0.38882116126016819  0.39920570713041931  0.40957348779640773
  0.41992319766330610  0.43027617963799397  0.44063711730209781  0.45101774230283781
  0.46138541235731095  0.47175970812607643  0.48214468586272136  0.49253976821951767
  0.50293298380676887  0.51331932415083625  0.52370344126025303  0.53409127513837995
  0.54447757350426329  0.55484890307085033  0.56518704673660825  0.57550270648893720
  0.58584580666366881  0.59622866348346459  0.60663619589100948  0.61702640407397857
  0.62738720258641945  0.63774712602242656  0.64811900351354257  0.65850961091571558
  0.66892132837224227  0.67933741652878621  0.68973464495731673  0.70010847946469790
  0.71047559391866288  0.72086147593414340  0.73125763915202646  0.74164314953782629
  0.75202008463437231  0.76240508470221657  0.77280865644338170  0.78321510026945207
  0.79360266110662947  0.80398064512656064  0.81435012096407244  0.82472215529377813
  0.83508912110603484  0.84546541356787841  0.85586094214365049  0.86628016607147407
  0.87670986384779626  0.88711640675323378  0.89749423009143725  0.90786257228463485
  0.91823972667609910  0.92862022896709373  0.93901307410884438  0.94941446372856153
  0.95983218476618937  0.97020418770306183  0.98055853886891053  1.00000000000000000
  0.00958779463681683  0.01561570830402448  0.02488401133302279  0.03568252901398209
  0.04604555400551186  0.05642103762337870  0.06680785940656885  0.07720579552235805
  0.08762305430616275  0.09803799621496638  0.10844424689154469  0.11883833797474047
  0.12920862332017455  0.13958585201821669  0.14995852375629673  0.16034134065276867
  0.17069246530474613  0.18102894784304016  0.19139209814760116  0.20176700196769654
  0.21213182059646829  0.22248316077343730  0.23283933407182619  0.24323553845012927
  0.25363853420280630  0.26404419514847077  0.27443542593031978  0.28481213699883179
  0.29519335775697697  0.30558583661275179  0.31599716575917752  0.32641652491842921
  0.33680744267205182  0.34717632113323454  0.35755202626427818  0.36794278030758121
  0.37834550100504244  0.38873504705254475  0.39911160580115596  0.40949223159506637
  0.41987347560107174  0.43026052075590032  0.44063656816213670  0.45098191961936251
  0.46131846404634963  0.47165913100460488  0.48204117811629754  0.49245345906070537
  0.50287621301076924  0.51329781373851502  0.52370340005722338  0.53408767221056874
  0.54446153100101902  0.55484458984591256  0.56524041919583234  0.57563131819767221
  0.58601125778465213  0.59638886301170702  0.60676741490526509  0.61714553159064756
  0.62753298713763328  0.63794306426144687  0.64836215428576816  0.65876132025666656
  0.66913221943547896  0.67949500923276573  0.68987364480426205  0.70026293117339444
  0.71065207984442913  0.72103419371424637  0.73139894915543613  0.74176160018770132
  0.75213471013015165  0.76253084067218579  0.77293887480905277  0.78333808364958524
  0.79372675406472382  0.80412493954914133  0.81452159675702851  0.82493534832282334
  0.83534066898881665  0.84574693152704983  0.85612614389265507  0.86649837191147538
  0.87687755382642107  0.88728348705303350  0.89768512575358594  0.90806837416620623
  0.91844973570394106  0.92882359642270229  0.93920657919776473  0.94955692198222152
  0.95992309891993843  0.97024791234355345  0.98057666440924240  1.00000000000000000
 -0.00245745006824347  0.00956283370682526  0.01973797801415164  0.03025647209309199
  0.04077277801059306  0.05132364346319795  0.06189086057518566  0.07245939917236836
  0.08298676506956201  0.09348937102804002  0.10399895543156001  0.11453618699734304
  0.12508580780198242  0.13564475281314622  0.14618069306518494  0.15671208456533622
  0.16728301202537943  0.17784167717050123  0.18840620386275359  0.19893369592643018
  0.20949633518231589  0.22007836540311057  0.23063118794506904  0.24115950069882500
  0.25166506783702230  0.26218543944360589  0.27270679299162542  0.28322526687526745
  0.29371459827958202  0.30422370633522861  0.31474668617712609  0.32531222918620983
  0.33584395858976923  0.34638635788912953  0.35692288970962927  0.36747021154115972
  0.37799117305632163  0.38850545659442715  0.39903636720506636  0.40957869878839448
  0.42010039006394834  0.43060811104593494  0.44111743615135429  0.45166478316807640
  0.46221872076782228  0.47278362294399939  0.48333464639428425  0.49387877743989084
  0.50441905009786492  0.51493351451661185  0.52546540799506858  0.53597267891168132
  0.54650987885931424  0.55702831635689354  0.56756712916327523  0.57807774393831290
  0.58863159807083987  0.59917323339315598  0.60973294065360994  0.62025673946182913
  0.63077436986649638  0.64131452983801951  0.65185981253249337  0.66240336187598203
  0.67295344496794784  0.68350063094944835  0.69405126769918912  0.70458581043515467
  0.71513867871534387  0.72572768149345690  0.73632156038998819  0.74686693179237851
  0.75741341246777028  0.76793107430766328  0.77847961910472263  0.78899914979840857
  0.79953217721767411  0.81005997836014176  0.82060448286061982  0.83118974794566025
  0.84177092474682413  0.85235884106638815  0.86289172402346337  0.87344597613328068
  0.88399286045364411  0.89456251610870519  0.90512670967723974  0.91568303869236045
  0.92623394410261040  0.93677842869339467  0.94732847713758161  0.95787193230394696
  0.96839749598612390  0.97891654295722041  0.98944809482198337  1.00000000000000000
 -0.00230620134182339  0.00958913563501259  0.01975712666764117  0.03029459091201476
  0.04085107469819602  0.05142315986948091  0.06198285533341152  0.07252086857028296
  0.08304188694412971  0.09356901580101594  0.10411516395232827  0.11467524611404219
  0.12522878210470698  0.13576077155418806  0.14630060417820354  0.15685381768662038
  0.16738641699872858  0.17790303332917665  0.18842477148933584  0.19899518192152327
  0.20957508467067626  0.22016962484887403  0.23077701511217558  0.24137526810193607
  0.25194344900988730  0.26245476566769188  0.27296657079316045  0.28347346959834796
  0.29397980560220477  0.30448911779340454  0.31500383180211700  0.32555402959695540
  0.33611087595325789  0.34664919529305799  0.35718808083935466  0.36774187401568798
  0.37830244217043923  0.38887761126292186  0.39942182323920628  0.40999499705649078
  0.42055708175408191  0.43114546265725034  0.44172493950505598  0.45229395448364246
  0.46286145999958495  0.47344483457625147  0.48400025533569119  0.49453233379941830
  0.50504116619515993  0.51555233780506338  0.52607599755484868  0.53662391498441131
  0.54719336211290914  0.55775927366689693  0.56830695227859995  0.57883583373419023
  0.58933584214817103  0.59982345976958040  0.61032516094500333  0.62084304369941767
  0.63135070060089438  0.64186542446410078  0.65239648076223411  0.66291590114100085
  0.67343866085481441  0.68395226418846544  0.69449938684042911  0.70504942282670635
  0.71561867138382085  0.72616485775640549  0.73670352920522286  0.74722333824273623
  0.75776628081435793  0.76830247308131772  0.77882685144655606  0.78934633350189154
  0.79988474508491914  0.81044102347704550  0.82098861548955304  0.83148106620823714
  0.84197557060937767  0.85249860965664792  0.86304714160573359  0.87357484756085335
  0.88405797231350736  0.89459288499306222  0.90514164902076755  0.91571294566230743
  0.92625160867903134  0.93678849622320115  0.94732630842213661  0.95785345144490186
  0.96838069878679145  0.97891348265544931  0.98945362788314695  1.00000000000000000
 -0.00250420764987366  0.00947326970454949  0.01963223360432481  0.03014383098229714
  0.04069083177786256  0.05122336049772439  0.06174843101626197  0.07228484545025592
  0.08282326398012282  0.09338300884521920  0.10394331007002017  0.11449815206629863
  0.12503641155859682  0.13556267119705120  0.14606807719902834  0.15657800137526770
  0.16708417256186747  0.17761810194918515  0.18814789779694155  0.19867788100903366
  0.20917751232027718  0.21968796227490894  0.23022141742621710  0.24073411911801496
  0.25124242636685146  0.26174698410349301  0.27230674917609399  0.28287852643355710
  0.29345919564507167  0.30403112765577262  0.31459356717062076  0.32515991502040209
  0.33572361951482360  0.34630885963594488  0.35687271505013962  0.36743507609143200
  0.37800178416679142  0.38857316664224589  0.39912968510347341  0.40967326036723345
  0.42021755332093602  0.43078224596341630  0.44132219615275570  0.45183913610065213
  0.46235693274795331  0.47290264709977198  0.48347172055197862  0.49402240704537437
  0.50455982623811768  0.51507392128683704  0.52560143949056692  0.53613955289352955
  0.54669558394832440  0.55725813495416865  0.56780387458590142  0.57836244617890431
  0.58890088967415366  0.59943865555231668  0.60994214948568470  0.62043570831521988
  0.63095908554573799  0.64149781445424170  0.65205599854117013  0.66258329020968398
  0.67310428006277312  0.68362707641678011  0.69418394146624585  0.70473113303866886
  0.71526680448445090  0.72576381210240359  0.73629498982901753  0.74684680218511801
  0.75739290936247838  0.76792566451218336  0.77844209835295342  0.78899778775684604
  0.79953835825242048  0.81009574152803798  0.82061774877496629  0.83116003120125237
  0.84168819016416485  0.85224624867858212  0.86276971000775537  0.87331218988077286
  0.88383207080333070  0.89435943822726927  0.90486803616718037  0.91540188648095122
  0.92596179052127825  0.93653969862979025  0.94710907264381528  0.95767751601977424
  0.96823084909274981  0.97880620770100402  0.98938934679351254  1.00000000000000000
 -0.00234789514898873  0.00956982557430847  0.01973242248575683  0.03025418791785147
  0.04081577452447253  0.05136026321970299  0.06187324697306421  0.07237954562962778
  0.08290966331049589  0.09347714764370010  0.10405280364364106  0.11462876473258277
  0.12519377146549779  0.13577117019988305  0.14631139935761145  0.15685667851838800
  0.16738525378279595  0.17794352572677369  0.18850237149109461  0.19903705617637554
  0.20956453122473340  0.22008188380238389  0.23060722405143963  0.24113818387607974
  0.25168590167614857  0.26223972403928725  0.27278584675559120  0.28330154482818554
  0.29384022111922087  0.30438309197702623  0.31494326420645868  0.32547749284095362
  0.33599668671622340  0.34651022214312494  0.35705332504412990  0.36760793858792928
  0.37815817763674675  0.38868108518243838  0.39919704514650384  0.40973015095692433
  0.42027933249314769  0.43084034876528732  0.44138718724779297  0.45193978533232876
  0.46250438839589364  0.47306146718780762  0.48361502170032694  0.49413707221613218
  0.50468891234675450  0.51521452992414984  0.52577118270498191  0.53630153792343782
  0.54686676476236895  0.55741180961450343  0.56796498551180175  0.57847410168831703
  0.58898797063422192  0.59948185104478147  0.60997886628874809  0.62048912350527385
  0.63101656580655918  0.64154367225784048  0.65206251732278664  0.66260279470063499
  0.67312534440328731  0.68364296705962757  0.69411279210722410  0.70461900117519538
  0.71511565764473672  0.72562322335615992  0.73612522508078382  0.74666324868964185
  0.75722184897244205  0.76778797134251708  0.77836387812251939  0.78892604977139702
  0.79947148456123618  0.80998249095197694  0.82050490971758183  0.83101675271905673
  0.84154568131936969  0.85207847404279413  0.86264143051853170  0.87318342854645570
  0.88372093616843062  0.89428084816154030  0.90485975233220639  0.91545478329979524
  0.92603264311941302  0.93659378577907504  0.94716406251103580  0.95772342638983532
  0.96831001700930774  0.97888064660575913  0.98945046897924227  1.00000000000000000
 -0.00251187022392008  0.00949513036436203  0.01965590534832116  0.03016508750437702
  0.04073270268048956  0.05128463200080637  0.06184294634990193  0.07237544265869765
  0.08291270895615102  0.09345169620178992  0.10400137073662978  0.11455893735560151
  0.12508191358148374  0.13559185766766377  0.14611719654862654  0.15666991660464380
  0.16725596759132080  0.17782791586644545  0.18840572249988655  0.19895655615706911
  0.20950556081223234  0.22005136176553611  0.23059945645541724  0.24115366912034580
  0.25170418368794090  0.26226277705321382  0.27279751245933542  0.28332554554236561
  0.29382479988430171  0.30435984251168680  0.31489159870419864  0.32542114369801972
  0.33594464870911056  0.34647048508705058  0.35700434749860288  0.36752121914830121
  0.37803935282187484  0.38857657089529174  0.39911127223545012  0.40966853916499035
  0.42021334084793938  0.43077299596674407  0.44132764871295821  0.45188790201542972
  0.46244730637893677  0.47302007493064946  0.48357281830420784  0.49410753210336716
  0.50460053740837785  0.51513944338013073  0.52567706954603066  0.53626142022595269
  0.54682139077423475  0.55739678594767050  0.56796588856389696  0.57852152153973957
  0.58905863282564941  0.59957358180899711  0.61010448516846694  0.62064786801983063
  0.63120064221680616  0.64177819040662376  0.65234067533750040  0.66291505697566810
  0.67345740288174605  0.68401159683592583  0.69455756481775466  0.70509824489132200
  0.71562366389321708  0.72612918901049495  0.73664724967509732  0.74718646976275904
  0.75772324628648491  0.76824916067345628  0.77875614946190330  0.78928308005060244
  0.79981480244967285  0.81035939981069194  0.82087683098328657  0.83137380563451335
  0.84186263495249836  0.85237223044853194  0.86289515719732157  0.87343442922502046
  0.88396110445003784  0.89448140599744541  0.90500953362049708  0.91555613020363458
  0.92612608166846633  0.93666781305827196  0.94721328631885360  0.95777264648305094
  0.96836407907762068  0.97893525779879931  0.98948014089834424  1.00000000000000000
 -0.00244614187806941  0.00954496414863180  0.01972721219464780  0.03031514127995778
  0.04087623174552609  0.05141644991102366  0.06192214423925208  0.07243757029407880
  0.08297912965027680  0.09354052172345574  0.10411658496773238  0.11467623546919122
  0.12524338289936329  0.13582550343797839  0.14640949667630629  0.15698440288510179
  0.16752019516623570  0.17804276642590100  0.18855993671676705  0.19909196883704142
  0.20964944311045200  0.22020398073847258  0.23078156680922474  0.24137401179239326
  0.25198192236818701  0.26256934166889423  0.27314679271074749  0.28371653275865516
  0.29428680627157944  0.30483344811124174  0.31539315657910638  0.32595225747808587
  0.33653324363282094  0.34707291676754631  0.35760721970113923  0.36811977902694537
  0.37865890460546259  0.38918757574038559  0.39971811169588739  0.41023958155954243
  0.42075724050265861  0.43125894568558731  0.44176820751755491  0.45231419699455599
  0.46284841658727421  0.47340085635485207  0.48392564824304363  0.49448003997265805
  0.50500002502565822  0.51551698183422889  0.52606345981137859  0.53657813126629017
  0.54711469443649363  0.55765200790188563  0.56823628536736237  0.57879822136438042
  0.58931093869331885  0.59981995829022416  0.61032626910508458  0.62085470397252829
  0.63137253711061303  0.64189478846310033  0.65240999450178161  0.66295034055285273
  0.67350082970532077  0.68405434463984716  0.69458927515021718  0.70513467455158363
  0.71569809277915408  0.72626310189002341  0.73682735684272826  0.74737907669099246
  0.75792227119009103  0.76845881522007398  0.77900399499348449  0.78955190950364329
  0.80009378576975387  0.81061960060707150  0.82114527741817633  0.83164456655260821
  0.84214029361239029  0.85263416350373311  0.86313853725727985  0.87363177919679547
  0.88412199193338725  0.89465931425483358  0.90520750932037464  0.91575858297665480
  0.92629753004188831  0.93683351268928328  0.94737250646307491  0.95786380346089950
  0.96835566287987185  0.97886804864832033  0.98942246070123974  1.00000000000000000
   1.5450745670940414E-002  -1.0000000000000000     
 F F F F F F F F F F F F F F F F F F F F F F F F F F F F F F F F F F F F F F F F F F F F F F F F F F F F F F F F F F F F F F F F F F F F F F F F F F F F F F F F F F F F F F F F F F F F F F F F F F F F F F F F F F F F F F F F F F F F F F F F F F F F F F F F
  <DiscreteSampler_grid>
  grouped_processes
  1 # 1 for a reference and 2 for a running grid.
  10 # Attribute 'min_bin_probing_points' of the grid.
  1 # Attribute 'grid_mode' of the grid. 1=='default',2=='initialization'
  0.0000000000000000 # Attribute 'small_contrib_threshold' of the grid.
  0.5000000000000000 # Attribute 'damping_power' of the grid.
 # binID   n_entries weight   weight_sqr   abs_weight
    10   10   4.970444528419119E+013   4.353250389116384E+027   4.970444528419119E+013
    11   10   4.970444528419119E+013   4.353250389116384E+027   4.970444528419119E+013
  </DiscreteSampler_grid>
