  0.00942323429017031  0.01660835192671673  0.02538138633798005  0.03616319944644233
  0.04645478826421208  0.05680976009221426  0.06719258753007881  0.07757599754748691
  0.08797958998707212  0.09840221703267596  0.10879862251419938  0.11915484195987350
  0.12951805324636470  0.13991702461381611  0.15033421446875697  0.16074585399549504
  0.17113598689110329  0.18154455837714034  0.19195176382756535  0.20234798179368033
  0.21270867168027505  0.22306011949151872  0.23340832778978016  0.24379036532487577
  0.25416740855324266  0.26456309027794384  0.27496171996426710  0.28535136446739878
  0.29571157330831588  0.30604326239726859  0.31638225507093021  0.32676557373914605
  0.33715000834137010  0.34751821653878268  0.35787299694889563  0.36822320702065559
  0.37856317970816722  0.38889688194891742  0.39923614068333918  0.40960001744642555
  0.41995286787998420  0.43030995741921085  0.44068615519082593  0.45108485244116014
  0.46148205660609415  0.47186289700182221  0.48223805317185497  0.49260041740434107
  0.50296995281773760  0.51333513382000184  0.52370835762895618  0.53409203279740503
  0.54448887855765649  0.55487860340187234  0.56523427468737975  0.57558438597675465
  0.58596676791428404  0.59637964575518976  0.60677314142674932  0.61713274536314544
  0.62750138797548372  0.63790654319677087  0.64832223793472255  0.65870874331575036
  0.66907340709858798  0.67944230495511349  0.68982960294421980  0.70021195315741336
  0.71057958185072756  0.72095668174009464  0.73132889382575472  0.74171425124459722
  0.75210930284587707  0.76250351611035139  0.77290758147676497  0.78329768447704473
  0.79369835046269599  0.80407443289984348  0.81442163652162591  0.82475570336090065
  0.83509904790748835  0.84544848205966683  0.85579149086472472  0.86616034795240227
  0.87654247573176247  0.88696529058320051  0.89737577678039326  0.90779378746845529
  0.91818707765410168  0.92857065443501652  0.93897616726355337  0.94937587564625991
  0.95978944274550915  0.97017657448460437  0.98052126088243374  1.00000000000000000
  0.00953792200167018  0.01553210582897206  0.02478838718558714  0.03551471220746154
  0.04581010902755531  0.05615309122286576  0.06652660840455750  0.07692195906683029
  0.08732496500912491  0.09773138495753850  0.10812404819749909  0.11851720558725043
  0.12890237854442471  0.13928934646181004  0.14962646984293765  0.15998290334486792
  0.17037850891859699  0.18081733526334717  0.19124541277987617  0.20164660839017576
  0.21206694326321271  0.22249405545993697  0.23291536197935636  0.24327119387040391
  0.25361768698812859  0.26398620190172878  0.27439428251604070  0.28475888915911085
  0.29508362327275495  0.30540336815150149  0.31578370041453119  0.32618338035703193
  0.33656294036826134  0.34691427923000506  0.35725729985922766  0.36760154315194854
  0.37795222702923698  0.38831806339210273  0.39870459247021761  0.40909487518696130
  0.41947469818030386  0.42985559026196002  0.44025617846400611  0.45066997279397719
  0.46108117513640229  0.47147642966775682  0.48186813277019908  0.49225480294506502
  0.50263856247199623  0.51302457641448862  0.52343934903810052  0.53385727827740048
  0.54427023697505239  0.55465174070593048  0.56500188288276809  0.57533581178538340
  0.58566889566898050  0.59603264159831726  0.60640763111913443  0.61677789323381793
  0.62715962515740420  0.63755424981606390  0.64795192638869903  0.65832773496498154
  0.66869043568534359  0.67906351552953226  0.68945980468112922  0.69988505129754663
  0.71032210943316976  0.72076844692390374  0.73121256951424396  0.74165924259814475
  0.75207663477953934  0.76245374689640222  0.77281430161537767  0.78318252107434405
  0.79354988120964653  0.80389467057192365  0.81423336427654280  0.82459562896651251
  0.83497620458256372  0.84537250606859260  0.85577306394949404  0.86618176928836799
  0.87658766645593356  0.88700480131610226  0.89743678172430452  0.90788808732848369
  0.91832155136625793  0.92871952275887526  0.93907140577151760  0.94939913252667452
  0.95974575982095123  0.97011486458953478  0.98047378360930648  1.00000000000000000
 -0.00238611008417275  0.00967967648009084  0.01984642858654400  0.03034187388184576
  0.04084722561313532  0.05140511645497530  0.06195149989780944  0.07250600730530679
  0.08303705664058925  0.09359662246947986  0.10416724650409222  0.11473753910844155
  0.12525249242918174  0.13576154860366810  0.14626368086231684  0.15678149681351178
  0.16732456840338134  0.17785775701021411  0.18846454473662191  0.19907739990848708
  0.20969759375929131  0.22028027128716907  0.23085639758135665  0.24146237864808270
  0.25205363095703798  0.26261183579448805  0.27315728221452351  0.28372151507579318
  0.29427102870527788  0.30480276490625158  0.31529613797904288  0.32584088126814237
  0.33641428893394643  0.34696640487271124  0.35748391355540682  0.36799953046168254
  0.37855225040331164  0.38911959694980969  0.39966152984177700  0.41021312981781477
  0.42076694071855408  0.43133694241170922  0.44189225606667409  0.45242744507257654
  0.46295871480654455  0.47347552240754376  0.48400909052739449  0.49450200736753830
  0.50502739572663802  0.51557147377379220  0.52614714719225175  0.53673125475637340
  0.54728806846587452  0.55787526157150347  0.56838134436331567  0.57891269641786258
  0.58942556995858075  0.59998141735390076  0.61051854168719200  0.62100748264571559
  0.63151648345308653  0.64202582283157295  0.65258312254768547  0.66309598486279153
  0.67361010741571692  0.68413387286724736  0.69470128103466822  0.70523482329048826
  0.71577259463782639  0.72627738910017348  0.73675542555337070  0.74723658582286712
  0.75771386604024493  0.76822151218296753  0.77868462138738626  0.78922425969268439
  0.79978015614754816  0.81038600065805932  0.82095870859539610  0.83146922002630075
  0.84198024830758811  0.85248748650054706  0.86302372205608680  0.87353021902628158
  0.88404582687038402  0.89457434074686071  0.90513479276493236  0.91569911450806563
  0.92626156600541643  0.93680507251240608  0.94729993337505969  0.95781756877551139
  0.96832095496339665  0.97887149556067488  0.98942575354044149  1.00000000000000000
 -0.00239732896680150  0.01005598297662797  0.02037885909351149  0.03092996487969410
  0.04146890911677599  0.05200254307450445  0.06254765222765107  0.07312647815607622
  0.08365733288170267  0.09418518997318992  0.10464635785454443  0.11511605444441401
  0.12563637396291641  0.13619152644165558  0.14678941175051508  0.15732282431307035
  0.16784364285361708  0.17837901130083358  0.18894716036553277  0.19953887814763524
  0.21010659928905515  0.22062161642287251  0.23115327871086161  0.24168148100057227
  0.25220459839043741  0.26272219020774579  0.27323886673321729  0.28383097707019422
  0.29443446634418607  0.30504929927033780  0.31563968725570335  0.32620194459314744
  0.33670088629036043  0.34719650722123757  0.35768297806315213  0.36822891348481002
  0.37877220429479891  0.38930374439411253  0.39983026655542736  0.41036842732968937
  0.42091531707995178  0.43145228601757735  0.44197005420656593  0.45255350440653269
  0.46313758008780986  0.47371483902254102  0.48420597399123655  0.49472885346193690
  0.50525290254874078  0.51581856576366081  0.52639136464935943  0.53695507392847197
  0.54750770686445327  0.55806250491139764  0.56863576915326308  0.57921156840566645
  0.58978373105669868  0.60037246465635219  0.61091593673080291  0.62141756876211696
  0.63189482488960402  0.64241900572165855  0.65295592209572717  0.66352184637597611
  0.67406314596192785  0.68458323507147800  0.69507997463607185  0.70559666050837022
  0.71614011951617307  0.72666617604400552  0.73719728288261499  0.74771830068100398
  0.75825133389102495  0.76875818519976769  0.77924325869708755  0.78972523852609644
  0.80020991426975219  0.81069868428602065  0.82119689684844666  0.83169982199266690
  0.84222413453337186  0.85276937807278386  0.86330212221555547  0.87382584974134703
  0.88434479506873698  0.89488532253584885  0.90542341018363237  0.91593290590248388
  0.92642709121189304  0.93694085035669650  0.94745073972137905  0.95795805903555664
  0.96847450503345822  0.97899904418292838  0.98951405018226501  1.00000000000000000
 -0.00239584107341176  0.00951003746072969  0.01966307387674913  0.03017495656320346
  0.04071374481116598  0.05123049983051495  0.06173543668296411  0.07225789768504880
  0.08280564876247397  0.09334537102986262  0.10385380073497537  0.11439449275536095
  0.12491524527649175  0.13543812057206450  0.14592924718368652  0.15646221926377507
  0.16700155714928935  0.17757709834941762  0.18814732999178815  0.19873373619483445
  0.20928971715242578  0.21983146209759780  0.23037963063060513  0.24093857747630296
  0.25149146692197111  0.26205625534616761  0.27261337316994105  0.28315583759346369
  0.29366141253925293  0.30414171920438737  0.31466852273633422  0.32520542010561365
  0.33576005180165763  0.34627319185632860  0.35675684816735809  0.36722971330432330
  0.37770660022343677  0.38823101006386534  0.39875368235218889  0.40928933618499153
  0.41984463066960886  0.43041510037014330  0.44097657785904121  0.45147944834791576
  0.46196788753731638  0.47246290852921879  0.48301497293948153  0.49359163563726766
  0.50418707257593431  0.51475933299985677  0.52532272549748682  0.53585365820021313
  0.54638196438761688  0.55689315323901523  0.56742455084790477  0.57795439366777879
  0.58852466430252248  0.59910741450272231  0.60968269288445776  0.62025596143047801
  0.63079613446205329  0.64132870094263883  0.65182379478441688  0.66233090825250263
  0.67285414196725368  0.68336106234061633  0.69386052756851979  0.70442754595608159
  0.71505401530942980  0.72570439175220081  0.73627596710527743  0.74686316482220216
  0.75740529305812165  0.76795975988902143  0.77848896678967883  0.78904280321020459
  0.79960512719358490  0.81017878400333898  0.82075608418823764  0.83134067066247941
  0.84191067288353694  0.85245379857232573  0.86298959935153263  0.87349697990065212
  0.88408868683255026  0.89461160335784184  0.90516991035719496  0.91565781157344917
  0.92620587831265189  0.93679071251741119  0.94736761023625171  0.95794156814779985
  0.96844275240355582  0.97896056702788081  0.98947819432094930  1.00000000000000000
 -0.00198927950384072  0.00990807387027917  0.02015947098476551  0.03059513998556993
  0.04115683881454593  0.05166588252279133  0.06219980542770882  0.07267744834210758
  0.08318539486008783  0.09372842645446244  0.10429777234170683  0.11484053221857950
  0.12536035831651077  0.13589262793252832  0.14646082182363959  0.15699429619183766
  0.16749563385981411  0.17798536967076489  0.18855223636024637  0.19915811540847794
  0.20975870061725851  0.22028050730118870  0.23078976906171197  0.24132639796259073
  0.25184878269061428  0.26235314181792646  0.27283412071717572  0.28334666526819580
  0.29387954582433573  0.30437047379578541  0.31487747115554232  0.32538180978684694
  0.33594259201384180  0.34648176326387126  0.35700623157312800  0.36753050303466350
  0.37809087175955491  0.38862989530067016  0.39916484855788081  0.40965181614383755
  0.42021952350802766  0.43079561283461654  0.44138889056040664  0.45194247352329303
  0.46249034694347724  0.47308252016034236  0.48368800040583187  0.49428078243040857
  0.50486061829731366  0.51539758536203129  0.52591643394857779  0.53643564931157639
  0.54699255567728367  0.55757573620280576  0.56814994949610231  0.57870399399111017
  0.58923750302809674  0.59978201298462419  0.61034384812837639  0.62090777633937311
  0.63146413342953378  0.64201808634891788  0.65259151382497360  0.66309727019277043
  0.67359607602560079  0.68412322675658632  0.69468992453473144  0.70524946973789537
  0.71575180588069121  0.72627481549560458  0.73680798730821551  0.74737808300096031
  0.75792788659508536  0.76845791837399791  0.77895673848729041  0.78944726840500723
  0.79997488299495645  0.81054482609722345  0.82113886476168929  0.83168527901160982
  0.84218408803173861  0.85269902956261423  0.86326446753286534  0.87382975306510957
  0.88437346312542897  0.89486425949879567  0.90537508261926092  0.91587329673448847
  0.92638681317425497  0.93689052042408660  0.94743911391605873  0.95797275910336044
  0.96853017800664676  0.97902241148951463  0.98952739675728285  1.00000000000000000
 -0.00249360918291333  0.00973776040598676  0.01995623379697030  0.03048984975978115
  0.04100799365290966  0.05155342615258881  0.06209554769016413  0.07266037859812967
  0.08319979661732681  0.09376317767493600  0.10430365554306169  0.11488260296210843
  0.12542207965607013  0.13598531711141448  0.14651037784113544  0.15705237041591746
  0.16756211985181205  0.17802314573642544  0.18850889001541613  0.19899694673776114
  0.20955296787858152  0.22006713450197682  0.23058594987321090  0.24106591375306116
  0.25157558464405605  0.26207928742656184  0.27263777455410060  0.28322748291997751
  0.29381934710697127  0.30438211088910022  0.31490367758562182  0.32547287234829175
  0.33606501664196814  0.34667873765535634  0.35721736264301196  0.36769656547478341
  0.37820779964788714  0.38875011339433690  0.39932443872092394  0.40983902374101538
  0.42037837044752552  0.43091822902400856  0.44142756281118373  0.45190031969118294
  0.46241234293950645  0.47294170383626982  0.48349129210721775  0.49402534944705911
  0.50457758049534773  0.51509285263051130  0.52559713249672813  0.53612824551149729
  0.54668496556856372  0.55725302395638099  0.56776609574471926  0.57829559394996377
  0.58883251678509119  0.59940135419642893  0.60996132838001205  0.62051268238947233
  0.63106631968990989  0.64162346595680619  0.65218045688710391  0.66272704223671974
  0.67326816773231790  0.68377332496075205  0.69426740725170077  0.70476159319495879
  0.71527246752335616  0.72579066742546416  0.73628995539652253  0.74682015977673277
  0.75737489427282656  0.76794707709773091  0.77848969295225423  0.78903588262936308
  0.79962470162122479  0.81016023233322731  0.82069313242682229  0.83118104748349109
  0.84173525836117802  0.85227273612212684  0.86283810194181298  0.87340276539762929
  0.88397329108671685  0.89454879375093177  0.90512209483470052  0.91568042621170054
  0.92621574592319789  0.93671085742967808  0.94723898935161333  0.95775879448435641
  0.96831095540846712  0.97886112807097048  0.98942199927523089  1.00000000000000000
 -0.00242627591784910  0.00947932925847133  0.01962692061936690  0.03015307580933356
  0.04074980972029356  0.05135321886958446  0.06192074130383970  0.07249421519586680
  0.08304929511251044  0.09360293101611292  0.10413698746504646  0.11469345167535994
  0.12525887834205748  0.13583243502137315  0.14637313541574004  0.15691017958796008
  0.16742362925715232  0.17793391665276662  0.18847528585664744  0.19901308698042952
  0.20957171367827651  0.22011996765886732  0.23065508697252032  0.24120180976786926
  0.25174823169442578  0.26229750958254083  0.27280825950923104  0.28332353426745116
  0.29382189083735893  0.30432636809486047  0.31480824019222364  0.32533710973394436
  0.33589137502712035  0.34643286561229092  0.35696033014494799  0.36746245425037882
  0.37800565661089097  0.38858369425320183  0.39919480283688297  0.40975858800237053
  0.42028308394936253  0.43081698392907131  0.44137998986191102  0.45195424466129563
  0.46253067535989728  0.47309244350458729  0.48365380547820114  0.49421271476571466
  0.50478758406381929  0.51536434933868425  0.52588738494517573  0.53638904439432222
  0.54685472924069045  0.55732531194503276  0.56782580512272229  0.57833416390272208
  0.58887076002584426  0.59938064141263636  0.60993712285012769  0.62047084665199415
  0.63100067216308775  0.64150388482821330  0.65203803689475370  0.66260923209296052
  0.67319586086215111  0.68376113456576737  0.69426677970588913  0.70474822615626420
  0.71523402666803904  0.72577589127709374  0.73632515094954143  0.74688790133672522
  0.75743550289074557  0.76801425240223209  0.77859734598237063  0.78917580662977604
  0.79972747610366302  0.81024510776887271  0.82079513894606837  0.83131102722551609
  0.84185036246605860  0.85235934836151417  0.86288977922411958  0.87342056489422215
  0.88394128893676283  0.89445319342996787  0.90495298015998782  0.91550547752124634
  0.92605436150025278  0.93662696686529356  0.94715851148336128  0.95774867271173791
  0.96830978899972331  0.97889228528624939  0.98943656698989713  1.00000000000000000
   3.9653618123853309E-010  -1.0000000000000000     
 F F F F F F F F F F F F F F F F F F F F F F F F F F F F F F F F F F F F F F F F F F F F F F F F F F F F F F F F F F F F F F F F F F F F F F F F F F F F F F F F F F F F F F F F F F F F F F F F F F F F F F F F F F F F F F F F F F F F F F F F F F F F F F F F
  <DiscreteSampler_grid>
  grouped_processes
  1 # 1 for a reference and 2 for a running grid.
  10 # Attribute 'min_bin_probing_points' of the grid.
  1 # Attribute 'grid_mode' of the grid. 1=='default',2=='initialization'
  0.0000000000000000 # Attribute 'small_contrib_threshold' of the grid.
  0.5000000000000000 # Attribute 'damping_power' of the grid.
 # binID   n_entries weight   weight_sqr   abs_weight
    10   10   4.131311794099681E+005   2.677585572753954E+011   4.131311794099681E+005
    11   10   4.131311794099683E+005   2.677585572753957E+011   4.131311794099683E+005
  </DiscreteSampler_grid>
