  0.00946705597633175  0.01646523953448572  0.02534561603453098  0.03618073433901224
  0.04648445477740387  0.05680578783440109  0.06715953076331094  0.07757182110194769
  0.08802744369871247  0.09847506859524338  0.10891337711263004  0.11931762357072428
  0.12970488628339022  0.14004818201158470  0.15036179648392037  0.16068361539983189
  0.17100833623562425  0.18135216127627765  0.19169682007765404  0.20204564785891393
  0.21239847023301675  0.22275735276860020  0.23313645003368533  0.24354389582894179
  0.25393990763354768  0.26432990749518398  0.27468994514035849  0.28505489011690782
  0.29543334221026901  0.30582590517289165  0.31620668900037380  0.32657813845593892
  0.33697172756824767  0.34737710582377834  0.35779055619547268  0.36817674907530235
  0.37855142332129216  0.38891484786541630  0.39926664493949310  0.40962122712503019
  0.41998196271190252  0.43037253832954658  0.44078544132382697  0.45120406962765636
  0.46159108311123964  0.47196226197399072  0.48232488819992081  0.49269081672186577
  0.50307166214706966  0.51347473737073501  0.52388205757341411  0.53426811721401590
  0.54462154948090524  0.55497444946066699  0.56534366397750646  0.57570393602214032
  0.58604100509501900  0.59635741513893803  0.60667553529976659  0.61701186668163854
  0.62735749113681682  0.63771031086885654  0.64807760710780404  0.65847239988927142
  0.66889686929827474  0.67933166241441878  0.68975768731604314  0.70016238193287661
  0.71054546210551028  0.72091160519107367  0.73127738635072848  0.74163187615373094
  0.75198522252549493  0.76234558439416189  0.77272691083066525  0.78311980735557052
  0.79350154778607729  0.80389573010766091  0.81428030346556379  0.82467997483519684
  0.83505469848506708  0.84540555784879801  0.85574686087299023  0.86609629939865695
  0.87650146848444377  0.88691718763610661  0.89732192239130537  0.90771284533633556
  0.91809095294339615  0.92847247134955802  0.93884671840121336  0.94922740259093341
  0.95961214147532503  0.97001274652682556  0.98037861237280477  1.00000000000000000
  0.00972344585443675  0.01581023617839870  0.02504149644823193  0.03586611156976895
  0.04624146727999605  0.05664343048094544  0.06701765071717122  0.07741656839279155
  0.08780703314590732  0.09819311382693346  0.10857010169324652  0.11895055184919975
  0.12933239506393654  0.13975676973510590  0.15019589263501204  0.16058382114980405
  0.17092182151693588  0.18128046733833963  0.19172722443070195  0.20220026200571853
  0.21261649828591572  0.22298613496116093  0.23334483550091742  0.24370277170393556
  0.25410029338759660  0.26450375413060501  0.27493092272288017  0.28532504229371486
  0.29570876607168267  0.30610763067404734  0.31651708128822326  0.32693356031602028
  0.33733426236712466  0.34771782354645941  0.35807869812419357  0.36842943195264954
  0.37880114788172226  0.38918918709271683  0.39959569069616180  0.40999415861087540
  0.42036323262853958  0.43071808500140019  0.44107699950772999  0.45148953437086342
  0.46192267421123706  0.47234992428646405  0.48272752088782828  0.49309470410802519
  0.50344283804739220  0.51378182534878181  0.52412477095257914  0.53451662463072180
  0.54495994014618754  0.55539023651844088  0.56577990771727316  0.57615254050235987
  0.58653495207326056  0.59692520124152648  0.60730613625217100  0.61766832434845376
  0.62802750859794010  0.63839803334773459  0.64880003658699947  0.65922127941582376
  0.66962220844637510  0.68000282801850587  0.69036720579478694  0.70073605901714231
  0.71112101232055025  0.72150451427354512  0.73188751706018895  0.74224010527276263
  0.75256721871317012  0.76290768026988187  0.77325168368373876  0.78361013188761086
  0.79395291133068280  0.80431017076259737  0.81469049024487383  0.82509136636950442
  0.83547729308717422  0.84585405035440553  0.85624029170997862  0.86662618546161152
  0.87700274156552016  0.88735664671531811  0.89772352846157866  0.90808387458899742
  0.91844923424285063  0.92880348006494617  0.93917842238548543  0.94954567069634721
  0.95992157965922109  0.97025467435875468  0.98057763931785213  1.00000000000000000
 -0.00219217218427284  0.00973699407570687  0.01995027666195531  0.03044464779704107
  0.04093616955161958  0.05139933109263636  0.06191615625433988  0.07246732375881336
  0.08298571547253213  0.09349857511642731  0.10399922289070704  0.11450220965740819
  0.12501167946665356  0.13552855649661111  0.14606761938274496  0.15657866526728223
  0.16709708977845925  0.17761713586716471  0.18816220020452051  0.19871163490916680
  0.20927190671934875  0.21981047245811797  0.23032637835187916  0.24086512082966868
  0.25144104287434876  0.26204483886903979  0.27262333012805900  0.28317994070091745
  0.29372143903773562  0.30425507127036544  0.31480742227837527  0.32538644858586452
  0.33594213226252123  0.34648375371846646  0.35697903824515126  0.36749066428315408
  0.37803872522130055  0.38862880981842396  0.39921470718493834  0.40977786302864444
  0.42029365638650368  0.43082738808283749  0.44132630334064182  0.45183277785499359
  0.46233249713402053  0.47282040187037416  0.48334785897420235  0.49387967824961976
  0.50446180375289451  0.51501636514159466  0.52558545268750922  0.53615129696073838
  0.54670176088980438  0.55730825876489976  0.56790535891507499  0.57852302933732602
  0.58910941980208664  0.59964693944505632  0.61019863853080447  0.62069530402525341
  0.63124597048663544  0.64177058972874323  0.65234918432264211  0.66291948959337654
  0.67352223073535000  0.68411149744703681  0.69469822484986399  0.70528759435426525
  0.71583661905028606  0.72636715325799017  0.73688621978428170  0.74740314842437250
  0.75792965925985945  0.76838841592382512  0.77892214693291428  0.78942286675153361
  0.79996676244794696  0.81044628733947544  0.82098638507952670  0.83153761779894719
  0.84206880163357267  0.85256098640067057  0.86314559151998538  0.87374563682251050
  0.88435851026292656  0.89488059821104016  0.90542225586204184  0.91596199512729837
  0.92649178603593807  0.93700988833692800  0.94753399183025444  0.95809284912664983
  0.96859953334470816  0.97911066448577111  0.98955527227563422  1.00000000000000000
 -0.00175517932814858  0.01008498116362383  0.02034278876735803  0.03085820875644105
  0.04140548280628152  0.05197757272429823  0.06253453041202611  0.07308648149374466
  0.08359699635946184  0.09413231552581683  0.10464642377981986  0.11521919575021911
  0.12572017736591773  0.13625695182678574  0.14676892933291286  0.15733004987030758
  0.16793631191916619  0.17858763925263049  0.18921276226526701  0.19976025946342638
  0.21026492571561836  0.22085062871338698  0.23143262404544859  0.24201338625353336
  0.25252843771478256  0.26307858220908281  0.27361976436384722  0.28413326721313320
  0.29458708956042923  0.30506288082420069  0.31558369804581171  0.32617070704850398
  0.33676437219528865  0.34733701574749415  0.35788946133119043  0.36839254237964580
  0.37882436184960122  0.38926039604364437  0.39973667596643631  0.41029125240271896
  0.42081889858161647  0.43140616836466383  0.44198689584550932  0.45261053701449239
  0.46317066021166703  0.47369621836579417  0.48418227529324620  0.49469220319535023
  0.50526931455570645  0.51591744360507508  0.52649941067060280  0.53704999483556570
  0.54753925385180613  0.55808340897706799  0.56862380762987097  0.57913935000007033
  0.58964846530045678  0.60013846826873019  0.61068439826221277  0.62120629453088583
  0.63173363821650630  0.64222070332245840  0.65275085740308725  0.66332133263181770
  0.67388582786893270  0.68446666198056605  0.69500155237822669  0.70557889193855516
  0.71609499798142828  0.72661225663943063  0.73706537322627352  0.74755171704985601
  0.75803864244416597  0.76857910881189750  0.77909595326023651  0.78961124000067495
  0.80011193486685106  0.81058771818081421  0.82109480246839495  0.83163449252953137
  0.84214581272906797  0.85263940497059920  0.86310595586829830  0.87361444609955730
  0.88412767965511097  0.89464349992388181  0.90523910749762282  0.91581564291756667
  0.92642119082924079  0.93693835401336534  0.94746529765739629  0.95794267878457107
  0.96843869538935778  0.97894386056945892  0.98948839995621762  1.00000000000000000
 -0.00238557370096261  0.00978347031413687  0.02001257066099712  0.03053875520021781
  0.04111250797811850  0.05167107513958526  0.06222492833987016  0.07277267680100533
  0.08332850091200496  0.09386277003007915  0.10439462279498553  0.11492940098756541
  0.12544797084745740  0.13594746898000540  0.14643600024189940  0.15694445394192075
  0.16744478990402367  0.17796696895773403  0.18845790613586716  0.19898031653950443
  0.20948785540781190  0.22003239198295557  0.23060843170542084  0.24115815460404280
  0.25176038849934307  0.26229986603205574  0.27288022577554338  0.28341089930980212
  0.29396750034642855  0.30449480246955285  0.31508184329783784  0.32563829195001798
  0.33622914920390551  0.34679524914957360  0.35739668175429151  0.36795000488823026
  0.37846336217165599  0.38894221399008871  0.39943648258944209  0.40993919450199667
  0.42046495025459713  0.43095505576694959  0.44141609963482675  0.45189033155965935
  0.46240273908829471  0.47295237894386066  0.48348317347658704  0.49400889854770774
  0.50449243038091729  0.51497235095014504  0.52549014864082100  0.53602666323773374
  0.54659964420756746  0.55718022338509421  0.56772863591766354  0.57822871740436577
  0.58871060908241513  0.59924754160715521  0.60982307511141909  0.62038034151435661
  0.63094014389267339  0.64148897273763794  0.65200101530369758  0.66254869342405676
  0.67312458243162987  0.68374362658275933  0.69429624628516207  0.70481207165991677
  0.71532839539719817  0.72585702282870734  0.73639984176169215  0.74693388317762943
  0.75749271304772248  0.76805317079523616  0.77863148647629110  0.78920761128054873
  0.79974166862693663  0.81027991145992351  0.82079645297268544  0.83136230831247271
  0.84188704124755886  0.85240726612843043  0.86285998745383830  0.87335690943478861
  0.88383916727843925  0.89438842498604498  0.90494915473214754  0.91551470707750260
  0.92607803140665890  0.93664062941796511  0.94721543855894930  0.95781785737016556
  0.96840903504842712  0.97899320760716857  0.98951477560324730  1.00000000000000000
 -0.00249798404269665  0.00945804800845745  0.01961230496736999  0.03014594248567778
  0.04071060780880297  0.05125559811048811  0.06178633339103350  0.07231550724907607
  0.08284621118021886  0.09334566861819575  0.10388105836314984  0.11440950912337869
  0.12494580755668418  0.13552617230736794  0.14611932843147127  0.15671967844250415
  0.16727890990472397  0.17784677830115181  0.18842571070825584  0.19898740179434390
  0.20953993749696989  0.22010358096478780  0.23064547116172546  0.24117220221886718
  0.25170722218743297  0.26222147094396286  0.27275248089700360  0.28320221544435792
  0.29372031138397264  0.30426090328173633  0.31486781755621418  0.32544372739405691
  0.33599631194676038  0.34655432938786729  0.35709609154772942  0.36765560956087401
  0.37820350769526329  0.38874626768411819  0.39925677611163429  0.40980473438647241
  0.42035802815019019  0.43092713241705732  0.44142623306652096  0.45197769902256008
  0.46251858739584883  0.47310001132478596  0.48365736026895356  0.49423580571531550
  0.50479537675150532  0.51537604331734843  0.52591268957043802  0.53646104641442438
  0.54699001478630949  0.55759054197573432  0.56817398638889471  0.57872187959702859
  0.58922195038004377  0.59971599868505754  0.61021305541015303  0.62071764254153305
  0.63134025644556746  0.64199221733122780  0.65264969473479018  0.66322407911973624
  0.67379155777855237  0.68435098897581925  0.69488075592012144  0.70536995346781473
  0.71585069604628682  0.72631119901218333  0.73679380832047969  0.74727501352698333
  0.75777981533255923  0.76829726666401255  0.77879889407854364  0.78929747642817483
  0.79976856918684347  0.81027904368200576  0.82079899487576857  0.83136120604718122
  0.84195939581919743  0.85261579152373190  0.86321084696401063  0.87377649735029927
  0.88431103439621450  0.89483988258347291  0.90533976164271057  0.91580117094157754
  0.92630662555980792  0.93682458150823256  0.94734786077496924  0.95786721137003161
  0.96839647703814424  0.97894115587231612  0.98947801509432820  1.00000000000000000
 -0.00238871806537623  0.00955108322116255  0.01970261081232361  0.03022821988123204
  0.04078019020508056  0.05132299253178414  0.06182499775940387  0.07230754448242552
  0.08278251437425314  0.09327044773074897  0.10377772719811885  0.11429149961660059
  0.12477854028884171  0.13522298895264820  0.14568815122040699  0.15619630758359548
  0.16673134162773751  0.17729657347093736  0.18785532781347955  0.19839474597207823
  0.20890039241328992  0.21940092843915829  0.22991748684785188  0.24042968499592882
  0.25096225517944354  0.26148931568094386  0.27202827857678119  0.28256807007150564
  0.29312305328438404  0.30369681802048365  0.31427359812531624  0.32485073231732248
  0.33540437080155888  0.34593134092217565  0.35649447971092696  0.36704402986008700
  0.37761936440028138  0.38816761350385121  0.39876918804229355  0.40933093797241227
  0.41991014250376330  0.43046509674833788  0.44103641327530052  0.45157118819308273
  0.46209736423218029  0.47264088901780155  0.48319757382071105  0.49373396673108633
  0.50424823884531289  0.51479409730790193  0.52533728731890872  0.53592233275111023
  0.54648095202992419  0.55708347092272192  0.56765951554029781  0.57826283827522207
  0.58883851697655676  0.59944055908637528  0.61001991347781614  0.62058718652166411
  0.63113434822146153  0.64168549331785252  0.65227625583965887  0.66288461524244280
  0.67350397907844162  0.68409056832129500  0.69465035278942644  0.70521093075730457
  0.71577977927229508  0.72633904726144927  0.73686022843170595  0.74738009638367708
  0.75790147057593593  0.76847875269908050  0.77906653793632230  0.78964858112438829
  0.80019899030401398  0.81074567820218202  0.82127286679517408  0.83181715873565665
  0.84237324302008632  0.85289828451137417  0.86338470515925070  0.87381416825541403
  0.88427282659419082  0.89475245689208693  0.90525170729307181  0.91581292558118110
  0.92631417905618074  0.93681227632584740  0.94730592523457102  0.95789339679602181
  0.96844772762555176  0.97897091642829615  0.98947141949060602  1.00000000000000000
 -0.00223474704171455  0.01018154282463632  0.02053761176167962  0.03106246038331569
  0.04155343125387399  0.05203931840643779  0.06257304852573842  0.07308888213248342
  0.08357282979732679  0.09405738878220216  0.10458745007860108  0.11518493342504911
  0.12574231641864528  0.13629711076339793  0.14684203175473565  0.15740369035683455
  0.16795714418155971  0.17844023479124174  0.18890933054042111  0.19938756015739142
  0.20988466813050477  0.22039254906409000  0.23087022731560009  0.24141860924109529
  0.25198076553305354  0.26253699664184338  0.27310760608391815  0.28366473249338997
  0.29427425905413135  0.30484488546014121  0.31537838582159766  0.32588537593639172
  0.33634534001948074  0.34686146675605178  0.35734286983845931  0.36785763588037601
  0.37840103984643103  0.38896181387933332  0.39954023856796872  0.40999754611572847
  0.42049267717360078  0.43098981584612206  0.44156019882131370  0.45211490304591995
  0.46262647084129749  0.47313860040658912  0.48363343072480586  0.49418834050165034
  0.50473544914072133  0.51526385337939584  0.52575179604631939  0.53630064857591164
  0.54688545079044437  0.55746612771982795  0.56803155990539200  0.57859366226878473
  0.58913738723196862  0.59963705259835509  0.61014733172991309  0.62070163333473083
  0.63127203584701030  0.64182542226038564  0.65230535717505445  0.66276633562122056
  0.67321370704693761  0.68372281979892180  0.69427178940856416  0.70482466663802845
  0.71540539652008595  0.72595141040912725  0.73648635066307855  0.74698540251393897
  0.75748703358987302  0.76808755632959813  0.77867784991538636  0.78927616174560611
  0.79980879473953737  0.81035556169828193  0.82088610227267689  0.83140861423845380
  0.84190516676921778  0.85243834576837574  0.86299789232982482  0.87354570238979878
  0.88405651899845938  0.89456702821303424  0.90509643010835050  0.91563150303703378
  0.92614166241889473  0.93668239396166919  0.94725406824643499  0.95779967171219615
  0.96830350425999667  0.97881739293809933  0.98938900857517975  1.00000000000000000
   1.7219888662248155E-024  -1.0000000000000000     
 F F F F F F F F F F F F F F F F F F F F F F F F F F F F F F F F F F F F F F F F F F F F F F F F F F F F F F F F F F F F F F F F F F F F F F F F F F F F F F F F F F F F F F F F F F F F F F F F F F F F F F F F F F F F F F F F F F F F F F F F F F F F F F F F
  <DiscreteSampler_grid>
  grouped_processes
  1 # 1 for a reference and 2 for a running grid.
  10 # Attribute 'min_bin_probing_points' of the grid.
  1 # Attribute 'grid_mode' of the grid. 1=='default',2=='initialization'
  0.0000000000000000 # Attribute 'small_contrib_threshold' of the grid.
  0.5000000000000000 # Attribute 'damping_power' of the grid.
 # binID   n_entries weight   weight_sqr   abs_weight
    10   10   3.174707384368467E-010   1.751774000587990E-019   3.174707384368467E-010
    11   10   3.174707384368463E-010   1.751774000587987E-019   3.174707384368463E-010
  </DiscreteSampler_grid>
