  0.00955400412584714  0.01552463339093264  0.02477441197006850  0.03554043063430751
  0.04589868986222968  0.05629169881669990  0.06668669379025438  0.07708848623897599
  0.08748561643546944  0.09788933074207265  0.10828060586118801  0.11867437538347400
  0.12903266158798971  0.13939004432044821  0.14974157178757105  0.16011909819635062
  0.17050601433883067  0.18088802870955187  0.19126264455219860  0.20162259732687796
  0.21202228272368664  0.22243144734760351  0.23282780276830048  0.24320159611048350
  0.25357435451508492  0.26395132582847891  0.27433186931504439  0.28470221146579716
  0.29508820094748534  0.30547514922177949  0.31588129735678067  0.32628343945780397
  0.33668020846038488  0.34706510499267323  0.35744822900801482  0.36781550249677669
  0.37819477786031142  0.38858207143494555  0.39897841158800618  0.40936419571407706
  0.41975828888170574  0.43015595029919179  0.44055955244093142  0.45096088972565357
  0.46135849978164140  0.47173515003335903  0.48210904079436123  0.49250036492425120
  0.50291505595528041  0.51332248626867205  0.52372555526737752  0.53411907096735944
  0.54451048795444579  0.55488891178729516  0.56526162198081298  0.57563813905993844
  0.58601966823629859  0.59640419242695664  0.60678473814935696  0.61717111151298121
  0.62756114660954243  0.63794314300931321  0.64831454091368079  0.65868186066634959
  0.66906689937168007  0.67946699384825038  0.68986286060370849  0.70023808166727775
  0.71059439241431455  0.72096185234728016  0.73134215243702028  0.74173480188954366
  0.75212916937777241  0.76252150502117488  0.77290018165066421  0.78327502386541281
  0.79365581593717660  0.80404291745208667  0.81442223222366250  0.82480789170855917
  0.83519510997815616  0.84558165491384618  0.85593384456335109  0.86628540060637482
  0.87664663247525598  0.88703134275495432  0.89741462291042551  0.90779599001401057
  0.91817726155163404  0.92855217717837413  0.93893871242986882  0.94932480816829634
  0.95973937149947663  0.97011818224147606  0.98049043577083828  1.00000000000000000
  0.00953904248735203  0.01552744596080657  0.02480338550590783  0.03557709524177405
  0.04593030470156707  0.05630663113768029  0.06669708892245066  0.07709981576980597
  0.08751800067985610  0.09793116548642269  0.10833951085442001  0.11872964717219460
  0.12911918867858682  0.13950654493415621  0.14990822284244382  0.16031648566178563
  0.17072128269797657  0.18108560040376170  0.19144653890297286  0.20180946978733788
  0.21222249744492316  0.22262162812087150  0.23302040468976656  0.24341009035256395
  0.25379755879776561  0.26417920831518593  0.27457417666196987  0.28498098927763565
  0.29538582254217083  0.30578343822008691  0.31617843817675639  0.32657457991003114
  0.33694720013002427  0.34731274130918188  0.35767965093920318  0.36805353085384945
  0.37843543192924461  0.38881889285976728  0.39920712554792398  0.40958050783821642
  0.41995002297005968  0.43032608774506609  0.44071219202798018  0.45108505817012995
  0.46145491332655042  0.47182445359979147  0.48220165711296714  0.49257057979877644
  0.50294164174338063  0.51333522288916345  0.52373341630617731  0.53413729525927367
  0.54454195966211238  0.55495877657554571  0.56536815914424421  0.57575864712036495
  0.58613786287892777  0.59651027461051631  0.60688042195583436  0.61725479928335769
  0.62762471131208020  0.63798432524794868  0.64833549986276284  0.65869444465919236
  0.66908392919206627  0.67948935818840739  0.68990384117840020  0.70032134072627739
  0.71073038285044055  0.72113263088773738  0.73151707497728502  0.74190044499344199
  0.75227531926372215  0.76265492176932936  0.77303290870217289  0.78341165386876688
  0.79377792306181894  0.80414437717241538  0.81452653883577741  0.82491579493929501
  0.83529991226295186  0.84567245463496621  0.85605180361262934  0.86644191971081119
  0.87682777246638655  0.88721220802588974  0.89759598256799966  0.90797613745047112
  0.91835928914164600  0.92872489151225035  0.93908987803927724  0.94945742411593870
  0.95982733237060602  0.97020478987985437  0.98054934910719638  1.00000000000000000
 -0.00251981887308617  0.00947712460769782  0.01962620222459090  0.03013387033790486
  0.04068175601373882  0.05123618786064914  0.06179964187237354  0.07233913248857080
  0.08285809888379703  0.09337210286661020  0.10387607068546080  0.11439782829799658
  0.12492084160238084  0.13545066770198982  0.14597975572010666  0.15651037175008889
  0.16703323535194298  0.17756183041314674  0.18807819203543252  0.19860432382300419
  0.20913146630426979  0.21966107739728330  0.23020492040644203  0.24074424900230049
  0.25131542321034755  0.26187371788985930  0.27246735282529760  0.28304632722102219
  0.29364528235806925  0.30419522911282038  0.31474897407243374  0.32526966155292236
  0.33579423916693318  0.34632068214975442  0.35688789454529340  0.36745391099084163
  0.37804233464492332  0.38860667909869090  0.39920573877624072  0.40975876115097509
  0.42031475222326492  0.43085514057649915  0.44137785782412814  0.45188738225902503
  0.46238737492091869  0.47289070255353227  0.48340057477869058  0.49393882609491102
  0.50448922339373203  0.51507343983599696  0.52565246145006606  0.53622727582132090
  0.54676559425629379  0.55727308132275943  0.56780345409227428  0.57831520620286780
  0.58883474469348240  0.59934842674664068  0.60991240323882223  0.62052366939939174
  0.63113291723392051  0.64173392437018661  0.65228632540061360  0.66283122179459986
  0.67335645860860782  0.68388492207687335  0.69441163004193884  0.70492746511787063
  0.71544709223257630  0.72597662737137481  0.73650566267083384  0.74703502189091631
  0.75755905267446999  0.76808669544342945  0.77860285990539080  0.78914630198961555
  0.79972810739091860  0.81031883285108430  0.82088419115774225  0.83140220750650329
  0.84190688507051048  0.85240768055149108  0.86292011341605801  0.87345977340349046
  0.88399422324608490  0.89454088291079470  0.90506593871857965  0.91562146625155960
  0.92616313106257642  0.93672986163161742  0.94727806655182345  0.95781777014816960
  0.96833798196022058  0.97886875863023315  0.98942924432608437  1.00000000000000000
 -0.00246075649591762  0.00946620890832151  0.01961057876974382  0.03010483175378946
  0.04064571524664078  0.05118832755560482  0.06173156154542815  0.07228442585377999
  0.08284350269089903  0.09340623903548410  0.10394462788141708  0.11447053536136399
  0.12502105990801232  0.13559813883017188  0.14618456894493509  0.15673359042467105
  0.16727651755401601  0.17781853173026257  0.18834686042801066  0.19885776292797019
  0.20938879758586929  0.21994656560705281  0.23050677621112789  0.24106794509401155
  0.25162182204078848  0.26217806150746265  0.27272037034944313  0.28322909760247167
  0.29375953049375225  0.30428025282673266  0.31483681770135818  0.32538289039150109
  0.33592816103854667  0.34649042271345148  0.35705343769380671  0.36761289577966744
  0.37814878595467938  0.38868632459549801  0.39922680506590280  0.40978255043086392
  0.42035071270152757  0.43087887656614704  0.44139657189506792  0.45191626348676606
  0.46246163097716975  0.47301796577056354  0.48354613047737527  0.49410330464339036
  0.50463377852540015  0.51517835221185326  0.52570931064943316  0.53625191447196052
  0.54681646758171820  0.55740146933479540  0.56797629008950157  0.57854304226387132
  0.58909101948001685  0.59965848216634043  0.61020048090480050  0.62073149390632365
  0.63125894279395667  0.64177831713141908  0.65232572167799374  0.66288404121778532
  0.67346142964940692  0.68402589869512787  0.69455218737241931  0.70505189177436867
  0.71552793865512310  0.72602293093062165  0.73653899424149871  0.74707515021193038
  0.75761057684483346  0.76816014814884659  0.77871552186899817  0.78925570942185896
  0.79977270950333801  0.81028748240653425  0.82083382918519610  0.83136167095038283
  0.84188922060721683  0.85241716604028528  0.86298125632750833  0.87356226971847151
  0.88412099873411976  0.89467928729863444  0.90522255050111866  0.91577567039235774
  0.92633788087170876  0.93689038166794014  0.94742126480791922  0.95793611314642646
  0.96846155495943953  0.97897476645181702  0.98949697141429716  1.00000000000000000
 -0.00248672023032880  0.00947581383007881  0.01965100846597117  0.03015008320924435
  0.04069071111138074  0.05121629108618472  0.06175214461187789  0.07229889589034857
  0.08285579738107614  0.09344146666981669  0.10400166615991367  0.11452774789230070
  0.12505876851730080  0.13559760041786301  0.14615492914140937  0.15668987071870505
  0.16723090196534168  0.17777730859170190  0.18832452186282117  0.19885350978317207
  0.20937463820123303  0.21990988122249500  0.23046474733481934  0.24100909233649054
  0.25155471670218349  0.26209092133848549  0.27263826752872816  0.28317267577116406
  0.29369602305182452  0.30421221452826297  0.31473269588700020  0.32526890756613602
  0.33582596812746252  0.34637146080170877  0.35692696005332425  0.36748081414957962
  0.37803050799372406  0.38857105580744361  0.39907270408904300  0.40959048420431116
  0.42011768003304478  0.43066837066769337  0.44121636028910532  0.45176625546580379
  0.46234019408355831  0.47290732241955813  0.48347845874656842  0.49402989736085046
  0.50460653748479067  0.51516050668371860  0.52572153581640524  0.53628588263075538
  0.54685799369591637  0.55744081940609991  0.56798043438465429  0.57855480510456270
  0.58911899296587145  0.59968896853380027  0.61024182335237420  0.62080905977913270
  0.63140089462772175  0.64196339069355601  0.65248818831675937  0.66300198414759792
  0.67352407687219784  0.68405994581251373  0.69458733249721061  0.70510616051087049
  0.71561457410569529  0.72614578219123094  0.73668031186225458  0.74722408271154872
  0.75776359005900273  0.76829824184046303  0.77886394943227899  0.78938943072640189
  0.79996148809899381  0.81049328882825888  0.82103944282165831  0.83154900106171781
  0.84206462494395062  0.85259191468757878  0.86311342281495207  0.87365025937784890
  0.88419013165034965  0.89475043485955941  0.90528213274468539  0.91577356804755317
  0.92626920966451698  0.93678433658262494  0.94731511780097688  0.95783369957533293
  0.96835824135446757  0.97890331049417578  0.98945651671908652  1.00000000000000000
 -0.00238452327658482  0.00970093442680430  0.01991003467377699  0.03042714202393485
  0.04097123562030999  0.05148989755058735  0.06200106238848785  0.07250998458247428
  0.08301736105102220  0.09352543155957035  0.10406214142274910  0.11462378018853789
  0.12518990716752132  0.13574589087924441  0.14631139593500969  0.15685241836153391
  0.16737683129295330  0.17788223100516642  0.18840420318396570  0.19892859251711753
  0.20949183034525790  0.22003367503073745  0.23055957098015217  0.24105241481463147
  0.25155330060200215  0.26208071406548278  0.27261440966028488  0.28318203147462623
  0.29374319940445054  0.30431273818321836  0.31487444448364038  0.32545784559661900
  0.33602464096507145  0.34655416217685725  0.35709340301611220  0.36761215683394877
  0.37814888621513504  0.38865196948344394  0.39919188887392182  0.40974238107307731
  0.42028949723922732  0.43084316924641197  0.44137552730792162  0.45193456238704310
  0.46245587365566732  0.47300865759616068  0.48353318198482720  0.49408179511791545
  0.50462969953873671  0.51516892640913881  0.52570427997914437  0.53624267057422459
  0.54680358070463231  0.55736700280101703  0.56790227478886379  0.57844917793880790
  0.58900917962906685  0.59959637864106341  0.61015296782760320  0.62067582332360371
  0.63118489651694620  0.64169508211312920  0.65222284221602000  0.66273503166534109
  0.67323756406824131  0.68373669283398786  0.69423721866885546  0.70474813709526052
  0.71528715444708912  0.72585101015459452  0.73644149103034473  0.74701181955469598
  0.75758611501742101  0.76815325464038009  0.77873197659173587  0.78929611489970164
  0.79984818494383558  0.81040274975932536  0.82092193825951687  0.83144623723783551
  0.84197136904381698  0.85253754015087302  0.86310841328363441  0.87364215200109419
  0.88415564781234868  0.89466559816088309  0.90521397354444122  0.91576973827646679
  0.92632044092260102  0.93682822464088877  0.94735568216112687  0.95789381573805044
  0.96844635716007810  0.97896018434156329  0.98947752432396441  1.00000000000000000
 -0.00250188418020282  0.00959623624229205  0.01979866700530953  0.03034903504421927
  0.04088608763729527  0.05139275855401852  0.06192558342446909  0.07245468675831426
  0.08300920712625244  0.09355139425122777  0.10410043318938993  0.11463856497412746
  0.12516923877107064  0.13569474369696505  0.14620054685594544  0.15671063280177605
  0.16724842176957405  0.17780085174949156  0.18834481704274939  0.19889097632064062
  0.20944515736429972  0.22001396383164523  0.23056531964574761  0.24111959113477419
  0.25166980786970650  0.26217656929461203  0.27268033188395169  0.28317948611818777
  0.29372633530632331  0.30427654610585858  0.31481336274697386  0.32534344058707237
  0.33586512042044608  0.34638043821350001  0.35689894505805164  0.36739360053081799
  0.37790394167436042  0.38840101552073375  0.39891189404286181  0.40942744678095361
  0.41994892425000929  0.43048835727315926  0.44102880183873355  0.45157799748514343
  0.46212950274486647  0.47267258639356380  0.48320724258644648  0.49372772636448004
  0.50427393009183719  0.51479857233482518  0.52532770001902207  0.53585264064595628
  0.54642470393317244  0.55699825002229320  0.56756297472965878  0.57811761402010087
  0.58869604290752742  0.59927942723590777  0.60988385084737362  0.62048294162988371
  0.63105825411862693  0.64160446276917882  0.65213619225390573  0.66270601684473474
  0.67328235538729175  0.68385001161679759  0.69440397181973335  0.70494896359328585
  0.71553003801714654  0.72608887092043728  0.73665006682983358  0.74718688018406676
  0.75770759609904537  0.76824056250246520  0.77877043453998807  0.78931279482446004
  0.79984430005936580  0.81037980687109845  0.82091999158662543  0.83148137424132951
  0.84204446969630431  0.85258764714637469  0.86309612933556301  0.87358380440007277
  0.88407716976436301  0.89460106403471717  0.90512384857095074  0.91565286318867212
  0.92616791289774880  0.93669946543183991  0.94724098643046983  0.95777718832745740
  0.96832969083004417  0.97887719272350082  0.98944762038642320  1.00000000000000000
 -0.00240787581428440  0.00969742591423049  0.01990564968210323  0.03044003973634016
  0.04100120663015457  0.05153778709807419  0.06205876077526223  0.07259202819838398
  0.08311664867912243  0.09365716616241893  0.10415178297314480  0.11467889156305680
  0.12520053715876020  0.13574981943165002  0.14631257425278232  0.15690818576142612
  0.16749062830946457  0.17804665246403126  0.18858701414005774  0.19913917980353399
  0.20969842872846500  0.22024307557586592  0.23079188846214557  0.24134604464214887
  0.25191960933430541  0.26250371847785958  0.27309364022731369  0.28367780551847993
  0.29424795741426896  0.30479232153543678  0.31530967906552804  0.32581817419225284
  0.33634367375321195  0.34689262940691951  0.35743668902801146  0.36798674418837729
  0.37852311951808532  0.38907500767732228  0.39962555376406950  0.41017392348498866
  0.42072230617662831  0.43125875157395493  0.44180534456297971  0.45234414529877753
  0.46288458918960934  0.47340550160832684  0.48391930724593879  0.49441451111684959
  0.50491236098935965  0.51541614968734839  0.52595421188795677  0.53652157945565082
  0.54710293394289944  0.55768481423803640  0.56824727030560507  0.57879280155667778
  0.58932143468966436  0.59986974773673718  0.61043084929792646  0.62098480368260311
  0.63151507210183677  0.64202859524455080  0.65256296416745141  0.66312165607266915
  0.67369833206774898  0.68425089526626048  0.69477496631884361  0.70527398622019888
  0.71578971800704649  0.72629303946702051  0.73680635961370000  0.74733672611110569
  0.75790412665503681  0.76848264501358321  0.77903501746048731  0.78955562272615298
  0.80008234223281249  0.81061738725296906  0.82114155647610465  0.83166695192258644
  0.84219565308375632  0.85273920864984609  0.86326205469131478  0.87378461331055468
  0.88430988143783595  0.89482620339313979  0.90532496847079924  0.91582941902689929
  0.92633656642816586  0.93684734390989288  0.94735811656569713  0.95789683309466234
  0.96842033207732825  0.97893895393337804  0.98945692649773964  1.00000000000000000
   1.5471623142294643E-002  -1.0000000000000000     
 F F F F F F F F F F F F F F F F F F F F F F F F F F F F F F F F F F F F F F F F F F F F F F F F F F F F F F F F F F F F F F F F F F F F F F F F F F F F F F F F F F F F F F F F F F F F F F F F F F F F F F F F F F F F F F F F F F F F F F F F F F F F F F F F
  <DiscreteSampler_grid>
  grouped_processes
  1 # 1 for a reference and 2 for a running grid.
  10 # Attribute 'min_bin_probing_points' of the grid.
  1 # Attribute 'grid_mode' of the grid. 1=='default',2=='initialization'
  0.0000000000000000 # Attribute 'small_contrib_threshold' of the grid.
  0.5000000000000000 # Attribute 'damping_power' of the grid.
 # binID   n_entries weight   weight_sqr   abs_weight
    10   10   4.357591794324424E+013   3.360888606015387E+027   4.357591794324424E+013
    11   10   4.357591794324427E+013   3.360888606015390E+027   4.357591794324427E+013
  </DiscreteSampler_grid>
