  0.00953896981548012  0.01556846558849118  0.02485019842533248  0.03561821689801323
  0.04596338641368108  0.05634285471164895  0.06674450013881968  0.07714837587223378
  0.08754108510112218  0.09793803897199162  0.10831371081960317  0.11869393941197734
  0.12906410545013897  0.13945488279547746  0.14983795881492029  0.16022269213661725
  0.17060786965689728  0.18098928034436612  0.19139506829448705  0.20180361343176159
  0.21221180449194002  0.22259525765070312  0.23295347179674597  0.24332362785280795
  0.25369415214770497  0.26408555462667943  0.27447603757076244  0.28488365580317493
  0.29526945922243675  0.30565643284130811  0.31602327572495781  0.32641253411467241
  0.33681122242334555  0.34722146293249490  0.35761928469062704  0.36798514007083483
  0.37834229696909050  0.38870025836074473  0.39906145975959567  0.40942786084882743
  0.41980008720943213  0.43018744091708505  0.44057634954429431  0.45095352898958158
  0.46133521743747158  0.47172831244671243  0.48213417310011475  0.49254795630855308
  0.50294587390908951  0.51333097258363170  0.52371583162876012  0.53410619246379865
  0.54450587521845373  0.55490575058529612  0.56530837143615609  0.57571487219545414
  0.58611274958402015  0.59650395899393027  0.60688442902534712  0.61725715695580852
  0.62762894828719429  0.63800216191022707  0.64838710557248613  0.65877596511526548
  0.66916097818838716  0.67952704631999017  0.68987650982522197  0.70023459366156982
  0.71060174459826597  0.72098868091827262  0.73138686604748149  0.74179729890419266
  0.75219695305500112  0.76258274291683736  0.77296918596485664  0.78336337127183275
  0.79375970701675214  0.80415458376552862  0.81455335041149890  0.82492599301070058
  0.83529593562789761  0.84565434438363563  0.85604103629616213  0.86643197794457927
  0.87682014309402989  0.88720473680751799  0.89757776811823065  0.90795575102028026
  0.91833599941918165  0.92872503359252323  0.93912803076853701  0.94953969750853273
  0.95993911588781466  0.97029222374556823  0.98059501129842419  1.00000000000000000
  0.00954472828642122  0.01571215929396411  0.02485716831533722  0.03557822623628323
  0.04587670510282381  0.05622802985963615  0.06661321895197646  0.07699438324526517
  0.08736724611551802  0.09775830053667282  0.10814917734976047  0.11854191885886849
  0.12892867570369426  0.13931084785670814  0.14968610629986076  0.16005648512045587
  0.17041655286827648  0.18080054487002653  0.19117442460951944  0.20155876117753280
  0.21195467706196969  0.22236729016478710  0.23277570380972121  0.24314295266518818
  0.25350556982918770  0.26386437013053071  0.27425237436501221  0.28459993837286762
  0.29493939856791190  0.30527926197019306  0.31566724014384362  0.32607373944302609
  0.33644690192913485  0.34679333893506314  0.35713341940290988  0.36750833620527829
  0.37788658302607508  0.38827031561736902  0.39865260830983307  0.40906396924749766
  0.41947915547920800  0.42987686371263467  0.44025874823364253  0.45064859053170964
  0.46103364796801966  0.47140919752114285  0.48178064372331370  0.49217628301563110
  0.50258842811169102  0.51299777176096728  0.52339565311271863  0.53378587222528207
  0.54416780850678337  0.55455049710213944  0.56493329978352835  0.57531910586685331
  0.58569738828100226  0.59606069279081231  0.60642513608254933  0.61679341943260524
  0.62717291544166409  0.63755045982138780  0.64791857109024176  0.65829358079842715
  0.66868255650242980  0.67908838592585130  0.68949655430787271  0.69990224521124389
  0.71031345110565947  0.72074338416133787  0.73118153638251182  0.74161060880890795
  0.75200919274879652  0.76238486593759680  0.77276425648760871  0.78313960186824882
  0.79352193536555948  0.80389925519806560  0.81428084125816369  0.82464466189251606
  0.83502041878970668  0.84540280839875193  0.85579344103504496  0.86616272816596784
  0.87653309130186352  0.88692238821263059  0.89732447186117847  0.90773145187149407
  0.91811807641473464  0.92850410120031990  0.93888211558092227  0.94927950447681009
  0.95968535689266377  0.97008922359762917  0.98048316381318168  1.00000000000000000
 -0.00230644009248457  0.00959482231105563  0.01976494517494175  0.03029413973213060
  0.04085174126863715  0.05141129651046668  0.06195844535948244  0.07250282461117963
  0.08303338740371996  0.09354227312271436  0.10406085780587875  0.11459109665090665
  0.12513309939878978  0.13565585497836416  0.14617605171741965  0.15671062900639871
  0.16727255868442770  0.17784446269177645  0.18839628130279013  0.19892943090548679
  0.20949251195623023  0.22005262280351109  0.23057748392584163  0.24109243709440631
  0.25162502431142542  0.26220881825932174  0.27276227199065567  0.28328386840937841
  0.29380895622117631  0.30433506047156222  0.31486376438189362  0.32537747900815633
  0.33589259633382890  0.34640500736269003  0.35686444409935086  0.36736982167430710
  0.37790493119645990  0.38849519847366304  0.39900606196161520  0.40949722242025433
  0.42000592661795660  0.43057582188249488  0.44114962964877558  0.45169530657950063
  0.46221022801529121  0.47273166099938918  0.48324128879287742  0.49378397697571008
  0.50432754851439976  0.51490605618269425  0.52547265148341915  0.53603064096903097
  0.54656271842606940  0.55708664762378901  0.56761183719903296  0.57812628509163566
  0.58863125842340203  0.59914175908246226  0.60968251540412577  0.62022805634313760
  0.63078799898684557  0.64133005298560941  0.65188436862867538  0.66246764880380826
  0.67305461674281075  0.68362026246441276  0.69414562736521734  0.70467524158028394
  0.71521507801538209  0.72573235777659983  0.73624837061095572  0.74677434845277835
  0.75729891953343231  0.76784159219181947  0.77838274790310347  0.78896191342272537
  0.79954800077923904  0.81013092003367937  0.82067259771476386  0.83118613758166582
  0.84173034298916671  0.85229435289633781  0.86288396143576340  0.87343878493429139
  0.88399324594116102  0.89456227391282861  0.90512524883307210  0.91569154450593926
  0.92622484970491581  0.93675004172117526  0.94727449032055389  0.95780638497806903
  0.96833434009847430  0.97889221850727204  0.98943107161914257  1.00000000000000000
 -0.00228259424551627  0.00957812634517680  0.01972562885304647  0.03021678062318403
  0.04074511700381787  0.05125837946061131  0.06175113791329367  0.07226567914647972
  0.08283082858633450  0.09342408615413163  0.10397151194351927  0.11448925096415560
  0.12501912301274487  0.13557754129608809  0.14614697203693428  0.15670802142203574
  0.16724433331116520  0.17780611122173809  0.18834659921137123  0.19890240079900243
  0.20942502242331304  0.21998334667762640  0.23054362600648567  0.24110812516797034
  0.25164693549051725  0.26217974916257825  0.27268865665650610  0.28318785623633158
  0.29368909852331265  0.30422716327738020  0.31477064224430074  0.32532266931657416
  0.33587991289383240  0.34644154240305147  0.35699888583085349  0.36755681629317605
  0.37811312258286645  0.38868114532841025  0.39921380566181214  0.40975185110445539
  0.42025818585504493  0.43077749177637037  0.44132618091514569  0.45189161531800576
  0.46246926634810626  0.47302925468821994  0.48357421133129297  0.49408219955689409
  0.50456399253216411  0.51507059889864193  0.52558045789942931  0.53613690431077854
  0.54667434233120193  0.55723364684865451  0.56776425333023617  0.57829678976289323
  0.58884115797264047  0.59941806078419657  0.60998750282886782  0.62054439757613167
  0.63106656992429788  0.64160310644732466  0.65216328068455953  0.66272705497865336
  0.67329307214926248  0.68383456444552249  0.69436906892105565  0.70489391657694211
  0.71541458419910975  0.72593497288440323  0.73647373169007335  0.74699874268555022
  0.75753597356229063  0.76804296448934517  0.77857072774651426  0.78911723123948530
  0.79967006999379520  0.81021290737769058  0.82077970014716994  0.83134618711881780
  0.84196966623483072  0.85256652708902991  0.86317076263970716  0.87372934722254048
  0.88423944490614226  0.89474473888033035  0.90523062031813084  0.91576731071196871
  0.92631385373474706  0.93689036032470541  0.94742449583860200  0.95795764891598356
  0.96847363297745315  0.97899749342609488  0.98950138894213979  1.00000000000000000
 -0.00244583508373059  0.00954428380501583  0.01968722997231248  0.03018300928797608
  0.04070661040320802  0.05124342523047853  0.06178948554728630  0.07230037407933912
  0.08281659882178570  0.09330987285472010  0.10379950731670007  0.11429017770853009
  0.12481274265691053  0.13537132954807074  0.14594427258287618  0.15651486190717559
  0.16704874369723069  0.17757954174460253  0.18811199917877247  0.19864611525368822
  0.20919447034210878  0.21974384941423805  0.23031961771142317  0.24089689322896382
  0.25148798452737003  0.26206817934615873  0.27261320278706808  0.28315651451818047
  0.29371489901452186  0.30426653586614949  0.31476823813983740  0.32525763039275607
  0.33576020655033179  0.34628070786102438  0.35680381415050116  0.36731569841265710
  0.37783442167032893  0.38836497616391108  0.39889724400964000  0.40942772191458116
  0.41995136669876038  0.43051539827295210  0.44106092289532856  0.45161337026676912
  0.46214488929647152  0.47269183910696277  0.48319856475969675  0.49370935920534542
  0.50419505323227776  0.51470374080880232  0.52522358799150248  0.53577437460404009
  0.54633416568868276  0.55687084020897548  0.56741473705448142  0.57798213709039470
  0.58856246739213058  0.59912424890226379  0.60963070012506171  0.62013337000508939
  0.63069878660795731  0.64128928931755813  0.65185565844505922  0.66240090195677648
  0.67296657820343642  0.68356452701642267  0.69412158308864769  0.70466298454190124
  0.71517744152155138  0.72571558299675887  0.73626811882806531  0.74685047306726449
  0.75742154650230709  0.76796766956934304  0.77852989737727463  0.78909177876351511
  0.79965829576048975  0.81019299605230199  0.82072434203839317  0.83126340997883330
  0.84181327258425709  0.85237217032029788  0.86293327219077265  0.87347109065160633
  0.88403131574066673  0.89459953275423476  0.90516802441140598  0.91570554497933443
  0.92616532631355242  0.93664221866740482  0.94712744401577109  0.95769860967027565
  0.96826419902222882  0.97885058704301764  0.98941758906935828  1.00000000000000000
 -0.00247080780722168  0.00947846294490791  0.01962836420981997  0.03015619335706364
  0.04070226482744151  0.05121610591365538  0.06172118496986079  0.07226062239042488
  0.08284642960786688  0.09341854611965766  0.10398539882957139  0.11455319177034276
  0.12514201801138547  0.13571832432510383  0.14629845739396574  0.15684308978401340
  0.16739135099446797  0.17792725891735722  0.18849813500799867  0.19908354173512230
  0.20966046102961966  0.22022445245908667  0.23075011226524497  0.24127498381140414
  0.25179608633453321  0.26234711506502195  0.27290562070340058  0.28347008023026105
  0.29403842687774412  0.30461824684925065  0.31519525594345943  0.32578963466135924
  0.33634624874518376  0.34689647509567034  0.35742247918932146  0.36798059977139091
  0.37851207855038244  0.38904949761100716  0.39959409404807900  0.41015997831049689
  0.42071382983492589  0.43123789323616629  0.44176569009635647  0.45230306441736007
  0.46284276066936286  0.47336714034365673  0.48387756727227121  0.49438213962998617
  0.50490483652886908  0.51539843846646816  0.52590089103700555  0.53639597657081906
  0.54693451737247623  0.55744797459591799  0.56797000262278352  0.57849868845683550
  0.58904109268854710  0.59960954895435914  0.61015635002301927  0.62073866259456545
  0.63131447170068211  0.64188302123506602  0.65238618241398516  0.66286437605481996
  0.67337988893789513  0.68392163668191464  0.69445003454045684  0.70495328378910793
  0.71548520183276454  0.72600904436308222  0.73656329144769472  0.74712280724709812
  0.75770560130123865  0.76824763144617114  0.77877331209713063  0.78930166022675863
  0.79982473493787676  0.81033143488475323  0.82083225182044317  0.83135994271972202
  0.84191899703822848  0.85247607279299986  0.86303269799077209  0.87358111406016803
  0.88413249175441444  0.89465997819970799  0.90520077870968718  0.91575452589015049
  0.92629524949842257  0.93682829472316143  0.94733222922437799  0.95783581326753719
  0.96834297357553278  0.97887959042833050  0.98944137038110624  1.00000000000000000
 -0.00253229863375008  0.00947275569074513  0.01963434633498487  0.03016788624873988
  0.04069088591325800  0.05119918260082806  0.06173346170123201  0.07227565977685380
  0.08281207277935695  0.09333050153717486  0.10383488237568975  0.11434943891082605
  0.12486756099430031  0.13540126266444516  0.14595607914808251  0.15654536952583234
  0.16715449473402277  0.17775294742515216  0.18832265677525303  0.19887629505278723
  0.20940227131998884  0.21993287577212992  0.23045057730636240  0.24099563193730175
  0.25153601232592332  0.26207359832279342  0.27260888585654580  0.28317049535788769
  0.29374474843791204  0.30431529206014535  0.31487287613003878  0.32541411995948361
  0.33594859452650988  0.34648491675763904  0.35703690788917908  0.36760440231666591
  0.37816844706060754  0.38874132586885751  0.39930207681574176  0.40986623283685147
  0.42041787055527147  0.43096589403096208  0.44149301724218271  0.45203041556231632
  0.46254079498344652  0.47306273778164593  0.48358995777390101  0.49413584264562060
  0.50469254341846148  0.51521517536243000  0.52574710125769331  0.53625736253483802
  0.54680626409429867  0.55736643401428965  0.56794822848505766  0.57851230385981312
  0.58905106464317170  0.59953461170462852  0.61000785769019195  0.62050372803616516
  0.63104113559465591  0.64161396872317966  0.65220136064584266  0.66280135119954398
  0.67338511970083825  0.68393402824883687  0.69448169339376287  0.70502357027458618
  0.71556680587733912  0.72609328868833356  0.73661963581668088  0.74715339056452268
  0.75771072608137935  0.76826226507457163  0.77883238342476213  0.78939381662299857
  0.79995475160417151  0.81049570278410510  0.82101845964517628  0.83154167804776669
  0.84207066743590808  0.85263083807823148  0.86317364265845820  0.87372317786705112
  0.88425624593073626  0.89478394012456464  0.90528536923420055  0.91578398303464970
  0.92631075073727442  0.93686328025032939  0.94742123828634750  0.95793811458903855
  0.96842553024899969  0.97892040179781081  0.98944799009124684  1.00000000000000000
 -0.00254056406535758  0.00946889028815430  0.01962936270783634  0.03015613600062044
  0.04072503078775126  0.05128567478263441  0.06182171440394454  0.07234520029793277
  0.08288187746348168  0.09345451158302308  0.10399893441998201  0.11450364355559574
  0.12500081670699609  0.13551154842087343  0.14604721373334689  0.15656767788470943
  0.16709930439961587  0.17764025452518609  0.18819390868637989  0.19871854831051194
  0.20920468440709863  0.21971346773214187  0.23023769924944842  0.24081008282584254
  0.25134879186795983  0.26190208226905243  0.27245444581126504  0.28300066753664332
  0.29358346041899286  0.30417079986236317  0.31476692396215861  0.32534159126597756
  0.33591417795697887  0.34645197694527458  0.35693198044743807  0.36739797016535125
  0.37790566278818299  0.38845237885908984  0.39902348429027945  0.40958605198713627
  0.42013741078553113  0.43066648548465630  0.44116427068685499  0.45168024476262214
  0.46219211930387671  0.47274803591600617  0.48329189328269873  0.49383235210632231
  0.50436796812580953  0.51496352379354526  0.52558481180563554  0.53618451594976113
  0.54675468172716779  0.55731636508228766  0.56788047905206218  0.57843231358689151
  0.58898709937014848  0.59955991334690883  0.61013312490546845  0.62068096548289964
  0.63122310703481044  0.64170825957284516  0.65221160155488800  0.66272516797136549
  0.67330811740310215  0.68387157477875882  0.69441501356620627  0.70493507705071723
  0.71545331315835681  0.72597446657004827  0.73647964827088086  0.74699327806283600
  0.75750777813410963  0.76805623716479721  0.77862029977317371  0.78915070048878411
  0.79965600212851418  0.81017058730299407  0.82073280836503271  0.83130666986413482
  0.84186600841127635  0.85241926641373356  0.86298029874385074  0.87351745990624485
  0.88403221296844869  0.89455841768925259  0.90509991198928308  0.91565474642423927
  0.92617625331861875  0.93670094726819098  0.94721835509777252  0.95776642469296125
  0.96830612889702117  0.97887378834384531  0.98943409996266707  1.00000000000000000
   1.5462219730995897E-002  -1.0000000000000000     
 F F F F F F F F F F F F F F F F F F F F F F F F F F F F F F F F F F F F F F F F F F F F F F F F F F F F F F F F F F F F F F F F F F F F F F F F F F F F F F F F F F F F F F F F F F F F F F F F F F F F F F F F F F F F F F F F F F F F F F F F F F F F F F F F
  <DiscreteSampler_grid>
  grouped_processes
  1 # 1 for a reference and 2 for a running grid.
  10 # Attribute 'min_bin_probing_points' of the grid.
  1 # Attribute 'grid_mode' of the grid. 1=='default',2=='initialization'
  0.0000000000000000 # Attribute 'small_contrib_threshold' of the grid.
  0.5000000000000000 # Attribute 'damping_power' of the grid.
 # binID   n_entries weight   weight_sqr   abs_weight
    10   10   3.381322405380440E+013   2.986465112821031E+027   3.381322405380440E+013
    11   10   3.381322405380443E+013   2.986465112821036E+027   3.381322405380443E+013
  </DiscreteSampler_grid>
