  0.00955160165902066  0.01567577249735551  0.02488576657038071  0.03568607928652911
  0.04604338500810243  0.05642556090483353  0.06681123266316816  0.07721184067098939
  0.08762595751063407  0.09803616138706407  0.10844940500634495  0.11886531881443098
  0.12928793927695362  0.13968777179858299  0.15006463918225904  0.16042610268180121
  0.17078189438367938  0.18113473358108670  0.19150924124941843  0.20190144948540314
  0.21228742519441240  0.22266924316381131  0.23303771361748929  0.24342132921839318
  0.25379716811184400  0.26418849365121760  0.27457844503576623  0.28497461477812525
  0.29536095529361978  0.30574653060508700  0.31612522146856498  0.32648792695235612
  0.33684199229393680  0.34719242053759247  0.35755517408155457  0.36794509277770782
  0.37834525193352475  0.38874228233136654  0.39913068014225223  0.40950378554714972
  0.41989290904693427  0.43028227916590572  0.44069059441195474  0.45108917160521639
  0.46147993266482557  0.47186131343297305  0.48225629586237773  0.49266964662235369
  0.50307680289203383  0.51344529636200065  0.52380152968797244  0.53417483809518584
  0.54457090812815900  0.55495775369376421  0.56533336598254547  0.57570544552736735
  0.58607200931269132  0.59644045966236314  0.60682402172097460  0.61722215014111514
  0.62761090843549139  0.63796889592898254  0.64831300560714999  0.65866863999710035
  0.66903586856706976  0.67941065759891595  0.68977756009246627  0.70014705553068579
  0.71053157081043483  0.72090108700040523  0.73125128180189791  0.74159588314694802
  0.75195371064826222  0.76232995058182829  0.77271422477472840  0.78311581342511782
  0.79352646534990823  0.80392368324408203  0.81431248080172358  0.82471205585893115
  0.83512206758218088  0.84553978598594215  0.85592897788272893  0.86631149429478616
  0.87669169129791547  0.88709370737495785  0.89748637093693617  0.90786367771278376
  0.91822826402481583  0.92861174745262443  0.93899064280351308  0.94937805639781603
  0.95976909853166392  0.97015385621391348  0.98052946726846169  1.00000000000000000
  0.00952415724711352  0.01560975322111877  0.02482489384545024  0.03560182618828950
  0.04595545583525042  0.05633987169850414  0.06668380361756772  0.07702084749389750
  0.08736883756252500  0.09775563488074136  0.10816337821053323  0.11854802604908878
  0.12890880150148609  0.13926036774098405  0.14961697159955920  0.15999855318612946
  0.17037910088158437  0.18076533504266917  0.19116069426307652  0.20156118185253544
  0.21195819964623888  0.22234363943161981  0.23273573461658681  0.24312761232332974
  0.25351332640909247  0.26388176044175460  0.27423234126465079  0.28458670393498542
  0.29495255598920811  0.30536314693393596  0.31577882629426168  0.32619227302225806
  0.33658073104744479  0.34696282072211360  0.35735513510511691  0.36774937443469874
  0.37815582925304625  0.38854736567907722  0.39892575569013616  0.40927928307012856
  0.41964459134160748  0.43002014582100473  0.44042699910386141  0.45083506521502464
  0.46125428441120753  0.47166836834572684  0.48207286287521134  0.49246044805530809
  0.50285493877194587  0.51325699519977519  0.52367285090246152  0.53407075528567483
  0.54446233588722182  0.55486173890773749  0.56527032533014709  0.57567967814953680
  0.58606800893736644  0.59646027063745133  0.60686235045420789  0.61726986504040915
  0.62767869622074812  0.63809291731788786  0.64851321613270818  0.65890330158707999
  0.66927393301012184  0.67964390588370560  0.69002884629031924  0.70043658065340353
  0.71084297869418445  0.72125337658711286  0.73164474986460559  0.74202310508716940
  0.75240054841831649  0.76277382603195609  0.77313349530118769  0.78348881608584353
  0.79384849873662899  0.80422937349006463  0.81461524456041301  0.82500714181028822
  0.83540200031568190  0.84579538092355377  0.85616996410607815  0.86653129574712895
  0.87689134420086412  0.88726845998914872  0.89764407283417125  0.90802569870974070
  0.91840011945384858  0.92877034992623708  0.93913208257985759  0.94949881522856594
  0.95986638592226003  0.97020577963430699  0.98054492041437702  1.00000000000000000
 -0.00238417305620551  0.00950818456540673  0.01966793543455378  0.03020039930540059
  0.04074800483493012  0.05126240682961665  0.06177771462100202  0.07231774297270353
  0.08287200537667290  0.09342018598768541  0.10394870293641209  0.11448053383507965
  0.12501118263090757  0.13555708656382764  0.14611091791031605  0.15663789092808314
  0.16716646678054348  0.17768708049209075  0.18824731066156891  0.19882942950890511
  0.20940628213770901  0.21997118976347999  0.23051332500227070  0.24106142781621548
  0.25162420505590399  0.26218581987604667  0.27276799390789380  0.28333784296929332
  0.29388891240113724  0.30440707130868844  0.31490347833773069  0.32540051400548003
  0.33592252273881495  0.34644162635344283  0.35696682287262926  0.36747416635336233
  0.37800295609908308  0.38853688140202897  0.39906829020560275  0.40959675651666411
  0.42013184414859428  0.43068077389709020  0.44121895926392440  0.45177837511688296
  0.46231891630731631  0.47286923536900027  0.48338675154204391  0.49392009086779898
  0.50443936968218506  0.51497222019626232  0.52552913156967507  0.53609558041028882
  0.54664314647049861  0.55715525053290693  0.56767598870767944  0.57819971952191929
  0.58869287189472552  0.59920224359493968  0.60971311948103613  0.62024481071677828
  0.63076534249859095  0.64127330277694139  0.65182295576707872  0.66239265215586740
  0.67297563403604355  0.68352463772947658  0.69403613652485330  0.70454552913084012
  0.71506916872721915  0.72559608459862834  0.73613848811671534  0.74668791804935364
  0.75722879088040818  0.76778628022608497  0.77835961723528202  0.78896146522515176
  0.79955627932795514  0.81013228010905103  0.82070037769217541  0.83124356156506440
  0.84179046042218064  0.85233123452759518  0.86289198847797610  0.87341633145444719
  0.88395114983389633  0.89449396750428478  0.90506937592487346  0.91563197815497210
  0.92617007154338604  0.93671823876681570  0.94729672549587585  0.95785203369812011
  0.96837687886099122  0.97889830430814140  0.98943843611358184  1.00000000000000000
 -0.00242799208787444  0.00944144591904297  0.01959176199857919  0.03007852903942675
  0.04062036079921012  0.05115179640143432  0.06169418307055526  0.07222958670704446
  0.08274379019989805  0.09326108901530220  0.10378895014427719  0.11433628360541181
  0.12489528396983497  0.13544979677723168  0.14598108028150419  0.15649813743148130
  0.16701482240513338  0.17756264091852975  0.18810544609147747  0.19866550682678377
  0.20918322710805604  0.21972615392574860  0.23025037665436307  0.24077767812918391
  0.25130116571285505  0.26182241705215731  0.27236800317147869  0.28291334555823600
  0.29346569850013082  0.30401242030233483  0.31452706001487635  0.32503312502703019
  0.33554849702759026  0.34607749555216422  0.35662520358357841  0.36717415142399079
  0.37772918753883122  0.38826737310338505  0.39882896482037905  0.40939287545493463
  0.41995498163913270  0.43048394040020044  0.44102292051543751  0.45155903319519963
  0.46209885983648125  0.47262052096532975  0.48314600544770969  0.49369846033588888
  0.50428283239242122  0.51486840603366424  0.52545790208006382  0.53601935458557570
  0.54660542348596930  0.55715103938478350  0.56771324873423534  0.57825497691004346
  0.58878182751829866  0.59930999497352755  0.60985293673645802  0.62042445983166616
  0.63095583713755132  0.64146705074164567  0.65198876719598020  0.66253886500362991
  0.67307298531998261  0.68360334714584270  0.69413248486703061  0.70469246171338062
  0.71524885448676057  0.72581285640173354  0.73638194404955903  0.74694306245263165
  0.75749625999097225  0.76804899590583486  0.77857008575502129  0.78910776019767703
  0.79963120870185311  0.81017453468122080  0.82070007837830150  0.83122216602852417
  0.84175852747918700  0.85229866329920911  0.86283218828163899  0.87337035352314218
  0.88392671202117534  0.89448998574084493  0.90505438102947822  0.91559147289924758
  0.92613656360136809  0.93667930724010717  0.94724858501135145  0.95780933809247859
  0.96836093372199084  0.97889225637927335  0.98943907742049564  1.00000000000000000
 -0.00248854758059932  0.00956062797594662  0.01972095202879414  0.03023481636227204
  0.04080099759508032  0.05138502600942527  0.06196109406682686  0.07253948086056058
  0.08312244206456613  0.09369965868703858  0.10426450949646122  0.11482691069757829
  0.12539275120908411  0.13594822553407798  0.14647433449090280  0.15699863762341096
  0.16752119847860214  0.17806255253546008  0.18860726211404452  0.19913023231151666
  0.20964787673850704  0.22018163825524811  0.23074821800166406  0.24129681175925421
  0.25183288801677617  0.26238709639239088  0.27297230634621228  0.28351959650275210
  0.29406012079539395  0.30459765588950360  0.31514572025433990  0.32566141355333472
  0.33619316508547309  0.34672742184486122  0.35727475478148968  0.36778111414579678
  0.37829563120751358  0.38879625311964738  0.39931716677757217  0.40985846483712296
  0.42041803388843541  0.43099601204437771  0.44155355750852238  0.45210845538887323
  0.46263270535608708  0.47315308288210067  0.48367888721925245  0.49421447049612605
  0.50476748991743292  0.51530766282559515  0.52585560003229281  0.53636314840358379
  0.54690336623571767  0.55743629655853166  0.56799741601938858  0.57853681432783177
  0.58907141974074351  0.59960361224309966  0.61012676653247144  0.62065680603605944
  0.63118895182767365  0.64173756669372550  0.65229232828413652  0.66285862691951236
  0.67340605053866975  0.68392871663377808  0.69444365280654397  0.70496935393213223
  0.71550434928108264  0.72603268968599077  0.73656628354552078  0.74711258967636918
  0.75768313640085216  0.76827924061475938  0.77885640991092320  0.78939275176583612
  0.79992088497221370  0.81043640683147988  0.82097724835145613  0.83146738217004879
  0.84199941112572341  0.85251702670404994  0.86306637058832170  0.87360390775611629
  0.88415051205664497  0.89467767437777634  0.90518914002275885  0.91570151654055654
  0.92623165067772351  0.93674556451178292  0.94728168330933948  0.95780633531858572
  0.96836790898400138  0.97893344614072175  0.98947432346563524  1.00000000000000000
 -0.00237607714251915  0.00959518692755043  0.01976173400832195  0.03027206710558209
  0.04080398034862789  0.05133771022016829  0.06186621264524066  0.07239730633078230
  0.08293690701691979  0.09349670891328608  0.10406862018677261  0.11461072409249172
  0.12513028574258767  0.13564468955423439  0.14616939148552729  0.15671005012981820
  0.16722505296160289  0.17773551172329924  0.18824934158970616  0.19879817697908334
  0.20936184949331929  0.21991616021027799  0.23043548098669867  0.24096545701303845
  0.25148472631169233  0.26201715130935976  0.27254998326324270  0.28311821970734119
  0.29369070575532336  0.30426011251107044  0.31480820535982568  0.32534903371628021
  0.33586951849349289  0.34639093531847581  0.35692820372836653  0.36749691150597874
  0.37803922897823078  0.38856016023551465  0.39905341493330537  0.40955531387989563
  0.42005759468610782  0.43057634520096633  0.44111819673765801  0.45166894155094511
  0.46221088613594435  0.47274303814150398  0.48327649257685401  0.49381796064637862
  0.50435472191019737  0.51491068150695418  0.52545745998093041  0.53600380078378518
  0.54651835415892458  0.55705798709987508  0.56758817051878174  0.57814877484005200
  0.58868611194726828  0.59924645086916406  0.60979285527764415  0.62035035836253694
  0.63090485726793466  0.64146218149790013  0.65201744985853372  0.66257450929209505
  0.67312972253624492  0.68367625711178170  0.69420937028677854  0.70471919303295139
  0.71522159160112886  0.72572017594284333  0.73622142319833916  0.74674020986979917
  0.75729574741527250  0.76787408995028394  0.77847344854658651  0.78902818880144743
  0.79958141330839949  0.81013038770360302  0.82068870380626535  0.83124223089529548
  0.84178477806248264  0.85234366929091487  0.86289710115664164  0.87343151409067554
  0.88395205415964895  0.89449227792954500  0.90498910169963720  0.91550329381667694
  0.92602883781568590  0.93660418804976731  0.94717406243075664  0.95774225001195834
  0.96832090355265266  0.97889837310066607  0.98945197709853072  1.00000000000000000
 -0.00243292960740684  0.00951040422185992  0.01968297752823872  0.03021010396670547
  0.04074069477624766  0.05123934008669619  0.06173362669844035  0.07224078163977390
  0.08274031578402648  0.09325839171918394  0.10377228973342463  0.11430463331706650
  0.12483546805964463  0.13539148256040329  0.14593411308471183  0.15649182762709959
  0.16704396967053783  0.17761368235203620  0.18816045376322760  0.19871437126426594
  0.20927019317420170  0.21982256211961110  0.23036541388786780  0.24090524046080269
  0.25144218842598470  0.26196588834516010  0.27248608075558595  0.28304482817465793
  0.29361848641815164  0.30418799278343656  0.31472339361767604  0.32527276770129948
  0.33582246820787875  0.34638771305935573  0.35691905475544150  0.36748247097444359
  0.37801612359967629  0.38854874893519825  0.39903624778341468  0.40954750458869638
  0.42006805711255712  0.43062138502466701  0.44118280610274041  0.45173118172768301
  0.46227368130848995  0.47279576694237269  0.48332040863691478  0.49387532661493655
  0.50442283199493942  0.51497990006689742  0.52549803841994402  0.53603665301529080
  0.54657311079466264  0.55712282350219311  0.56765101275038765  0.57820474331621075
  0.58874487248590035  0.59932617768430541  0.60985900654876324  0.62039395942941666
  0.63089090268054748  0.64142958638727343  0.65196178502477797  0.66251797533074841
  0.67306303604666629  0.68360646641190248  0.69414084557687772  0.70468800413982002
  0.71524653807761351  0.72578242946386129  0.73630581877803103  0.74683047487419718
  0.75736767658316129  0.76791571944945536  0.77847584232955747  0.78902778324782430
  0.79955054459576469  0.81006800654947420  0.82059675526688169  0.83114659942584634
  0.84170111275414106  0.85225647289084039  0.86280998864333480  0.87334901022495715
  0.88389273507429023  0.89444000335143070  0.90496474038421137  0.91549013089062037
  0.92601440083558495  0.93656227795602431  0.94710630553111663  0.95765121915215634
  0.96822473034798240  0.97880656193225557  0.98941002519924615  1.00000000000000000
 -0.00252923283358176  0.00947866991021812  0.01965907143246955  0.03017951617314684
  0.04072494756848943  0.05125987114264928  0.06179684700759357  0.07229512243987257
  0.08276532836505368  0.09327448744874732  0.10381811558517293  0.11434167543467889
  0.12483114030564078  0.13531831564136249  0.14584893574101448  0.15640836718819384
  0.16698487856709887  0.17756051630026784  0.18809204769787102  0.19859576260440728
  0.20908999939159176  0.21962997721947949  0.23020274908838442  0.24077634515699659
  0.25132700211045977  0.26187385153957887  0.27243184229159895  0.28299212537295521
  0.29354481983931041  0.30406166503123666  0.31458503951260308  0.32511297796774274
  0.33566884279138803  0.34620422430092906  0.35674613871480709  0.36729856007532602
  0.37786834929808605  0.38842852224395913  0.39897820977227866  0.40955560279070707
  0.42010207073312211  0.43063590405697932  0.44113805783513521  0.45166010808616502
  0.46220695443992743  0.47275505208176993  0.48328796722788858  0.49379439303731332
  0.50429084704087979  0.51481215135883529  0.52533842021078581  0.53587819666178238
  0.54643527860020902  0.55700379390360988  0.56756903785443602  0.57809740457454228
  0.58862042371071022  0.59914686129648187  0.60967399484877527  0.62018883344418652
  0.63070524418989915  0.64123992689791931  0.65179713958642638  0.66235341256085023
  0.67289880718215012  0.68344950728065379  0.69402362175553922  0.70461550675350160
  0.71519214339990900  0.72574595652183549  0.73632351654972505  0.74687880070601786
  0.75743931225134131  0.76796941423301313  0.77853600732467576  0.78908614427781276
  0.79963276203268518  0.81018146123455625  0.82073067272588152  0.83127127656723809
  0.84180784172343825  0.85233360764892085  0.86287257866608424  0.87339389595655781
  0.88395151633912350  0.89451087609308866  0.90506108707252664  0.91562011664559273
  0.92614216544994821  0.93667953761317380  0.94718671849552538  0.95771580845600845
  0.96827290238482233  0.97882345539856463  0.98941951484465984  1.00000000000000000
   1.5480809421520086E-002  -1.0000000000000000     
 F F F F F F F F F F F F F F F F F F F F F F F F F F F F F F F F F F F F F F F F F F F F F F F F F F F F F F F F F F F F F F F F F F F F F F F F F F F F F F F F F F F F F F F F F F F F F F F F F F F F F F F F F F F F F F F F F F F F F F F F F F F F F F F F
  <DiscreteSampler_grid>
  grouped_processes
  1 # 1 for a reference and 2 for a running grid.
  10 # Attribute 'min_bin_probing_points' of the grid.
  1 # Attribute 'grid_mode' of the grid. 1=='default',2=='initialization'
  0.0000000000000000 # Attribute 'small_contrib_threshold' of the grid.
  0.5000000000000000 # Attribute 'damping_power' of the grid.
 # binID   n_entries weight   weight_sqr   abs_weight
    10   10   3.543499746192098E+013   2.599568449055497E+027   3.543499746192098E+013
    11   10   3.543499746192108E+013   2.599568449055511E+027   3.543499746192108E+013
  </DiscreteSampler_grid>
