  0.00953950909301547  0.01562746678423093  0.02485563058374551  0.03565051328457668
  0.04603622600385805  0.05645688690958998  0.06685024755759987  0.07721134467526339
  0.08756103833550719  0.09788975752691548  0.10824548707897842  0.11858672510100808
  0.12896729136609589  0.13934859568891256  0.14974736759552648  0.16014270229945587
  0.17051012228403431  0.18088531164812763  0.19124932460644703  0.20164147624185311
  0.21203033318838843  0.22242385222292788  0.23280555365637470  0.24318463963265316
  0.25356848241827451  0.26395765409835292  0.27433539721677302  0.28469957474761237
  0.29509100790555604  0.30547429648142749  0.31585469460063192  0.32621598026637871
  0.33658776526786122  0.34697879083778671  0.35737410357891541  0.36777764170633304
  0.37816638668030783  0.38853802090343220  0.39890208630233004  0.40927641025505990
  0.41965839746742745  0.43004524493235197  0.44044210334334249  0.45083523525689884
  0.46121366527913510  0.47157283256660143  0.48194355060842847  0.49234094450025778
  0.50276398771923847  0.51318357898026035  0.52359395027528965  0.53398840038574025
  0.54436896175533300  0.55474175871097009  0.56511847982969188  0.57552233151030563
  0.58593555369379191  0.59633247134548417  0.60670984733657052  0.61708852732192820
  0.62746590806170444  0.63781790563904261  0.64815199108814581  0.65849572635145537
  0.66886046408595035  0.67923165393434404  0.68960647835810218  0.69999454529440586
  0.71038962849346099  0.72079219785937376  0.73121452546716303  0.74163750399655670
  0.75204197960155883  0.76241768842959046  0.77279610937317633  0.78319405469993297
  0.79361297750434290  0.80403334569704066  0.81444549326114934  0.82483990334046309
  0.83521431012888925  0.84558836538438109  0.85596880170059830  0.86635644908512266
  0.87673850000218367  0.88708694899533636  0.89745397551366368  0.90782919941444062
  0.91822540564156352  0.92862228859929963  0.93900899109394576  0.94941132957942309
  0.95979400611714150  0.97017137996926028  0.98052534648619605  1.00000000000000000
  0.00953727994915969  0.01568032271210855  0.02495440717151792  0.03575940738925874
  0.04613218409211729  0.05651035950461439  0.06688396742238800  0.07725116055349836
  0.08760838452165012  0.09795910038044504  0.10831479681208719  0.11867135944528427
  0.12903992974941061  0.13940875213197576  0.14979644859355271  0.16019749164478586
  0.17058579522231554  0.18098483843377985  0.19135782902693169  0.20174818447605827
  0.21210832141653851  0.22247850098839372  0.23284738525578169  0.24322132006348168
  0.25359059752886659  0.26392795714140499  0.27426835655361848  0.28459291152817068
  0.29495485059937809  0.30533056389762031  0.31573849287791222  0.32613594851082722
  0.33650891759129953  0.34687364835131318  0.35721627752766288  0.36757431019410181
  0.37793113913675475  0.38831534089549730  0.39868658793862854  0.40905638011476531
  0.41943066173665100  0.42982950086821975  0.44023333800348308  0.45064330345791132
  0.46104505445128269  0.47143994216772123  0.48182949805137232  0.49222444315158775
  0.50261459456926838  0.51300286318050625  0.52338394025541557  0.53375359290206725
  0.54411729812077658  0.55447958080163806  0.56486027985551479  0.57524525592757114
  0.58563016475306884  0.59600893618057438  0.60638000360827238  0.61677294001723693
  0.62717638831218858  0.63757082726766878  0.64794862173038181  0.65832289573383584
  0.66870493601420200  0.67907836768417851  0.68945301627330291  0.69983404827831996
  0.71022540030315029  0.72061257288631941  0.73100491852446248  0.74139710287993288
  0.75178670619794796  0.76216742926605885  0.77253287029858309  0.78288732014825013
  0.79325784072409355  0.80364220284599841  0.81403745870606514  0.82442912203826868
  0.83481092363632969  0.84520404054418585  0.85559740265356654  0.86601543477916743
  0.87644494242284932  0.88686514794229621  0.89727716992863082  0.90768860928929840
  0.91810968959260975  0.92852665630099873  0.93892179068852410  0.94933999932094271
  0.95975893104228949  0.97016004323460303  0.98053066092778551  1.00000000000000000
 -0.00251222779787043  0.00949946825019183  0.01965407883916567  0.03017422385264773
  0.04070909348093929  0.05125415666013094  0.06176868293741079  0.07231668641367671
  0.08287365611131241  0.09345032549911041  0.10404450937546894  0.11461827059681362
  0.12517606181198543  0.13570508529263869  0.14625937622699217  0.15680286458597670
  0.16733248479899659  0.17786018270045797  0.18842774040636320  0.19900050007429734
  0.20956396510046812  0.22011724196966803  0.23066745211066983  0.24121529432988967
  0.25176083034232760  0.26228192847383042  0.27279807446478838  0.28331250544977632
  0.29385780439590342  0.30439809473678853  0.31494625940035720  0.32551324773555562
  0.33607850299408432  0.34662131372841437  0.35715899793464906  0.36770353002386091
  0.37827482669422818  0.38883603325902949  0.39939049752093414  0.40991413065263027
  0.42041897510143011  0.43091288391509369  0.44140904364027600  0.45192370010207367
  0.46246455701713435  0.47302307537564958  0.48358091693254340  0.49412177803327534
  0.50465528479567423  0.51520439610263336  0.52575333375686928  0.53633288076961361
  0.54688028944965938  0.55742179354363885  0.56793729322737629  0.57843007599547636
  0.58892117467180549  0.59942974963766216  0.60998632803914010  0.62054111681819912
  0.63108365262404065  0.64160766172439143  0.65214309498841405  0.66266969510128959
  0.67321997422933810  0.68377946302543657  0.69433222400449846  0.70487104369632048
  0.71540959677873917  0.72596772973383594  0.73653505183404355  0.74706941769578195
  0.75761962415520712  0.76814347275488848  0.77871485634722604  0.78924916709476822
  0.79978253041219050  0.81029160239475495  0.82075614816657783  0.83126288837284623
  0.84174603924085045  0.85227989708794760  0.86280340024277313  0.87335548848615119
  0.88393769153542867  0.89450634047091171  0.90507168987300746  0.91561449655385008
  0.92615932944671775  0.93669271598054549  0.94724641462865433  0.95778094076438092
  0.96834854357001765  0.97887394076733225  0.98944336062406868  1.00000000000000000
 -0.00248876690927956  0.00953285536271956  0.01971560649792764  0.03026720103267241
  0.04086853824783943  0.05143447560242338  0.06195416848167516  0.07247203363344971
  0.08301436307812488  0.09353832444508911  0.10405207805217923  0.11455249228825372
  0.12509294049751452  0.13563478920311167  0.14616588843254083  0.15669544219738493
  0.16723705171215403  0.17780053767391826  0.18835099739727892  0.19886470706388332
  0.20937363041149112  0.21987997905758114  0.23044417523119495  0.24101757915065378
  0.25159799844365971  0.26215183702487560  0.27269603355400601  0.28322691313618709
  0.29373813332312848  0.30424350626044067  0.31476416338468666  0.32531979189798804
  0.33588950928464012  0.34647712022566679  0.35704817630741525  0.36760285437456303
  0.37813541934971484  0.38865448735086661  0.39920399480970736  0.40976032669124968
  0.42031736589130564  0.43083606604989078  0.44136281942048894  0.45192760433779205
  0.46250439545415967  0.47305422589500640  0.48357582297559443  0.49413297400210004
  0.50469522110715270  0.51526095750918421  0.52581830897084214  0.53637595079317912
  0.54696218259738905  0.55754115502818846  0.56813017602675120  0.57870337971074759
  0.58926329623730356  0.59980846195624871  0.61033804905815625  0.62085804241203069
  0.63137840982678239  0.64189544332317539  0.65244036269015893  0.66297819360051602
  0.67350830801767769  0.68402659419193546  0.69457367288185368  0.70513016675000872
  0.71568678025214061  0.72623639128238271  0.73676095208287773  0.74729598454632007
  0.75781909265648362  0.76835133445899662  0.77884136889857070  0.78933371367947580
  0.79984200252567639  0.81036869851938376  0.82087992232813400  0.83140260092119200
  0.84194228291004403  0.85252961593583532  0.86310080192990879  0.87365513345435619
  0.88420131187243745  0.89474334346242679  0.90527632523983703  0.91579434500323331
  0.92633177806658573  0.93688937234032543  0.94745426018555778  0.95799733310442714
  0.96852735912699595  0.97901631666427680  0.98951511453074148  1.00000000000000000
 -0.00221353972948466  0.00974463369338526  0.01994428668959350  0.03044395058089579
  0.04095925297883771  0.05148236333621661  0.06204069012007201  0.07258272117410269
  0.08313359789473783  0.09367450861913135  0.10423310964283508  0.11478011751859653
  0.12530402984436514  0.13581008556869800  0.14633297586990762  0.15687618051295338
  0.16745141124386506  0.17798583622515649  0.18852943694456475  0.19902235595188142
  0.20953632113931561  0.22004324949055296  0.23057096406363148  0.24109685975578329
  0.25163143794635262  0.26216752966706236  0.27271819750127901  0.28328337113725699
  0.29387819910931312  0.30447117474854463  0.31507110682231015  0.32564684176143072
  0.33620906813440737  0.34671869673421923  0.35722926383449066  0.36776658330443884
  0.37832234901566908  0.38888597091195704  0.39941111962646053  0.40993767088137384
  0.42044565782542942  0.43099163977720961  0.44154354534267543  0.45209136924677096
  0.46260697336755419  0.47312171381825063  0.48365176121845194  0.49419829462911669
  0.50474717149011095  0.51531763705547484  0.52587927437035664  0.53642181107574527
  0.54690365669522978  0.55740476093808478  0.56790609584957674  0.57843514182164457
  0.58895785426218139  0.59951276155811162  0.61005035134555097  0.62057472124956881
  0.63109224487908033  0.64162251365825185  0.65216186040254687  0.66269643804035971
  0.67324268946518262  0.68377581950835264  0.69429696054052437  0.70481682189446515
  0.71534027992875193  0.72589519605267616  0.73644556063024846  0.74702998479470484
  0.75756091875257581  0.76811059123668823  0.77860051219177995  0.78913124114361699
  0.79966242692497991  0.81021395568184340  0.82073281500678286  0.83124564045666072
  0.84175131296316696  0.85229877866255299  0.86281192565008857  0.87335423271564516
  0.88387884119438320  0.89446315790985798  0.90503381648970760  0.91562651088891478
  0.92616630250359444  0.93669930201482676  0.94723529126054651  0.95780098359746846
  0.96832656278124329  0.97885978472075275  0.98939504727782612  1.00000000000000000
 -0.00242598190072158  0.00953103634915275  0.01970182209516936  0.03024415668954044
  0.04078149178628417  0.05130239847028251  0.06180163762257674  0.07235677091412530
  0.08290896886601518  0.09346354558745584  0.10400483149736192  0.11454766616711733
  0.12509888171289377  0.13561369219966832  0.14613413058632829  0.15663281986477043
  0.16713910971518359  0.17764209422069613  0.18817422392398173  0.19868337642903380
  0.20919842572156055  0.21968108818981041  0.23019866289840596  0.24070270817061162
  0.25123857374323705  0.26177825381365150  0.27231845669941213  0.28287030551340381
  0.29343415315720289  0.30400668732860819  0.31458453389891561  0.32514582474405801
  0.33574482812830464  0.34631701157757866  0.35690385981824047  0.36743672335322608
  0.37797752141384555  0.38852153631878450  0.39907225603161101  0.40961693694858159
  0.42015429964834827  0.43068327454893485  0.44121718813121974  0.45173050563658734
  0.46225610966059699  0.47280298698189943  0.48336045346419426  0.49394260326757050
  0.50449141245991069  0.51504441859115035  0.52558147103662511  0.53613726942387940
  0.54669930906527942  0.55726591468395703  0.56781414377833284  0.57836198904867531
  0.58889015155478452  0.59943575878170385  0.60995604696491190  0.62048063327794922
  0.63099877629426571  0.64150764506458857  0.65202115915899173  0.66252889347111998
  0.67306809253666644  0.68363278679785444  0.69419296398530572  0.70473387425517298
  0.71527353183475340  0.72581438205231830  0.73636411991867834  0.74688919787890429
  0.75742974553834441  0.76796176673531136  0.77849405218459533  0.78903938881683833
  0.79958192592830146  0.81016088773134742  0.82070199664706900  0.83127009143882091
  0.84180880157787952  0.85235410427983871  0.86287816768439196  0.87341422392175294
  0.88395328486934688  0.89447580982498354  0.90499403882141649  0.91552391705081593
  0.92611378644973563  0.93668728090085518  0.94725875002262294  0.95778631631878797
  0.96833049221287504  0.97886008101444300  0.98943033616779597  1.00000000000000000
 -0.00244957678796299  0.00959201812524408  0.01979553946046688  0.03035333841006475
  0.04093549112926127  0.05147243777259125  0.06202710887268989  0.07257753766412789
  0.08312119688519011  0.09364963717426188  0.10416852302187612  0.11471979129447146
  0.12526809069683659  0.13584164654762690  0.14638802623337577  0.15694189410397916
  0.16747915479601153  0.17801217399443600  0.18851843531323215  0.19901177314520299
  0.20950027037424071  0.22002447608068604  0.23057472506436061  0.24111077780039392
  0.25165020447386788  0.26216574314938546  0.27270554445351264  0.28321826821570273
  0.29374371857736553  0.30428046911730056  0.31480673769593198  0.32533893646842954
  0.33587700748291605  0.34644743644269466  0.35700566325348493  0.36753594944543333
  0.37802972675453572  0.38853035860600288  0.39907093429007234  0.40963364945680425
  0.42019032417974472  0.43072557239143061  0.44127560974085528  0.45181938642644565
  0.46233497540661334  0.47285564927941570  0.48336841360145849  0.49391486362945425
  0.50444058290957938  0.51497433429885520  0.52549279400529525  0.53601827415595626
  0.54654591180760292  0.55706573966588213  0.56758038099241204  0.57810010254347488
  0.58866083111836409  0.59923929145538057  0.60981789569495015  0.62036189798956987
  0.63091177727180847  0.64144772012578732  0.65199445693051994  0.66253050539870417
  0.67306989522309746  0.68363333454890407  0.69419692919201337  0.70475021076252753
  0.71528901139101231  0.72581849355119854  0.73636818472650578  0.74690501451497715
  0.75743295374063824  0.76797001002831555  0.77850520930485823  0.78907393602078291
  0.79965314224050910  0.81025512629622798  0.82082313933195628  0.83136933827718407
  0.84189860679570305  0.85243214496793052  0.86297737980397848  0.87352359964857640
  0.88406095334517421  0.89460088464691701  0.90512870669069234  0.91566955650111304
  0.92619950715804866  0.93674207788219255  0.94728878732779165  0.95784084980151596
  0.96836862829642512  0.97891406041361351  0.98944867799835068  1.00000000000000000
 -0.00246045910255506  0.00947812357284234  0.01963350518928749  0.03015873074374990
  0.04073809226241544  0.05126748528083978  0.06178657253137243  0.07228047738220603
  0.08282149331498678  0.09338210494251278  0.10393421729789926  0.11452116267409292
  0.12512011208131968  0.13572065326111274  0.14627711123213771  0.15682841208742501
  0.16738687700660698  0.17789795453898166  0.18839310166545117  0.19889752444567194
  0.20945988298337329  0.22001110210452227  0.23053930119156077  0.24107514159309468
  0.25162741186229337  0.26217924819759753  0.27273627002922657  0.28328278032163007
  0.29384356909278353  0.30436908196154178  0.31490503071817233  0.32546925666855775
  0.33606827157630142  0.34667357407362825  0.35723338838947727  0.36776613854574863
  0.37828132843262990  0.38881383336949926  0.39936939874450478  0.40993821590030122
  0.42048454951259279  0.43104038026154678  0.44159482055982857  0.45218247709515669
  0.46272806597728433  0.47326304790528995  0.48378495145011086  0.49431739584384188
  0.50484764329875198  0.51536453649456515  0.52588528605886087  0.53642065297215658
  0.54695769059974542  0.55752183138727862  0.56806940049528487  0.57863096352263388
  0.58916077729926863  0.59968222693183559  0.61020185294127383  0.62073468609176896
  0.63128497432875563  0.64182432727907768  0.65235215810108627  0.66285246555353416
  0.67334666781701413  0.68381368479533700  0.69430487590192413  0.70482124909594412
  0.71537610169505883  0.72593812922102630  0.73648082893100031  0.74701678490096501
  0.75754582890696232  0.76808627303979560  0.77862166076436590  0.78915496026742316
  0.79967265045557545  0.81021810624503277  0.82073319834690650  0.83126323873852703
  0.84176693542453473  0.85232486781144823  0.86288143221463631  0.87347382733178403
  0.88403587627034053  0.89458237218519165  0.90509498817790923  0.91564200216529523
  0.92618832871573809  0.93674110044913550  0.94725663826881457  0.95779096672837671
  0.96831782552324586  0.97887828379441821  0.98943258596377648  1.00000000000000000
   1.5537553121712549E-002  -1.0000000000000000     
 F F F F F F F F F F F F F F F F F F F F F F F F F F F F F F F F F F F F F F F F F F F F F F F F F F F F F F F F F F F F F F F F F F F F F F F F F F F F F F F F F F F F F F F F F F F F F F F F F F F F F F F F F F F F F F F F F F F F F F F F F F F F F F F F
  <DiscreteSampler_grid>
  grouped_processes
  1 # 1 for a reference and 2 for a running grid.
  10 # Attribute 'min_bin_probing_points' of the grid.
  1 # Attribute 'grid_mode' of the grid. 1=='default',2=='initialization'
  0.0000000000000000 # Attribute 'small_contrib_threshold' of the grid.
  0.5000000000000000 # Attribute 'damping_power' of the grid.
 # binID   n_entries weight   weight_sqr   abs_weight
    10   10   5.047180707243656E+013   3.586850852106613E+027   5.047180707243656E+013
    11   10   5.047180707243656E+013   3.586850852106613E+027   5.047180707243656E+013
  </DiscreteSampler_grid>
