  0.01033803842335573  0.01105854609456091  0.01197283635728220  0.01303922851199332
  0.01420737618925066  0.01536121038774486  0.01654607745014214  0.01777025319347553
  0.01904477654929462  0.02037021101885489  0.02242069077329940  0.02471747368549599
  0.02709916596020871  0.02957725416536905  0.03224886640536110  0.03505254993391254
  0.03797220039882055  0.04111626673804767  0.04493555761295037  0.04911295970014193
  0.05340014668626089  0.05792119508414906  0.06245268553017604  0.06740635925940683
  0.07274061590822690  0.07801598807844819  0.08374149191310787  0.09023539194342195
  0.09764494673263542  0.10555211520011024  0.11369022584502637  0.12186105285073719
  0.13099636904200654  0.14078723718868635  0.15102094507758509  0.16161065629686722
  0.17134625702519929  0.18144114821727869  0.19023655885689916  0.20030434154976345
  0.21037499125664974  0.22214612829359859  0.23239707743336738  0.24302291882148527
  0.25374372568030173  0.26547398006702344  0.27724658534183605  0.28905331934801115
  0.29928822533340532  0.30645868103387419  0.31364853023021577  0.32093792423552281
  0.33026479029419908  0.34547751271369187  0.35909027361264684  0.37060840492862401
  0.38211397856225393  0.39386777711434096  0.40604509265824990  0.41851566306935523
  0.43194092853511146  0.44699368264078410  0.46188001441964366  0.47838428357315416
  0.48796577840373345  0.49313783720152876  0.49858100071521511  0.50514377274300515
  0.51180510496317566  0.51848099723914587  0.52536227385993395  0.53340859248931971
  0.54845844447954817  0.56380910726185629  0.58108355900260633  0.59833824068963060
  0.61371361413742742  0.62892523462531513  0.64459605191882541  0.66181010571517784
  0.67899175969958092  0.69430825114298955  0.70841402894365180  0.72316565960353929
  0.73960132490748132  0.75815959843399283  0.77634949351577109  0.79372829169001125
  0.81138529442971996  0.82977277667307148  0.85148536906492867  0.87556014630073298
  0.90053934304234096  0.92710686909148232  0.95599257596530984  1.00000000000000000
  0.00992868208766184  0.01155710939071320  0.01315444868895937  0.01465795804645692
  0.01627451280335417  0.01799556990329947  0.02015762048370848  0.02258928066587644
  0.02528379127601454  0.02832865232065244  0.03154356448197866  0.03495412097990661
  0.03873489547223775  0.04337830301428703  0.04863963380966376  0.05425948905728187
  0.05998450293608398  0.06592415396287828  0.07270629951880171  0.07990441199862906
  0.08790996162161799  0.09480365885749464  0.09904375160607362  0.10271759419366143
  0.10653675384165609  0.11042966899220025  0.11437738870893575  0.11785426458187431
  0.12072253587116057  0.12534368572332580  0.13455419155104623  0.14532797356477556
  0.15635420614665557  0.16652696965520233  0.17655247199677795  0.18729316379806282
  0.19805355494361343  0.20793058600891001  0.21726474024303924  0.22715752535880135
  0.23811249922857058  0.24953766393640683  0.26109910244110435  0.27235900337467606
  0.28341533000137442  0.29553514727155433  0.30995262087256753  0.32423775093594470
  0.33888857180657689  0.35392065906699133  0.36869993533218687  0.38297848324386696
  0.39471021164417891  0.40235290535878498  0.40967532592872702  0.41720499740922723
  0.42426788580623587  0.43725510530112022  0.45156288003848266  0.46664461500253890
  0.48233209777562408  0.49776239861018690  0.51177308015920453  0.52608811061013427
  0.54178103073964889  0.55840320364522023  0.57578467456743143  0.59129662253621840
  0.60508817683753136  0.61979870464993869  0.63310752204864262  0.64631879322100405
  0.66072031157159916  0.67480797591066211  0.68808997038772912  0.70371685671464024
  0.72125688138645150  0.73863918546571605  0.75755538167796965  0.77509442630056280
  0.78989628684279800  0.80218401565874742  0.81371147248633924  0.82488236829587469
  0.83684911470837020  0.84848901941537735  0.86034210119031362  0.87242054133231106
  0.88484795702888430  0.89798190088861185  0.91124647989406127  0.92543198227338164
  0.93853607696102681  0.95155335093746596  0.96627716030378752  1.00000000000000000
 -0.00024452331936751  0.00007418448059774  0.00011238815429951  0.00013669220897091
  0.00016119443350506  0.00018608948069341  0.00022257148859453  0.00026810571029606
  0.00030710167729677  0.00034162430038866  0.00037491130604644  0.00040617015445663
  0.00043535940455645  0.00046263668254848  0.00048803497364825  0.00051121193001657
  0.00053483377517944  0.00055952844565983  0.00058465735170605  0.00060877998154363
  0.00063254306015776  0.00065465033696859  0.00067627834302683  0.00069752272159660
  0.00071895719640393  0.00074032218912171  0.00076078795438057  0.00078039503994437
  0.00079920952332915  0.00081863508336785  0.00083820153168230  0.00085777639439294
  0.00087770044519693  0.00089749417990378  0.00091833956945482  0.00093843616512512
  0.00095855836273113  0.00097839299277288  0.00099733956742370  0.00101703989406798
  0.00103603242677627  0.00105451996602049  0.00107314655687250  0.00109216316642394
  0.00111117971299472  0.00113182416510287  0.00115369619115134  0.00117404288769026
  0.00119309226479658  0.00121141372792974  0.00122874059019897  0.00124614191302859
  0.00126380119781173  0.00128136237803993  0.00129901644351267  0.00131777143144308
  0.00133485640633168  0.00135082130583227  0.00136583371913303  0.00137888553334016
  0.00139106382246999  0.00140169018676965  0.00141244111682304  0.00142355969311065
  0.00143482622545277  0.00144656315083417  0.00146046239293097  0.00147853775188625
  0.00149313050808802  0.00150736767070586  0.00152131515991851  0.00153409202053854
  0.00154729228042747  0.00156262632738624  0.00157894123180608  0.00159547941627933
  0.00161125006616596  0.00162478317099400  0.00163783881816289  0.00165061428340121
  0.00166275463923603  0.00167371656872590  0.00168305636165985  0.00169240014155030
  0.00170175633205111  0.00171115736484246  0.00172116043512408  0.00173147266452239
  0.00174831378917945  0.00177012041927401  0.00178818932860782  0.00180625823794163
  0.00182520558097898  0.00186734944016704  0.00191397893433097  1.00000000000000000
 -0.00274446180407945  0.01136142758006705  0.02279471851969985  0.03393993062426930
  0.04441403907914846  0.05519758725344151  0.06558576735024557  0.07507382499975090
  0.08469172118179266  0.09541582605777411  0.10664584525576629  0.11785837889259085
  0.12846548939558539  0.13995165297526624  0.15115639714996307  0.16223050290064420
  0.17373289547992607  0.18587808786488397  0.19761098864979357  0.20912881344867182
  0.22167604794085832  0.23524977038547848  0.24839384847100021  0.26046305580353191
  0.27219305831915502  0.28372045422558179  0.29427662942056143  0.30361417783760603
  0.31306329354325990  0.31924416577525772  0.32593083775657805  0.33275654947700878
  0.33994734754044209  0.34846409204472711  0.35825473597754881  0.36902984138828065
  0.38028988411096165  0.39165404834985851  0.40316973110649679  0.41612328491062861
  0.42902441636206823  0.43977981322910242  0.44951758743516873  0.45934830119562325
  0.47057008591564348  0.48041680797081848  0.49044704136610956  0.50047935795268506
  0.51090279471459821  0.52041286283465549  0.53133218795429693  0.54267435801098995
  0.55413584964345020  0.56622087721207937  0.57869457199713192  0.59072749028211680
  0.60204455344015784  0.61341067921251258  0.62545342582128449  0.63802721526304496
  0.65134340053591011  0.66449244828836873  0.67711168852011316  0.68985442956393794
  0.70299149541936878  0.71626783557873852  0.72913520442141644  0.74142391975315791
  0.75318840517069685  0.76454214915829466  0.77518131618870056  0.78428975403272472
  0.79265864769075800  0.80117452049182991  0.81053196755538193  0.82196555734749943
  0.83233742881594530  0.84130805833430511  0.85065556380131280  0.86139678116969010
  0.87330710028771941  0.88566235456373454  0.89852127496935608  0.90613998105245885
  0.91095095900227430  0.91541826003612226  0.91983983049132301  0.92440753831851574
  0.92881711352871210  0.93305921901795486  0.93699417063620005  0.94700996962288042
  0.96062059748965933  0.97429381246497460  0.98740789089426617  1.00000000000000000
 -0.00237336209816976  0.00937336832282125  0.01918280052023992  0.03012157607730549
  0.04161241024829927  0.05245529027576922  0.06305845649982622  0.07439551196852487
  0.08629838281556901  0.09812146409439661  0.10996131745945902  0.12161329021384026
  0.13220681412406066  0.14170654513391417  0.15134943722211686  0.16209572427512753
  0.17385935729416127  0.18626985510990007  0.19914641143057923  0.21158424053143562
  0.22358227865444341  0.23481437580618097  0.24602849696103740  0.25703761515745621
  0.26770961343711919  0.27914706603888856  0.29054249486467260  0.30030434864382416
  0.30383553759947096  0.30746408729371583  0.31146449267767889  0.31549482302356135
  0.31939359178448329  0.32375799836350305  0.32803527936557664  0.33778447140024537
  0.35028045364540322  0.36356204298602202  0.37603843086386152  0.38768935401498972
  0.39882541892245560  0.40910699622316077  0.41929667668624049  0.42976488279045355
  0.44081889682361741  0.45239213544712992  0.46352300581578126  0.47483412374838779
  0.48687322721082937  0.50000798627126897  0.51343917613201295  0.52708600139094730
  0.54060330996042472  0.55275480452120651  0.56380151579921678  0.57291893537824834
  0.57960194966023548  0.58606194430998848  0.59249871502094642  0.59967313937916633
  0.60895032818399730  0.61989071444995203  0.63152449850434733  0.64347569240950697
  0.65485451421761876  0.66561916392680665  0.67687054206283326  0.68914404597798207
  0.70161760981096888  0.71355457555258550  0.72498646141273893  0.73680777687223020
  0.74848649897624187  0.75864723195844619  0.76885507108182416  0.77930615648929435
  0.79041659553354682  0.80123156118211858  0.81192345013510181  0.82375034489635401
  0.83424937776345398  0.84456251301902396  0.85503556125889979  0.86521954571398374
  0.87588980644055914  0.88540623340579749  0.89679443104368473  0.90803382537486133
  0.91894077425249854  0.92907268325815440  0.93938558229889269  0.95061573542030364
  0.96223703654581294  0.97382443814241448  0.98605162541765135  1.00000000000000000
 -0.00256020388989879  0.01106749112993144  0.02253769876015460  0.03479780123284696
  0.04815347856822989  0.06136979516320434  0.07293322885544527  0.08391853008702443
  0.09474597604158906  0.10593660414557131  0.11799166617142280  0.12927472498344306
  0.14021387214695102  0.15031909491940570  0.16059287504637282  0.17097134607925363
  0.18164424029111464  0.19296008802356673  0.20180715643807742  0.20716629540426307
  0.21210190066899820  0.21749722543325395  0.22286505150529345  0.22848506633888643
  0.23433830257960417  0.24091003012737611  0.25176414805857406  0.26348654393298038
  0.27497382702458578  0.28579943714266276  0.29603024659970129  0.30602566192244718
  0.31618664201463675  0.32694246042001074  0.33804900816838124  0.34928797433017983
  0.36018339167345376  0.37114109887984775  0.38297972932364027  0.39466686717877136
  0.40565803441393239  0.41604056019383762  0.42615771301195504  0.43641459396677784
  0.44684537941506880  0.45791537145090766  0.46949727871714964  0.48044815118175743
  0.49107172715944092  0.50183145496674464  0.51263314207613098  0.52325337513967263
  0.53470891275779076  0.54785925412059722  0.56056754582741319  0.57238630678305602
  0.58399495650529887  0.59624869459409002  0.60828463952964984  0.62034497827278845
  0.63243701323381507  0.64407949751129578  0.65527147296205301  0.66575314950644071
  0.67462293274920704  0.68436205887426149  0.69352799064002602  0.70322315960648818
  0.71368603887185311  0.72443356790485058  0.73572718449534191  0.74655540230155482
  0.75701954700940732  0.76715813407249156  0.77665632724486733  0.78613786909681671
  0.79621711210553159  0.80690419664901392  0.81804938234474389  0.82911292382519153
  0.84023228892744839  0.85140590276555561  0.86159172032786835  0.87106453550533502
  0.88140475493453929  0.89284530198500822  0.90310670281223715  0.91344978772872620
  0.92342482336487597  0.93298383578349031  0.94284227447674285  0.95449145045779682
  0.96641486741320737  0.97799252611106013  0.98849286633074085  1.00000000000000000
 -0.00252526515324265  0.01164549503153343  0.02400369824802933  0.03462386224804209
  0.04524419122992755  0.05495443764229718  0.06505557065746710  0.07442109680896727
  0.08507831208952581  0.09806568215098518  0.11112794883432814  0.12421340989299384
  0.13834672435848019  0.15235747244947220  0.16582122316689041  0.17881863613856652
  0.19023071857654875  0.19861406856477667  0.20675106818040634  0.21419366095148815
  0.22232248537668470  0.23463179830112318  0.24859600288514089  0.26114195783671679
  0.27211906094344757  0.28227665425579529  0.29174846870581689  0.30127488252157603
  0.31063867325215117  0.32197032818850835  0.33340237469319567  0.34528460864724264
  0.35625109217445416  0.36679409141833164  0.37734578193327051  0.38829822557181076
  0.40005118750836066  0.41256299794791051  0.42467811411020695  0.43722293070610324
  0.45050272545682152  0.46479711832664972  0.47860710959966152  0.49170002568122978
  0.50399779319154392  0.51472372438202652  0.52637497535308808  0.53751175560200704
  0.54974393639194341  0.56213336122301660  0.57443296061105786  0.58623665261965074
  0.59712265356829830  0.60783935095554897  0.61902138747905022  0.63044713312470524
  0.63985839273827549  0.64884804353754566  0.65756529244185002  0.66681971995037170
  0.67672489301184879  0.68801110615894612  0.69950054714647947  0.71015773302180163
  0.71975280235268824  0.72949834711834438  0.73934878949481120  0.74972224230951789
  0.76066141146358690  0.77121280043791374  0.78121846729655053  0.79135302471889679
  0.80232784042774807  0.81329007612577064  0.82352621196848363  0.83205851286641386
  0.84048556796778551  0.84877028114664455  0.85710317526067548  0.86609621532634351
  0.87652352133262124  0.88764070429182507  0.89818932036212740  0.90820186029372385
  0.91833701645437993  0.92566381302690659  0.93014709054999800  0.93471633839277102
  0.93941649354102319  0.94399206239813294  0.94846012688524228  0.95254272524853723
  0.95969563594660490  0.97266864837730937  0.98610104500961437  1.00000000000000000
 -0.00292248522783487  0.01197102079813250  0.02346275600911344  0.03568332483250188
  0.04745818480429712  0.05882457506916810  0.07024822595631808  0.08244499586044443
  0.09768423608806898  0.11294614941927154  0.12716614917112987  0.13870219235555592
  0.14926669728669556  0.15883211116790058  0.16764048919634500  0.17638882446730730
  0.18488336985102538  0.19537359340685298  0.20635351704452926  0.21822765914896697
  0.22992062449787098  0.24087439404698041  0.25107081532592518  0.26115978375006316
  0.27162373033304255  0.28332753770391250  0.29604406491469415  0.30918330914144432
  0.32177810510248428  0.33390919482132625  0.34568937936885408  0.35715596454074106
  0.36897192699750986  0.38033838597775510  0.39112195215203882  0.40174953474001041
  0.41210056474928697  0.42337882547162670  0.43582876850072172  0.44777191801353228
  0.45820723204003566  0.46823038233572301  0.47857536131256406  0.48935792041119769
  0.50028328727149984  0.51145860567252843  0.52037530193476422  0.52497267506604417
  0.52879233983543084  0.53275077597248355  0.53664773824767864  0.54065413182397737
  0.54482812443806006  0.55043454494667798  0.56000057276519655  0.57057930682403712
  0.57984331965567915  0.58822830527564973  0.59713986171023103  0.60611686923265073
  0.61503403976874305  0.62643907151966649  0.63843041034958159  0.64939280946885503
  0.65925932342327642  0.66966786119876531  0.68043604869117658  0.69195261496185567
  0.70359634709862873  0.71521908648439980  0.72705210561817923  0.73866759074593580
  0.75126604408886433  0.76452857016005860  0.77722799388981301  0.78881314699350935
  0.79921517094584960  0.80869572178054672  0.81800193077751449  0.82762931073604207
  0.83809393192107629  0.84959189294551962  0.86107643372710918  0.87212998327710511
  0.88208596665314454  0.89109615342469617  0.90012449604780465  0.90953379023120207
  0.91985231301965742  0.93088738338474908  0.94189218119494222  0.95324426288237118
  0.96468043256566438  0.97660366891914097  0.98816863871964844  1.00000000000000000
   9.2724652079618405E-024  -1.0000000000000000     
 F F F F F F F F F F F F F F F F F F F F F F F F F F F F F F F F F F F F F F F F F F F F F F F F F F F F F F F F F F F F F F F F F F F F F F F F F F F F F F F F F F F F F F F F F F F F F F F F F F F F F F F F F F F F F F F F F F F F F F F F F F F F F F F F
  <DiscreteSampler_grid>
  grouped_processes
  1 # 1 for a reference and 2 for a running grid.
  10 # Attribute 'min_bin_probing_points' of the grid.
  1 # Attribute 'grid_mode' of the grid. 1=='default',2=='initialization'
  0.0000000000000000 # Attribute 'small_contrib_threshold' of the grid.
  0.5000000000000000 # Attribute 'damping_power' of the grid.
 # binID   n_entries weight   weight_sqr   abs_weight
    10   10   6.034991349135962E-015   8.899458072285811E-029   6.034991349135962E-015
    11   10   6.034991349136003E-015   8.899458072285939E-029   6.034991349136003E-015
    16   10   6.034991349135962E-015   8.899458072285811E-029   6.034991349135962E-015
    17   10   6.034991349136004E-015   8.899458072285942E-029   6.034991349136004E-015
  </DiscreteSampler_grid>
