  0.00946322408694377  0.01587614241611585  0.02495458229905633  0.03575783617687334
  0.04609201768483165  0.05645908868250132  0.06684021214449545  0.07723226802869057
  0.08761895864143565  0.09799233633928708  0.10837895198769730  0.11874378534340506
  0.12912451831877608  0.13949805654721781  0.14989806647220438  0.16029010022498416
  0.17069181809171977  0.18107993964736538  0.19147395660971112  0.20185855844637557
  0.21225095151273540  0.22264754987602492  0.23304236433164716  0.24345516511262508
  0.25383679281396232  0.26421837850303903  0.27457051420314121  0.28493731965953406
  0.29531461250003610  0.30570814083587805  0.31608952000460155  0.32646274086703658
  0.33683803482607177  0.34722633431358607  0.35761902592083261  0.36799702090389225
  0.37836525392410691  0.38873173944018624  0.39908426442594674  0.40945095922893021
  0.41981823521669220  0.43019915976223549  0.44057625406413642  0.45093084130002564
  0.46128749029936184  0.47165261515921109  0.48204673133049153  0.49244441276187850
  0.50284136063544282  0.51323113581765167  0.52361880253813653  0.53399915350642058
  0.54437572420127334  0.55475631270383552  0.56513622808431352  0.57551444298258325
  0.58589442503752143  0.59628117502691580  0.60667419891561514  0.61707109932821380
  0.62746516220742532  0.63785185436602043  0.64823721613149343  0.65863017938675028
  0.66902490566460449  0.67940608276875258  0.68977083824500118  0.70013108224318765
  0.71049155847919454  0.72084349061705899  0.73120540736919959  0.74158368448141510
  0.75198531241285249  0.76238705684592234  0.77277887105905763  0.78317985867666917
  0.79358701048021318  0.80398946896121937  0.81438079522430395  0.82475924528967204
  0.83515140042470315  0.84552213970536871  0.85589595674286623  0.86626466485616671
  0.87664669381542148  0.88703914353077018  0.89743256170631125  0.90783827942145912
  0.91823516593756893  0.92865558219231870  0.93906075099688713  0.94947047774990023
  0.95983037429121776  0.97018637901880078  0.98052301491715610  1.00000000000000000
  0.00958643651565361  0.01558345365724547  0.02480729648896633  0.03562066350415959
  0.04599977644462174  0.05639170526334265  0.06675743113408454  0.07712937955329936
  0.08748657227160089  0.09785428190085102  0.10821866759432421  0.11860072186993602
  0.12899302470848473  0.13938141079560901  0.14977665257775311  0.16016659275756362
  0.17056135208679857  0.18095864429254416  0.19135374781917072  0.20174245350413694
  0.21212306530195890  0.22251917738140198  0.23292825375677054  0.24333102224968103
  0.25371020436505665  0.26406756526463737  0.27443230969612475  0.28479809372112042
  0.29518198731870221  0.30557289563797069  0.31598000242010815  0.32639605009254918
  0.33681037133948327  0.34720685797415213  0.35759792354141784  0.36799601938436149
  0.37840127353684327  0.38879681218221723  0.39917616313019572  0.40953705594932921
  0.41990053909269709  0.43027197671093403  0.44064608404475336  0.45103552692124460
  0.46144161696685604  0.47187460747188054  0.48229805671630299  0.49269868728933197
  0.50308624096588417  0.51346527263173292  0.52383621638274469  0.53420149028818209
  0.54456984095637873  0.55495147951154289  0.56533265175302105  0.57569590736028364
  0.58604106732139205  0.59640072890831741  0.60679095076874923  0.61718801600256046
  0.62757076379499344  0.63794553525613618  0.64832829447580498  0.65871140457673483
  0.66908435510111997  0.67943662483688516  0.68975848446053301  0.70006871594728670
  0.71040399874045068  0.72079557437819508  0.73122097293852961  0.74163646279505846
  0.75202839627331852  0.76241964104983750  0.77283371191140648  0.78325390450207999
  0.79366014564397225  0.80402951044543558  0.81438831289533331  0.82475391247773078
  0.83512799432447726  0.84550466937153912  0.85587722121482424  0.86626193222482584
  0.87665304910969777  0.88705484816627089  0.89746222410911791  0.90788137358934107
  0.91828625568183664  0.92868039690350468  0.93907856801332701  0.94947439994992655
  0.95987332076940612  0.97022658631185754  0.98055893134405603  1.00000000000000000
 -0.00247928586573183  0.00962788701511279  0.01982050939929923  0.03034789649007457
  0.04088234398692540  0.05139538409950590  0.06191942662673301  0.07247327015983623
  0.08304462547671378  0.09359759008165074  0.10413373404099939  0.11466596260822268
  0.12521612111979813  0.13577142242357190  0.14632324242284664  0.15687738131010076
  0.16745337949229494  0.17800281993547737  0.18853486345004583  0.19904620647847623
  0.20961022568652554  0.22013617758356874  0.23067515879637959  0.24118383392231241
  0.25171720865711805  0.26224494216022831  0.27279074557431743  0.28336764621628241
  0.29391648157206601  0.30445603315344083  0.31497752372088250  0.32548714032159370
  0.33598793533102350  0.34648496245307614  0.35700690431949750  0.36756139819207179
  0.37808845253145362  0.38860117772876634  0.39909126253645316  0.40961952579967026
  0.42013849939178499  0.43068539115112781  0.44123698163157399  0.45179377177318403
  0.46232472879618131  0.47283524188407189  0.48338017896057783  0.49393092733827815
  0.50447989378939850  0.51500848572753744  0.52553534565644155  0.53609128422780550
  0.54667661243419385  0.55724395692996831  0.56781245644120004  0.57838779229507720
  0.58896028304783665  0.59952627606323894  0.61007208078509867  0.62062938597825068
  0.63117107702244313  0.64167712074724614  0.65219443004009037  0.66270753168991470
  0.67324085638028586  0.68378632786439997  0.69433214110079167  0.70486582267305409
  0.71534759497937161  0.72584430037522074  0.73637451836939849  0.74693396200801410
  0.75750960247944155  0.76805250023879845  0.77860647330105959  0.78915515071478992
  0.79969545679733756  0.81021651953998386  0.82071809718531663  0.83122800864871482
  0.84174649604380358  0.85227021469232178  0.86280894001504205  0.87337852875546051
  0.88394031852031041  0.89447859749630987  0.90501400015317057  0.91556506443606656
  0.92613070936958786  0.93664557520502623  0.94717163030539353  0.95769712200028900
  0.96826997354846700  0.97882449937459903  0.98941454597816803  1.00000000000000000
 -0.00228699939509192  0.00961429822456610  0.01978447113248396  0.03031246300779265
  0.04083326626895262  0.05135919028773656  0.06187469688744962  0.07242064118878444
  0.08293515081022683  0.09346283268151043  0.10399534415802500  0.11454462572578911
  0.12508754898490779  0.13561816152276607  0.14612987283906134  0.15665123828011812
  0.16716812145837553  0.17767733957148574  0.18818067230358246  0.19866859444854287
  0.20919829760457903  0.21974629685453137  0.23031100981585811  0.24086005328297877
  0.25136536343726451  0.26186857991941243  0.27237279680552651  0.28289082996546489
  0.29342310604857247  0.30395101581803996  0.31448178888889944  0.32500952070926142
  0.33555485542778374  0.34612125065828819  0.35669087838145547  0.36725914347295946
  0.37781565178893362  0.38838887742066497  0.39894662859609570  0.40948440908134981
  0.42000762859898655  0.43053162268937245  0.44105004602519210  0.45154789942130763
  0.46207951049790585  0.47265910713861642  0.48326301803728466  0.49387227174794718
  0.50445326856225259  0.51503546245953580  0.52558764158568072  0.53615727961636650
  0.54670168683308873  0.55725129041740573  0.56778145394336599  0.57833752010640171
  0.58886503441735016  0.59940084954380046  0.60992502209127075  0.62048131094592518
  0.63103903908759995  0.64158745505011849  0.65213261248641241  0.66266949644871087
  0.67322019989930615  0.68376352329869738  0.69432596556645410  0.70485730094583532
  0.71540013614749187  0.72593856506220300  0.73648844478624398  0.74703993233514687
  0.75758364061184702  0.76813702772239101  0.77867815792967576  0.78920618547634547
  0.79972776468405538  0.81027460436713161  0.82085808764277479  0.83143927605573131
  0.84198233714310355  0.85249416710140868  0.86300206753465158  0.87352313747009303
  0.88404994201161624  0.89457192450111234  0.90510384934813226  0.91565776134007137
  0.92622771590978470  0.93677205064340918  0.94730614875971797  0.95784295946338893
  0.96836241414932522  0.97888910101558102  0.98941918631138648  1.00000000000000000
 -0.00248386619191603  0.00953394404705620  0.01972162110174096  0.03027969339413223
  0.04085198237544955  0.05139008473393319  0.06192792604375022  0.07244709881419394
  0.08299357626725765  0.09350442605743985  0.10404813030880190  0.11456867027286224
  0.12510261408733317  0.13560393635568302  0.14613385138116169  0.15665477674795855
  0.16722324433505958  0.17775877508416615  0.18831301272593493  0.19884639839177068
  0.20940281282427500  0.21994425533872625  0.23049069064339497  0.24101389960203703
  0.25155798276498947  0.26211993878642503  0.27271461865277724  0.28331096382301807
  0.29389027692729958  0.30445544580080169  0.31502519249566757  0.32556963704313152
  0.33613235556390947  0.34667086255400203  0.35720210788019557  0.36771034333910951
  0.37821440990764138  0.38873440893601718  0.39926957262765161  0.40982617793415399
  0.42037021913801237  0.43090581591670490  0.44144918733301730  0.45202565941335315
  0.46257155298968078  0.47308711618632837  0.48358830233907701  0.49412815247379788
  0.50467536585339579  0.51521071013168396  0.52574352645455702  0.53626185588027497
  0.54680241133956842  0.55732398802032823  0.56786976415821744  0.57842545541699952
  0.58899123471295034  0.59954891303060032  0.61006746986532667  0.62058765304953345
  0.63112286550291419  0.64166782008534529  0.65221770604278140  0.66276432788544892
  0.67331262006364589  0.68385320149446327  0.69440364983624647  0.70494421587089362
  0.71548688122917903  0.72602168273547729  0.73658890461889892  0.74713677150497049
  0.75767951634854247  0.76819882570322406  0.77872669581760046  0.78925065503971015
  0.79980894889887977  0.81036257745559115  0.82088890474260678  0.83138608458419450
  0.84190623245097751  0.85245576426525604  0.86301439543930369  0.87357719721783678
  0.88412410826690291  0.89464515054376514  0.90515085656150807  0.91568245844349327
  0.92623957101474219  0.93679861469501846  0.94731189353140743  0.95782204428768203
  0.96833125403186493  0.97887668620853341  0.98943478406365293  1.00000000000000000
 -0.00233567422243289  0.00960098599463177  0.01979001412141955  0.03031155268331513
  0.04083225590484058  0.05134857606915527  0.06188784276494014  0.07243247285705226
  0.08299100082558107  0.09354719976485369  0.10409476616940602  0.11463031974480119
  0.12521411673931426  0.13580930188290477  0.14639327349541711  0.15692916160287060
  0.16744136529133147  0.17796880318288902  0.18847662024417403  0.19899923007412698
  0.20951658990145813  0.22003344244531800  0.23054664325750704  0.24107041809842406
  0.25162056991536874  0.26216304780414257  0.27269012147974164  0.28321487345412688
  0.29373969042732240  0.30428623165530622  0.31482171582105017  0.32537156767469033
  0.33590594977810379  0.34645222076777010  0.35700936411561063  0.36755002814363164
  0.37806506840113407  0.38859007636055193  0.39913803705225093  0.40971985755000906
  0.42028125594478638  0.43082080039498155  0.44134803683730583  0.45189216828083395
  0.46243667548644596  0.47300094581639912  0.48356658194932006  0.49416418982756322
  0.50476499853223833  0.51532749220515905  0.52586962398852943  0.53637935160844996
  0.54691002690122781  0.55742530783161337  0.56795289721177777  0.57846658114290184
  0.58900158696819271  0.59954144016196431  0.61009989258015063  0.62064256887782621
  0.63119224365960080  0.64170668108498174  0.65222657469601597  0.66275592370689351
  0.67332837742893337  0.68388471047474053  0.69442854258673303  0.70497585090139903
  0.71553039948015862  0.72609560438132459  0.73662291593700491  0.74715547744605115
  0.75768971877696212  0.76823805424836800  0.77879824248478835  0.78934601486450051
  0.79989376249943733  0.81044027123909101  0.82096528662528689  0.83151239774595664
  0.84203732096979000  0.85258752939288340  0.86311001650922980  0.87361231147722718
  0.88409789521195359  0.89460155847622380  0.90515113484880938  0.91569381784746651
  0.92622362136795544  0.93675932211910617  0.94729947062814079  0.95783779654130596
  0.96834243416458521  0.97887144628651213  0.98941710572496178  1.00000000000000000
 -0.00248607471565542  0.00951335822309185  0.01969735382542510  0.03021141276434518
  0.04076879625876494  0.05132043744505752  0.06186437506934324  0.07238633593318670
  0.08289307507784659  0.09344258048553804  0.10399718771090513  0.11453650702219968
  0.12506841197455226  0.13559880142472108  0.14613295989849465  0.15663494394826874
  0.16715432394734636  0.17770507176033748  0.18826411574916677  0.19883274854852973
  0.20936621092698923  0.21990517852751318  0.23042750615484184  0.24098392145044181
  0.25152478122648830  0.26205398205513752  0.27257753823733621  0.28311350841935140
  0.29366868551192327  0.30421650403643524  0.31476940186920499  0.32531151513140655
  0.33583853279801062  0.34636758266341106  0.35690201733297094  0.36743166984625930
  0.37796115866230151  0.38849029787462314  0.39902285501522056  0.40956619296072189
  0.42010069846255937  0.43063662908514982  0.44115752358245480  0.45169136052102665
  0.46221887358803804  0.47277966955538558  0.48332989727723080  0.49389759761654400
  0.50443172727841445  0.51497018150896656  0.52550277725154315  0.53604727369002947
  0.54659361678886076  0.55712707231959568  0.56767023859568888  0.57819589011355732
  0.58875363185495100  0.59930267327813802  0.60985853838073056  0.62038308577898149
  0.63091926099058337  0.64145830516472857  0.65200783126400763  0.66254081765836581
  0.67309964476493189  0.68365251361136992  0.69422043019169621  0.70477620357195991
  0.71533250862626463  0.72587493897997268  0.73639854058599719  0.74696216342961796
  0.75751376081101596  0.76810234605594530  0.77864461801234952  0.78919655376821118
  0.79970570342421410  0.81022934498457511  0.82074197354460576  0.83126752588781094
  0.84180725564848380  0.85235333464065122  0.86289344235678200  0.87342388161021778
  0.88395525098879335  0.89451529063115365  0.90506696868316505  0.91562471458021100
  0.92616518215715271  0.93670571002208580  0.94728300929669640  0.95785900922248957
  0.96843410748628211  0.97896008146609859  0.98948205493541042  1.00000000000000000
 -0.00253308420496792  0.00954311577172306  0.01971809236281916  0.03025796784740835
  0.04079804579723902  0.05131487029461662  0.06181435834660268  0.07231219125070475
  0.08284026760175361  0.09339663479887221  0.10397387309149912  0.11455250654913873
  0.12514298432722873  0.13570625137478362  0.14627225040968533  0.15681633893874602
  0.16735887069489724  0.17790214003061189  0.18842699778574354  0.19897049065569727
  0.20948323361831869  0.21999319229010311  0.23050882056562952  0.24106495673320621
  0.25162973567301333  0.26218200383646934  0.27270974631770029  0.28324441447384119
  0.29376602295912613  0.30431821130987113  0.31486601098905131  0.32544320282560230
  0.33600654549604264  0.34656372715993916  0.35709796815686656  0.36762612033396619
  0.37821074647753189  0.38879825880523811  0.39938382727665006  0.40994084675246445
  0.42049646523392004  0.43103471721081993  0.44156583670251059  0.45208361275828141
  0.46260560255549815  0.47314275872814476  0.48370564363049567  0.49427933766238191
  0.50483117691453261  0.51536342114340894  0.52589727445383450  0.53643664079950615
  0.54699059873730704  0.55753345051776249  0.56807337073856090  0.57858709896563632
  0.58912950694112209  0.59967321758389758  0.61023791373866698  0.62076481415224483
  0.63128756803294417  0.64178486568183046  0.65229260585208626  0.66280328316488202
  0.67334923326328422  0.68389979417320856  0.69443705818396118  0.70497851061713956
  0.71551360968062860  0.72607672640799470  0.73662007711589250  0.74718343902465356
  0.75773772382391857  0.76829464203410158  0.77884606827482150  0.78939267017900883
  0.79995774596934766  0.81049843040954617  0.82106209634697180  0.83159676376942915
  0.84214834710257791  0.85268182106348089  0.86323378135337570  0.87373648617845812
  0.88425158467946607  0.89474813654955765  0.90528959001104814  0.91581131082946488
  0.92633454586042197  0.93684692409446302  0.94736908089688165  0.95788131788665698
  0.96840743436203391  0.97893266026191250  0.98946881683577326  1.00000000000000000
   1.5427333981702570E-002  -1.0000000000000000     
 F F F F F F F F F F F F F F F F F F F F F F F F F F F F F F F F F F F F F F F F F F F F F F F F F F F F F F F F F F F F F F F F F F F F F F F F F F F F F F F F F F F F F F F F F F F F F F F F F F F F F F F F F F F F F F F F F F F F F F F F F F F F F F F F
  <DiscreteSampler_grid>
  grouped_processes
  1 # 1 for a reference and 2 for a running grid.
  10 # Attribute 'min_bin_probing_points' of the grid.
  1 # Attribute 'grid_mode' of the grid. 1=='default',2=='initialization'
  0.0000000000000000 # Attribute 'small_contrib_threshold' of the grid.
  0.5000000000000000 # Attribute 'damping_power' of the grid.
 # binID   n_entries weight   weight_sqr   abs_weight
    10   10   3.391861771805283E+013   2.731953309383752E+027   3.391861771805283E+013
    11   10   3.391861771805282E+013   2.731953309383751E+027   3.391861771805282E+013
  </DiscreteSampler_grid>
