  0.00966901813869790  0.01569777415926720  0.02507540802297197  0.03595631859389205
  0.04644541723194893  0.05695507300434798  0.06743948112474131  0.07790692451555140
  0.08838399100431193  0.09886334080681507  0.10933005247981947  0.11980796195820685
  0.13029030108551212  0.14078975649324127  0.15124228081318208  0.16168774736765973
  0.17213971155014685  0.18263869180859346  0.19314807108347437  0.20365328085068751
  0.21415433824706634  0.22465100714092986  0.23515211934605457  0.24564888318024294
  0.25613490415736312  0.26661217241506835  0.27709609795053058  0.28759155661559394
  0.29806314565203346  0.30850840298921584  0.31894537846612647  0.32941833326285902
  0.33992619331636725  0.35045476645973073  0.36097189429443755  0.37148658058547546
  0.38198838205693864  0.39248106244704462  0.40295865119511926  0.41342957988848061
  0.42391778961572074  0.43440108148121270  0.44487412174097585  0.45534674428022659
  0.46582499823396001  0.47630332760674193  0.48676683917802505  0.49721604386987350
  0.50769278473227653  0.51816352208983307  0.52867380658479268  0.53918415028055822
  0.54969117088847352  0.56017785440254464  0.57065962975350248  0.58116741274281880
  0.59167240010232069  0.60216621244808965  0.61265090380130371  0.62311595502100359
  0.63358632068247300  0.64407665590924290  0.65460015525483228  0.66510952115460509
  0.67558487377261967  0.68602699856636684  0.69649612089024571  0.70699862383844825
  0.71747214927477598  0.72793741409068424  0.73840261781961869  0.74894505088048924
  0.75947402463144675  0.76997619184107224  0.78045862477596084  0.79092248304411206
  0.80142230859921904  0.81192562798812873  0.82245834676683105  0.83296444599470598
  0.84343928874996743  0.85392085085666136  0.86441006090179839  0.87490303281023873
  0.88540941286941610  0.89591558025939311  0.90642828760709826  0.91691730936502625
  0.92741267843624353  0.93792349493203586  0.94844485775795873  0.95895754341649120
  0.96944718978555089  0.97996006773003741  0.99107365251568658  1.00000000000000000
  0.00981131494147841  0.01579927788725406  0.02499486226243228  0.03579578780358895
  0.04615733203311545  0.05654120860923156  0.06693134148123114  0.07733608133688426
  0.08774096738401319  0.09813680024313556  0.10852364854511512  0.11890321022390232
  0.12926484940168764  0.13960699842234461  0.14998400898110875  0.16035207234025553
  0.17074689680750529  0.18110398864711189  0.19148296094246656  0.20185617242951209
  0.21224768315603756  0.22264794886378472  0.23305377953530962  0.24345883009379765
  0.25384409200365493  0.26422616776234009  0.27458997305019106  0.28496797873992158
  0.29535289294124012  0.30575632890303722  0.31617400287769559  0.32658190254505415
  0.33697370610938576  0.34735037367729604  0.35772658627853093  0.36812161597497034
  0.37850390283379670  0.38888060397862612  0.39924950079828869  0.40961625547505703
  0.41998929605863289  0.43036592600041296  0.44074849781172626  0.45113536126685055
  0.46151870582839172  0.47190766331393885  0.48230510288207284  0.49271981053593850
  0.50313470678826444  0.51353279791032524  0.52390603257585744  0.53428207201037159
  0.54466916330824711  0.55505699869748149  0.56543736042989534  0.57581469465700330
  0.58620485455044857  0.59659359039421478  0.60696072808173585  0.61733181836724804
  0.62772337619728968  0.63814885164551072  0.64858241933523053  0.65898700701247914
  0.66936001327790717  0.67970149033525429  0.69005171151494926  0.70042326211518868
  0.71081135459577760  0.72119661870062257  0.73157828700960692  0.74196592143664852
  0.75235087634784792  0.76272636276655326  0.77309661826797249  0.78347355186424250
  0.79385721730289538  0.80424054995416705  0.81462465531821393  0.82498743636922056
  0.83534083872854414  0.84570018713463735  0.85608514123606783  0.86647155904889783
  0.87683883340421120  0.88719602722976021  0.89756215671421669  0.90792610187573231
  0.91830242751398072  0.92867217043716310  0.93903769429886552  0.94940059663004506
  0.95977249994638469  0.97015296452153998  0.98051175838509497  1.00000000000000000
 -0.00222438662714219  0.00976919511940671  0.01993591768639481  0.03044570109378034
  0.04094438998549354  0.05147094249091614  0.06196864343776220  0.07248852553964391
  0.08302658947387262  0.09356144383350969  0.10406634294860161  0.11457140176444768
  0.12511043411790404  0.13568063374974457  0.14628270357662412  0.15687850895389865
  0.16745912280179756  0.17800598548899776  0.18855527005337464  0.19911701725495787
  0.20967625948078891  0.22021664733372734  0.23076604123202349  0.24128710366288894
  0.25181651185878207  0.26233615055540283  0.27286820027772823  0.28338066705269038
  0.29387769602579150  0.30436591097430848  0.31487962554262117  0.32540076578193178
  0.33594178258328772  0.34645541647037498  0.35698582019097008  0.36753666099014964
  0.37808506028362127  0.38859523283456004  0.39910632365913451  0.40965619011363685
  0.42022810881870465  0.43077978454888266  0.44131676077226306  0.45187831091554093
  0.46248248405368941  0.47307390185854897  0.48366476391279323  0.49422114963176111
  0.50481601048558322  0.51540193282958036  0.52601091172477610  0.53656857491386756
  0.54712716469274536  0.55764486321917750  0.56816670539123204  0.57869370700362988
  0.58925588249150596  0.59985373999962388  0.61045996591422702  0.62103273695105654
  0.63158962896501836  0.64211034683588852  0.65265046347538880  0.66321135501500328
  0.67375951994312300  0.68428102625088305  0.69477551058640186  0.70531383140245740
  0.71583884811993614  0.72636883334482938  0.73687483098004647  0.74740380043779298
  0.75792797751101026  0.76846089127975570  0.77895885958118716  0.78946315123417943
  0.79995792737539295  0.81050993271071825  0.82105344539221781  0.83160759201160328
  0.84212727935298926  0.85264242079149355  0.86318708953923151  0.87376082884623341
  0.88435265752490144  0.89492088431423333  0.90547809379820110  0.91602721877860860
  0.92657076323551646  0.93706023803467864  0.94750609271871544  0.95797962891950394
  0.96847439801636626  0.97900947448664777  0.98949530767577332  1.00000000000000000
 -0.00202626360508251  0.00990662330541640  0.02017778577219386  0.03071738796536480
  0.04123988731148280  0.05176602734916499  0.06232293359956485  0.07289309160970255
  0.08342776583656422  0.09395954298580073  0.10445800904183107  0.11498925305410378
  0.12553283801991114  0.13611536774731381  0.14672924832874829  0.15730590023948773
  0.16789195909456861  0.17847629772066662  0.18905577936507501  0.19964362862667046
  0.21020715631162573  0.22076089907415794  0.23133429588921170  0.24188017903570266
  0.25245077538568811  0.26298862027896935  0.27350142384987114  0.28399697928090145
  0.29452664428940883  0.30507703413545001  0.31563752583614074  0.32614697742624799
  0.33666458552140344  0.34715648615655015  0.35768591003968808  0.36819339875039803
  0.37874770997411006  0.38933136668309426  0.39993665298121517  0.41053184718034663
  0.42105835852361512  0.43161438516771089  0.44213743134176864  0.45268103344435612
  0.46321206601670334  0.47379721602350822  0.48436872645546103  0.49490822247841743
  0.50540897705665033  0.51589975399760013  0.52637681648160417  0.53685666895959017
  0.54734279154756527  0.55788617549639652  0.56841662164609719  0.57893090384883716
  0.58944039320485242  0.59994503687961442  0.61045844473099942  0.62094537978681208
  0.63146642906306361  0.64202476466637926  0.65257867014170123  0.66314984672804900
  0.67369407007424620  0.68425575353597723  0.69480757388478509  0.70537088288334637
  0.71591711422668636  0.72644405173276183  0.73692562369030046  0.74739791365123553
  0.75783054740217970  0.76828915669926046  0.77875486427956953  0.78926191615979480
  0.79976549130686758  0.81030596201600613  0.82083783325970161  0.83138770826719954
  0.84193054841529813  0.85248217374054003  0.86303760451136147  0.87356429016313242
  0.88408569134890580  0.89461255019951536  0.90517055614198305  0.91575132738182330
  0.92630777522515217  0.93684167543311225  0.94735833407327907  0.95788740405077355
  0.96841607540464403  0.97895331695784027  0.98947695972311323  1.00000000000000000
 -0.00242455080653193  0.00962525314048853  0.01980157393572284  0.03035656220028992
  0.04092982496939047  0.05153970529224280  0.06211627253875947  0.07265028870739394
  0.08316707593012872  0.09374107759756722  0.10435506848140998  0.11494198592016701
  0.12550064316387377  0.13603927333732291  0.14658038617402824  0.15711680979538201
  0.16760733536243233  0.17812701568502487  0.18865779712829012  0.19918528392678408
  0.20971971175150450  0.22020703853727200  0.23073904332969583  0.24125801304298564
  0.25183042838111236  0.26239207224748323  0.27294758856087697  0.28346889171646455
  0.29396543868565739  0.30448053333955682  0.31501865417787994  0.32554944199171038
  0.33607093958226081  0.34656303790417714  0.35709955379542607  0.36761888266764520
  0.37816255702068707  0.38866074137988821  0.39918055805696873  0.40970278145814776
  0.42023928360197144  0.43079487627935531  0.44130368869152792  0.45183582325947680
  0.46235844495432993  0.47290203092275968  0.48343615750133651  0.49393120577057931
  0.50444964780844581  0.51498034145868676  0.52554603498841601  0.53613768265652417
  0.54668026298622840  0.55720984823683462  0.56771801013620316  0.57826210605974337
  0.58882705210425179  0.59936787738559849  0.60992288884096257  0.62046544940537196
  0.63101558735833185  0.64157783788258682  0.65211837244231752  0.66268658576330741
  0.67321552623264702  0.68379248576334983  0.69432614911860335  0.70488870672525916
  0.71541014619231458  0.72595061517381387  0.73647133759118144  0.74701237834731993
  0.75756230709685091  0.76811210861895496  0.77866964879104994  0.78920653318793366
  0.79976841072449245  0.81032752036319478  0.82090420944061382  0.83147304904225061
  0.84203275180374204  0.85257727740728750  0.86309627795273658  0.87361699075445509
  0.88415259647341859  0.89468865150122701  0.90522750734737945  0.91577440161806067
  0.92631489979766413  0.93685316138654084  0.94735347849099472  0.95785585648477922
  0.96833148949211922  0.97884793328245068  0.98940621486738822  1.00000000000000000
 -0.00201142903675887  0.00994069560650018  0.02024404507290069  0.03074593181645466
  0.04129466264987854  0.05182560295545747  0.06239020893574031  0.07293288646705229
  0.08347820442257653  0.09402576517665071  0.10457390237780531  0.11509103899607249
  0.12557315183954373  0.13603698442239925  0.14651655720687395  0.15701260929061076
  0.16755846229110585  0.17808660480406033  0.18862260902287922  0.19910475207852599
  0.20960843243852659  0.22013517335147259  0.23069212784777554  0.24126083305795343
  0.25179457917387449  0.26232168417814178  0.27283417537656329  0.28337759161805809
  0.29389656701169070  0.30439513692470416  0.31486116596937708  0.32533306256611227
  0.33583915740163023  0.34635851188659128  0.35692796362044171  0.36747738656354051
  0.37803146468732263  0.38855336219643960  0.39908435343501508  0.40962289612459352
  0.42015276025750781  0.43071351324134383  0.44129791036580168  0.45189509259015997
  0.46245442431127126  0.47298208364933714  0.48352801246616084  0.49407463232026044
  0.50462422869027956  0.51513728267500003  0.52567261840090007  0.53622416915915538
  0.54676876560917986  0.55730138219647107  0.56780991215331578  0.57836105157391282
  0.58890215083809017  0.59943901461676563  0.60995871161893933  0.62049198779284731
  0.63103622319310881  0.64156105415690112  0.65211910038257426  0.66266965622893748
  0.67322069940294171  0.68377602889448375  0.69435533761992430  0.70490375230841362
  0.71544021029386606  0.72596307128718074  0.73656439809042407  0.74712330364323376
  0.75765718327644527  0.76815021881495271  0.77867165800514215  0.78918571179720820
  0.79973439241085731  0.81023461116568529  0.82076198393338162  0.83127468276450056
  0.84180198081016766  0.85232580491295240  0.86284159988660192  0.87339568597510031
  0.88397363369669280  0.89454193627970435  0.90507413687944782  0.91558480710391665
  0.92610495121219405  0.93663669884869882  0.94717186765759431  0.95768096443757733
  0.96820006563021765  0.97874859549378646  0.98936081009893906  1.00000000000000000
 -0.00160773064306933  0.00977507189281519  0.01993432099798787  0.03037752736070450
  0.04085314932921973  0.05135127623416763  0.06185561072376029  0.07235957550811306
  0.08285203572023085  0.09337193605541434  0.10387938629491374  0.11437940426574213
  0.12487179480395652  0.13539690062218357  0.14594735664767472  0.15653867709477581
  0.16709247166698238  0.17763488831127733  0.18813258241827049  0.19866567219359260
  0.20919656435227901  0.21975370506202563  0.23028952347060047  0.24084891917176182
  0.25141603990185246  0.26196898511439343  0.27249650872594011  0.28301371086640453
  0.29354452203055004  0.30406958542637663  0.31459359006261456  0.32513281313520509
  0.33565140840275426  0.34617715809489058  0.35667027816854241  0.36718650441554823
  0.37767349992974181  0.38819605406882507  0.39872047603724864  0.40926452914808886
  0.41981320932846311  0.43036547264193481  0.44088428986583417  0.45137993577111069
  0.46189293118031816  0.47243353829291046  0.48298551671868417  0.49351975599685455
  0.50409844915388669  0.51467445460137573  0.52529513894146163  0.53586400344996732
  0.54646201389713178  0.55701977928827573  0.56755160541642269  0.57807343525201604
  0.58864040145665408  0.59922058215519458  0.60975706556311815  0.62026654453211461
  0.63081064130040509  0.64141836132082453  0.65199162595330595  0.66256032182117375
  0.67307603542216710  0.68363702089037715  0.69417940727983118  0.70476040210064528
  0.71528852775066309  0.72584374008067798  0.73634516454851384  0.74684526599592593
  0.75737849685530467  0.76795484747057163  0.77855676336450863  0.78910124410318472
  0.79963796183821345  0.81016717140993366  0.82070922398654855  0.83123027625134382
  0.84174350361717309  0.85226168958390047  0.86282692156052576  0.87341948097105970
  0.88403353075030622  0.89463466655415946  0.90524326855038695  0.91584827263680035
  0.92642702850117598  0.93700780686578178  0.94756147315471839  0.95813161236192845
  0.96861418379239961  0.97909538807154306  0.98954244748503573  1.00000000000000000
 -0.00212754063977236  0.00996207769640428  0.02020002854570717  0.03074170873395913
  0.04134505820619379  0.05194361041049799  0.06250453275466154  0.07305953133258754
  0.08359377999276801  0.09415053260191011  0.10466167165977378  0.11516863726351034
  0.12566995505778741  0.13620895043044082  0.14673898905496197  0.15724197866880088
  0.16772506621769395  0.17823487777072922  0.18875529557446125  0.19925646679523382
  0.20976683770560239  0.22031038457181326  0.23085654039928974  0.24142049964094661
  0.25193611274464189  0.26245055770064774  0.27297324675989687  0.28350327530147329
  0.29404622430239663  0.30452852421797821  0.31504920928062274  0.32556588303845685
  0.33608735976008791  0.34658368880705243  0.35709455939471202  0.36764918222576798
  0.37822461575610555  0.38882174670926073  0.39936877509184404  0.40990121671121932
  0.42041781936173861  0.43096372273995920  0.44147328359953381  0.45206289992204107
  0.46264533274653930  0.47325390539438006  0.48379508670895977  0.49432029618330903
  0.50485752519774296  0.51533067378550124  0.52582710947842315  0.53629678767704436
  0.54681425246182558  0.55731156140022131  0.56783148194882860  0.57834938611559583
  0.58888014404966771  0.59939918352002186  0.60990565603211611  0.62043008106230491
  0.63092600287541789  0.64141660624731578  0.65192662370176235  0.66247381946018746
  0.67308177696541915  0.68369166690106442  0.69433041693226150  0.70494073848529648
  0.71551624378905732  0.72600531605194474  0.73649629356563862  0.74699590978860486
  0.75754576458177536  0.76804780680965579  0.77852809851698701  0.78902933322451496
  0.79955020900044182  0.81009747026937007  0.82065967881193691  0.83122124255367047
  0.84176343873955040  0.85227159471049196  0.86275866884634800  0.87326542186652467
  0.88377889526187769  0.89432180703507846  0.90483303579217034  0.91536066452156839
  0.92590690485818061  0.93648029204625283  0.94705177924013328  0.95766222583470073
  0.96827470447935016  0.97888397967340612  0.98944103220856827  1.00000000000000000
   3.7563171587023961E-023  -1.0000000000000000     
 F F F F F F F F F F F F F F F F F F F F F F F F F F F F F F F F F F F F F F F F F F F F F F F F F F F F F F F F F F F F F F F F F F F F F F F F F F F F F F F F F F F F F F F F F F F F F F F F F F F F F F F F F F F F F F F F F F F F F F F F F F F F F F F F
  <DiscreteSampler_grid>
  grouped_processes
  1 # 1 for a reference and 2 for a running grid.
  10 # Attribute 'min_bin_probing_points' of the grid.
  1 # Attribute 'grid_mode' of the grid. 1=='default',2=='initialization'
  0.0000000000000000 # Attribute 'small_contrib_threshold' of the grid.
  0.5000000000000000 # Attribute 'damping_power' of the grid.
 # binID   n_entries weight   weight_sqr   abs_weight
    10   10   8.841031343604005E-011   1.025101019467005E-020   8.841031343604005E-011
    11   10   8.841031343604004E-011   1.025101019467004E-020   8.841031343604004E-011
  </DiscreteSampler_grid>
