  0.01034895166013227  0.01088015348540095  0.01161042653922669  0.01257236950102213
  0.01375505508680415  0.01491057832532056  0.01618564517852101  0.01748798134600812
  0.01878724889593721  0.02007339873802481  0.02184443412520507  0.02377030223750571
  0.02581420093623254  0.02796641233843775  0.03032451636016208  0.03279524975963328
  0.03537805956362493  0.03806998061777573  0.04089638546759645  0.04397725681286972
  0.04760589831549567  0.05156383654534581  0.05571364458885210  0.06022572883788338
  0.06507850479952200  0.07017164204554803  0.07535589383810092  0.08069818363970178
  0.08628842275128347  0.09187750462589110  0.09738535921532149  0.10315055429718055
  0.10912368424475355  0.11563243124439548  0.12274621207326765  0.13050560036752537
  0.14010192483203049  0.15002237235493207  0.15898641989234796  0.16784052717114256
  0.17700753520829743  0.18753190643994902  0.19780187865941601  0.20684522758577420
  0.21481433834008976  0.22281748092611944  0.23040380429823601  0.23974848924474998
  0.25007643872674923  0.26263445843541422  0.27692146758588920  0.28955856953636888
  0.30135478829882317  0.31313011989909367  0.32581422307972729  0.34120393220225143
  0.35619695768880499  0.36814023975055571  0.37946796187232629  0.39119548514568764
  0.40298979913411992  0.41457056291458794  0.42676749827694677  0.44057992509404548
  0.45318458334878342  0.46617777366705315  0.47817079143726521  0.49075034278471386
  0.50439966014059390  0.51853808218292130  0.53238738985538425  0.54737024057831618
  0.56268553010866240  0.57785103981590524  0.59284105837280821  0.60868289295222544
  0.62466447336851971  0.63971232491134267  0.65335987297693587  0.66662388664572780
  0.68000446041607243  0.69370834889717070  0.70880513531494760  0.72627976531629823
  0.74431793401898039  0.75995617250339720  0.77495870105645226  0.79175209119022139
  0.81204043838954953  0.83389696307160932  0.85436960791374106  0.87583611515284943
  0.89857662226533175  0.92410256984488015  0.95701471175847985  1.00000000000000000
  0.01045751911243837  0.01058983753139517  0.01204025087255058  0.01354460041499846
  0.01522554944197762  0.01709765038546305  0.01921171371619198  0.02170571816396480
  0.02460171626091633  0.02791747023151918  0.03152780437583672  0.03546978213400813
  0.03986964705878482  0.04484245306634151  0.05030780685220625  0.05610083542020242
  0.06236506103739028  0.06870948871144698  0.07561961018453953  0.08301779434963998
  0.09098230873962593  0.09972853851775217  0.10827158575332817  0.11731161808725177
  0.12695518425801450  0.13793235314119778  0.15000996077550849  0.16268150594822836
  0.17504493625432371  0.18657485072537411  0.19804734818585357  0.21004957816698827
  0.22197221322830654  0.23331162211504869  0.24439942231598005  0.25542618393046074
  0.26683063001638108  0.27916412283057951  0.29194058366546710  0.30519571551792546
  0.31900003858127779  0.33099953724789472  0.34174637079918685  0.35144396746322992
  0.36139296337966886  0.37229374616937699  0.38434100647493591  0.39699950875525725
  0.40909012795040722  0.42076285817020981  0.43279278457671089  0.44771742194215253
  0.46457797871454598  0.48066242336824289  0.49557497205958639  0.51129335534579501
  0.52784206017741520  0.54287822657830997  0.55624452085767551  0.56932441305174630
  0.58078766041938745  0.59130452761925389  0.60220505320569606  0.61837887775526412
  0.63792628940030038  0.65508113090063302  0.67160633377012580  0.68634289273674909
  0.70168361144263902  0.71824412560221551  0.73400399197208877  0.74844877969840928
  0.76387694794799210  0.78088947635268735  0.79779619390128931  0.81464723191280664
  0.83311429417676564  0.84242493059398993  0.85049699841978732  0.85711077176117989
  0.86440440142242869  0.87103093717906688  0.87895067964294138  0.88698356742512907
  0.89454172844007540  0.90237966190540098  0.91085703157830133  0.92117335838928338
  0.93143859958692232  0.94008552776796794  0.94758075793038699  0.95351086902048365
  0.96015161818702233  0.97010517833256849  0.98733897336276610  1.00000000000000000
 -0.00067754435404948  0.00006143490742320  0.00014322119040246  0.00019393173330624
  0.00023970897474267  0.00028045324925086  0.00031534282915418  0.00034796883138416
  0.00037686542155728  0.00040328282736511  0.00042878476150936  0.00045417304689550
  0.00047819116401125  0.00050171031212094  0.00052503869071764  0.00054792420606101
  0.00057046160521669  0.00059245292515361  0.00061340148579221  0.00063301226916109
  0.00065177834497818  0.00067036683566939  0.00068869430224728  0.00070762059920298
  0.00072655625869536  0.00074547939936015  0.00076475170603026  0.00078373068803038
  0.00080156295249289  0.00081864288692132  0.00083605687027041  0.00085376988865754
  0.00087168871670345  0.00088966029843942  0.00090749196751135  0.00092520674864660
  0.00094280252638901  0.00096025477379938  0.00097735614065698  0.00099397244444503
  0.00101058702030252  0.00102724694337368  0.00104413219743472  0.00106095646690931
  0.00107701324556709  0.00109332831256646  0.00110964794328465  0.00112701682330964
  0.00114604986809037  0.00116507020667053  0.00118326384610749  0.00119962668010329
  0.00121442761712110  0.00123005013950528  0.00124584656290073  0.00126212997115388
  0.00127798105235839  0.00129170903719257  0.00130539336590917  0.00131871936996715
  0.00133268046317146  0.00134559026324021  0.00135822414115592  0.00137064419308812
  0.00138198518120422  0.00139424315988078  0.00140616732293133  0.00141789546388713
  0.00142970321038995  0.00144078731774281  0.00145189216358996  0.00146294732759972
  0.00147382508892399  0.00148505158484293  0.00149661140836497  0.00150835744591771
  0.00152000769912947  0.00153103224521431  0.00154172434114550  0.00155216273994425
  0.00156234355144835  0.00157365493875694  0.00158556066205602  0.00159913344870034
  0.00161315175064028  0.00162713766325908  0.00163927537577233  0.00164858551930005
  0.00165663966389498  0.00166389136080521  0.00167125875425632  0.00167964288893199
  0.00169433208643825  0.00169701722439310  0.00229488635097275  1.00000000000000000
 -0.00292692734856705  0.01282242014909995  0.02574210566646792  0.03837967637137768
  0.05029704515950235  0.05979623762576781  0.06917524961095180  0.07877548226832493
  0.08986330360382810  0.10198653094625125  0.11304782483515781  0.12343850837591810
  0.13343483817671170  0.14289013090648722  0.15192314399620335  0.16077137556592899
  0.16924784271503776  0.17813433211567831  0.18711169100794633  0.19659281146186450
  0.20656310051141000  0.21647453040753759  0.22636113193578389  0.23586788107742954
  0.24450064384128500  0.25197581601996399  0.26041964854365007  0.26851839613836731
  0.27758285515095155  0.28669966320029305  0.29671077255207196  0.30688444078982968
  0.31689593179175563  0.32721863207445517  0.33741204037267136  0.34842498136249112
  0.35879354090265031  0.37062384448513874  0.38253860094225539  0.39463473421780831
  0.40671726384940299  0.41872506525013764  0.43055128591035602  0.44189081063441976
  0.45240566889460671  0.46233996681280887  0.47152759339369010  0.48095565903657855
  0.49129481131549713  0.50175221322855934  0.51236143592794059  0.52119986701926846
  0.53005575304291630  0.53861521656740896  0.54696996428670075  0.55602193431250524
  0.56487539119079311  0.57497940683777027  0.58562103334877458  0.59749868573283238
  0.60995336166762582  0.62319992770697041  0.63549460106131850  0.64781018606111296
  0.65964356899246579  0.67039838705068755  0.68019489504719810  0.69033532417849575
  0.70122920196741934  0.71308671468803819  0.72623013237474032  0.74003620814176996
  0.75263644708672583  0.76371007899953280  0.77453519202583143  0.78568715628279795
  0.79665786042438536  0.80806358246282162  0.81987772133889403  0.83183620279379433
  0.84349497345580993  0.85456435698741740  0.86573343005948078  0.87630986737472238
  0.88622965733100467  0.89617017621653206  0.90584638630525749  0.91589667339062952
  0.92641383808886857  0.93820169673446119  0.94901496091951687  0.95899943482025707
  0.96913729910317759  0.97955165193376326  0.99027293606209188  1.00000000000000000
 -0.00251842656401617  0.00994883218792303  0.02066448359516237  0.03206001918316089
  0.04361522146369481  0.05536046497221245  0.06537098175231186  0.07503893284534696
  0.08520479090213839  0.09606786408994419  0.10709070353677641  0.11789392512131913
  0.12847858227552089  0.13960814266821009  0.15022581195117529  0.16054215769495861
  0.17006764713982692  0.17853841168354076  0.18712185776349763  0.19539531451670375
  0.20418241720480215  0.21302705439733982  0.22186316515723986  0.23140380253862261
  0.24211602125921461  0.25491106193628615  0.26747880636366539  0.27921384536004540
  0.28996216282514636  0.30013313542335363  0.31048077507969979  0.32136482807957528
  0.33246367079576561  0.34276879796466936  0.35191954265558745  0.36303197148879029
  0.37406384422165218  0.38585196290579404  0.39708596430192594  0.40789182693686582
  0.41867902396769935  0.42963663744913350  0.44242236638803328  0.45607849147688945
  0.46801733617219377  0.47843957057263764  0.48887168427203859  0.49968331634192131
  0.51022773833009283  0.52098636613931060  0.53220256573208602  0.54327238253439281
  0.55487433750133131  0.56698157169966890  0.57866751205931444  0.58906188592057840
  0.59806281375785653  0.60794506783173252  0.61743528603227826  0.62655207864785445
  0.63553628803439244  0.64546183460549678  0.65682125954514559  0.66795397458077899
  0.67872551640647838  0.68932954841962346  0.70105554822664162  0.71238664319758349
  0.72374775943845071  0.73491213498942276  0.74646867019598229  0.75812234922458899
  0.76945842310682966  0.77884176111559067  0.78809723612860250  0.79751622326606220
  0.80831832702561079  0.81980536423143335  0.82938608988932339  0.83894140769877923
  0.84902932428853373  0.86090748481645318  0.87343997330998324  0.88444990546930857
  0.89451618038947056  0.90410965075238370  0.91341548068774159  0.92283800343030797
  0.93272359219294676  0.94288624040756586  0.95260264701304365  0.96147417315386041
  0.97031123662194341  0.98031801753156511  0.99028732776041484  1.00000000000000000
 -0.00263559280276624  0.00986791636860883  0.02134643382203483  0.03147323669499729
  0.04168536284059796  0.05186864525243579  0.06211356518103262  0.07421853521825690
  0.08471313406249559  0.09400100675668625  0.10324438640778355  0.11249643182166227
  0.12225956252604847  0.13274477043666574  0.14323565534278371  0.15316529307045537
  0.16294550929515772  0.17254046366636841  0.18188318693938990  0.19127885626561048
  0.20118629764595952  0.21233663692487714  0.22506148908405479  0.23880933406975699
  0.25222485214132895  0.26538147998901651  0.27846904146468887  0.29269701523366509
  0.30437782947093694  0.31481149460639907  0.32391586829308650  0.33459000408511025
  0.34567559714776086  0.35624712416413773  0.36468423202092959  0.37294958863443350
  0.38199651473343449  0.39180706906034474  0.40227987330674336  0.41184679035316935
  0.42163334595762014  0.43177740626474304  0.44205650572288879  0.45340674641600670
  0.46507977177584381  0.47674181421146578  0.48738891465280804  0.49760284287226730
  0.50846085414088427  0.51939529879376090  0.52916453537090435  0.53866354231655156
  0.54819459239200763  0.55821840270922940  0.56882901531356544  0.57945998005752908
  0.59022176875970556  0.60112602128509407  0.61159060605183579  0.62180314199774334
  0.63192694250555004  0.64177353742683874  0.65197328742539540  0.66242598711985334
  0.67376146596015418  0.68506801456301702  0.69639997359224559  0.70750033014183011
  0.71834400138995635  0.72952830583553796  0.74142802134139729  0.75298086844675638
  0.76263384017648039  0.77196868497122095  0.78196692411324820  0.79307589675481727
  0.80558707314052447  0.81770892971344455  0.82808907870607373  0.83728276854677375
  0.84587970172054405  0.85459709333313005  0.86462289687772442  0.87440991149203018
  0.88408600041707763  0.89418798811276590  0.90538113407668763  0.91614283793845808
  0.92609646030011150  0.93618945306394241  0.94594026075462345  0.95846604480728925
  0.97022174755372492  0.98095278440653288  0.99048535418719919  1.00000000000000000
 -0.00248827065549005  0.01007318940690835  0.01991554987915225  0.02937739639126674
  0.03849583496416840  0.04812860125207727  0.05795296371002524  0.06770849289128276
  0.07820033633256730  0.08916469699652488  0.10069225559330618  0.11243775720409678
  0.12434906364564170  0.13666643140492121  0.14755951989626731  0.15809840292873545
  0.16807845353624662  0.17829750324619592  0.18922002205815966  0.20110499884484340
  0.21303157791557334  0.22485893295676823  0.23701416814844997  0.24863208839815731
  0.25912496996500695  0.26864766253809413  0.27823077901230731  0.28784565411262242
  0.29641666453936366  0.30560904663595118  0.31556848366679918  0.32736863295614688
  0.33942275808314298  0.35024418382159034  0.36056733316499262  0.37126175412088219
  0.38258325439355134  0.39450290650052372  0.40679763597552981  0.41931218808534204
  0.43079828873462594  0.44269397099079599  0.45439923436594842  0.46652063561481061
  0.47813992353400664  0.48840695455439836  0.49794337255357712  0.50721080441810562
  0.51648704073634488  0.52496971245099000  0.53290526965340024  0.54084699106960354
  0.54902535240852668  0.55831953553870384  0.56765727104239283  0.57787204008268322
  0.58854547943013880  0.59923080872583878  0.61029937095556386  0.62130143459271703
  0.63256225899449314  0.64437736773679466  0.65669055247515740  0.66821289104754900
  0.67894886166203505  0.68979042379551636  0.70047498986928969  0.71030757594527583
  0.71942809108128392  0.72847322325994901  0.73783930538918252  0.74728869376137552
  0.75647613365367594  0.76600053039411442  0.77616128562897169  0.78767571418654825
  0.79843778213690375  0.80862865768045722  0.81987955660634571  0.83133685802274204
  0.84282596759612449  0.85388192409351182  0.86418430802085744  0.87429088015320522
  0.88382105890201823  0.89418417462900379  0.90499671272113447  0.91573421487829898
  0.92716067303343364  0.93913768435390488  0.95120673073646822  0.96295784975234777
  0.97353946357784316  0.98292604380783488  0.99171336410121447  1.00000000000000000
 -0.00177707129705117  0.00996780454598139  0.02060320422795196  0.03145759559794768
  0.04224983624217879  0.05417766824887298  0.06707025644120515  0.07887351796423277
  0.09036926676672430  0.10227590689564349  0.11472590226064527  0.12667055427864266
  0.13801024988605251  0.14945372561296913  0.16090251240131667  0.17365905697351358
  0.18656803666111896  0.19745947653735746  0.20747638501651761  0.21652262631528879
  0.22571339671383889  0.23534471429243292  0.24508148680126951  0.25620248889664521
  0.26659914759473674  0.27697491806740998  0.28878127067853432  0.30232544778735243
  0.31582936894034019  0.32851393622650332  0.33996554605317364  0.35102291941916342
  0.36241868801714461  0.37324799707591105  0.38348853937198729  0.39312824162806242
  0.40295738269186676  0.41335399176731491  0.42351615688875927  0.43286594230118886
  0.44175467427751253  0.45107338734461699  0.46111912905103664  0.47171169028970933
  0.48181221833496191  0.49133528734868703  0.50107432322232326  0.51131200216342432
  0.52146086213878728  0.53130788256924455  0.54200681190533362  0.55304357968822382
  0.56354620765031149  0.57291144870439936  0.58217696264582386  0.59285870026735321
  0.60492810978591693  0.61740656132667715  0.62895406239044671  0.64054617850345974
  0.65098450931199436  0.66131117109493320  0.67168108541915394  0.68266565636860010
  0.69287660538591045  0.70301359708224009  0.71349444386633665  0.72436406815353171
  0.73428470577406080  0.74261129101286927  0.75127596983419875  0.76099785427268063
  0.77182858429751477  0.78320540374664394  0.79515362011035995  0.80694382766508332
  0.81816664226110858  0.82906530683671065  0.84060662003572728  0.85214148574119952
  0.86190840958565584  0.86918454017974311  0.87683694339893170  0.88455393825947037
  0.89255939988636279  0.90059001540243389  0.90827806383896836  0.91701873415869128
  0.92798316894355881  0.93945831678613367  0.95171198905475118  0.96259956656320944
  0.97292574034736012  0.98211799268490574  0.99108006872024934  1.00000000000000000
   2.0417728588012819E-022  -1.0000000000000000     
 F F F F F F F F F F F F F F F F F F F F F F F F F F F F F F F F F F F F F F F F F F F F F F F F F F F F F F F F F F F F F F F F F F F F F F F F F F F F F F F F F F F F F F F F F F F F F F F F F F F F F F F F F F F F F F F F F F F F F F F F F F F F F F F F
  <DiscreteSampler_grid>
  grouped_processes
  1 # 1 for a reference and 2 for a running grid.
  10 # Attribute 'min_bin_probing_points' of the grid.
  1 # Attribute 'grid_mode' of the grid. 1=='default',2=='initialization'
  0.0000000000000000 # Attribute 'small_contrib_threshold' of the grid.
  0.5000000000000000 # Attribute 'damping_power' of the grid.
 # binID   n_entries weight   weight_sqr   abs_weight
    10   10   1.023473360813738E-012   2.270755378239131E-024   1.023473360813738E-012
    11   10   1.023473360813744E-012   2.270755378239147E-024   1.023473360813744E-012
  </DiscreteSampler_grid>
