  0.00959696684280605  0.01569211066073397  0.02485041493954024  0.03562541236068081
  0.04596988771458758  0.05634796953719758  0.06673164930116840  0.07714527465129579
  0.08756579046795435  0.09798371953246193  0.10836723342668379  0.11874279891531538
  0.12914170909084777  0.13955737700499854  0.14996825666228650  0.16033283284643801
  0.17067875576679678  0.18101997063624184  0.19139745469026875  0.20180979279447223
  0.21223754530172045  0.22266587522969486  0.23306000862054263  0.24344343551371544
  0.25381325624230139  0.26417708184295957  0.27447536632982095  0.28478410418178196
  0.29512972833332657  0.30551522326304548  0.31589878819828110  0.32624947430925955
  0.33657919334112363  0.34690187998484889  0.35724227310655537  0.36762670628648508
  0.37797985489659880  0.38830989970071983  0.39862671270357686  0.40899651443232971
  0.41939260240576487  0.42981377389251674  0.44022632356357688  0.45061278712618424
  0.46098291911903805  0.47137594424088036  0.48180253163892972  0.49224053796852824
  0.50265442266043758  0.51304822904653402  0.52343374969711887  0.53382358259718421
  0.54423439208407320  0.55465413797141905  0.56504851442345272  0.57540834661237994
  0.58575610372547138  0.59610968085263694  0.60648316797381230  0.61685592234227615
  0.62722573451877717  0.63759425844711937  0.64797398515369631  0.65838821210714493
  0.66882187763980594  0.67925434863004097  0.68967158761180525  0.70006674195581031
  0.71044823038291527  0.72083603196852408  0.73123002920700464  0.74164134617250044
  0.75203488612991476  0.76243280525634705  0.77280627743973496  0.78317752654288986
  0.79353876290803649  0.80390236457135156  0.81428100830692485  0.82466397422785276
  0.83504506665548617  0.84543212379377464  0.85586210673952812  0.86634038793791646
  0.87677650130551910  0.88716610833657605  0.89750059441967667  0.90784549261694847
  0.91818911751323562  0.92855980224546708  0.93894968722283412  0.94934565688336559
  0.95973649990477761  0.97012568255788112  0.98050135108348335  1.00000000000000000
  0.00949315783502233  0.01583578347096865  0.02496035964349472  0.03578438688573491
  0.04617107015380831  0.05660225486108700  0.06703213801307951  0.07744327645175192
  0.08784177165388711  0.09822086442929123  0.10860896143269039  0.11899054211126978
  0.12936452490170389  0.13974300539103598  0.15012787825013360  0.16053474798997205
  0.17093069347078760  0.18131244365102650  0.19170049913884699  0.20205487124493549
  0.21241837030381081  0.22278382694631932  0.23319558959806191  0.24359518068290417
  0.25397199877623650  0.26431211896316603  0.27464861872879237  0.28497331365635831
  0.29530724451768536  0.30568009162691873  0.31606481720244795  0.32645818037516000
  0.33681364241713552  0.34718745007256291  0.35757436028738071  0.36795896335603995
  0.37834167082853665  0.38871110805130427  0.39906626874900525  0.40940711525398849
  0.41977645364666827  0.43018240214186360  0.44058257158862563  0.45096051956370942
  0.46131334701368387  0.47167054824073756  0.48202018690255666  0.49237031538740811
  0.50272506220589308  0.51308974530348250  0.52345856135950175  0.53382322302560570
  0.54417212188435249  0.55453566270071386  0.56492780721542235  0.57535071680956984
  0.58577772423771601  0.59618385536951035  0.60658554254646047  0.61698579409658150
  0.62739650163680061  0.63780394333887336  0.64820119462651982  0.65861275212214987
  0.66903167558204379  0.67944844694296291  0.68984916754647163  0.70024866587151213
  0.71066479793687143  0.72107959291641976  0.73146439060462531  0.74184155693459031
  0.75222723612593911  0.76263689396013723  0.77305254907742849  0.78344642310578139
  0.79385240114977174  0.80425479832645963  0.81466935256036488  0.82505867281918555
  0.83545103223799300  0.84583664819841686  0.85621894945364774  0.86659225565091957
  0.87696423747647967  0.88731880176045641  0.89765798071875902  0.90797225220273980
  0.91831318958195685  0.92865592619029691  0.93905386807956615  0.94946014261504252
  0.95984935117110459  0.97019021731431354  0.98050570749776766  1.00000000000000000
 -0.00249424114552000  0.00953009721496981  0.01970747198253737  0.03029204451874708
  0.04086962308655944  0.05144518296995874  0.06197582890525345  0.07252198437687388
  0.08302542798214636  0.09353271089233064  0.10402954207644499  0.11451965554188798
  0.12499452108999963  0.13546282669335080  0.14597462214974247  0.15650395706436232
  0.16706540385864496  0.17761690854839030  0.18820118316452741  0.19879781245806502
  0.20936539344374200  0.21987979480138994  0.23036728377211582  0.24087291611446252
  0.25139900985737051  0.26190228818940858  0.27242893191132850  0.28298254704983777
  0.29357352804329712  0.30415628494759567  0.31469989991537473  0.32519459750932228
  0.33570573905057688  0.34620081304933503  0.35673641222042701  0.36724782264018602
  0.37775417640328501  0.38825516404165938  0.39875552878913240  0.40931722820100402
  0.41988441315310193  0.43044003106103385  0.44097944096074015  0.45145092910561690
  0.46197426892387372  0.47249844203909991  0.48308494140476677  0.49366357415650053
  0.50425579056249326  0.51487694512915549  0.52546359116146790  0.53604587032081663
  0.54659809568487472  0.55715873856911524  0.56769559214699239  0.57824309188490008
  0.58879116236944462  0.59933017170180258  0.60986212264297479  0.62040069483975646
  0.63096763317464821  0.64153017982751748  0.65207957347584899  0.66262454733876841
  0.67318559514293630  0.68373551164762714  0.69425931832097720  0.70478673619306653
  0.71534443775118128  0.72593797509334690  0.73649706335391829  0.74706148289350138
  0.75760705925099514  0.76817124874830711  0.77871498572277242  0.78926847595548955
  0.79979160327901755  0.81032343166363874  0.82084852248061968  0.83137163482931553
  0.84188042495262638  0.85241650046444473  0.86298957660551379  0.87358830388347686
  0.88417594822043832  0.89476245260983045  0.90533295266333025  0.91587924041594715
  0.92639965305736260  0.93690548220574221  0.94740731356769903  0.95796031682145388
  0.96848837302421242  0.97906543047261230  0.98955636863833174  1.00000000000000000
 -0.00212955869750357  0.00960463764601127  0.01976243900717534  0.03025834820738205
  0.04088482966372931  0.05149056524023385  0.06208669610884866  0.07262185264791145
  0.08313875627381795  0.09364641441916083  0.10414857375877443  0.11467176682358632
  0.12526150585877413  0.13584940627924028  0.14639906049980347  0.15697570576734901
  0.16754837949840456  0.17813384546487626  0.18868107581661686  0.19923349495236373
  0.20984964777029572  0.22041426301027878  0.23097158727398365  0.24151064920475646
  0.25210474958463408  0.26264771998291730  0.27318306180443436  0.28365827574575259
  0.29415881965038743  0.30460631118840353  0.31509731114138079  0.32559018137193901
  0.33615622235249981  0.34669425025180872  0.35721341475559004  0.36769609760732952
  0.37823489921901038  0.38879611427931587  0.39940533258329142  0.41000179960593314
  0.42061473067707789  0.43116126284988560  0.44167473016407971  0.45217278007596451
  0.46272329469067258  0.47328147577969126  0.48383397181334370  0.49433788372749415
  0.50485009778970791  0.51534137262649538  0.52583315162912803  0.53628716230741191
  0.54678522427891241  0.55728441857020949  0.56779277804070849  0.57830699373045691
  0.58884307481545928  0.59936663844717686  0.60986275510637866  0.62037036589742467
  0.63092468081300523  0.64145041452487195  0.65198147891998914  0.66248284954031356
  0.67298900929712790  0.68351964790735631  0.69411832372336268  0.70478710741548389
  0.71539741873182239  0.72594245547180281  0.73642654453652545  0.74696192548242279
  0.75752979357466987  0.76809410172393044  0.77862263875379756  0.78912802741014454
  0.79971842634919243  0.81025612904515942  0.82079768977458634  0.83125489756074911
  0.84175976733270308  0.85230259501886130  0.86289431870640254  0.87347821570085094
  0.88404495106901715  0.89457339915803169  0.90512176616336038  0.91562640880519797
  0.92616898965179340  0.93671029041062115  0.94724728993389506  0.95777132489887717
  0.96828872399675148  0.97882671551237654  0.98940454682316692  1.00000000000000000
 -0.00229636076321803  0.00973261898343219  0.01994526639700774  0.03049982945374544
  0.04102500521261294  0.05157157070057410  0.06207491660696100  0.07258638153454870
  0.08307277049516217  0.09355354109775224  0.10402508955182782  0.11453555353400863
  0.12508026179818907  0.13564820596345453  0.14618264976807138  0.15671408375473755
  0.16721464750708717  0.17770477541983865  0.18815966007031965  0.19868023196187684
  0.20926112681728729  0.21984341057251677  0.23041927176730909  0.24096365993473892
  0.25154325270619354  0.26209180359888384  0.27261933505019537  0.28316174206909794
  0.29369242102167908  0.30423200285518476  0.31473536931461410  0.32527851845481620
  0.33579634973426825  0.34631921705377222  0.35682380291454230  0.36734829504359118
  0.37786885188187391  0.38841871617311841  0.39895628050095178  0.40954471192770331
  0.42009964612251532  0.43067948586605753  0.44114148739787901  0.45161475289750835
  0.46212174889275948  0.47265530495955027  0.48318300290109678  0.49367898837549151
  0.50424546040883123  0.51476813399564081  0.52531949851442250  0.53586214922605158
  0.54644527984799718  0.55702402801994788  0.56757584297014241  0.57814269904527960
  0.58874303096721248  0.59934782116222241  0.61000030861534360  0.62056622510112758
  0.63116222502352293  0.64168596550832646  0.65229641936437710  0.66290256488338484
  0.67353565194476339  0.68407347850977396  0.69458113532191434  0.70508811031062768
  0.71561815667086048  0.72614999391130108  0.73667344721297046  0.74719487146513641
  0.75771264746682954  0.76820094978133280  0.77869806853687717  0.78921645122276840
  0.79975550205294421  0.81031130320459077  0.82089471373604195  0.83138942675108740
  0.84189044546255631  0.85236956227682981  0.86296427204954562  0.87353425375575999
  0.88409054105771834  0.89461614594390437  0.90515039243742024  0.91570933844585678
  0.92629566063806790  0.93691310600914601  0.94751132140237626  0.95807321440120075
  0.96854635690410174  0.97903098669923383  0.98951511924998070  1.00000000000000000
 -0.00253028170103158  0.00963250019435373  0.01981590763650596  0.03031562291728763
  0.04083121592155743  0.05138564123445011  0.06191326971129469  0.07246583868754486
  0.08297420308015409  0.09347340123677157  0.10396640036794520  0.11448569386914327
  0.12501173054356834  0.13556440269767653  0.14610679496551279  0.15665309019522919
  0.16715739120285825  0.17766668937990393  0.18819226216727147  0.19872405971481727
  0.20932290545713148  0.21990485484479674  0.23049433928223745  0.24104881458791344
  0.25160869102506905  0.26215953769811834  0.27269589666124405  0.28321157468980335
  0.29373462266540357  0.30426770354286720  0.31481361104833072  0.32535430450113850
  0.33588383584914122  0.34641468705330380  0.35694951113913093  0.36744322893597497
  0.37791295389971885  0.38836480224526132  0.39888366782711671  0.40940302615996677
  0.41991336884005415  0.43037858570817228  0.44088250437842091  0.45142223923716118
  0.46197502996892320  0.47254972323930816  0.48311352188067291  0.49366690668839946
  0.50418340366389236  0.51472452409298852  0.52528790374843737  0.53583603038058325
  0.54635623475223349  0.55689529045492847  0.56750239398245805  0.57812092978688745
  0.58869997026047050  0.59921703697965345  0.60977067736477875  0.62031623152522242
  0.63084668497919649  0.64134339643956706  0.65185092080318774  0.66242016493515099
  0.67299635297419680  0.68357149730198075  0.69411387607453567  0.70462837759631081
  0.71515836007614375  0.72569457476226007  0.73622688168827921  0.74674712630879903
  0.75726753007699021  0.76778267732332584  0.77832627007964650  0.78887527520876188
  0.79942235435649656  0.80999440916039911  0.82057351948365154  0.83118646354826276
  0.84169622053040449  0.85219530173968350  0.86272048696212478  0.87329035612765582
  0.88383305648164134  0.89435557244485187  0.90491501576339939  0.91549558851650414
  0.92607126279358143  0.93661336883617363  0.94720488641629830  0.95778773721023536
  0.96838735012784671  0.97890152652476770  0.98945634496501167  1.00000000000000000
 -0.00226883255652125  0.01004600364630909  0.02037011191222112  0.03094620169449893
  0.04155336169886426  0.05213284437171017  0.06266849939513593  0.07321875512603633
  0.08377206540902006  0.09437208204210640  0.10488814972065791  0.11540785762181036
  0.12588220810139172  0.13645828301661195  0.14702367266945648  0.15757759273259256
  0.16811733435009915  0.17869513524480629  0.18928270117070869  0.19986118117298954
  0.21040427660491348  0.22097945877036571  0.23152510757391712  0.24203407097627880
  0.25253528241739809  0.26304391040628577  0.27359754458848951  0.28411541921003097
  0.29462586654952783  0.30511668731279373  0.31566161654942515  0.32623381934603940
  0.33681012425241502  0.34732831471440484  0.35779451793228861  0.36828036438274880
  0.37881585554841546  0.38937018521300454  0.39993650603971687  0.41048499323072396
  0.42105525945832473  0.43160778768444685  0.44215992108484897  0.45272696277258456
  0.46333032266419588  0.47398856805208661  0.48466334889297347  0.49530578507095840
  0.50588895158596603  0.51642297436011819  0.52697389920001236  0.53750843479273935
  0.54803663789377854  0.55852572984344817  0.56900073512781979  0.57949995508345431
  0.58999664208421554  0.60047042047458388  0.61089916281299672  0.62135835596894495
  0.63181797882817370  0.64230989460801158  0.65278600924561514  0.66331044834928132
  0.67384147307370867  0.68431086411162412  0.69480095857675006  0.70532416717402580
  0.71585392195034403  0.72638011087905563  0.73686234186796840  0.74739739845788111
  0.75793333620107384  0.76850505142151460  0.77906484670292209  0.78962638256828477
  0.80010886950117865  0.81060829096865272  0.82107956165137042  0.83157954377923671
  0.84214754388710533  0.85271153853129422  0.86327299610045882  0.87378788210762570
  0.88431988994621691  0.89489278874020828  0.90541308092941097  0.91593850003454735
  0.92642207238929397  0.93695008862825346  0.94747691855110006  0.95801095849862017
  0.96850982468783497  0.97900253845310825  0.98950179391568960  1.00000000000000000
 -0.00245206137653234  0.00952007731709384  0.01966951250024097  0.03010867005148144
  0.04059482042074257  0.05111140294768637  0.06165638201297772  0.07218351677089185
  0.08266618103973546  0.09314510664741417  0.10363048686949133  0.11413833306479672
  0.12465950917525855  0.13520781694741271  0.14573715357578235  0.15628022269352765
  0.16678319188089347  0.17730523357700623  0.18784407837101058  0.19839254229877570
  0.20894199655087772  0.21950541265949766  0.23008411360622757  0.24064499561138636
  0.25117050033561267  0.26167921429541996  0.27217921715970966  0.28268836665789093
  0.29325566467133091  0.30383524273253687  0.31444099126227720  0.32500585565189327
  0.33556250264167992  0.34610230813980869  0.35664908802201006  0.36721659249583039
  0.37775896285299904  0.38828730045735382  0.39884219565851192  0.40938484284096888
  0.41995291094777348  0.43052350899992925  0.44113183939128964  0.45174407330475552
  0.46236366476519475  0.47295004871342095  0.48350911320974693  0.49403167720424418
  0.50453980295257184  0.51509575033904520  0.52567152226760638  0.53629554981044258
  0.54690249776976596  0.55742979715008978  0.56796592294286830  0.57850163250180187
  0.58909397849283718  0.59967592901137434  0.61025397360179345  0.62087015102821475
  0.63147905670274884  0.64209507991318848  0.65265461729745977  0.66319561268165039
  0.67369274456748496  0.68422011929210647  0.69472771108483811  0.70527339694403490
  0.71579786083788766  0.72636549370812231  0.73691057575179342  0.74745916697913872
  0.75795005345165178  0.76843768902676035  0.77892874000342183  0.78943961488360492
  0.79996710512835045  0.81047349708078142  0.82099836606996557  0.83151740233061877
  0.84207509332325103  0.85263106638660635  0.86319616630790597  0.87373517423725267
  0.88430611343221421  0.89484450218495504  0.90539591497865768  0.91590052190843274
  0.92639069687529574  0.93686499118997313  0.94735506935780900  0.95791979423125828
  0.96845341902962989  0.97898910523280480  0.98947712345496286  1.00000000000000000
   5.1836482038487186E-010  -1.0000000000000000     
 F F F F F F F F F F F F F F F F F F F F F F F F F F F F F F F F F F F F F F F F F F F F F F F F F F F F F F F F F F F F F F F F F F F F F F F F F F F F F F F F F F F F F F F F F F F F F F F F F F F F F F F F F F F F F F F F F F F F F F F F F F F F F F F F
  <DiscreteSampler_grid>
  grouped_processes
  1 # 1 for a reference and 2 for a running grid.
  10 # Attribute 'min_bin_probing_points' of the grid.
  1 # Attribute 'grid_mode' of the grid. 1=='default',2=='initialization'
  0.0000000000000000 # Attribute 'small_contrib_threshold' of the grid.
  0.5000000000000000 # Attribute 'damping_power' of the grid.
 # binID   n_entries weight   weight_sqr   abs_weight
    10   10   5.387889786085368E+006   6.396901306217448E+013   5.387889786085368E+006
    11   10   5.387889786085343E+006   6.396901306217434E+013   5.387889786085343E+006
  </DiscreteSampler_grid>
