  0.01032459821632020  0.01090005586427875  0.01379862484491800  0.01699244450020295
  0.02045390055932773  0.02453683495259692  0.02905304167608720  0.03374453715573109
  0.03858047435529444  0.04365422533561627  0.04899304825891683  0.05455130260659304
  0.06025665613412512  0.06632872114426658  0.07258063078900079  0.07885277563744279
  0.08532847131431096  0.09197855987811011  0.09875437871906789  0.10568911764656616
  0.11279859304471695  0.12002339599735992  0.12733013445871993  0.13475573407306579
  0.14223983354984354  0.14980291726377359  0.15739871525182547  0.16504231745027198
  0.17278883374425816  0.18064121188430904  0.18862187211520379  0.19680697050341148
  0.20504612922362478  0.21336531807311279  0.22178700709028282  0.23023241262059654
  0.23881763467807071  0.24740448821048056  0.25603470399171208  0.26479242952997212
  0.27370075600932092  0.28270449330805436  0.29173168256547055  0.30083366614516105
  0.31001680370244339  0.31918712194589344  0.32827101739081255  0.33738421191955043
  0.34658551173301383  0.35591510743197502  0.36537970790084173  0.37497219194052894
  0.38475920151002513  0.39463114289860779  0.40453972428178314  0.41459075679466517
  0.42473073428308122  0.43493741789386142  0.44515825691157551  0.45534545293012268
  0.46548513545976355  0.47551016168377419  0.48565179462325575  0.49592508252275241
  0.50637973661592794  0.51687355387379885  0.52762235972495408  0.53872127713596862
  0.55000481900363851  0.56135351242740639  0.57261555022057109  0.58371078321787173
  0.59466864349805937  0.60563018084938236  0.61679355535062419  0.62818961917426130
  0.63983273035171095  0.65163739650823993  0.66380188529605855  0.67648190252290397
  0.68957012044607724  0.70271399216294628  0.71592544881127018  0.72939574623720105
  0.74298367763550488  0.75722563102297047  0.77191255789040047  0.78776060640407197
  0.80470161203889190  0.82248375177047861  0.84101211010846122  0.86089329266104353
  0.88320915293609981  0.91064500609870136  0.94618394212399282  1.00000000000000000
  0.00983702885726261  0.01264954905026372  0.01772516887036119  0.02406852435294538
  0.03116009348440286  0.03865683123807475  0.04647404004146109  0.05452064060331856
  0.06271933939412729  0.07109181980985911  0.07957216241809631  0.08804247442130220
  0.09665694372704826  0.10547606545802329  0.11456548182425433  0.12384714999394018
  0.13331862849224999  0.14291584896043200  0.15263652738543840  0.16245631917747788
  0.17226615250493713  0.18209297602321384  0.19188408406561791  0.20171707660086124
  0.21162899572515503  0.22164303445148983  0.23165285654999093  0.24151238531897409
  0.25123932367938734  0.26098049232138137  0.27089155777076729  0.28096867594288261
  0.29116714648590730  0.30147106900107412  0.31180448264338861  0.32214784107240124
  0.33251051591184222  0.34295639972202258  0.35349744762955576  0.36399790567858675
  0.37454426589259887  0.38516005386460134  0.39584408549095740  0.40658829083238257
  0.41742401680802216  0.42841677971827780  0.43928644874972678  0.44991639077259843
  0.46057985234135557  0.47131630365095406  0.48202457519871283  0.49268562955006928
  0.50334755676774345  0.51404219061745482  0.52490175566044917  0.53598413366836739
  0.54716719004730541  0.55809852785111014  0.56931869692573100  0.58084842201318110
  0.59268245752397308  0.60450622394371167  0.61641096326550637  0.62797354401545247
  0.63912019197907721  0.65017973329621281  0.66137239980750873  0.67251718396317106
  0.68355337363507329  0.69460596831551391  0.70584284735634495  0.71723980001365251
  0.72893630857520575  0.74117249580541744  0.75361377921092465  0.76615118581539576
  0.77877747680078202  0.79130726041893973  0.80341575182718683  0.81544787053666767
  0.82728024286353774  0.83871916013264747  0.84960754518256332  0.86064349553679420
  0.87113589578845474  0.88138496379242759  0.89104797321864537  0.90015573613308308
  0.90905051823188132  0.91841958410246116  0.92823037089675953  0.93811465632984770
  0.94717949208529451  0.95769782008600168  0.96525536277962087  1.00000000000000000
 -0.00222336767669897  0.00949921229080405  0.01945041062736209  0.02990189932173623
  0.04038825000302786  0.05087918304780840  0.06146843556986112  0.07227758312306642
  0.08285338162989905  0.09312858336876066  0.10322281083041976  0.11342006889582133
  0.12375895605588209  0.13415878359089348  0.14464586777035712  0.15523330232935736
  0.16586151095282958  0.17660869411341940  0.18726853471939323  0.19817470756462618
  0.20899145822124704  0.21976903609154280  0.23051669063148034  0.24111533209390751
  0.25166403456384839  0.26210225290522166  0.27250308037824511  0.28282972998992034
  0.29321997648746989  0.30371279432220877  0.31426270463660771  0.32485502682096218
  0.33543894777748834  0.34641961884731409  0.35738488749436642  0.36848509459378465
  0.37931303106000486  0.39023070770075657  0.40125263199403649  0.41210123526804637
  0.42289522540029223  0.43351395353749206  0.44415360492166461  0.45466900161198581
  0.46534089079614044  0.47622439375347558  0.48675877580026300  0.49712828349348170
  0.50768942991279975  0.51815557663121425  0.52862911550902236  0.53896718961707912
  0.54943329993224144  0.55980960677851399  0.57021438503258581  0.58078699316931615
  0.59137575655166397  0.60205945987763276  0.61295524511989807  0.62387072231832064
  0.63467875960771636  0.64571899579500613  0.65688306046188338  0.66779822297858060
  0.67814080605158489  0.68850705469274331  0.69864133548774565  0.70886614247110402
  0.71916846323554018  0.72950034514813122  0.73970882753956313  0.74983726696406949
  0.76010233056899390  0.77009100176267720  0.78027622083643910  0.79046837291393302
  0.80125569789473150  0.81228998084597026  0.82339517460718836  0.83452552455983542
  0.84533791106144973  0.85591606983197133  0.86594490106243571  0.87608226295259350
  0.88632203671057253  0.89643669241492741  0.90627902915785707  0.91616792547143178
  0.92637951613095504  0.93679520878051115  0.94750434957409146  0.95798782141039840
  0.96836869456458952  0.97875904966494109  0.98933033595246345  1.00000000000000000
 -0.00210240264423079  0.00923872183203583  0.01933709040202388  0.02985279696144255
  0.04051568911043223  0.05104042861636333  0.06156172547032581  0.07242076549738584
  0.08323124226721831  0.09388159734755919  0.10467913204485753  0.11564006499457859
  0.12662790594966414  0.13753420033447503  0.14822885269026023  0.15885173625950694
  0.16939988165636563  0.18006929687028658  0.19063977658221662  0.20097977333022665
  0.21140922692596525  0.22189629484837417  0.23234257230322330  0.24265710233965904
  0.25306177751854753  0.26362518249806505  0.27418107803807995  0.28440876579621754
  0.29463429436186411  0.30490024186533410  0.31520234585523871  0.32575925108466391
  0.33597971624655154  0.34665899879569329  0.35717310233668365  0.36768609418534914
  0.37788307046026209  0.38811469946075722  0.39842436369236239  0.40869102790940381
  0.41897313539047865  0.42948439733810639  0.44022068846972162  0.45111084529811613
  0.46177474879383096  0.47236052906676546  0.48296931854270914  0.49373060054046042
  0.50454682432003850  0.51561948166416927  0.52691887408338067  0.53809225338060307
  0.54887262514099977  0.55951045906855112  0.57016068664983677  0.58056839851743380
  0.59077823375832894  0.60113728885401962  0.61130660277870574  0.62153993748859615
  0.63149015568387434  0.64169954791514006  0.65173821128059173  0.66195465881998516
  0.67231523701051321  0.68294244748657695  0.69333922876063137  0.70391338542137893
  0.71440328141806386  0.72516939537510849  0.73572253559873846  0.74640492749711562
  0.75688867548008232  0.76715059572131117  0.77768740934020264  0.78830262226877035
  0.79912313997754247  0.80963187013166016  0.82022422461258593  0.83083863115574852
  0.84150429030123086  0.85224467366641765  0.86291506105557902  0.87363204173564279
  0.88429629636321183  0.89501148799313490  0.90553752919269193  0.91592855520640859
  0.92643557296195278  0.93683440443697874  0.94728559197250406  0.95757602186421853
  0.96822432817583137  0.97881932941877736  0.98942233010979219  1.00000000000000000
 -0.00253779298250633  0.01004023062005568  0.02089445427715858  0.03175888995645586
  0.04287287847241335  0.05379906212234976  0.06449397476022309  0.07501244248973378
  0.08546379160654331  0.09624987221636662  0.10665214437398701  0.11713388042463338
  0.12728636555331643  0.13757040987576735  0.14788493984080556  0.15833375089222881
  0.16869136049338385  0.17887757407665825  0.18898928858031663  0.19929508736383575
  0.20956287684030481  0.21979724989469401  0.23007511363179270  0.24083448318296286
  0.25185310223736185  0.26278613345071061  0.27358883453527033  0.28411965412946816
  0.29431464936913282  0.30442740322329748  0.31456669563978251  0.32504097299030699
  0.33537956522774182  0.34581021770219700  0.35604001850025774  0.36637071701518970
  0.37671746842844456  0.38701465538276436  0.39741795488971104  0.40786462780908417
  0.41842439528744546  0.42908705438066014  0.43946974732659072  0.44980073641170920
  0.45982884075301628  0.46979697982580998  0.47982097204898294  0.49003685478992270
  0.50032757413660978  0.51058412112917628  0.52080008549751466  0.53126398118709495
  0.54184599024781843  0.55239294574427555  0.56290313069495101  0.57332323226830262
  0.58373585445095599  0.59415200921856914  0.60449530377974758  0.61494192578397688
  0.62555016148334219  0.63621638434832761  0.64678118585205790  0.65718471465991635
  0.66750843802879811  0.67793653052319092  0.68831319510239275  0.69895644688261860
  0.70955634431679371  0.72016915092996792  0.73062881811570091  0.74099865912529372
  0.75143838887583847  0.76182596210359721  0.77232767135164404  0.78252533727599194
  0.79300313472889605  0.80353128987743061  0.81410781651339414  0.82446236579887089
  0.83467583127895573  0.84509967533498964  0.85549874943213911  0.86655129481745186
  0.87756152141537080  0.88874919141287201  0.89990483769266050  0.91140411915701447
  0.92272917341815142  0.93373255790896348  0.94493171352042105  0.95588938247803146
  0.96708086455243747  0.97817238047694677  0.98916730836213818  1.00000000000000000
 -0.00211478839640674  0.00988728421921328  0.02024676114437476  0.03065139429331668
  0.04088551931009241  0.05118207455988267  0.06157352898239817  0.07236159914674023
  0.08325357005892314  0.09417855431803653  0.10487461248362227  0.11519616398195284
  0.12541783820879063  0.13558442568399462  0.14590594453993119  0.15659079332215498
  0.16742275365151413  0.17799907254435196  0.18841633977005454  0.19876932549930698
  0.20928809073807270  0.22002965340956979  0.23068496004895400  0.24097395902432289
  0.25102732568074049  0.26100764420329009  0.27112225493486714  0.28108025902681161
  0.29115211560141041  0.30143773298518711  0.31190089120853914  0.32247239993189136
  0.33309420547861934  0.34386097078608258  0.35457371294120377  0.36535518913168297
  0.37567495720164978  0.38586717316185043  0.39607961073466241  0.40661759215871629
  0.41757389710366760  0.42838504780179637  0.43923854251937833  0.44988697220237100
  0.46086982517481417  0.47151683819744317  0.48212198404364454  0.49257825140879669
  0.50330055628141157  0.51414645598786035  0.52483478239099013  0.53539007172249431
  0.54572214869194202  0.55603562222562031  0.56641779109254764  0.57692817283029363
  0.58771039869031649  0.59840000524915238  0.60897876902123693  0.61958113539656789
  0.63025731627069981  0.64111062247992201  0.65181075745978123  0.66248871164150946
  0.67320361201569490  0.68386739458437384  0.69456581431710274  0.70510931104892272
  0.71561652307619206  0.72598568450091494  0.73684948502674186  0.74776048670121731
  0.75846637125165395  0.76875525406752077  0.77971041626415394  0.79085316402140593
  0.80169099180927650  0.81229397234126843  0.82262444306364402  0.83298756139653718
  0.84326085761248248  0.85368895041278225  0.86444918074346977  0.87481260311497866
  0.88514154112335219  0.89549235337316113  0.90601228423909963  0.91655183213192271
  0.92686090043211466  0.93718742013611811  0.94774794375519378  0.95821262145903274
  0.96893644779947063  0.97935369657418336  0.98979772932697319  1.00000000000000000
 -0.00211187153346451  0.00969714760560704  0.01983508091252639  0.03027154090572307
  0.04061779735515587  0.05082440049024946  0.06114382386748598  0.07137625737188071
  0.08166948896557347  0.09215613720474580  0.10286652933504008  0.11329544865851381
  0.12351325927171204  0.13392543179275915  0.14467775225932836  0.15551621103564917
  0.16627568701864276  0.17698935592442377  0.18780572245076760  0.19843398451773459
  0.20892625191700731  0.21937417675381282  0.22991251124112841  0.24048198236876475
  0.25115684547271755  0.26199616911190826  0.27302904159965624  0.28404082436462685
  0.29484474816247269  0.30545918760812374  0.31594405871133774  0.32646474289694438
  0.33707417861425404  0.34763602768280971  0.35802071527366297  0.36835043225459407
  0.37877069511694567  0.38938262981154598  0.39991081982809762  0.41037173551845874
  0.42078692260243628  0.43110217666906758  0.44135992509873362  0.45161413660477712
  0.46218787361633684  0.47304011455212241  0.48400628092242914  0.49458167639691247
  0.50488741357222089  0.51510263747300489  0.52534014495164194  0.53563357828098523
  0.54606626264065516  0.55650144046072325  0.56686332511421522  0.57711877932974998
  0.58738517067945539  0.59747992680408391  0.60742136416930381  0.61760306903078444
  0.62800920023654161  0.63884079233789837  0.64950796207579420  0.66020785790266534
  0.67076799166275847  0.68154636351925746  0.69232880383696094  0.70314471394618183
  0.71372108697003389  0.72436920453679232  0.73487873773730261  0.74540287520014703
  0.75599989716754556  0.76670706232338770  0.77732815747582718  0.78791693895886583
  0.79852041833702037  0.80924892721945985  0.81965056217007781  0.82984446410398349
  0.84004674047165995  0.85040232576073893  0.86094770135174858  0.87134708679423023
  0.88163033041509786  0.89196756559599377  0.90232572439461578  0.91296923507904026
  0.92354676380544543  0.93420515626827416  0.94488787500582316  0.95574554836418246
  0.96696480721014166  0.97820036130936561  0.98919505555749465  1.00000000000000000
 -0.00203871064310434  0.00911839238823227  0.01893756294996452  0.02938157059140712
  0.03998790985647989  0.05047209202990658  0.06073788015133467  0.07095057008593850
  0.08128460373635721  0.09164199664508521  0.10224676947287130  0.11271851613529484
  0.12341777340548424  0.13420969635561783  0.14504080501350725  0.15580173602354341
  0.16651856092349779  0.17757406443376250  0.18877207964462042  0.20003014800718236
  0.21104238443439671  0.22172782820308784  0.23211760659683064  0.24239114464777137
  0.25260634711603691  0.26299721183826197  0.27352813977354240  0.28414642385715622
  0.29458719371721886  0.30490253467746692  0.31514914188992843  0.32555674086481617
  0.33587574825101363  0.34628210305799606  0.35664018100397737  0.36713848907394386
  0.37766456558501793  0.38824775330692091  0.39882314395413404  0.40942431381935490
  0.42003780815416936  0.43063645123278166  0.44107291912786467  0.45139943510407976
  0.46157851156650065  0.47177163923927601  0.48201334795437256  0.49253717560811267
  0.50332287414875354  0.51430050172174835  0.52532135717263684  0.53651680408786540
  0.54749409292049700  0.55856662066340679  0.56920692761829383  0.57976073433096931
  0.59034519297435673  0.60111628084075053  0.61214282354278626  0.62302775998032345
  0.63390622655826845  0.64492651659116806  0.65584701420568381  0.66655617708121007
  0.67687680301304598  0.68704032305694840  0.69755522186728525  0.70804858025566242
  0.71823037916922294  0.72835403060596005  0.73872663137066541  0.74926864182058917
  0.75950526617353309  0.76982171500782048  0.78030116833846785  0.79073826549160275
  0.80093483510954766  0.81115133962943287  0.82144572873973043  0.83172922336853083
  0.84211020464246022  0.85250996339967466  0.86300998222225689  0.87350965482600240
  0.88403513314792193  0.89446243123882707  0.90475247084451826  0.91500916192049897
  0.92573002077407140  0.93645857971849833  0.94711104317079453  0.95782793625026985
  0.96858128610315786  0.97935141949162097  0.98962921876560073  1.00000000000000000
   5.4304203413584123E-026  -1.0000000000000000     
 F F F F F F F F F F F F F F F F F F F F F F F F F F F F F F F F F F F F F F F F F F F F F F F F F F F F F F F F F F F F F F F F F F F F F F F F F F F F F F F F F F F F F F F F F F F F F F F F F F F F F F F F F F F F F F F F F F F F F F F F F F F F F F F F
  <DiscreteSampler_grid>
  grouped_processes
  1 # 1 for a reference and 2 for a running grid.
  10 # Attribute 'min_bin_probing_points' of the grid.
  1 # Attribute 'grid_mode' of the grid. 1=='default',2=='initialization'
  0.0000000000000000 # Attribute 'small_contrib_threshold' of the grid.
  0.5000000000000000 # Attribute 'damping_power' of the grid.
 # binID   n_entries weight   weight_sqr   abs_weight
    10   10   2.016757457825049E-015   7.223923040049676E-030   2.016757457825049E-015
    11   10   2.016757457825047E-015   7.223923040049676E-030   2.016757457825047E-015
  </DiscreteSampler_grid>
