  0.00940596991338511  0.01636114464214641  0.02477665596452556  0.03534354813668859
  0.04541066895675567  0.05555993300741974  0.06575990249101753  0.07605986511247520
  0.08636410083869685  0.09667350364469281  0.10694803776727857  0.11723682517561761
  0.12756275500183903  0.13788129054945614  0.14818910794038867  0.15850896937638642
  0.16884229587397542  0.17918658988179403  0.18953624507639208  0.19987944480350514
  0.21020367521763328  0.22049291481337660  0.23079950692666260  0.24114144374941546
  0.25150599030728205  0.26185322378818882  0.27220364466308689  0.28255759063136199
  0.29291031639699672  0.30324380485046049  0.31355347014701374  0.32386572234429711
  0.33417323993993414  0.34450702570901659  0.35486768264787932  0.36523725972726812
  0.37558231505354894  0.38590762899050801  0.39625835994797037  0.40662564191662648
  0.41699867222644654  0.42737478370273396  0.43778502260059671  0.44821751746690014
  0.45866813313761517  0.46909605591367026  0.47950597398901024  0.48989468591710661
  0.50028527943422418  0.51067376188171243  0.52104068064209152  0.53139060569178398
  0.54172865092950062  0.55205874069219907  0.56241907992929263  0.57280670749361240
  0.58321252341413954  0.59361904891880179  0.60398735637816359  0.61434625348434180
  0.62472475656463755  0.63514497442336448  0.64557499156369780  0.65595510819069935
  0.66631020248240291  0.67666572385141766  0.68702106798997986  0.69737384204633945
  0.70777518005467421  0.71822507821134984  0.72864963248177939  0.73903373299772035
  0.74938260487532915  0.75977403875376559  0.77017981842006022  0.78059519812789724
  0.79097740980340214  0.80141823989578942  0.81187446998512480  0.82239733215236877
  0.83287590056455341  0.84333451019850947  0.85376797622389433  0.86420975131411537
  0.87463376935113524  0.88506427781316765  0.89547248369037447  0.90590143362888653
  0.91635073151374824  0.92683849113381234  0.93736913812337852  0.94792969810998062
  0.95851043693419302  0.96913263020020446  0.97986385614678728  1.00000000000000000
  0.00928036181735320  0.01722127704686309  0.02539931411900726  0.03615383447767185
  0.04643347589301610  0.05677806301359450  0.06713202578131780  0.07750200066985699
  0.08790429463883931  0.09833939467923440  0.10878358182364380  0.11923892997855633
  0.12968872615832230  0.14012864584676962  0.15055111042434746  0.16098394821003573
  0.17142958039711176  0.18187985945134849  0.19234594051454493  0.20282196691140225
  0.21331455449511488  0.22380937313399787  0.23429966255236709  0.24480814571940657
  0.25532950570043655  0.26582917308105086  0.27630698601689574  0.28678293337166733
  0.29726562663419287  0.30774860117186059  0.31823421898824700  0.32871358253122579
  0.33917592965066151  0.34962514557854285  0.36010046232158716  0.37059171835327881
  0.38106304692397519  0.39151768427874567  0.40197510733086839  0.41245432129708220
  0.42295028668835699  0.43344977173461302  0.44394832271878498  0.45444132533721976
  0.46492541455266129  0.47541680007211373  0.48592903643579444  0.49647218363717271
  0.50700915701279370  0.51752666462752128  0.52802389062857680  0.53852700128868658
  0.54903059292893241  0.55951752407453725  0.56999958842222032  0.58049322632294120
  0.59101366361562346  0.60153405415479011  0.61203044765309378  0.62251588929359047
  0.63299993354955375  0.64351431109032509  0.65403444587705328  0.66457675977642661
  0.67508734809782722  0.68559794967976528  0.69612055516438254  0.70666598180322682
  0.71721150449493842  0.72773269296320520  0.73825170570920184  0.74878222925076066
  0.75932123255820527  0.76986270453292616  0.78042698340439987  0.79099510347570023
  0.80152689870245442  0.81204221489013151  0.82258637082706776  0.83318277057162460
  0.84380115443865522  0.85436732414218508  0.86494812648586072  0.87548214252764522
  0.88606237164673651  0.89662769984702673  0.90721689814508133  0.91777250035159175
  0.92834085727953874  0.93890274924356520  0.94951325387808860  0.96010546038160349
  0.97056190956373145  0.98048079695573731  0.99138161213866327  1.00000000000000000
 -0.00236954995954460  0.00944958406497943  0.01957243452013788  0.03009579430826360
  0.04062359010788647  0.05118419124807946  0.06173461802277306  0.07230768181580732
  0.08284091198503224  0.09337600146850489  0.10391473709640325  0.11447006758902563
  0.12503321923863778  0.13560772257566961  0.14620662838143647  0.15678817792079677
  0.16735047583703594  0.17790507673209002  0.18847510194679620  0.19906775454861303
  0.20967970831509733  0.22027164760217102  0.23085694619351155  0.24137310772655049
  0.25187350357361699  0.26234518411081154  0.27284748880539222  0.28331968551565884
  0.29379418832216969  0.30426653689892319  0.31478881613487136  0.32529765515888925
  0.33582029214658859  0.34637377685497783  0.35694145460155335  0.36751554209991466
  0.37805146401254580  0.38859946855937905  0.39914259446270067  0.40966902095845953
  0.42020121194611226  0.43066943116275869  0.44116391201964550  0.45162323126074194
  0.46215584446572011  0.47269068673629977  0.48327392607281960  0.49387191247791062
  0.50445549625162045  0.51505470673874099  0.52561776158397733  0.53619018020614073
  0.54673910951901006  0.55726894749527522  0.56779067453442067  0.57831430874674883
  0.58884192091874243  0.59937285812979069  0.60993629422832651  0.62047732506555253
  0.63097077101289900  0.64143702158793336  0.65191921250782103  0.66241433549063289
  0.67289063061245291  0.68334463920360955  0.69384807928065084  0.70439117735123058
  0.71499405865923549  0.72557786579713524  0.73613485899479270  0.74666110775774552
  0.75723521305768271  0.76781380917332420  0.77845257802871348  0.78907325936730766
  0.79969262117554019  0.81023749608575901  0.82078618680121895  0.83131833708223946
  0.84187278964846091  0.85235980811649625  0.86291694794100171  0.87350194672953385
  0.88410787636186483  0.89469726809142414  0.90523261079812589  0.91580669627446676
  0.92625701840601316  0.93673292240620498  0.94719056566254378  0.95773741909769261
  0.96828561408156799  0.97887106395562673  0.98942589712460405  1.00000000000000000
 -0.00246865902684090  0.00962663512375439  0.01985531658719260  0.03036280866385425
  0.04090498585921131  0.05140287335756667  0.06190147965050962  0.07240575936886635
  0.08292410719351419  0.09345679356366118  0.10397147950912598  0.11448918161699857
  0.12502667888088795  0.13557954552255230  0.14612001399947713  0.15664485768781947
  0.16720156047071064  0.17768885021339825  0.18819150969422105  0.19861417227607223
  0.20908406277912520  0.21955605779599255  0.23005030585904918  0.24059541571671880
  0.25117444418489610  0.26174853385227642  0.27229253795065256  0.28283326282968685
  0.29343667565305587  0.30403141402633010  0.31462550482917462  0.32514667670964298
  0.33571189219390107  0.34623715327799409  0.35675719963429303  0.36722865353923728
  0.37769789937368481  0.38819181805177527  0.39868630696886465  0.40915392772563558
  0.41965820381273311  0.43020634262584401  0.44078257208904209  0.45139842519122003
  0.46202117373570417  0.47266275346423592  0.48323114376905030  0.49372331761618460
  0.50422035720229996  0.51472892013434379  0.52527539275061841  0.53581251334974278
  0.54633031323302017  0.55685271957005000  0.56739114494249598  0.57797865385483926
  0.58854426657110281  0.59912742427904042  0.60966758104015728  0.62029257275029892
  0.63087887662022180  0.64149421672826690  0.65205327604359531  0.66261839135577738
  0.67313864094315690  0.68366862422303853  0.69423015902295726  0.70484588304042783
  0.71548137665205147  0.72608818994796376  0.73666825236739486  0.74720015391998373
  0.75773653976426369  0.76826054555303191  0.77877931703714953  0.78928581345267024
  0.79978357949027412  0.81026704089671653  0.82074134885145444  0.83124441194352539
  0.84176006731917241  0.85230673143577595  0.86286602570542037  0.87340675302776416
  0.88393241854878890  0.89441859306664429  0.90493860555413574  0.91547327107808285
  0.92603670844743824  0.93655968341215778  0.94710666885397699  0.95765496709097009
  0.96822975427503744  0.97881719884536822  0.98938539222303135  1.00000000000000000
 -0.00229270039669905  0.00953946592555880  0.01972396969461297  0.03028510050268252
  0.04087734142391097  0.05142245591753181  0.06192899114655791  0.07238753945428814
  0.08285867212354124  0.09337193560386813  0.10392648368402335  0.11446833183641747
  0.12498554140355950  0.13548140496006184  0.14600746782214208  0.15659722201200557
  0.16718209536135339  0.17774348925274958  0.18824722225180324  0.19874458345775345
  0.20926513711115166  0.21981072043315855  0.23036719323884838  0.24090690470712334
  0.25148097849957457  0.26210859413786181  0.27273077288914577  0.28328196327137134
  0.29375342926825715  0.30424585531196280  0.31477288835900991  0.32536079150296304
  0.33595800336701026  0.34653586135155323  0.35710182599821894  0.36762973483134387
  0.37812590530969542  0.38861231179158440  0.39906620357645139  0.40958141009865412
  0.42011786793377021  0.43069923820069533  0.44124828678743011  0.45172560233426190
  0.46219957909340631  0.47268116470805155  0.48323036290110805  0.49377732652690159
  0.50434076862130539  0.51486562422175619  0.52543712976842016  0.53602423505064700
  0.54665148956115539  0.55723873531746204  0.56781072369400443  0.57837131054715329
  0.58895854149445503  0.59952466609912991  0.61008735911703005  0.62061269440246147
  0.63111864337927526  0.64165959611328882  0.65218256349890047  0.66270017366465994
  0.67320095727387363  0.68365209741907473  0.69417457353689160  0.70465872102149085
  0.71520840819506315  0.72570413600293915  0.73624498616879130  0.74675635110984317
  0.75727867395851178  0.76775216655156497  0.77833713989489473  0.78888993585083422
  0.79948275657524026  0.81000071075978486  0.82059572703297012  0.83116405119974857
  0.84171596135061422  0.85218663230661673  0.86267401484179895  0.87319163761287855
  0.88377078329049330  0.89437567887987202  0.90496390620833822  0.91555326297455109
  0.92612455074567634  0.93672611067269906  0.94729480809521971  0.95784527532890551
  0.96837030456947282  0.97891448471644804  0.98945338941528327  1.00000000000000000
 -0.00235701566931277  0.00951133769725945  0.01971154278593193  0.03025149035246762
  0.04077883639330285  0.05129486778517117  0.06185947112983014  0.07243749623239638
  0.08297192049753850  0.09354696014382799  0.10411174077633557  0.11470306039216316
  0.12524912072543920  0.13586056849866243  0.14645239393749093  0.15698978345261180
  0.16745932591027143  0.17791361846526099  0.18840589828199730  0.19890106833981150
  0.20945638991400098  0.21994846265220458  0.23045857861448912  0.24088659416886099
  0.25141086523230594  0.26194173690161165  0.27250540243312027  0.28307204453775431
  0.29362984059283709  0.30419522956861933  0.31473810859117690  0.32527181559434842
  0.33579331460519007  0.34629042876053734  0.35681325733427366  0.36733887632734280
  0.37788496756005396  0.38844268848444991  0.39901585010230306  0.40957697604089643
  0.42011890869462121  0.43064527618129100  0.44119031345705767  0.45172322817407806
  0.46228963711899734  0.47285749580308095  0.48344061636830676  0.49396724626998240
  0.50451336656367574  0.51504056389190289  0.52556967558518086  0.53609211494425657
  0.54660252416950317  0.55712732662995679  0.56766025289708011  0.57823129288738373
  0.58881813350519541  0.59937745200492198  0.60993981895258587  0.62051213179517684
  0.63109799739054318  0.64169210835624213  0.65225753086294458  0.66278526783340297
  0.67326186261040011  0.68374922754882705  0.69426461271966544  0.70482008484202452
  0.71536562263141257  0.72590695671825911  0.73641831021914395  0.74697178152134824
  0.75753582366464167  0.76813077320970302  0.77869385446851569  0.78921191470335494
  0.79969498650357207  0.81020165169945246  0.82073008776353129  0.83129471350845663
  0.84179880272201246  0.85231682402636144  0.86279365868929403  0.87324783958585439
  0.88371888728263792  0.89423649304666852  0.90484409216421924  0.91540583497832351
  0.92594483821978990  0.93646682904849465  0.94698288433440858  0.95757264744603476
  0.96816474113471818  0.97881664159953641  0.98940449779661521  1.00000000000000000
 -0.00217632922073136  0.00994932597934569  0.02019430432271508  0.03074830776141172
  0.04133198405597716  0.05188821436382260  0.06243775140525324  0.07299247373820257
  0.08355619245832921  0.09409889881375502  0.10460236505793392  0.11514942335536890
  0.12570507724804744  0.13628971475121499  0.14688104342784028  0.15742436250600744
  0.16791088540860785  0.17840342484197788  0.18889436381622160  0.19940153245540945
  0.20986544008135108  0.22034056266453439  0.23082719020210504  0.24130923985188718
  0.25183144567224414  0.26238414519178255  0.27291976601896056  0.28344269815785555
  0.29394614519318418  0.30448488419777964  0.31501229586478730  0.32557562136859219
  0.33613971198780923  0.34671372960219604  0.35728197217761115  0.36784860336206354
  0.37849266702268419  0.38909567967796593  0.39968389473973825  0.41024668284527571
  0.42077506776549889  0.43132166407494088  0.44178112151636284  0.45227687436371256
  0.46277106978679655  0.47331453011965158  0.48387368756242899  0.49440338515588689
  0.50490575269068450  0.51540215021968305  0.52593298635402708  0.53647098033133422
  0.54700218832548553  0.55751982425308155  0.56804205022755738  0.57857894531121778
  0.58910781206454410  0.59960033017956860  0.61011841109598053  0.62068469274366300
  0.63131242601965842  0.64191992783790697  0.65249004722235682  0.66303961503537912
  0.67353272637583272  0.68404542249290046  0.69453975442859739  0.70504232861396732
  0.71553370886754575  0.72600899129034036  0.73653823173406308  0.74706997085000426
  0.75765865734259696  0.76824045251636008  0.77885418655145799  0.78943273237808342
  0.80001321425508054  0.81054422446879737  0.82107084526812402  0.83157201066929887
  0.84209091294652771  0.85263512024876897  0.86311935530721284  0.87361638377696660
  0.88405517480937501  0.89460009288194420  0.90506809735074079  0.91561306038798862
  0.92608270061935594  0.93664211625827742  0.94718477955619562  0.95776537202740364
  0.96829626270247915  0.97885089418412863  0.98941093764747012  1.00000000000000000
 -0.00217695102861387  0.00963825965708638  0.01987591405753417  0.03045379554803450
  0.04103098989242359  0.05153840313881544  0.06206779943231980  0.07263366505284809
  0.08317890559010555  0.09371595457547190  0.10425059163789513  0.11478319110946368
  0.12530826557564889  0.13579918497548429  0.14627658271069799  0.15678361610207409
  0.16727007931613835  0.17782628842003620  0.18832845357718339  0.19888484039058324
  0.20946125596177714  0.22010488456257246  0.23073272687820096  0.24131719824746500
  0.25190050284224907  0.26244947624575227  0.27298576062011809  0.28346153387716638
  0.29396926674132356  0.30451389189318295  0.31506320881837102  0.32562144460925851
  0.33609451698327780  0.34662760936759168  0.35713125083385033  0.36768502381420493
  0.37814209849758046  0.38859853364743746  0.39903329582505759  0.40954350333272399
  0.42008993841779313  0.43063898130923095  0.44120420590610576  0.45170513306264398
  0.46218071371968145  0.47261526619238076  0.48309136126373436  0.49360968607915168
  0.50414947865077053  0.51471735730855905  0.52530101742061019  0.53588227128587684
  0.54643025981080384  0.55697959066866098  0.56752632254754720  0.57809854654280957
  0.58866121736091448  0.59920945606516085  0.60976786664313409  0.62030834208425945
  0.63089608214682480  0.64146821342362714  0.65205053566728777  0.66268148491820333
  0.67322080902903370  0.68374164236749080  0.69419434932856527  0.70470672764759612
  0.71527434930841105  0.72584724152516433  0.73642241122536778  0.74694196549856995
  0.75743533067810298  0.76794623245662674  0.77848352338806037  0.78903192897666830
  0.79956058056694990  0.81008821456638846  0.82063270857224790  0.83113943719989802
  0.84167077077283281  0.85217110895152981  0.86273951761112588  0.87333395896801103
  0.88394417325481400  0.89448767051184197  0.90497325439519272  0.91547055403849376
  0.92604609180931097  0.93665556198617128  0.94726204844392847  0.95785105305608986
  0.96841544367283894  0.97893966913158270  0.98947293370871559  1.00000000000000000
   9.7414927753025258E-018  -1.0000000000000000     
 F F F F F F F F F F F F F F F F F F F F F F F F F F F F F F F F F F F F F F F F F F F F F F F F F F F F F F F F F F F F F F F F F F F F F F F F F F F F F F F F F F F F F F F F F F F F F F F F F F F F F F F F F F F F F F F F F F F F F F F F F F F F F F F F
  <DiscreteSampler_grid>
  grouped_processes
  1 # 1 for a reference and 2 for a running grid.
  10 # Attribute 'min_bin_probing_points' of the grid.
  1 # Attribute 'grid_mode' of the grid. 1=='default',2=='initialization'
  0.0000000000000000 # Attribute 'small_contrib_threshold' of the grid.
  0.5000000000000000 # Attribute 'damping_power' of the grid.
 # binID   n_entries weight   weight_sqr   abs_weight
    10   10   2.666329248167082E-007   1.385952269813996E-013   2.666329248167082E-007
    11   10   2.666329248167084E-007   1.385952269813997E-013   2.666329248167084E-007
  </DiscreteSampler_grid>
