  0.00947213699538451  0.01601426628425037  0.02507105603529333  0.03589109843285505
  0.04624583927206709  0.05660018866608549  0.06689753447636479  0.07719028201265876
  0.08749783439872111  0.09787406353496209  0.10824319912204843  0.11862688170533142
  0.12903607469321463  0.13940896514593729  0.14977159295947076  0.16008008600031576
  0.17043065825544187  0.18077013410766771  0.19116061679505406  0.20153092969017899
  0.21192002875823887  0.22229568431060584  0.23268957069701823  0.24307948521536080
  0.25348919381976270  0.26390570117437834  0.27431653729782546  0.28471572050741806
  0.29509423219328201  0.30546946170412048  0.31584164532924569  0.32622057334357807
  0.33657712378717719  0.34696964289295817  0.35738243979266521  0.36782868353922715
  0.37824218899118422  0.38864713994989264  0.39907010247073627  0.40950761125450941
  0.41993424205163521  0.43035402358435432  0.44078128676315437  0.45122299249828374
  0.46164814370647272  0.47205624206207553  0.48244078351503922  0.49279932471743398
  0.50316233178684822  0.51354622760332291  0.52396394186336592  0.53437378966105109
  0.54473535770109416  0.55507405261860188  0.56540966669273995  0.57575224609089859
  0.58609438879423359  0.59642712979153634  0.60677612042696827  0.61713048618882482
  0.62747078687834945  0.63780974038949112  0.64817720988836325  0.65859261295172233
  0.66902711371645407  0.67944867854177737  0.68985728386957856  0.70026401940636174
  0.71067376322491571  0.72109231422879194  0.73150902842600862  0.74190972743480688
  0.75230272835273149  0.76267740035915810  0.77302667965850402  0.78334264565828349
  0.79365745382547759  0.80398528604460184  0.81435456018327701  0.82474131443538934
  0.83515671968561189  0.84554411898913651  0.85591733717368634  0.86629243839216841
  0.87668183101996067  0.88708916732734810  0.89748634212194012  0.90787909224806329
  0.91825897012395075  0.92863626280476386  0.93900318808705896  0.94937197680752861
  0.95974827194504231  0.97012356596062077  0.98047923847277108  1.00000000000000000
  0.00959284894356570  0.01583341266632325  0.02498755642063837  0.03574475928350351
  0.04607703691904923  0.05646265155776415  0.06685285995907184  0.07724812747900162
  0.08765420591393672  0.09807185805167638  0.10848260020691292  0.11887450075520711
  0.12925373085178268  0.13962737659470234  0.14998723120855725  0.16031693954068899
  0.17067742387953627  0.18103111989963222  0.19142605634364609  0.20178763058881879
  0.21217679906011158  0.22253893154629134  0.23289358191327378  0.24326514195334745
  0.25364406286547697  0.26402319710442484  0.27435121696778192  0.28466209664575903
  0.29499776855802295  0.30538662827279334  0.31581456752304565  0.32625804308415690
  0.33669807121072054  0.34711984914190125  0.35751684557106922  0.36787585281278667
  0.37822990976300325  0.38857224750601854  0.39889762440300641  0.40923841983937365
  0.41961244530963271  0.43001577237996758  0.44041249281351885  0.45080832600076881
  0.46120930001204163  0.47158861370862354  0.48194247475400676  0.49230210841586192
  0.50270013838579763  0.51314167477617467  0.52358676774450907  0.53401137625072614
  0.54439418166098119  0.55477041769003699  0.56516542270200543  0.57557008070994997
  0.58595230586084035  0.59629361155246419  0.60661869893073528  0.61694010739966554
  0.62727706404326666  0.63763693163244473  0.64801795647429616  0.65840878799775948
  0.66877612821702503  0.67915184116548311  0.68955843587305954  0.69998888059169828
  0.71042227705695282  0.72083192479251113  0.73124533368147582  0.74164246935954659
  0.75204073858199982  0.76243878863115455  0.77282617370112949  0.78319434125386422
  0.79353694555955501  0.80390020434827680  0.81426813848202928  0.82468270651958131
  0.83510596020086791  0.84552439461368623  0.85592139354872954  0.86631842804079373
  0.87672853823596775  0.88714886324957465  0.89755007643520923  0.90794371708314192
  0.91831055410015994  0.92866089867025647  0.93900176009034775  0.94934590547121978
  0.95972480670352722  0.97008312862869917  0.98044109187578554  1.00000000000000000
 -0.00237597894616940  0.00948031285620498  0.01961287196659847  0.03007715839391227
  0.04053857957183484  0.05099422642505143  0.06144832815368766  0.07194714518923363
  0.08248124670471173  0.09308043357355074  0.10364592649195045  0.11418421887223094
  0.12470029436705052  0.13525253641799942  0.14582293943618946  0.15638249760901884
  0.16698995790777255  0.17757926330205318  0.18818203608970277  0.19870934050686245
  0.20922315216335860  0.21972551457003475  0.23024315767631542  0.24078667139433177
  0.25130351349029639  0.26182859411889625  0.27237277731621318  0.28288824220574116
  0.29341110059675918  0.30392866615131542  0.31449877354919903  0.32506498549755619
  0.33560658476208943  0.34614076114297526  0.35665927186773155  0.36720836828528847
  0.37774293978732859  0.38829216069833888  0.39883165767543322  0.40941956906751376
  0.41997280550034860  0.43052248268086601  0.44103989257668985  0.45154673183335936
  0.46202738956421013  0.47252357679340395  0.48304351788766470  0.49356069128233504
  0.50406243325594169  0.51457225124471351  0.52512795422501080  0.53570200321860617
  0.54628848414805864  0.55689716127248634  0.56748279248177735  0.57809445465437670
  0.58869189656462440  0.59924524778756405  0.60979723298253596  0.62030352992114857
  0.63091016290528212  0.64148701543685216  0.65205272945681192  0.66256998730819372
  0.67310594421412595  0.68366814725677305  0.69424850291340090  0.70482287161072776
  0.71538582807114370  0.72594480771369252  0.73646606222162070  0.74699145342762330
  0.75750036841337243  0.76802940543313203  0.77858236420082805  0.78916383008680513
  0.79975817671588534  0.81032381902918715  0.82086460333623434  0.83140838679761364
  0.84195482575295721  0.85248531832166086  0.86299136035340951  0.87348877736421793
  0.88400395711736979  0.89453418514998528  0.90507827026078835  0.91567088722422452
  0.92623099458889202  0.93679599694393345  0.94731165467745915  0.95782084764307995
  0.96832130840156283  0.97886390072474128  0.98942446150958974  1.00000000000000000
 -0.00238808704755507  0.00959429541263785  0.01976931192230298  0.03024498244160885
  0.04074204274157699  0.05127272061617941  0.06179161829668459  0.07232238541085267
  0.08283151425267732  0.09335197674040044  0.10390757316609764  0.11442374251733022
  0.12498985966890085  0.13551805916801532  0.14611264396749493  0.15670032576624984
  0.16731219831966707  0.17789934862263707  0.18849087120212579  0.19906705112694262
  0.20961273504219938  0.22011218026960669  0.23063594384166736  0.24117488135963799
  0.25173774995062653  0.26228597293923867  0.27283461437529721  0.28336457858379044
  0.29391867001159050  0.30447058602493587  0.31500696324211919  0.32550924312302676
  0.33600074936717300  0.34651542057717749  0.35705702394893168  0.36761559824015422
  0.37819047561017155  0.38874938464465847  0.39929347823756006  0.40984919326074853
  0.42036890673105443  0.43093137896597888  0.44147154411807221  0.45200950382654159
  0.46251289537489254  0.47298870697423967  0.48354265768347859  0.49413431849631156
  0.50474866734028767  0.51529309522017186  0.52579252594934045  0.53629269680283520
  0.54682898737697827  0.55741076252148924  0.56801224973077924  0.57861097537003103
  0.58915044738463163  0.59963812442080577  0.61012428052208234  0.62061158452937615
  0.63110341262452951  0.64159661068018881  0.65217537894060496  0.66276539201855478
  0.67333941450644974  0.68382881985652055  0.69433740416845569  0.70486519571906914
  0.71543383411516770  0.72599807435754682  0.73654670925675259  0.74710119637742334
  0.75762433592219647  0.76815781948669193  0.77866532285865009  0.78923424549725651
  0.79980751859815902  0.81033700155330701  0.82081618350004770  0.83127043749949248
  0.84180588185012062  0.85235631265655554  0.86290318805601463  0.87343007257158523
  0.88395997375993829  0.89447785285757808  0.90500272346761867  0.91554850314983016
  0.92610970802878001  0.93666800753980295  0.94718594252620680  0.95776382572833685
  0.96833510521295330  0.97889887816916232  0.98945226615082804  1.00000000000000000
 -0.00221007477547843  0.00966049511080097  0.01988833764889331  0.03039473700156967
  0.04092437881210752  0.05142880208288778  0.06199312602673494  0.07261023478409032
  0.08320115607088900  0.09376205897471192  0.10427828556600294  0.11476320414758097
  0.12525504625097206  0.13579548122052543  0.14635706822176092  0.15692194732563267
  0.16744342200988910  0.17797819695374098  0.18851852386597417  0.19905293793481180
  0.20961502680375668  0.22018119531913624  0.23073030280845475  0.24125953204821243
  0.25179666215439034  0.26238722013999083  0.27296831022978646  0.28354311586405162
  0.29410209739763626  0.30465234719557688  0.31521762591401442  0.32574605294534187
  0.33628387116837039  0.34683570730740526  0.35741615588438008  0.36798254967610122
  0.37855496042510201  0.38908478128482599  0.39963216067889673  0.41018512674679947
  0.42078450892933261  0.43137689167976156  0.44191123914465019  0.45239622201560759
  0.46291139265983372  0.47341312128073704  0.48394396552085611  0.49442499120846539
  0.50495973971006303  0.51549842688560965  0.52609940736086447  0.53671212706282689
  0.54730741463633048  0.55785370786552868  0.56835306441608968  0.57885545578785702
  0.58934579526174458  0.59986616336180953  0.61036139996618521  0.62092040943600024
  0.63146008361431183  0.64203231561200202  0.65253062733560274  0.66302806007311543
  0.67358215157241208  0.68414649374494296  0.69470296595899117  0.70522919609822088
  0.71580032004610117  0.72638725228753109  0.73695957411612467  0.74752492580528163
  0.75808085545167248  0.76862206571774461  0.77917241282179550  0.78974721573441398
  0.80033006720286282  0.81085116526752266  0.82133587045656298  0.83177253165306675
  0.84224955990725836  0.85270072953577480  0.86326285291103322  0.87382632112097391
  0.88437279800749580  0.89485278324816020  0.90533006163638308  0.91583205752904795
  0.92638311145220043  0.93694990676635714  0.94752900947653840  0.95805180132298762
  0.96852961768767298  0.97902687852566883  0.98951098188200681  1.00000000000000000
 -0.00243043496382390  0.00968812789694322  0.01987556733386788  0.03038326779056307
  0.04090150507732478  0.05142759638646039  0.06195944527669256  0.07251308679795411
  0.08305082488571831  0.09354493144996898  0.10399959770182907  0.11448736791813262
  0.12501999290401189  0.13556961857181513  0.14608811005736680  0.15661442080924989
  0.16716591358785440  0.17773774512567686  0.18831189735353368  0.19885299576439500
  0.20941515326052121  0.21996150498993228  0.23055923583512158  0.24113648279325342
  0.25169141447425836  0.26224133963367108  0.27277025383779446  0.28333867363717208
  0.29384293954021989  0.30436499343128470  0.31486063547811172  0.32540283750355542
  0.33597254918366365  0.34653252797645656  0.35711535098569919  0.36765781501367112
  0.37822870958339277  0.38878454832826392  0.39933998581913760  0.40987914864415781
  0.42043688259292455  0.43099761348588878  0.44155089561534805  0.45211263225718434
  0.46261511119414567  0.47313815411402382  0.48359135035875178  0.49414526592510105
  0.50467798937196595  0.51519052279045641  0.52568339197833314  0.53619928562914143
  0.54674555160977600  0.55728839214978421  0.56781365860805044  0.57836893004824697
  0.58891606576567157  0.59945225652607770  0.60997633123679229  0.62046370639326509
  0.63099843041088510  0.64155151903483854  0.65213477356664018  0.66267187863660471
  0.67320241329638919  0.68374156329901559  0.69433238711899159  0.70489289042936243
  0.71543972060598782  0.72593868722828236  0.73642450068339349  0.74694555270784468
  0.75747972983660627  0.76802237169932319  0.77854702694338740  0.78905600217825445
  0.79957698346681416  0.81007323629330652  0.82054499196682895  0.83109003178731367
  0.84167301717621490  0.85229195869651420  0.86286031325996770  0.87344067754765542
  0.88404321130896824  0.89459721136602421  0.90515567799746988  0.91569010051379507
  0.92623457190872616  0.93676339630165772  0.94728831066925023  0.95779786885594409
  0.96830064280728279  0.97881420751574033  0.98940322051481222  1.00000000000000000
 -0.00244494341667922  0.00973681082054844  0.01989118721704320  0.03037711589289831
  0.04083671585206594  0.05137320527885567  0.06187640302239152  0.07232433687653156
  0.08270875307518126  0.09310720761982023  0.10358382217504217  0.11410256687393157
  0.12464165261056741  0.13519088024197654  0.14573701745127574  0.15624313709884260
  0.16672624570564937  0.17724116215058094  0.18778228883637230  0.19836518341535833
  0.20895412486912104  0.21950465811982417  0.23005610743575761  0.24062070655169654
  0.25122037012436382  0.26178355742893911  0.27227049320337138  0.28278617313804455
  0.29330568016809361  0.30384133705967753  0.31434570417557373  0.32484759754650466
  0.33538778892227566  0.34596172836022915  0.35656958071669448  0.36715943359218461
  0.37773009984646039  0.38827690549393157  0.39880766758408065  0.40934403869072139
  0.41991961540926809  0.43056980161699321  0.44122215573517859  0.45183830631434951
  0.46241598708035420  0.47289754596606182  0.48338298712541866  0.49384018085587433
  0.50441132183450110  0.51497367590494958  0.52552635850001228  0.53606797261744232
  0.54663302582954387  0.55720549309487200  0.56777172791445818  0.57832250342561775
  0.58889830552803180  0.59949882548175171  0.61008211396949641  0.62067142640022854
  0.63121084672327155  0.64174397275908990  0.65225991460421495  0.66285323290332110
  0.67344489431855969  0.68403076060870127  0.69454835354908862  0.70503908981872598
  0.71553973960540462  0.72604118380776150  0.73659126138770126  0.74716550787545355
  0.75775941802009594  0.76836097441449891  0.77891400451898896  0.78939640238685260
  0.79988941021028070  0.81039690630102745  0.82096996826624069  0.83146668248769384
  0.84197203317732927  0.85245477417667104  0.86301639729068502  0.87356691635040995
  0.88414644735965564  0.89471927244089422  0.90526946630695926  0.91579507467105015
  0.92632802431715422  0.93692757769889634  0.94752012169499300  0.95804211623266999
  0.96850955017909246  0.97898157628538429  0.98948999725119247  1.00000000000000000
 -0.00202930809034978  0.00977273658946410  0.01999026490345953  0.03053810092407062
  0.04110127315454666  0.05160360174449579  0.06209391076364245  0.07252304278874497
  0.08301070324095337  0.09345768163159854  0.10398768308343595  0.11450095331697656
  0.12504224018525356  0.13556422205260935  0.14607455934787189  0.15660727862768459
  0.16711151779107108  0.17765484415573968  0.18818737597850174  0.19872277171346719
  0.20926390049760396  0.21979933448730768  0.23035829341820993  0.24086209915549542
  0.25138408593710143  0.26194200746712404  0.27252751964431354  0.28311559115912149
  0.29360808658892362  0.30413327353873038  0.31462168592394379  0.32517136798654700
  0.33573201504626388  0.34634276862275615  0.35692251309060707  0.36749338594859049
  0.37801891302226492  0.38856806349797179  0.39908448376899824  0.40964012131186411
  0.42020628986052816  0.43077180952030109  0.44130192940407237  0.45182084517535814
  0.46232490993942127  0.47284978098436836  0.48339926193035038  0.49393698928145952
  0.50446125871270275  0.51494546905143768  0.52542708097556223  0.53594785378795273
  0.54650654460360326  0.55713579540729086  0.56775250525119569  0.57834773002135298
  0.58890134201461009  0.59945062894107914  0.61000550225949801  0.62058207895417827
  0.63116825661607745  0.64173690697267660  0.65228042026645883  0.66277855981251976
  0.67325877311029014  0.68372398433837089  0.69423045385127546  0.70477174030477086
  0.71533530418006319  0.72587381878891866  0.73637278401575124  0.74689483685715896
  0.75746051779361201  0.76805778427275440  0.77865200897506082  0.78923389243816489
  0.79980020128746754  0.81033631478111467  0.82085907379353640  0.83139560221902931
  0.84196305458417875  0.85256428684968910  0.86318190371170744  0.87374528769453796
  0.88424990866396214  0.89473819840885316  0.90523166145431910  0.91576868968264469
  0.92631835371108806  0.93689516034620191  0.94745566185225039  0.95798213053965930
  0.96848718406458023  0.97896534968505877  0.98947586421305522  1.00000000000000000
   6.4404263157735505E-019  -1.0000000000000000     
 F F F F F F F F F F F F F F F F F F F F F F F F F F F F F F F F F F F F F F F F F F F F F F F F F F F F F F F F F F F F F F F F F F F F F F F F F F F F F F F F F F F F F F F F F F F F F F F F F F F F F F F F F F F F F F F F F F F F F F F F F F F F F F F F
  <DiscreteSampler_grid>
  grouped_processes
  1 # 1 for a reference and 2 for a running grid.
  10 # Attribute 'min_bin_probing_points' of the grid.
  1 # Attribute 'grid_mode' of the grid. 1=='default',2=='initialization'
  0.0000000000000000 # Attribute 'small_contrib_threshold' of the grid.
  0.5000000000000000 # Attribute 'damping_power' of the grid.
 # binID   n_entries weight   weight_sqr   abs_weight
    10   10   3.639617676152643E-003   2.112857228529497E-005   3.639617676152643E-003
    11   10   3.639617676152641E-003   2.112857228529495E-005   3.639617676152641E-003
  </DiscreteSampler_grid>
