  0.00961974317109246  0.01581031668992783  0.02491283624594454  0.03570082126333872
  0.04605379271454040  0.05642829517362220  0.06681408939676683  0.07719155756326630
  0.08759409127878312  0.09796201423704488  0.10831968275298749  0.11868335248008026
  0.12905763115814023  0.13944855116301036  0.14981668666209819  0.16018746477507437
  0.17055349553395119  0.18094572989247895  0.19130646811940327  0.20165674952372784
  0.21199752236018551  0.22237429189940908  0.23276065450842029  0.24314145822212885
  0.25354217025405262  0.26394461145424603  0.27437223135579697  0.28474868774236839
  0.29510454376617723  0.30545922749143517  0.31585099330697430  0.32626738682560308
  0.33665440463610991  0.34700592896862786  0.35734478536634112  0.36771457370726573
  0.37811254935657990  0.38852375434303932  0.39891127880907762  0.40930374390634516
  0.41969323739385006  0.43007155273838038  0.44042419783889092  0.45076443114359482
  0.46113071076188150  0.47150723736999955  0.48188614051497225  0.49225399581940776
  0.50264133794042409  0.51304291502050392  0.52345640926779879  0.53386614164866653
  0.54426865823142212  0.55466065749401472  0.56505989749337515  0.57547410598862159
  0.58589582491922076  0.59629416325517315  0.60666931015973069  0.61704585373759113
  0.62743342815170289  0.63781966081840313  0.64819183612068876  0.65856976017923596
  0.66896875852351301  0.67937953131311157  0.68977869749186727  0.70015337894692820
  0.71051149920005818  0.72086831727944045  0.73123213659954112  0.74160873823995765
  0.75198707369906292  0.76236573638835547  0.77274942501711397  0.78314499105456081
  0.79354240599036863  0.80395518564583557  0.81435929321270384  0.82475126026784218
  0.83512909236153365  0.84552081737724050  0.85591427685384536  0.86630539343583224
  0.87669084054311852  0.88708239025368119  0.89747952812022924  0.90785933988631762
  0.91824310034872281  0.92863974716893760  0.93903882112889714  0.94946845455567619
  0.95987415917915231  0.97024823266817617  0.98056744213203362  1.00000000000000000
  0.00941373948218401  0.01654036855466160  0.02528736336056634  0.03615715039154486
  0.04654370399393981  0.05697041279971614  0.06737507791037652  0.07777460691032190
  0.08817810086242228  0.09859576861772680  0.10901289842749108  0.11939178761381183
  0.12974672815631536  0.14008922275909211  0.15043926987170814  0.16082481841509955
  0.17118183465720954  0.18155092794209712  0.19190778172006340  0.20229976097011915
  0.21269507512129801  0.22306433181709931  0.23340619147262454  0.24375420090832342
  0.25411079737197390  0.26447873109894959  0.27485630995979016  0.28526462152393806
  0.29567700160265015  0.30606363261152625  0.31643394862554880  0.32681161336844022
  0.33720361962576517  0.34759517306245163  0.35797529690665181  0.36834742937079840
  0.37871383066425257  0.38908420941516758  0.39945685779500922  0.40983392147332298
  0.42021164018195389  0.43059177254376768  0.44093949780465586  0.45127709148532985
  0.46159342738433701  0.47192626819090833  0.48228783159112881  0.49268010625059705
  0.50309639992623256  0.51349724317437739  0.52389087997664086  0.53429072943692302
  0.54468535864814349  0.55506790686851559  0.56543669382093531  0.57581534656841082
  0.58621908789235333  0.59663117032293955  0.60702045912745084  0.61738719607354142
  0.62773125896797766  0.63807265430901194  0.64840333108292503  0.65870341778392605
  0.66900626615572878  0.67932906948993343  0.68968802262875173  0.70007826826080832
  0.71048393307034841  0.72091248095180649  0.73134279283552361  0.74175532688906987
  0.75215428424321740  0.76253897036614549  0.77293743127160697  0.78335567208015711
  0.79380352845977309  0.80424533603974979  0.81467953933211723  0.82509138450555541
  0.83546334774632247  0.84579352551672293  0.85610674039672796  0.86646505414487085
  0.87686302919392756  0.88724344236587016  0.89762457599584922  0.90800583635701582
  0.91839716980317798  0.92877954801205931  0.93914608199255234  0.94953406871636226
  0.95989318484990693  0.97023405633422999  0.98055226405451545  1.00000000000000000
 -0.00204209227832814  0.00976226358155124  0.01993306060447807  0.03040643580200185
  0.04088878965212736  0.05139813760699508  0.06195612759216574  0.07257026031930303
  0.08318882246080031  0.09372924315281266  0.10427637645279055  0.11482892078201230
  0.12538520182991547  0.13588145457818060  0.14640046277837745  0.15693864513012537
  0.16754431416827936  0.17811461468597595  0.18866118912226712  0.19915065032085125
  0.20967036385768251  0.22025035879412957  0.23083859894156544  0.24139102664433804
  0.25190075451070210  0.26241997202576772  0.27294263274039532  0.28347704534640134
  0.29396016838912359  0.30447552509717135  0.31499497058866643  0.32556664424184090
  0.33610368574268379  0.34661394349022095  0.35710944407555251  0.36760756480913187
  0.37815800960255208  0.38867219661087388  0.39923151935999751  0.40977450609049404
  0.42033026746218827  0.43083905865404482  0.44134004574496710  0.45184913873534754
  0.46238199740358688  0.47292321350864119  0.48346558577882615  0.49400391644255431
  0.50451849610222588  0.51507134842422175  0.52560366054246954  0.53614915147957209
  0.54667415316924117  0.55723262747862223  0.56779623056454165  0.57835769191719089
  0.58890035345156644  0.59943042754891573  0.60998548313386958  0.62055792879182814
  0.63109320945799630  0.64163203195404994  0.65212831584564901  0.66267971331795328
  0.67321579195231307  0.68380523398360249  0.69436278781569238  0.70492278062592750
  0.71543040619139708  0.72591587996610119  0.73640479085224209  0.74690331441532354
  0.75745179655551331  0.76799255968099855  0.77854570156475911  0.78914895283641728
  0.79971208186193421  0.81027323976988375  0.82079324394904662  0.83132495613715529
  0.84184940274373654  0.85236924083910581  0.86290801083126212  0.87344654097842467
  0.88397519797441038  0.89450805798315924  0.90503405229669265  0.91558189079608054
  0.92614206669369203  0.93669809729983144  0.94727650074870473  0.95785249095388314
  0.96843736390284030  0.97894643481028232  0.98947170485494640  1.00000000000000000
 -0.00217988022256162  0.00968240533879933  0.01987266951198117  0.03040125492204892
  0.04099388495304400  0.05161079754550118  0.06219220354250603  0.07271770841600851
  0.08323733078426497  0.09376487373409256  0.10431305481200756  0.11484080211017264
  0.12537873620917808  0.13587821380492734  0.14638937202691030  0.15686980175842444
  0.16738799450660150  0.17789065207121560  0.18845705411079750  0.19901660490900566
  0.20955889244958151  0.22007519889242474  0.23057389760089048  0.24108657305988368
  0.25159416294130560  0.26214130238760769  0.27272914842420781  0.28329389964736312
  0.29380672568608013  0.30428960051684883  0.31484156882658704  0.32540936771072831
  0.33593869070655119  0.34647770474321515  0.35702197254169493  0.36759271996545534
  0.37811660746851267  0.38864918995140291  0.39918021064047882  0.40971807227832729
  0.42023349771042329  0.43075963534536116  0.44125577338712807  0.45178347280806730
  0.46232077086705975  0.47290720641390593  0.48347552650913622  0.49402148870232943
  0.50456178602574941  0.51509985333959540  0.52566937234097977  0.53624216509763512
  0.54682449891000950  0.55737158027104050  0.56791742765653552  0.57841013578988554
  0.58893329607011213  0.59946232581979153  0.61005375353700331  0.62064802432793098
  0.63121465847714897  0.64174561687674725  0.65223795776552773  0.66273483617783968
  0.67326349815907116  0.68381296136155301  0.69433550037223202  0.70486415414794468
  0.71545658879145546  0.72605099036765108  0.73663378357839981  0.74711989097637221
  0.75766949602154443  0.76815977775653543  0.77870077393596504  0.78920555348499311
  0.79981133098592461  0.81038712278281400  0.82097063600566689  0.83151167204169663
  0.84208179812095341  0.85267271555653612  0.86324657399658766  0.87378693861341794
  0.88428167785972611  0.89477817482876221  0.90529631223752527  0.91584226926587209
  0.92639730706827372  0.93694652185474758  0.94746363148729584  0.95797603230540984
  0.96845710637484383  0.97895589393984883  0.98946369949569402  1.00000000000000000
 -0.00196996050409603  0.00999414531340951  0.02034654876338002  0.03092488404051320
  0.04149392588408082  0.05198207626933946  0.06250867779014425  0.07301947656453832
  0.08353349970476689  0.09406708298904667  0.10462977781193962  0.11523640064578670
  0.12575497743044872  0.13625356902632796  0.14673211921679757  0.15725294563267092
  0.16776952765056258  0.17828794268746129  0.18881256750072445  0.19934118876739604
  0.20987761238331074  0.22041887135050395  0.23095869334570490  0.24147962545342438
  0.25199545155518760  0.26254364922370393  0.27307683600095273  0.28360987799079823
  0.29411057862169920  0.30463420843342448  0.31515996625994180  0.32568259554139883
  0.33617185759525248  0.34668048434559295  0.35721379054745556  0.36775361063411904
  0.37829038013774807  0.38881328079882543  0.39933615219838531  0.40982065504255039
  0.42027916476460775  0.43074577177943663  0.44118103959760135  0.45162824052770106
  0.46214463465988886  0.47271498899615805  0.48331257427121677  0.49387467149661735
  0.50444184606087450  0.51499097895646828  0.52553294912786441  0.53603563054656533
  0.54658626495994433  0.55714071741562787  0.56774107988916767  0.57831574664859176
  0.58890090701969522  0.59948179587010519  0.61003809086821215  0.62053501949662615
  0.63101183561845009  0.64153184298477173  0.65209451291472276  0.66267931776068634
  0.67325116862488410  0.68382694108540132  0.69441219042873836  0.70494809440404937
  0.71546731348520365  0.72598178060633423  0.73657160852468051  0.74710919783839014
  0.75763486949646597  0.76810957048122741  0.77866217264177984  0.78918533502141697
  0.79972630850357651  0.81028522117895152  0.82089025852830844  0.83149011939047823
  0.84209363681085680  0.85266799723585851  0.86322837140030273  0.87375871892510604
  0.88429184917932468  0.89481426587897672  0.90534197756312418  0.91585224739451443
  0.92638065630027044  0.93689810174375565  0.94743890122673302  0.95796097049510964
  0.96850030983328039  0.97901848964793547  0.98952798687589272  1.00000000000000000
 -0.00248470968085975  0.00971519969763051  0.01992978403825808  0.03040313981465474
  0.04095317351717497  0.05148891230900181  0.06203644476936795  0.07257611195017449
  0.08313306190296882  0.09370560186933626  0.10421835865268547  0.11472218663359564
  0.12523178893072495  0.13578326252323095  0.14635419686247347  0.15686683528534268
  0.16739752933199856  0.17791951098540859  0.18847932410203111  0.19899962039760088
  0.20949050716684828  0.22000406080955123  0.23060048100667999  0.24120673215268676
  0.25177554132420382  0.26230050538270006  0.27286639200597657  0.28343199136480257
  0.29397081236348466  0.30449373562558912  0.31504372800810826  0.32557340219652725
  0.33611046106529291  0.34661361019154485  0.35714266521971777  0.36762558176756621
  0.37814050567375901  0.38862011540965002  0.39915346122416157  0.40968209879400064
  0.42020713904467238  0.43067978380163313  0.44109313248864374  0.45153097638146894
  0.46204231351805242  0.47259574193646686  0.48318966171790972  0.49374076932429495
  0.50432089658087709  0.51489951787306509  0.52546896198913473  0.53604974315942377
  0.54661019454984461  0.55716241240619946  0.56770621577759184  0.57823560266804541
  0.58878790903546763  0.59929946016690239  0.60985332531319680  0.62036839085374818
  0.63090591728051471  0.64144278811729372  0.65199780440583144  0.66259634887284535
  0.67315456393005857  0.68374603926184796  0.69423390523331496  0.70476009477808044
  0.71529294002154276  0.72589166861544263  0.73646358474233709  0.74703129344696129
  0.75759438113175037  0.76821705255717920  0.77884981057460922  0.78945628831224213
  0.79998931718675403  0.81051440957105125  0.82106851575825823  0.83161908161047238
  0.84214343257144064  0.85263876405086958  0.86313125083609588  0.87360423833840373
  0.88408352998983630  0.89460233455893823  0.90512513147331919  0.91561960883294069
  0.92609899795863693  0.93659443665599462  0.94715617418988229  0.95772764967282908
  0.96831353283424126  0.97887680138504540  0.98944085946261595  1.00000000000000000
 -0.00246597200453406  0.00959245667379247  0.01978071211349011  0.03030323276368006
  0.04086577347317659  0.05143622495820371  0.06199848050764434  0.07256838800047299
  0.08315210813787179  0.09372018416486251  0.10427375732659654  0.11476781707208562
  0.12526456439363420  0.13573851942101806  0.14624357552415387  0.15676541096357180
  0.16729042142130654  0.17778675148623449  0.18826762004720629  0.19876848515755863
  0.20932065573563030  0.21988262711347656  0.23043949409131614  0.24098270987301251
  0.25154796135570440  0.26212040243709878  0.27266758966218690  0.28316203647294597
  0.29368871503665978  0.30422464680343825  0.31481638958649782  0.32539497629933362
  0.33599858187155429  0.34657447451376899  0.35716178953519029  0.36771852189930887
  0.37831786373899401  0.38887980473982037  0.39947888834869000  0.41003804766625196
  0.42062274173311093  0.43117974354004940  0.44170982238392514  0.45221414796287202
  0.46276584146190453  0.47331510153859696  0.48391007449312962  0.49446429968860056
  0.50504710211492121  0.51559662828055575  0.52611884520760410  0.53661935932949623
  0.54710273055387637  0.55759101948394962  0.56809964097690702  0.57859524591932876
  0.58905458827497126  0.59953984254703874  0.61006748251507514  0.62063855882915775
  0.63118558638894784  0.64170576508872024  0.65221329140700057  0.66269222607024947
  0.67315099833894576  0.68361580816766010  0.69411755017085686  0.70467453174417838
  0.71525006845337347  0.72578682744243472  0.73631107270556839  0.74683034174032858
  0.75737628624236963  0.76790733461923721  0.77845438225296426  0.78901389092106389
  0.79958867409886714  0.81015133891373392  0.82075191512766055  0.83133673041228195
  0.84192999992782414  0.85246522764280008  0.86298717904308631  0.87352972563385456
  0.88411104543110453  0.89470970470481725  0.90528093558125022  0.91580974232922474
  0.92633640573971499  0.93683722183139129  0.94735969205068826  0.95787867245721314
  0.96838366841828416  0.97890789058400973  0.98943025953844432  1.00000000000000000
 -0.00245820765348681  0.00966966524835639  0.01984868760485956  0.03043036121498458
  0.04099989411542706  0.05158117005901928  0.06213316328510574  0.07267411470133046
  0.08321390262714462  0.09370837618091836  0.10421135698357066  0.11473429649879088
  0.12528041888421931  0.13582661082712552  0.14637710178806979  0.15692255334843547
  0.16749133899702889  0.17806335387078720  0.18865028746003951  0.19919130112889674
  0.20972477523135749  0.22023368210271327  0.23072473128323701  0.24121796006947982
  0.25170930668791269  0.26225787451530230  0.27280112636076270  0.28336733997862790
  0.29392941093819480  0.30448150166334692  0.31500593320039433  0.32549243028746727
  0.33594893612486471  0.34645760822253474  0.35696690095894484  0.36753797518936560
  0.37810583796243574  0.38869665744610599  0.39925922850676693  0.40977277123309047
  0.42026749534595270  0.43075300482810985  0.44125943335121082  0.45179101546121925
  0.46229830423591628  0.47284541452432804  0.48336670831084577  0.49390920885363487
  0.50441602915439665  0.51496113173645153  0.52551675979228996  0.53611318792325613
  0.54669102059072872  0.55726952242766259  0.56779682079439031  0.57833239303760187
  0.58886496391420651  0.59939886756551053  0.60992496670176810  0.62044282729086242
  0.63096734074238037  0.64144570569978454  0.65197721033141887  0.66249658217720175
  0.67309578542788207  0.68364451789241598  0.69417667151700546  0.70472479485105721
  0.71529605603687163  0.72588991133604375  0.73644027984758031  0.74695506124043243
  0.75748243341652910  0.76799215186017111  0.77852811276433997  0.78904631026517336
  0.79958872004389103  0.81015467867036961  0.82069667365545196  0.83128031266654501
  0.84181460068292091  0.85238180476060532  0.86291663650103201  0.87347083915162327
  0.88407039734348958  0.89461109074743905  0.90516103212013488  0.91565633929518675
  0.92618461287813114  0.93671486692198225  0.94727115648904270  0.95780227312820154
  0.96836749708546499  0.97890989535528594  0.98947551840464809  1.00000000000000000
   6.9720120901968739E-003  -1.0000000000000000     
 F F F F F F F F F F F F F F F F F F F F F F F F F F F F F F F F F F F F F F F F F F F F F F F F F F F F F F F F F F F F F F F F F F F F F F F F F F F F F F F F F F F F F F F F F F F F F F F F F F F F F F F F F F F F F F F F F F F F F F F F F F F F F F F F
  <DiscreteSampler_grid>
  grouped_processes
  1 # 1 for a reference and 2 for a running grid.
  10 # Attribute 'min_bin_probing_points' of the grid.
  1 # Attribute 'grid_mode' of the grid. 1=='default',2=='initialization'
  0.0000000000000000 # Attribute 'small_contrib_threshold' of the grid.
  0.5000000000000000 # Attribute 'damping_power' of the grid.
 # binID   n_entries weight   weight_sqr   abs_weight
    10   10   2.189542342818327E+013   1.188618515965145E+027   2.189542342818327E+013
    11   10   2.189542342818327E+013   1.188618515965145E+027   2.189542342818327E+013
  </DiscreteSampler_grid>
