  0.00958553853247628  0.01565109523505939  0.02486184936503042  0.03564064031481855
  0.04600364444274806  0.05638144110685284  0.06677452570855899  0.07715955053990967
  0.08755672031396311  0.09794118927092861  0.10830893507136297  0.11864647431047955
  0.12896669063269456  0.13931718593025980  0.14969880895470122  0.16011428035175984
  0.17050905012487844  0.18089471087547010  0.19128151003209601  0.20165446438859164
  0.21203165176823849  0.22241265961704240  0.23280356070090252  0.24320196898639937
  0.25357570483936892  0.26393926192026956  0.27429174574951570  0.28465495412587194
  0.29504764670941680  0.30543309439156213  0.31580750596078172  0.32616576021902399
  0.33654067580908159  0.34693879493429491  0.35735400567632980  0.36777524533366973
  0.37818293642512113  0.38855880567305567  0.39892453352609381  0.40928875657332636
  0.41967525981632159  0.43006143632117361  0.44045846834408203  0.45085377494610657
  0.46125952384292923  0.47168217371458782  0.48211112836474401  0.49251736670297253
  0.50290659972353358  0.51328109098422892  0.52365826179391695  0.53403383629666579
  0.54440169969648788  0.55477809219207375  0.56515430163417590  0.57554017055700424
  0.58592059168501431  0.59628852161909662  0.60664792556715230  0.61700156113200222
  0.62736294812340954  0.63773588556212346  0.64813106580857949  0.65853072490262787
  0.66891781928118554  0.67929446952096728  0.68966791841438913  0.70005314862351886
  0.71043374069100929  0.72082004014968915  0.73121620184444436  0.74161105407259797
  0.75199312083379588  0.76235961027080223  0.77274188244330699  0.78315498904754777
  0.79357990746106422  0.80398482182458075  0.81436696923310892  0.82474488109474853
  0.83513620390633148  0.84553120464160669  0.85591668200663829  0.86629058864165998
  0.87666642749088608  0.88704788236000720  0.89742788334262957  0.90780912316353879
  0.91819927332420925  0.92859506871265851  0.93898383143712549  0.94938520966407303
  0.95979212860666796  0.97018172358890986  0.98053740079742413  1.00000000000000000
  0.00955889712283757  0.01591171488793021  0.02499600646230010  0.03579990099353567
  0.04614900217145270  0.05652129947418010  0.06690363648582796  0.07728827572980790
  0.08767045255001993  0.09804143046983750  0.10838783301482381  0.11873792126270742
  0.12907352143535969  0.13943754240478659  0.14980326389145063  0.16017419395962662
  0.17055002169282235  0.18091605319233511  0.19130971910054456  0.20168938521281188
  0.21206392087497475  0.22241018527599321  0.23276911639584039  0.24313689135898511
  0.25352651641757890  0.26389117950408425  0.27425774352531801  0.28462056737134667
  0.29499939165261863  0.30538797753203817  0.31577327986044490  0.32616672937587293
  0.33653563935942060  0.34691151794770880  0.35729893374113969  0.36769437258725252
  0.37810781288394635  0.38851694172513535  0.39892929043731434  0.40933440163115214
  0.41974306572542547  0.43015653954419497  0.44055741212331678  0.45094735315649975
  0.46132742893524398  0.47170989071087055  0.48209178610054670  0.49247493386940644
  0.50285203980153204  0.51322399266741126  0.52359203003699406  0.53396637835246230
  0.54435022011285317  0.55474726930270302  0.56513877474156693  0.57551152519273163
  0.58587984882653565  0.59625562392181231  0.60663425376428948  0.61700311697668297
  0.62734890434993962  0.63768366919857444  0.64802817497015430  0.65839803588332591
  0.66879423963324858  0.67919544552466848  0.68959922090418002  0.70000367904052674
  0.71039229064029685  0.72075732267385983  0.73111712595098455  0.74150541265213288
  0.75192120729467493  0.76234343413585193  0.77275232781157155  0.78314915230979976
  0.79353632424862597  0.80390907726807070  0.81425888892479836  0.82461890752405487
  0.83499078850453201  0.84538951367359372  0.85578124480802320  0.86617539437349389
  0.87656737491418468  0.88696153001241418  0.89733861934278070  0.90773111716031396
  0.91814063278417135  0.92856590069649614  0.93897896117807511  0.94937559385141446
  0.95977476964015385  0.97015763275687272  0.98053114817931630  1.00000000000000000
 -0.00254610300645450  0.00954757526841435  0.01974494879856579  0.03026536390441124
  0.04077944779382220  0.05127613070406158  0.06181598582824904  0.07236690930365405
  0.08291942174823992  0.09343886175779077  0.10397001258583174  0.11450128504663667
  0.12507145460802088  0.13562777796145140  0.14621208888867709  0.15676767479951731
  0.16733968227056964  0.17787177152408462  0.18841331449981322  0.19895374387829298
  0.20947606828807272  0.22001192102920375  0.23052133962452012  0.24105696103384108
  0.25159990979821928  0.26215924224563103  0.27270638547384163  0.28326240667322777
  0.29382463727667080  0.30439513400287255  0.31492312490624963  0.32544208262059071
  0.33597264774213281  0.34652334250050165  0.35709989114973190  0.36768326228056819
  0.37828315958865705  0.38886376815733836  0.39944132853711112  0.40997193206208343
  0.42052874259201006  0.43108186044068597  0.44164141990899081  0.45215485925948196
  0.46265518738876932  0.47318029504033610  0.48368423685625994  0.49419979940311876
  0.50471908317665870  0.51527231892151204  0.52584167739084586  0.53640896955902617
  0.54698677039386889  0.55754123138891043  0.56807945263408521  0.57864671246321542
  0.58920423797637844  0.59977674230466360  0.61032180666206992  0.62087700017318459
  0.63142258053552536  0.64195006045791103  0.65247188038093906  0.66299310995065108
  0.67352954068372450  0.68408712745642075  0.69464416679964835  0.70518622045145674
  0.71570373913449981  0.72622735618095224  0.73676096898691590  0.74731910581134586
  0.75786725121489351  0.76837739772624791  0.77887938474116847  0.78938764599273725
  0.79992850119249437  0.81047619131894044  0.82101874584264989  0.83158229837009978
  0.84214555517405421  0.85267102235691594  0.86319987278343280  0.87369037962177654
  0.88422862503380795  0.89476670522815371  0.90532708137159124  0.91586647852856040
  0.92638642114430303  0.93687880790475231  0.94739447367548368  0.95789278212012829
  0.96843443339918756  0.97896279816930853  0.98949185175295407  1.00000000000000000
 -0.00246839382669148  0.00968405883106165  0.01988997859123513  0.03038722576730747
  0.04089790515109298  0.05141694333006224  0.06195099823762910  0.07250724516003365
  0.08306191173130141  0.09361603101177730  0.10418218436565234  0.11474116046186537
  0.12529648475628868  0.13583968732878152  0.14638198494738222  0.15693544600607950
  0.16748482422816044  0.17803237416720458  0.18856346487659570  0.19911025276303118
  0.20966517089379288  0.22018989109822887  0.23071427552290269  0.24123951699338375
  0.25178614544284239  0.26231229949854412  0.27283606631859869  0.28336171371867391
  0.29389973065439179  0.30443050168915931  0.31498041587817782  0.32553676266879539
  0.33608793067178716  0.34662126247746206  0.35714170959298175  0.36768322498804629
  0.37823862965230581  0.38882844959563712  0.39941333792855144  0.40994899467892415
  0.42043555216745981  0.43092309379453136  0.44144219498149917  0.45198931018398186
  0.46251398819381978  0.47305224675857332  0.48359481736924698  0.49417425359720901
  0.50474816806533607  0.51531478788437357  0.52588263167496430  0.53642996204813187
  0.54697886886404334  0.55750640192975098  0.56807021034020155  0.57861641562803690
  0.58916590057839680  0.59970452070155500  0.61020999255523511  0.62070737953884958
  0.63121240252146738  0.64177052832580816  0.65233943073889566  0.66291278095792017
  0.67346476385964915  0.68401620796786267  0.69453896710733609  0.70509463503280112
  0.71563322299155474  0.72620350303065540  0.73675386991063418  0.74731665064078434
  0.75786447920865307  0.76840484340145265  0.77895572622730769  0.78951572310378981
  0.80007159847599552  0.81061587303837734  0.82115045969360434  0.83167859049841508
  0.84220627785476299  0.85272395430849068  0.86326121804688916  0.87378631137862439
  0.88433399712335292  0.89487862520156269  0.90541786607918739  0.91591121034823375
  0.92639358798418336  0.93687498378720202  0.94739530915550174  0.95792378395574851
  0.96846175786175104  0.97898472530570735  0.98949136709607244  1.00000000000000000
 -0.00252589289835997  0.00953320872817732  0.01972797693276769  0.03023562346995265
  0.04075835913575299  0.05126791157836989  0.06179457568231570  0.07234547398095492
  0.08290540471885560  0.09347334739579158  0.10406295244042083  0.11462527809541549
  0.12516330552205757  0.13566451872641314  0.14616067396117233  0.15668624407445780
  0.16722336094894177  0.17778532944348757  0.18833051528987646  0.19887642353236923
  0.20941330570575178  0.21996236252858792  0.23049099802961276  0.24100808965850065
  0.25152251190530522  0.26208541111836020  0.27265754585468577  0.28322994925462974
  0.29375834339809470  0.30431196234037622  0.31487407483309904  0.32543685749832535
  0.33598620673652230  0.34653233114652832  0.35708809641034900  0.36763657555997625
  0.37819701212853318  0.38876029838402482  0.39930868134525521  0.40984546624506224
  0.42041602667856154  0.43098804232437837  0.44155271420538128  0.45206762974022141
  0.46258600684813178  0.47308656986190345  0.48361703168717429  0.49416134757958391
  0.50471961017027089  0.51526458144983678  0.52578115435061223  0.53628534751501356
  0.54679659643822220  0.55733600365031377  0.56789057700177481  0.57844883230041899
  0.58902742355366000  0.59958995494077993  0.61013201651176263  0.62066112537323070
  0.63118123986525843  0.64171641238144139  0.65224714992352018  0.66278971110594442
  0.67332643587094931  0.68384149733424426  0.69435194855061300  0.70487620234850368
  0.71541794925389091  0.72596869248302043  0.73650131892984849  0.74702459636436380
  0.75755205143872040  0.76808736187861748  0.77864745456401718  0.78918171913960855
  0.79972326369125923  0.81025759505545780  0.82080473001377252  0.83133050875375558
  0.84184712723985167  0.85238190106973222  0.86294072374201813  0.87350471635253180
  0.88403977264045319  0.89455208904371830  0.90507520498560723  0.91563193120959296
  0.92618197769330890  0.93671471785642613  0.94726359563990303  0.95783723062178439
  0.96840953682890796  0.97894293029920521  0.98947292381684171  1.00000000000000000
 -0.00254207835545311  0.00955271797056698  0.01972910977576873  0.03022042279239718
  0.04074398718359694  0.05126424676051480  0.06180421847966604  0.07235832581722429
  0.08292115225918369  0.09345603796687212  0.10399865389818096  0.11452623577905598
  0.12504539488171521  0.13554119154377739  0.14602959674934199  0.15653787802325680
  0.16706151443632331  0.17761963126480276  0.18818906493493925  0.19875115839865187
  0.20929242975855178  0.21982404035605535  0.23036724595202096  0.24091242133831448
  0.25146048448109265  0.26199516592399752  0.27254979113156091  0.28310129797650330
  0.29369612420725305  0.30427188398322974  0.31484599867584273  0.32538700251396674
  0.33590379530421904  0.34645819687478968  0.35700545755407659  0.36758627839106128
  0.37814425711918725  0.38869314304496888  0.39923991525274405  0.40978961049086188
  0.42036450371716716  0.43093560505564810  0.44150018245672223  0.45205345757571969
  0.46261886448580480  0.47315900546595546  0.48367690671768282  0.49419537326832524
  0.50474156950472038  0.51530211627227940  0.52583422158041226  0.53634953690615206
  0.54687604677719093  0.55740987773880724  0.56796873920076096  0.57852617914543114
  0.58908722413425141  0.59963775087118021  0.61019033732941941  0.62074862781862394
  0.63128387353677862  0.64180128979105655  0.65232560118039040  0.66287007098447537
  0.67344281834466035  0.68400113399159046  0.69455478905513335  0.70506755370181184
  0.71560834858098776  0.72612680831806087  0.73665700473623519  0.74714972005297142
  0.75765436423747268  0.76819634557404970  0.77874103265298489  0.78930013124105391
  0.79982520277975289  0.81038274863858883  0.82093275801678367  0.83151239748605987
  0.84207957051158844  0.85264582982849857  0.86316735443645076  0.87367822900680869
  0.88419188031538520  0.89472778786461338  0.90526376910240480  0.91579803024102990
  0.92632528098530564  0.93686794363318227  0.94739340342745115  0.95792009098606834
  0.96841611424726215  0.97892409203765018  0.98944968795715260  1.00000000000000000
 -0.00248961398831187  0.00952564395310650  0.01970481111593295  0.03022428970180873
  0.04078205482813253  0.05133384644595568  0.06186063211251241  0.07236554497137293
  0.08288449635013274  0.09341100066045968  0.10395861662519096  0.11447743529954628
  0.12498387105199917  0.13551219655686000  0.14605880112212880  0.15663078686174978
  0.16717668089077101  0.17772410133167066  0.18828043870122532  0.19884739675759136
  0.20938977881678908  0.21990708743999671  0.23041986491134553  0.24093907201752970
  0.25148218374786169  0.26202311640899190  0.27256648157783658  0.28310387402909526
  0.29364362856305665  0.30419937586874418  0.31475265296627020  0.32528819135181836
  0.33582915753352233  0.34637472293866772  0.35692002920316990  0.36747279232186858
  0.37802749432658955  0.38858840443400255  0.39914648141022707  0.40969374499240291
  0.42025002589107968  0.43079305400443618  0.44132935899472980  0.45185058558411939
  0.46235723341176410  0.47286629900174898  0.48337986435340669  0.49389637277344084
  0.50439891926900715  0.51490930312659533  0.52544113526495639  0.53598870454282921
  0.54653872310931650  0.55708807644438652  0.56765708916647695  0.57821130477140359
  0.58875349271395361  0.59929409133167966  0.60985389165888493  0.62039642061878153
  0.63092339047550805  0.64145778938260778  0.65199588358411331  0.66253821507584376
  0.67307384301863815  0.68361431629429015  0.69418532889170614  0.70472532459232584
  0.71530691913461308  0.72587884322372476  0.73647438491381811  0.74703032299742245
  0.75757625180464960  0.76813173427503334  0.77869358529227806  0.78922905943960620
  0.79977173559259562  0.81033390861595223  0.82090572170577936  0.83142586987401201
  0.84193854073207997  0.85244626027117576  0.86300520188939678  0.87355980299503588
  0.88411496701164227  0.89464886947451117  0.90516819594933895  0.91572091741957984
  0.92626051115577479  0.93682741420627713  0.94735564125813787  0.95788080091942773
  0.96839920552168823  0.97893387417547784  0.98947581787065619  1.00000000000000000
 -0.00253267412670249  0.00954348480077433  0.01971628554401473  0.03023550408738429
  0.04076684076179431  0.05128542367158212  0.06182582901740181  0.07233985542077344
  0.08286513367102324  0.09339440822426952  0.10392487765302219  0.11446828456531745
  0.12501812690571396  0.13557926946088453  0.14611918345462926  0.15665737082002687
  0.16720591721174055  0.17776252002572265  0.18832329169122533  0.19887858926013083
  0.20943789141391736  0.21998961958372357  0.23056114482379894  0.24112546667842405
  0.25170313394720284  0.26225499776498162  0.27281808380011097  0.28336177302667870
  0.29389166074827960  0.30438371167020906  0.31488449367461135  0.32537296557181183
  0.33589793949170360  0.34642010792658418  0.35696927974793563  0.36753993644231786
  0.37811138043382425  0.38869686845221840  0.39926400712922883  0.40979886380061037
  0.42032288557104053  0.43083213296601836  0.44137093873281996  0.45189915499514344
  0.46242232617949236  0.47293425367272118  0.48348782491369507  0.49405989084394497
  0.50463760562187054  0.51519749530365200  0.52575276516561875  0.53630151845989049
  0.54683478584162593  0.55738272787092047  0.56796369489200360  0.57854023899233109
  0.58908301423475351  0.59963502250855139  0.61017172625380245  0.62069927476537623
  0.63121741631077444  0.64173713624426310  0.65228671929898119  0.66281609861056090
  0.67338223703659827  0.68393866577020734  0.69449434357444284  0.70501081774104057
  0.71552512442828486  0.72604813981326288  0.73658300736375348  0.74711522252027962
  0.75763659235837477  0.76816254361734715  0.77866720080972818  0.78919254328459132
  0.79972500879295416  0.81030025576452813  0.82086285728416164  0.83144846708665021
  0.84200736817603783  0.85254287929257433  0.86306550080988753  0.87361675965574581
  0.88415445480685806  0.89466878465371902  0.90518862593306637  0.91574341272458004
  0.92629221014763641  0.93681314758135970  0.94732531701136080  0.95787931104934820
  0.96842848043776597  0.97898920675607681  0.98949551120374823  1.00000000000000000
   1.5426781198408889E-002  -1.0000000000000000     
 F F F F F F F F F F F F F F F F F F F F F F F F F F F F F F F F F F F F F F F F F F F F F F F F F F F F F F F F F F F F F F F F F F F F F F F F F F F F F F F F F F F F F F F F F F F F F F F F F F F F F F F F F F F F F F F F F F F F F F F F F F F F F F F F
  <DiscreteSampler_grid>
  grouped_processes
  1 # 1 for a reference and 2 for a running grid.
  10 # Attribute 'min_bin_probing_points' of the grid.
  1 # Attribute 'grid_mode' of the grid. 1=='default',2=='initialization'
  0.0000000000000000 # Attribute 'small_contrib_threshold' of the grid.
  0.5000000000000000 # Attribute 'damping_power' of the grid.
 # binID   n_entries weight   weight_sqr   abs_weight
    10   10   3.278743603745384E+013   2.357493974630349E+027   3.278743603745384E+013
    11   10   3.278743603745383E+013   2.357493974630347E+027   3.278743603745383E+013
  </DiscreteSampler_grid>
