  0.00946407078477958  0.01576509710964075  0.02439305832940976  0.03502883949180470
  0.04527406010249733  0.05559797861744230  0.06591962786117242  0.07626702790878213
  0.08663604869531642  0.09703418023842925  0.10742776230997424  0.11783215443285532
  0.12824062610617540  0.13866751640469385  0.14908013837612660  0.15953665713791740
  0.16995603385744221  0.18038238169600052  0.19076144663125710  0.20117601997178225
  0.21159533312722095  0.22200071304404556  0.23239703848498980  0.24279005333806106
  0.25318737962819560  0.26362845097247584  0.27408632990062182  0.28460170234408572
  0.29510066931018736  0.30561478129211256  0.31612597497536105  0.32664615941328018
  0.33713934083256342  0.34762278555474357  0.35804290126780280  0.36843869131806223
  0.37880701506620790  0.38924407064833477  0.39974140476519532  0.41025725132131152
  0.42073884863261335  0.43120366168602625  0.44166810471250728  0.45212218710992602
  0.46253850440668026  0.47293512911994823  0.48337963681701024  0.49388600251423337
  0.50438511103846129  0.51488864414511171  0.52528940697688276  0.53567533296467351
  0.54602606039206902  0.55646304170422445  0.56693936637605102  0.57742992994324183
  0.58792355922474404  0.59842608914341833  0.60895721493212374  0.61946064134376233
  0.62996892479246536  0.64048199205811318  0.65102115348730938  0.66156381495261363
  0.67208367035251726  0.68264021289377119  0.69315957321969546  0.70365206946662584
  0.71413041123765819  0.72468423296100049  0.73527825418205861  0.74583346095345404
  0.75636241307223795  0.76687082373759152  0.77733921211255008  0.78780111193773250
  0.79828110010563480  0.80882463820724360  0.81937223140317428  0.82989585672374466
  0.84045669661327271  0.85099839737866334  0.86155152225713938  0.87208492894025358
  0.88260003780936525  0.89312759148909271  0.90366343091556178  0.91423683483815110
  0.92479638154045662  0.93531988073320671  0.94589946335675490  0.95652309467958285
  0.96730504623758973  0.97817891969913795  0.98908921586183363  1.00000000000000000
  0.00946148285180482  0.01679803714137389  0.02500605924774189  0.03570394994258901
  0.04591207855324837  0.05621314941964099  0.06650243715032204  0.07683227592337608
  0.08722036623450746  0.09761829178074705  0.10802217419973202  0.11835594921675963
  0.12867788912225997  0.13899868023793888  0.14937207712192940  0.15980234289105352
  0.17025312951905061  0.18069716886711809  0.19111330600891457  0.20151150787285940
  0.21192390665668542  0.22233399755941488  0.23274819736075328  0.24317370926241783
  0.25362594656196980  0.26409198722499277  0.27453824816268868  0.28497931438514318
  0.29543633209498299  0.30587882800777089  0.31634186063870939  0.32679271946439847
  0.33727222815149721  0.34772823346352205  0.35816975533832862  0.36862427943507126
  0.37910438541726232  0.38959766772611165  0.40008513539004781  0.41053657544924788
  0.42098856595060774  0.43139123283042607  0.44178255265273902  0.45214915689007007
  0.46253645341747235  0.47294423719409917  0.48338984701001303  0.49386342704570368
  0.50432262543342765  0.51480947011969025  0.52526310169556500  0.53573446560477200
  0.54619833977529875  0.55670405573154058  0.56723739387708605  0.57773960622152976
  0.58819042875608518  0.59861106546426457  0.60901062515874216  0.61941803199205026
  0.62983273431421871  0.64028526427404864  0.65076076565901597  0.66121220819855997
  0.67167287619682703  0.68212825742605021  0.69258886381006279  0.70305091145541776
  0.71356246058309847  0.72410965033345820  0.73465310251190108  0.74515626018685499
  0.75565443437923341  0.76614058564265020  0.77664979857150240  0.78716029252745390
  0.79765981939339670  0.80812028500361299  0.81854801368599817  0.82895310746798934
  0.83938823722908995  0.84983751651841910  0.86035151499665807  0.87086760243039762
  0.88137932856134105  0.89187288633806983  0.90237493618257436  0.91293621042261630
  0.92355792353968358  0.93419254567713750  0.94484057485060657  0.95547932307174954
  0.96617712258596067  0.97699090802811461  0.98828476539317534  1.00000000000000000
 -0.00243937277188841  0.00953401906577283  0.01967145834266971  0.03018365661222822
  0.04072192289130843  0.05129188488355500  0.06185196521098107  0.07239336020736152
  0.08288401704757092  0.09335359099316340  0.10386293319853977  0.11442249498130759
  0.12500941025832182  0.13557489565308939  0.14613426960996503  0.15668700337888250
  0.16722401843319259  0.17774841311906747  0.18825912202948442  0.19881721794142712
  0.20935469785251004  0.21992666040277314  0.23047390645671773  0.24105459170212529
  0.25161424485055905  0.26217140324769500  0.27270156196033901  0.28323556263830812
  0.29374788890744258  0.30430939979052890  0.31488432540796940  0.32548253186341686
  0.33598574722069047  0.34642041697654774  0.35679124025781456  0.36722660990249206
  0.37771645357830658  0.38828970643008670  0.39883122793807491  0.40939971373703371
  0.41995575416952663  0.43052470385457925  0.44102793110080607  0.45150739279259267
  0.46199036188995590  0.47247687397063143  0.48297965639018853  0.49350584311583340
  0.50408462698355871  0.51468444972431660  0.52528672698166967  0.53589959758725947
  0.54648961694912501  0.55705082018556251  0.56757672411014093  0.57811691512838825
  0.58863447300067240  0.59914432301427967  0.60961115177723935  0.62010777500756953
  0.63063169184039991  0.64121541199859355  0.65184254042600875  0.66246580231120367
  0.67308976937153997  0.68370394902768472  0.69432790211612627  0.70492187489051550
  0.71541819996263245  0.72589980648365049  0.73638399182360403  0.74688999531371780
  0.75745617047556901  0.76802330312162859  0.77862594132842333  0.78916171410767855
  0.79968985136991400  0.81023517130122047  0.82082352872086595  0.83137290489100601
  0.84192315150061348  0.85239588458278726  0.86289600695320257  0.87340036910335683
  0.88397873809648497  0.89453552099892397  0.90505280435402979  0.91557707380362319
  0.92615593591173517  0.93675252635394701  0.94729315951676685  0.95782756517544909
  0.96837829123729613  0.97894106041940687  0.98948476539658448  1.00000000000000000
 -0.00229376144338586  0.00968562136943891  0.01988634213531831  0.03042769025848790
  0.04097998810890517  0.05149623896690177  0.06205234479463131  0.07258103574252724
  0.08313181057016948  0.09368129975389416  0.10423565180139797  0.11475730841664800
  0.12530540941985455  0.13582745815018926  0.14639430433126774  0.15691729576962848
  0.16749115651383781  0.17796792567756400  0.18844317846487607  0.19891808539808981
  0.20947112213870384  0.22001959258286038  0.23056432432547450  0.24110182575991906
  0.25164531060836953  0.26222769497819859  0.27282124230687360  0.28340322070881541
  0.29394153690458025  0.30444215705131505  0.31491889918665178  0.32539678505580821
  0.33592665513733816  0.34647710883749316  0.35700831696201768  0.36748982605118591
  0.37801558991789896  0.38857767175845814  0.39914611738030176  0.40965227066130855
  0.42016837247173572  0.43067399219813157  0.44120099422552295  0.45169216144061003
  0.46220687473884370  0.47274244388464332  0.48324183805705101  0.49374688174041942
  0.50424561574252080  0.51473147184442580  0.52524231739766836  0.53574006846940725
  0.54630746878114755  0.55681817249234233  0.56731385426447367  0.57779058477538536
  0.58832674458704493  0.59889730305444810  0.60953629942359833  0.62011977790554595
  0.63070446566392602  0.64120324471591383  0.65170898499247243  0.66214939869173273
  0.67262984196633457  0.68313516602690172  0.69368078713778880  0.70422339085416064
  0.71474109428753074  0.72526603582682370  0.73580750959644636  0.74638852144437096
  0.75697221780803225  0.76754723444727047  0.77811057916608584  0.78868987617662845
  0.79924999674752240  0.80984049115955281  0.82042454793220287  0.83100292033314216
  0.84158159734124471  0.85212000963382706  0.86259404565268616  0.87308987478595956
  0.88362607602612220  0.89422971745416235  0.90477515873577152  0.91532309528442213
  0.92589707775765073  0.93649231247356146  0.94711604640031777  0.95771895108011851
  0.96829412284425631  0.97884429369542414  0.98941550871793715  1.00000000000000000
 -0.00228692492792981  0.00970096006879882  0.01995255423464923  0.03059179077013192
  0.04120630339900997  0.05177865820881663  0.06237459878935391  0.07293999905387867
  0.08350993439144512  0.09404057303362894  0.10462398684469940  0.11521279730911553
  0.12577684332178199  0.13631966595944214  0.14682835949125217  0.15738294816553822
  0.16792937336715189  0.17850588970260411  0.18907648311184808  0.19962942760034211
  0.21016096847673402  0.22066152674230505  0.23114354979804910  0.24164797573169000
  0.25213979074107745  0.26266766189656682  0.27316214110987957  0.28366894242153823
  0.29418856430591189  0.30473043329556782  0.31527242952082063  0.32578928861394935
  0.33633179031028032  0.34685345311799731  0.35744128317814522  0.36805084614207556
  0.37869496850277301  0.38931239670719581  0.39986839599836821  0.41038001353940073
  0.42088917949380111  0.43146495896473214  0.44205596715171441  0.45261270032820594
  0.46310222937047762  0.47362130169711469  0.48411138195337966  0.49463218772092843
  0.50515509489620192  0.51570005818545028  0.52621820089372329  0.53675181176415132
  0.54731230899145777  0.55786779018921273  0.56842618684307644  0.57894646658161097
  0.58949528233517168  0.59999107863800150  0.61054537564252664  0.62107140857728027
  0.63161723060461061  0.64208144172710369  0.65258038073819069  0.66307291219483089
  0.67363488843461994  0.68414151590537486  0.69469203369199006  0.70521885516256522
  0.71581854459906114  0.72641730307877539  0.73702445798635663  0.74758022452207140
  0.75810114617920032  0.76858416055517020  0.77908826759246519  0.78960495292595867
  0.80015131654038774  0.81068824361369496  0.82122590367867188  0.83178218965672523
  0.84234574905135062  0.85286960563926106  0.86338297514218110  0.87387865357092398
  0.88439855852205507  0.89491050220701496  0.90543204120447773  0.91595091719510990
  0.92646835236226932  0.93693334985571630  0.94737275353310380  0.95784249759724038
  0.96836153019426241  0.97889827972395504  0.98943822834424189  1.00000000000000000
 -0.00202284434647499  0.00969689246684093  0.01988575327812392  0.03043086129929811
  0.04098649720266716  0.05156718433129442  0.06214586838751123  0.07271576711801814
  0.08321631219492687  0.09371493721109925  0.10419348303409931  0.11473537356049342
  0.12526874940094063  0.13584603718356775  0.14642545640751614  0.15697950438521188
  0.16749525543831800  0.17799284709740706  0.18848963429426749  0.19900158515000252
  0.20949350017391333  0.22001483663183738  0.23052653480175622  0.24108332674729013
  0.25167254524338972  0.26233813765754510  0.27299052807940161  0.28362886165634882
  0.29419238577943690  0.30471403333833325  0.31522574772112383  0.32574474923263513
  0.33628414429813119  0.34680934200435687  0.35733748346392041  0.36786970895077847
  0.37845038135746506  0.38901783501542303  0.39950607261313054  0.40994529460035456
  0.42039900706678113  0.43092613739493879  0.44149498483142269  0.45204705737774104
  0.46259751060126114  0.47309837659086801  0.48362069446572509  0.49415293451476938
  0.50474109261394773  0.51529511818796836  0.52580093850254717  0.53626825332429673
  0.54679466120898967  0.55739848357139510  0.56798607250875910  0.57859688041259572
  0.58915154979939632  0.59974729110066416  0.61031260317432012  0.62087346398130339
  0.63142046941236574  0.64197395150379355  0.65254262319594358  0.66314533773874618
  0.67369212341908680  0.68424688600785144  0.69476091602110746  0.70530307061306052
  0.71579174961536540  0.72628157795246717  0.73677099303430527  0.74733231182891358
  0.75789017882732412  0.76843468069041643  0.77895985774254595  0.78947069509201040
  0.79999992703042888  0.81052818461196785  0.82104043914463865  0.83152366640622000
  0.84200637997085326  0.85248498593454325  0.86295284560429242  0.87342407603621330
  0.88400225942004274  0.89460347897353398  0.90521149530166389  0.91575837669437399
  0.92635726504988014  0.93690849165485257  0.94747250132074901  0.95800677807797163
  0.96855126644308509  0.97903029709364597  0.98951581999674876  1.00000000000000000
 -0.00244944406279773  0.00948823302254164  0.01964670192654300  0.03011995612084090
  0.04062976356967023  0.05115803228002596  0.06172847889339510  0.07232127570339282
  0.08290028006499993  0.09348780435532318  0.10406030483309547  0.11462725504610227
  0.12515956345505025  0.13567449049632382  0.14620692602076710  0.15677985256254884
  0.16737416707832167  0.17796067827818438  0.18852612665479124  0.19907185849198630
  0.20956557647662291  0.22005865622606177  0.23054457987834537  0.24109490636984565
  0.25163426463980126  0.26222617942474652  0.27282920195652444  0.28343184722337317
  0.29400170662908298  0.30451328057261878  0.31504577790732818  0.32559214623199373
  0.33616723316269453  0.34672903759571178  0.35728415304024069  0.36781442391987046
  0.37836178876443677  0.38888112157849847  0.39941297849992230  0.40993508423351760
  0.42045395571179700  0.43098178234006673  0.44150848328418324  0.45207789143626631
  0.46266079163533130  0.47328194605829010  0.48389259151273567  0.49451569936382628
  0.50507870147158418  0.51561648784920322  0.52613709797491615  0.53666922412188689
  0.54716465497811095  0.55767742328843051  0.56815069306315991  0.57870773039709533
  0.58925602610900329  0.59980891981320161  0.61033054810742959  0.62080325741660947
  0.63132298419960087  0.64187385967802135  0.65249801145714859  0.66309626732184934
  0.67366579859073783  0.68418813238844323  0.69468939895793136  0.70523236234637643
  0.71579868414002823  0.72635217207587000  0.73681821506584111  0.74729851896879651
  0.75779214876420431  0.76833910444387232  0.77886828188663793  0.78949137459772178
  0.80008877611023810  0.81067408251924189  0.82119793685140163  0.83171931300605095
  0.84225167764206366  0.85280052245266824  0.86337127548721815  0.87388320942248354
  0.88434109659712767  0.89476485056520538  0.90528903820528994  0.91582085141782654
  0.92639473268646955  0.93689172297567491  0.94743450264602802  0.95796204029437348
  0.96849041111772094  0.97900788188779220  0.98950489755863480  1.00000000000000000
 -0.00245952137180000  0.00960232273489100  0.01981573841575923  0.03039746532643067
  0.04096337203302305  0.05150975589609914  0.06208997363887620  0.07269334634782840
  0.08323761413209248  0.09375344219499693  0.10427478214958552  0.11486217591711045
  0.12544620690833053  0.13601705533013700  0.14657760270043763  0.15709893383777998
  0.16766099940082085  0.17820430448126326  0.18875119325387441  0.19926620899145153
  0.20980822888797745  0.22040617891611280  0.23098402085599218  0.24152293275765327
  0.25203066229083743  0.26252299208173441  0.27305430818986670  0.28359263219257147
  0.29414301200361198  0.30469003337628014  0.31522916074058882  0.32580357641575414
  0.33637587924801921  0.34693429881081383  0.35749578917628805  0.36804171294839022
  0.37864475200309783  0.38922103804302188  0.39977235403189249  0.41032286415589264
  0.42086755518892055  0.43147550509993926  0.44204762291881622  0.45263045723871081
  0.46315956649100581  0.47369887092898988  0.48419277283045037  0.49468191960410818
  0.50512949281560082  0.51555766998949071  0.52600416117612281  0.53648134001588632
  0.54703919506571586  0.55757991306224963  0.56805610604236068  0.57858000877292171
  0.58913413115588598  0.59974651174764781  0.61031563669969002  0.62086734405095279
  0.63141870191258243  0.64193870721589918  0.65244091912643110  0.66296624959976880
  0.67346941073616051  0.68400070231010690  0.69453803618060039  0.70512025658927779
  0.71566837638851066  0.72620260571260276  0.73669547975310923  0.74718038446283552
  0.75766489905013967  0.76813098323626494  0.77862855074656878  0.78921285348803971
  0.79982699533776236  0.81043742026955279  0.82095408960197780  0.83143550285330281
  0.84193751023256613  0.85241501894205929  0.86296992757385438  0.87352298051879129
  0.88409910086473387  0.89466417144892962  0.90521235060451810  0.91575700118782377
  0.92627485260623288  0.93678155521086737  0.94732871847915545  0.95783487618091068
  0.96838155492232991  0.97889868060379337  0.98946042004936707  1.00000000000000000
   2.2112793003337931E-020  -1.0000000000000000     
 F F F F F F F F F F F F F F F F F F F F F F F F F F F F F F F F F F F F F F F F F F F F F F F F F F F F F F F F F F F F F F F F F F F F F F F F F F F F F F F F F F F F F F F F F F F F F F F F F F F F F F F F F F F F F F F F F F F F F F F F F F F F F F F F
  <DiscreteSampler_grid>
  grouped_processes
  1 # 1 for a reference and 2 for a running grid.
  10 # Attribute 'min_bin_probing_points' of the grid.
  1 # Attribute 'grid_mode' of the grid. 1=='default',2=='initialization'
  0.0000000000000000 # Attribute 'small_contrib_threshold' of the grid.
  0.5000000000000000 # Attribute 'damping_power' of the grid.
 # binID   n_entries weight   weight_sqr   abs_weight
    10   10   4.618792650591848E-010   4.975985759731012E-019   4.618792650591848E-010
    11   10   4.618792650591848E-010   4.975985759731004E-019   4.618792650591848E-010
  </DiscreteSampler_grid>
