  0.00967243299847522  0.01581888137682100  0.02507449455954065  0.03586084992836822
  0.04622278021564715  0.05662692997609309  0.06701025744478348  0.07739046025583203
  0.08777951281993410  0.09818401866108140  0.10858837186786280  0.11898058278791954
  0.12941028766975804  0.13984301299709859  0.15026603118744888  0.16066737176291637
  0.17106408756429281  0.18145740302147695  0.19183291316996098  0.20220824993592212
  0.21256737414497748  0.22294250370899463  0.23330649115012492  0.24369916643760786
  0.25409876331679682  0.26450097454930094  0.27489238823436241  0.28527315409326404
  0.29564784931245291  0.30600777529954287  0.31634572129467514  0.32669435921377232
  0.33710692681612370  0.34753644247051041  0.35796076477777689  0.36835044223521118
  0.37875050210436401  0.38912352188042437  0.39947675963517576  0.40981530029648322
  0.42019531232732987  0.43058671802017495  0.44098661305804937  0.45136750000100334
  0.46173077725536316  0.47208991084126484  0.48246648436081713  0.49287337395938791
  0.50327601782063913  0.51366002850060055  0.52403561789394304  0.53439641687171646
  0.54472977508475728  0.55505665945218363  0.56542162149945785  0.57581803183936786
  0.58620803935802601  0.59656866532794128  0.60692578044777790  0.61730499504046976
  0.62770184554319874  0.63810202480964506  0.64847661692201530  0.65881624164596653
  0.66915075085120246  0.67949835471685460  0.68985235319429261  0.70021161444217350
  0.71058446279091447  0.72098632341675395  0.73140372558883460  0.74180347291441218
  0.75217169092569736  0.76252520931552992  0.77287695901750753  0.78325241191969386
  0.79363042708108000  0.80400619351983582  0.81437305393886195  0.82473761176211413
  0.83509102794155798  0.84545476233309313  0.85581991263236068  0.86619756200760512
  0.87660268057452551  0.88701271883253408  0.89742546855946426  0.90778498195401724
  0.91811867440921502  0.92846916048726291  0.93887123993183552  0.94932952749762356
  0.95978498064767048  0.97019375860065504  0.98055318132393787  1.00000000000000000
  0.00958741271669785  0.01569732958638283  0.02495537210749924  0.03570992960890391
  0.04601528953868075  0.05635980428333065  0.06673687101574817  0.07717863476887578
  0.08759278767976765  0.09798949428885599  0.10833822627108339  0.11870620743950831
  0.12910018268002946  0.13948918626652354  0.14987135312677785  0.16024764541161790
  0.17061632069535257  0.18097989788970709  0.19134478342108999  0.20173907079500006
  0.21215235099863192  0.22257016892010531  0.23297221343720728  0.24337469607915843
  0.25378799736640945  0.26418237133359673  0.27457485532304660  0.28494165902468827
  0.29532822755233429  0.30571529228664024  0.31611878429791751  0.32653683884445484
  0.33694716895779070  0.34734685933124071  0.35774223903757701  0.36814398322647562
  0.37854140452654306  0.38889314066484643  0.39923450431787383  0.40956562193302237
  0.41992243333148621  0.43027556222853386  0.44061845902152047  0.45097388251207976
  0.46133575353381823  0.47173677565367389  0.48214509252100229  0.49256251861460371
  0.50297208713551234  0.51336890840980232  0.52376017707181222  0.53413995696138361
  0.54452161549043632  0.55492567924982295  0.56536181061290269  0.57578027554978506
  0.58615727983425592  0.59651190021928968  0.60688867869871388  0.61730464021398601
  0.62772810470311635  0.63814186864031808  0.64855355561152661  0.65895126032613660
  0.66933837115554873  0.67972927482295087  0.69012739989909244  0.70054461863915263
  0.71092854342839362  0.72128225504289878  0.73159979107279749  0.74191061357857846
  0.75224957953446525  0.76262002392551709  0.77301234140719566  0.78341032341734151
  0.79380020211657054  0.80419123026190587  0.81456024201689325  0.82493207422939996
  0.83529718969976996  0.84566389288131605  0.85601281708793653  0.86638049183726085
  0.87676623899343575  0.88716234943960248  0.89754349408808831  0.90788962981021648
  0.91826048089918544  0.92864308851605404  0.93907016468259841  0.94948122066872120
  0.95987000572342751  0.97020352811246924  0.98051533965334581  1.00000000000000000
 -0.00245238436948926  0.00991142819589553  0.02018110078815539  0.03071149475639048
  0.04123652176733709  0.05173129735542465  0.06218766675781561  0.07263966004587787
  0.08316105714086053  0.09372158279462012  0.10431732804643309  0.11484643419366608
  0.12533044108559752  0.13580486729360600  0.14630362994576668  0.15685647138394435
  0.16737655544034732  0.17789502896452114  0.18840482211206966  0.19891080670694786
  0.20943893949175516  0.21995508691249283  0.23048404730056601  0.24095978435884133
  0.25144193856824387  0.26197241191865756  0.27255441411006087  0.28314858091886980
  0.29372544693326297  0.30428440477091573  0.31483335380019745  0.32534661513027652
  0.33583225082248397  0.34632666197008888  0.35679187620915626  0.36730667971040309
  0.37780677799106105  0.38838094171621601  0.39897786239004968  0.40955810832614203
  0.42010278211942931  0.43058861821462407  0.44108730114935057  0.45161119983723219
  0.46216573118874754  0.47277906429997402  0.48338092881288180  0.49396344056820218
  0.50449515996327110  0.51498980572154396  0.52552591939173376  0.53602565075542030
  0.54656070585813654  0.55708565056532888  0.56765028148585717  0.57825211120365250
  0.58887048046172674  0.59942149336239825  0.60990195116898094  0.62038009348451295
  0.63095303006315484  0.64154063743622369  0.65209182227247253  0.66258534719667517
  0.67307102826440857  0.68360635836581574  0.69417496810455659  0.70477277374003977
  0.71536310922818824  0.72595483825027796  0.73654435731222367  0.74710220821642059
  0.75764152380011851  0.76819375977151061  0.77875725483038782  0.78930475965714708
  0.79986000419733316  0.81043329473046566  0.82101274585557538  0.83154091333182345
  0.84205767398322506  0.85261631120491521  0.86318225973263807  0.87369597766122209
  0.88415148648905917  0.89461411430713356  0.90513469796351209  0.91567690476794883
  0.92624537354169723  0.93675361551548897  0.94726433946410260  0.95778127448045935
  0.96832832613980391  0.97893480589663462  0.98946963260097953  1.00000000000000000
 -0.00243171521288081  0.01026892925182678  0.02057890401641765  0.03107415404459635
  0.04158643391005177  0.05209932428409287  0.06259909073015889  0.07309071843444910
  0.08360010909814246  0.09413785852131705  0.10468575946516824  0.11524170675112737
  0.12576012587777408  0.13631056792870530  0.14684590382173296  0.15743134825158947
  0.16794195855280869  0.17844238886202918  0.18892146921605524  0.19942509444563716
  0.20994467239068218  0.22046843241595168  0.23100049222513933  0.24154217859649357
  0.25204974798596191  0.26257848860811117  0.27311114480515003  0.28367460927406968
  0.29420760477378433  0.30473682055773132  0.31526111090122361  0.32579536304030760
  0.33634205878708495  0.34684639698181108  0.35739297850596191  0.36790109730075266
  0.37844870874353576  0.38897662048524351  0.39954227806194265  0.41011768841936008
  0.42069874111129152  0.43126764101675241  0.44182909008965926  0.45235731860398753
  0.46287323672329289  0.47336458547969790  0.48390251609116647  0.49440887857394705
  0.50492822798669335  0.51538014533201248  0.52585289284163528  0.53636325993362388
  0.54685725412739350  0.55737000237798684  0.56783125525884770  0.57830781145079435
  0.58878982079903486  0.59928592663561664  0.60983773418384091  0.62039213627876089
  0.63091040985699720  0.64143966097900418  0.65198590859843231  0.66258794676269506
  0.67315380613737941  0.68374193144581263  0.69431382620177062  0.70487403748015298
  0.71542636125693215  0.72600041471398935  0.73656786555043163  0.74708405359049834
  0.75766769312927917  0.76825736885561080  0.77885761169174161  0.78935879354575644
  0.79986170916992816  0.81037092685642753  0.82088743716685197  0.83139126686477827
  0.84186654927186477  0.85235168980382903  0.86287518228439053  0.87344565099797367
  0.88404181148492988  0.89463358441334140  0.90520475775854292  0.91577542671465517
  0.92634198268413293  0.93690272727359392  0.94746956169337304  0.95799520817739592
  0.96848662250079054  0.97894497650066603  0.98945329602017751  1.00000000000000000
 -0.00244916594271094  0.00970408723703219  0.01991885801989688  0.03043160691464894
  0.04096540352564651  0.05146188184394389  0.06198869394348749  0.07252017417917234
  0.08308041446358445  0.09363591823198836  0.10416517357671838  0.11467526969513499
  0.12516859200387345  0.13567302378376334  0.14620754366329181  0.15673623856492505
  0.16726349648868047  0.17783703136781948  0.18840453261191722  0.19897614056823373
  0.20947232592509771  0.22000429264537638  0.23056804852489143  0.24117156932820313
  0.25176709376468098  0.26233587371835254  0.27285424938445674  0.28333478253460664
  0.29381143884334554  0.30435954748294303  0.31494879360288713  0.32553382639328643
  0.33607260489027757  0.34661071673523991  0.35717129205698434  0.36773225577578711
  0.37830546316972313  0.38887240331819267  0.39946509267612740  0.41002692355031828
  0.42056866822574024  0.43109510289790071  0.44157907538594704  0.45208532058349055
  0.46255561992090161  0.47310804332155321  0.48365525682423727  0.49421208023652241
  0.50474905504214407  0.51529590152312699  0.52584155186483006  0.53639206429488895
  0.54695647451976137  0.55751652705987076  0.56805388799871726  0.57855040288765058
  0.58908100849184419  0.59965168367341060  0.61019230125591484  0.62075441183939117
  0.63128681707706791  0.64185121933789546  0.65236268142281628  0.66286982225864077
  0.67336626431261282  0.68390610946758634  0.69445169700800380  0.70503400209274847
  0.71561838033887382  0.72619625757760797  0.73671003415630165  0.74718155573495459
  0.75767626261775411  0.76823237967305724  0.77879749546428267  0.78933535983600245
  0.79985190281475560  0.81037114704508262  0.82090078895939977  0.83154626659560016
  0.84215449103069118  0.85269261333789859  0.86310080795501432  0.87353401514318785
  0.88402322259412669  0.89454760704560532  0.90508775904443073  0.91563499262311165
  0.92617575981981182  0.93672154882126091  0.94724529049187678  0.95778806548729623
  0.96832807762877404  0.97888785691061642  0.98944246888088816  1.00000000000000000
 -0.00236125398480977  0.00973799018884031  0.01995090929622851  0.03049760308644953
  0.04102980805626600  0.05156470826914623  0.06210640434839475  0.07264697587650498
  0.08315455600064865  0.09366449920981113  0.10420579985066154  0.11471655837414103
  0.12524524357496025  0.13577709962527121  0.14633220602216976  0.15687968579022188
  0.16739967056651048  0.17794138603263415  0.18847022514892686  0.19902904696989890
  0.20956933268260927  0.22011912420432966  0.23065126530330796  0.24116858436717389
  0.25170529899992977  0.26223058400783306  0.27274892019046404  0.28325768654494676
  0.29377631968268653  0.30430764820699541  0.31482221501733249  0.32536235814051606
  0.33589778706219359  0.34648843906974836  0.35701092636854931  0.36754585065582157
  0.37805170936119470  0.38860209180505600  0.39917192915504968  0.40972675313099460
  0.42027151988432909  0.43078771129709709  0.44131631539837779  0.45184078828637964
  0.46236320153335231  0.47285043927414777  0.48332505331130055  0.49383428971472848
  0.50434799992590895  0.51487733486371101  0.52540687174757250  0.53596189443173747
  0.54656511497591620  0.55716038952145563  0.56771259049231726  0.57823024133131018
  0.58880411756520845  0.59942818171621282  0.61006867888245631  0.62064773394829742
  0.63122793765505070  0.64181594360139038  0.65242834788838366  0.66300239031506969
  0.67356438789273432  0.68407382956234997  0.69462015737505090  0.70511520206492218
  0.71563950921458563  0.72613694856445588  0.73664217381575425  0.74716289064241515
  0.75770892393462030  0.76826868330887355  0.77883164526697257  0.78934715198010885
  0.79986554822838207  0.81038690793135681  0.82091349310019535  0.83140231924932484
  0.84184832192861392  0.85230051537766105  0.86278623126002296  0.87331961533184677
  0.88385384377128329  0.89443503349355613  0.90502097960749828  0.91564859222076578
  0.92624123829458749  0.93681551448682054  0.94736011610257642  0.95790257221405417
  0.96842904653585404  0.97893875396281094  0.98946954029843226  1.00000000000000000
 -0.00238702918138514  0.00950794190178571  0.01963770962734729  0.03012234716355967
  0.04066492133634186  0.05116091624995875  0.06165022858227660  0.07215795497919744
  0.08269093835016991  0.09320696821523410  0.10369643196717564  0.11419562498617351
  0.12470992933805509  0.13525371522610968  0.14576768029746881  0.15627694141363713
  0.16674586943911618  0.17723418017391596  0.18772811580492815  0.19824933465980990
  0.20879629402187092  0.21938577103654133  0.22996877305585683  0.24053369211909073
  0.25109081408182415  0.26166866755812679  0.27225265221705086  0.28280535386744060
  0.29334908574862556  0.30391685731884877  0.31448478609635128  0.32502773898032827
  0.33553109705999318  0.34603209085256992  0.35655891167352483  0.36714138248496037
  0.37772976072510284  0.38827231327574557  0.39875797937461271  0.40924205666056690
  0.41975401340396490  0.43027296034192830  0.44078419317519063  0.45134082307724771
  0.46190806456332095  0.47254406906492874  0.48318457645598112  0.49381592272975938
  0.50437345082735385  0.51487354351709380  0.52539293740922832  0.53593823047123834
  0.54649297695954313  0.55702387998861558  0.56755323435088045  0.57807881745323675
  0.58862230059334375  0.59919245510367025  0.60977105140440313  0.62032438857815531
  0.63083710815701222  0.64139970524236289  0.65197241809896711  0.66254070977590740
  0.67303261496743338  0.68355206990182804  0.69408039570413349  0.70473472894228595
  0.71535103019703872  0.72598234403957551  0.73655070217721841  0.74718586688731481
  0.75782009916986481  0.76845695966857830  0.77902972827613259  0.78955646688241421
  0.80005769789850678  0.81056146995061118  0.82109743315362371  0.83160803272961503
  0.84214415583668922  0.85267981939975057  0.86327138275422666  0.87383342039881906
  0.88438141321460628  0.89492959245922121  0.90548126992651679  0.91604672528460229
  0.92659025355672398  0.93711865392640126  0.94762227694453394  0.95812946452237502
  0.96860647333106908  0.97910654366460359  0.98955352235940364  1.00000000000000000
 -0.00245422987872617  0.00939337503368635  0.01953746826178827  0.03003495899376159
  0.04064158496459040  0.05120260918008328  0.06178280262901159  0.07232953292953251
  0.08289792837434991  0.09344480516134272  0.10398751289109172  0.11454656433310836
  0.12515973652407170  0.13574947243384541  0.14631973517810234  0.15683135391681130
  0.16735152927367461  0.17786784271670333  0.18840513264472172  0.19894858297306983
  0.20947281756875100  0.21999092427791794  0.23051109700363145  0.24106492512359906
  0.25163656229971115  0.26223229591293928  0.27279091503614167  0.28334395136650237
  0.29386428946032855  0.30440713133389513  0.31496767165168355  0.32551930658896588
  0.33606320509933152  0.34655171670379098  0.35702750316861159  0.36752627258091902
  0.37804849066502111  0.38860491482349568  0.39913945348892160  0.40969688753148309
  0.42025297029274433  0.43080990598689223  0.44139484900864395  0.45195377204977200
  0.46255043316629518  0.47310583071088225  0.48367793254837260  0.49423552726808595
  0.50479461136445436  0.51534610301213601  0.52587394906038765  0.53639848468662843
  0.54690228381005512  0.55743487442515138  0.56793510289879390  0.57846727365416628
  0.58895200860856578  0.59949007968459012  0.61003087527650324  0.62056439528739693
  0.63111219341316682  0.64166204456731246  0.65222389042376316  0.66272648352883390
  0.67319293135489600  0.68367860009220027  0.69416791628353902  0.70466512788551749
  0.71516136344750181  0.72565710942310702  0.73619170588332461  0.74674671511861734
  0.75727948577439397  0.76780728419077560  0.77830917367479080  0.78883158457766289
  0.79933660213082258  0.80982238380921912  0.82032172020879002  0.83081998608512020
  0.84135514738994588  0.85188871349813011  0.86244336486902506  0.87300123020325371
  0.88357161686165553  0.89417325459592689  0.90476438127825043  0.91533787149947976
  0.92590902548274723  0.93648241739010596  0.94712277585402715  0.95775387210268381
  0.96835816378409179  0.97890661990825667  0.98944044737717296  1.00000000000000000
   7.5231151022880883E-025  -1.0000000000000000     
 F F F F F F F F F F F F F F F F F F F F F F F F F F F F F F F F F F F F F F F F F F F F F F F F F F F F F F F F F F F F F F F F F F F F F F F F F F F F F F F F F F F F F F F F F F F F F F F F F F F F F F F F F F F F F F F F F F F F F F F F F F F F F F F F
  <DiscreteSampler_grid>
  grouped_processes
  1 # 1 for a reference and 2 for a running grid.
  10 # Attribute 'min_bin_probing_points' of the grid.
  1 # Attribute 'grid_mode' of the grid. 1=='default',2=='initialization'
  0.0000000000000000 # Attribute 'small_contrib_threshold' of the grid.
  0.5000000000000000 # Attribute 'damping_power' of the grid.
 # binID   n_entries weight   weight_sqr   abs_weight
    10   10   8.033005001267075E-014   8.980806388617722E-027   8.033005001267075E-014
    11   10   8.033005001267082E-014   8.980806388617746E-027   8.033005001267082E-014
  </DiscreteSampler_grid>
