  0.00924833842778946  0.01726966116391351  0.02580945750601923  0.03677445196595983
  0.04711175807023615  0.05744642942811755  0.06778752699527124  0.07813516527733801
  0.08850519739765193  0.09887020012565031  0.10927222499841759  0.11966484809871074
  0.13004037216801562  0.14041123098417857  0.15080133763386586  0.16115804139916093
  0.17150187754716001  0.18182471876916248  0.19217614121382537  0.20252734904830130
  0.21288149947904617  0.22325730914717418  0.23363039208303502  0.24399817121523898
  0.25437536980395048  0.26476228597508650  0.27515941889698231  0.28553229858142404
  0.29589685311553887  0.30626537931717140  0.31665110246642175  0.32705299586042980
  0.33744014305492248  0.34779394777688433  0.35814136525545182  0.36850573137345188
  0.37888896688217122  0.38925065943763443  0.39959327503973630  0.40991880406438985
  0.42027076006485575  0.43065350130877006  0.44105214082231076  0.45144629662727465
  0.46182482746594927  0.47218257941588354  0.48253129795660216  0.49287933011025853
  0.50325616127822537  0.51364616481277181  0.52402380662259607  0.53439704724067083
  0.54475866309876164  0.55510810394929377  0.56544593850858382  0.57581423109988872
  0.58623693830461510  0.59668340409569809  0.60711898788201912  0.61753344077473371
  0.62792857193934049  0.63831189211951334  0.64868821307440805  0.65905968788845914
  0.66942756370525380  0.67980203140039153  0.69020691069734075  0.70062025169018383
  0.71100822463408797  0.72136991655787841  0.73170942555092100  0.74204203600886887
  0.75239187494033533  0.76276093385745836  0.77314658976193085  0.78351586642300264
  0.79385869560870059  0.80418653081049507  0.81450821091333814  0.82483036137364318
  0.83519198987419219  0.84556578176213715  0.85596886647589654  0.86636079709948421
  0.87675731756145314  0.88714147201677451  0.89751689699000459  0.90787673892246523
  0.91825232017958569  0.92860373367883808  0.93896266673805173  0.94933180112012161
  0.95974433249046576  0.97015494824235593  0.98053119655825960  1.00000000000000000
  0.00949354900712152  0.01593693956152201  0.02510371399038516  0.03588934768181660
  0.04622488384722089  0.05660412702001257  0.06699163565822311  0.07737194235617283
  0.08771190459776153  0.09805107713197160  0.10841127566955570  0.11879033072114865
  0.12915073198746066  0.13948597733459525  0.14987808887170406  0.16027593243086449
  0.17069895955612446  0.18106830327298656  0.19146652713760265  0.20182682751341899
  0.21219891327778664  0.22256864480410837  0.23296482000977273  0.24336169280760386
  0.25373350656081339  0.26410211544187068  0.27449220962581250  0.28494776046252468
  0.29537316056895935  0.30579983459739946  0.31618814387505412  0.32659240859979399
  0.33696867303480654  0.34735692339628210  0.35776584498583314  0.36817112461718560
  0.37856964848080937  0.38895540311921073  0.39935831053204873  0.40977034693230480
  0.42018275822598916  0.43059635119307249  0.44097363354367686  0.45131913113184396
  0.46164401851319953  0.47198929273248735  0.48234982595780151  0.49269869252826259
  0.50306048906256851  0.51342750791007308  0.52381739033660524  0.53417934221387875
  0.54452357225718240  0.55487500244400834  0.56525551668065677  0.57566028852786344
  0.58607002555382892  0.59647414230175300  0.60689545522887922  0.61733645898515943
  0.62778718499373720  0.63822629671988085  0.64861880257226623  0.65898736576047257
  0.66935855902215280  0.67975239252176856  0.69015855585907981  0.70054157201994260
  0.71091197919872151  0.72128497725183105  0.73167178183040726  0.74206033491872025
  0.75245364695583772  0.76287704983360727  0.77331251837083037  0.78372581548408538
  0.79409649162807072  0.80445229206252278  0.81481773621186426  0.82518142340231149
  0.83553641025801495  0.84589601689877036  0.85624590971339065  0.86660957753698686
  0.87698366455122734  0.88737199621927088  0.89776268395086489  0.90814797518784729
  0.91851355026035353  0.92885902958090982  0.93917150828777352  0.94948331297750743
  0.95981544074533687  0.97015454705489368  0.98052075611546430  1.00000000000000000
 -0.00249715678138925  0.00972754133732388  0.01992173319032729  0.03043566577521196
  0.04094609828201211  0.05144692699455816  0.06194461104800031  0.07248400054414676
  0.08307799442415166  0.09365375456098740  0.10414968072228892  0.11466148440583497
  0.12520127163366815  0.13572647230101845  0.14621528316793411  0.15669933671288655
  0.16722054688645113  0.17775678354486105  0.18824895153610127  0.19875378610606093
  0.20925678248989185  0.21980108288249509  0.23034575990826076  0.24090269468348122
  0.25145194244395369  0.26198322760933740  0.27246186301141867  0.28291622852672837
  0.29334734130285900  0.30382173180509109  0.31434711343652938  0.32497592608574288
  0.33560751630184554  0.34619232661931687  0.35671462300620171  0.36721795768032905
  0.37774967200230314  0.38825840624714236  0.39879073173684154  0.40934488150062132
  0.41990469412467096  0.43047903511305435  0.44102685059874691  0.45158437963210146
  0.46211088029624536  0.47261556805734378  0.48314105314527578  0.49368413308475795
  0.50424486510770528  0.51482384165416639  0.52540921893534465  0.53600742096784348
  0.54658943330686982  0.55714967725489839  0.56769855169826133  0.57824329899515603
  0.58879927244343822  0.59935831543813722  0.60987403346258584  0.62033133519788508
  0.63082626610830816  0.64135461629975987  0.65194160860614514  0.66248030055656315
  0.67300591319157044  0.68352497301837900  0.69406224609602774  0.70459062836437469
  0.71517587789651549  0.72573648037694338  0.73629736394335144  0.74678066212851901
  0.75727455466900084  0.76779582064899365  0.77835344509070969  0.78892993769406417
  0.79948020364039651  0.81005514986373250  0.82061512102359802  0.83117887822749958
  0.84171766849668961  0.85224830921336081  0.86278890570454958  0.87330721146114376
  0.88383521879733373  0.89435426539825025  0.90490540482182924  0.91549258955780877
  0.92604984619078734  0.93660359795608583  0.94711052154171016  0.95771662103199029
  0.96828717928094410  0.97887207865249515  0.98941900724437737  1.00000000000000000
 -0.00184788885486246  0.00977768698745017  0.02000621298719979  0.03051781065510361
  0.04109646933756193  0.05161426961356956  0.06216549203800496  0.07273672650338792
  0.08335116600927416  0.09393456468582469  0.10452845096205618  0.11510026950811222
  0.12565667262458322  0.13615892723463255  0.14667752019749203  0.15720951513627834
  0.16778318791776412  0.17834229846101907  0.18890330042731043  0.19946087824768910
  0.20998878923773948  0.22055595880531448  0.23108661613931189  0.24170067871256007
  0.25228786347224186  0.26286236837990185  0.27340180558694543  0.28393596149779488
  0.29447512797564879  0.30503414907017390  0.31559022579161339  0.32613567462499526
  0.33665321598352749  0.34713718379108471  0.35767929915694285  0.36825764979504916
  0.37886551179554773  0.38942675512684632  0.39995054789519563  0.41044331282843016
  0.42095305496307245  0.43150690745969839  0.44211522133983983  0.45268715860496506
  0.46320621217761287  0.47371710924490784  0.48424349611863388  0.49482120074013486
  0.50537229509611359  0.51593308111857539  0.52641379446346381  0.53693520366760739
  0.54745449848366079  0.55800874607130257  0.56854820218202029  0.57906024606280526
  0.58959352864247105  0.60011160550516507  0.61063697438717290  0.62116919990097086
  0.63163930758931197  0.64212533342684441  0.65259010085175484  0.66313320181232638
  0.67369569873414248  0.68424996408339944  0.69477676544941958  0.70526366042747590
  0.71577356345110121  0.72629046970990285  0.73685216882365157  0.74741205456940685
  0.75796902437806224  0.76851626763140168  0.77903902228258959  0.78957800637162689
  0.80013281998154573  0.81070306891947375  0.82125433602093878  0.83175627963721677
  0.84221905772961958  0.85268997240255584  0.86316528874252285  0.87366061874553957
  0.88413996374445691  0.89463888779890011  0.90515360128173916  0.91568786458456053
  0.92623835629868168  0.93678261693912634  0.94736273533610571  0.95793380046960652
  0.96848371531871136  0.97900103742989286  0.98949322306053966  1.00000000000000000
 -0.00245576828976076  0.00961053091148086  0.01981527824585788  0.03036359125916176
  0.04090552712088443  0.05142691175858050  0.06195219583693807  0.07248946448069599
  0.08302774097947405  0.09357332962178525  0.10407792666543328  0.11461391488337629
  0.12513554225493939  0.13568687232695245  0.14619312410752611  0.15670810412322181
  0.16721253137670197  0.17770340078688229  0.18818571263151282  0.19867536137364714
  0.20918673083068393  0.21971124310133969  0.23024359736597519  0.24080011548437791
  0.25137621118102388  0.26196277762845421  0.27251771248262896  0.28303738770167375
  0.29353718960635861  0.30403448657307847  0.31454202162447120  0.32505803665602001
  0.33553070500496868  0.34601166729958094  0.35650405290254589  0.36705220480249129
  0.37760052879800687  0.38814410055730691  0.39864575729205842  0.40915614496209679
  0.41967287232820927  0.43025487261961637  0.44081839038703940  0.45138846070934946
  0.46191764028332155  0.47245495955641686  0.48302611079156366  0.49364352104781201
  0.50424466291956194  0.51479236816226404  0.52533184897958440  0.53590349913670177
  0.54648168589884816  0.55707226462713644  0.56763184902805686  0.57818001911004790
  0.58869739422847611  0.59926685808821378  0.60985998360948512  0.62046881559969747
  0.63105927216955549  0.64164705396734967  0.65221496154618908  0.66277685871701519
  0.67335322908679518  0.68394102719478689  0.69455594064286963  0.70512604553066127
  0.71572341454987154  0.72627502170140923  0.73683250398308242  0.74735006348650568
  0.75786771572969969  0.76837300886935933  0.77884953797612011  0.78935234995469328
  0.79983580619454586  0.81035932947360234  0.82087316087641105  0.83143115799337197
  0.84199411387709089  0.85253828529107267  0.86310748415867133  0.87363536759371274
  0.88413932760239089  0.89460048465143149  0.90508312277085246  0.91560597429188784
  0.92623257713071139  0.93683512454406759  0.94739848719963671  0.95786912359880749
  0.96836457599939163  0.97890162862447494  0.98943826927185963  1.00000000000000000
 -0.00235682757027299  0.00973594788046231  0.01995574299319039  0.03048407830127846
  0.04104016583121214  0.05159369466970889  0.06220988229567979  0.07283934899827557
  0.08343399642810242  0.09398079237185757  0.10452331058577526  0.11507221679271190
  0.12556711143473501  0.13603374934072282  0.14650572855272564  0.15700211038878109
  0.16750915222009161  0.17800907287334730  0.18853687904591857  0.19901065018070946
  0.20950960001624841  0.21999648043362566  0.23054915469171627  0.24108663540069122
  0.25161811214823060  0.26208877524963115  0.27257801354938882  0.28305720358603204
  0.29356804297089506  0.30409221468269898  0.31461444056102861  0.32514959593673520
  0.33565050198613855  0.34616959111464979  0.35666889336433605  0.36718580746617269
  0.37771387772365489  0.38826150724674457  0.39883684716057677  0.40939416782927851
  0.41995639287432401  0.43049134178532855  0.44104625981409823  0.45157837494427777
  0.46213525293505947  0.47271175379289693  0.48326602527474133  0.49380857688527724
  0.50430823980598960  0.51483347633977961  0.52540810599672183  0.53601958143217099
  0.54666105041634916  0.55730629629194506  0.56791231912177798  0.57852308877989533
  0.58910879457455112  0.59969052508924214  0.61025311542533311  0.62079726664152679
  0.63134923518975161  0.64191686692765537  0.65245724764217361  0.66297020517448935
  0.67345823542214001  0.68391317058622603  0.69438955464696384  0.70483317828694081
  0.71531119186465120  0.72579741715107160  0.73631672757375799  0.74686554112453962
  0.75740932651249748  0.76796080197683658  0.77846409497145219  0.78896197545230962
  0.79952037778941099  0.81016675740567712  0.82085797209162648  0.83146062324742220
  0.84194320268185951  0.85239656927913288  0.86288197829266000  0.87342618535988448
  0.88396380290745802  0.89452067634523635  0.90515858740254040  0.91578547857816350
  0.92634283615218760  0.93679396684758676  0.94727352146309485  0.95779707476017906
  0.96836550080737682  0.97892356749857001  0.98947423120189681  1.00000000000000000
 -0.00207383277729298  0.00961879192534184  0.01975609596992351  0.03017736594389036
  0.04059775096638799  0.05104153055852027  0.06154362091558890  0.07206766591475856
  0.08260179072496518  0.09310811909180089  0.10362645209720503  0.11412193624223742
  0.12460176678144234  0.13508672810817940  0.14556757968363063  0.15606553987382285
  0.16656613747494173  0.17707425362336035  0.18757763664673113  0.19809453846910710
  0.20859755685417836  0.21913527029038227  0.22972738144694768  0.24041997557501749
  0.25107358308383543  0.26167161363231101  0.27221209574258065  0.28282461081949517
  0.29337304603716574  0.30388547109577047  0.31436482725824832  0.32490031068055519
  0.33543508341959349  0.34599000272454000  0.35653983426146740  0.36710102441201503
  0.37763032063578272  0.38821717921920446  0.39882320924963388  0.40943011026749282
  0.41997758481237452  0.43051167833856735  0.44103827111394056  0.45155933939707188
  0.46212721213624131  0.47272332691041052  0.48334248625580206  0.49395058662633601
  0.50450484824120567  0.51508732450663963  0.52559780953914748  0.53612131485469716
  0.54657849442717810  0.55707565000186776  0.56762988780889012  0.57824025513982602
  0.58883013584234822  0.59939288555710846  0.60992495744175412  0.62049479977008459
  0.63104839757700004  0.64163379589227387  0.65221414262151090  0.66280524837934995
  0.67337130016593050  0.68393258088421738  0.69451864987524836  0.70509059370172644
  0.71561555259589316  0.72619530223602369  0.73676984319240635  0.74734201165469338
  0.75785988933998183  0.76841808699671466  0.77900783679286456  0.78955940692009152
  0.80009188665801767  0.81065284344680477  0.82120823720821090  0.83175993208102283
  0.84225816311563229  0.85278439175602194  0.86330158301225313  0.87385447392568349
  0.88438587153386461  0.89488533882104893  0.90536979502247683  0.91585376085733816
  0.92637251867859494  0.93688402051923125  0.94740043406582630  0.95788357829677306
  0.96837389847513411  0.97886980508891364  0.98942105278773396  1.00000000000000000
 -0.00242924448797991  0.00948108292743265  0.01962467243525194  0.03017896680937685
  0.04080094902360137  0.05139463289774678  0.06196061538771287  0.07247788909286330
  0.08302545856389695  0.09355773334983443  0.10409694816369656  0.11461242141548152
  0.12514301422870583  0.13569073861785655  0.14627548167681698  0.15684808181492965
  0.16742387133319536  0.17799224573772898  0.18852247529897534  0.19904938557280796
  0.20953106996356613  0.22006018464160904  0.23058399801772075  0.24115379222133149
  0.25169919258889278  0.26229933507281283  0.27283964299164237  0.28341725058285505
  0.29391616112358471  0.30446911818044420  0.31501850140148846  0.32557586603999911
  0.33613426863054574  0.34664812357713959  0.35716007212628698  0.36765890463501394
  0.37822884512486943  0.38876375261043222  0.39930480060659251  0.40983740689776149
  0.42042297695686992  0.43100916082670920  0.44154345333178663  0.45206809781488988
  0.46256560418055659  0.47308831979775484  0.48360322345820489  0.49415828157621311
  0.50469374325895078  0.51524273530152620  0.52575713653016432  0.53630215263488368
  0.54684494255282634  0.55740895203290652  0.56796985630048169  0.57850811180936756
  0.58904015395719223  0.59954573942993339  0.61007335947877261  0.62062466322024812
  0.63118694545852105  0.64177359547452262  0.65236042162963104  0.66291376261374457
  0.67348825973569637  0.68401611790951999  0.69459696532305815  0.70513814337538061
  0.71568488383654583  0.72617226128827872  0.73666794434930716  0.74716450602265083
  0.75770547418437484  0.76823802026795929  0.77882749830869002  0.78936069002340614
  0.79988213607882941  0.81037142982051491  0.82093801625948659  0.83147365350954405
  0.84201020522673364  0.85252133364816318  0.86307574598282100  0.87364933876987139
  0.88419937600295051  0.89473534749581540  0.90525300802599151  0.91576861716857116
  0.92630100586151332  0.93684900090102774  0.94739904592707258  0.95794818695509576
  0.96845326799991982  0.97897180122634420  0.98947725632119587  1.00000000000000000
   6.9605925770523189E-012  -1.0000000000000000     
 F F F F F F F F F F F F F F F F F F F F F F F F F F F F F F F F F F F F F F F F F F F F F F F F F F F F F F F F F F F F F F F F F F F F F F F F F F F F F F F F F F F F F F F F F F F F F F F F F F F F F F F F F F F F F F F F F F F F F F F F F F F F F F F F
  <DiscreteSampler_grid>
  grouped_processes
  1 # 1 for a reference and 2 for a running grid.
  10 # Attribute 'min_bin_probing_points' of the grid.
  1 # Attribute 'grid_mode' of the grid. 1=='default',2=='initialization'
  0.0000000000000000 # Attribute 'small_contrib_threshold' of the grid.
  0.5000000000000000 # Attribute 'damping_power' of the grid.
 # binID   n_entries weight   weight_sqr   abs_weight
    10   10   2.274816086612102E+004   1.003478798728150E+009   2.274816086612102E+004
    11   10   2.274816086612103E+004   1.003478798728149E+009   2.274816086612103E+004
  </DiscreteSampler_grid>
