  0.00968502687311882  0.01601533007696646  0.02535548344798813  0.03623903459109559
  0.04665614183956528  0.05708336213021468  0.06752845327378935  0.07801142397816625
  0.08852768357853666  0.09903222511014345  0.10953499628719184  0.12001767020560448
  0.13049986499575794  0.14094956968680269  0.15139770288200508  0.16185598054964820
  0.17234387752432076  0.18285710267566332  0.19335513697161161  0.20384714383196192
  0.21432748954479522  0.22482705210425896  0.23532176155320778  0.24582972375327616
  0.25632830366725029  0.26682707115566839  0.27730406691744092  0.28778423177986145
  0.29827050439528791  0.30876043436506329  0.31926711928732154  0.32980458068099955
  0.34034358612220683  0.35084698942470227  0.36130946616717552  0.37175819625430978
  0.38222490469223935  0.39271612612863654  0.40321797265639231  0.41372663155838102
  0.42421627535328582  0.43470343580167259  0.44518005322610105  0.45566308688537277
  0.46614525141644858  0.47664142897846301  0.48715298668480977  0.49767218709208144
  0.50816901565927153  0.51863882896626434  0.52909599918142625  0.53953109449245351
  0.54997427500417428  0.56043280459166278  0.57094329146286427  0.58143442618320940
  0.59191245298857342  0.60239348734485565  0.61289674298772112  0.62342647532793261
  0.63397884806395233  0.64450027488952388  0.65498040309117878  0.66541708761267937
  0.67589041135487049  0.68638063119216208  0.69685348027663008  0.70730736188244514
  0.71776839987753838  0.72818349550965722  0.73861722258163631  0.74905058444347883
  0.75956300198622828  0.77008205185041079  0.78059615677697403  0.79111843324936371
  0.80160025994624451  0.81208315422787680  0.82253640998791977  0.83299968786836964
  0.84350477961163928  0.85403233527315314  0.86458002367421738  0.87509078398551332
  0.88562935182710145  0.89616301607898385  0.90670644908134423  0.91719292289384269
  0.92770451280407151  0.93818849831187279  0.94870759082449441  0.95918801410446264
  0.96964005444345558  0.98010841162936624  0.99111932630988087  1.00000000000000000
  0.00984448779219762  0.01627663708432261  0.02538669818389969  0.03618642485863143
  0.04654899596116055  0.05696971435335520  0.06739621611521762  0.07777275150650352
  0.08814649320074035  0.09852538494424241  0.10891966632271666  0.11927497880679691
  0.12964568311606120  0.14004605418138130  0.15045193250927555  0.16085379605729924
  0.17127143740531392  0.18169191405657956  0.19209395563030443  0.20246468922325830
  0.21282927523481629  0.22320163295141149  0.23354567494570577  0.24394547893516721
  0.25435980567102656  0.26481825618875138  0.27522107992932432  0.28557713063947282
  0.29591167619672737  0.30624293759584209  0.31663572619438740  0.32704711862961799
  0.33744757508054968  0.34782833258315987  0.35822793829242783  0.36862787961521543
  0.37903980895078676  0.38945384654492160  0.39990354402202261  0.41032418257964309
  0.42069412164960779  0.43105289813865283  0.44142729692316185  0.45183414018401596
  0.46222308293244468  0.47259325843453698  0.48292372710458781  0.49325253043032746
  0.50359959879490401  0.51398015591041601  0.52435754278664259  0.53472038979918313
  0.54509789421690857  0.55547494604437531  0.56585272630572503  0.57621721152915728
  0.58660093252659096  0.59700420777325935  0.60740413015272410  0.61780374059924736
  0.62819959325477837  0.63858071255377857  0.64893760391399735  0.65929100096523474
  0.66963999305824506  0.67999142335786178  0.69035404513345744  0.70074190492859578
  0.71117451154540146  0.72160477800724332  0.73202235690028516  0.74239293333359846
  0.75273805309242670  0.76306173080684603  0.77338210780848993  0.78371477030877157
  0.79406789456776694  0.80442081401119492  0.81476570214555932  0.82511896388425077
  0.83550765648515568  0.84591861158762349  0.85632507283470161  0.86671391130228181
  0.87705055823596623  0.88737251096323111  0.89770000242423598  0.90807128766170975
  0.91847492564952116  0.92888010125456844  0.93929949683562386  0.94968451329574088
  0.96008728880284488  0.97039085198628516  0.98069541403266547  1.00000000000000000
 -0.00234735973058408  0.00951742343285944  0.01964351055533865  0.03011872826746399
  0.04062073135669733  0.05110375047887648  0.06157883815496110  0.07203942901921719
  0.08254561845690644  0.09305457869228322  0.10358257291789304  0.11410761950661362
  0.12464064695599525  0.13516626917764710  0.14570511474029171  0.15624658807084177
  0.16679766544023791  0.17733475908037744  0.18787829249989901  0.19847166112229908
  0.20906795134867873  0.21966198543247814  0.23017448560379211  0.24073068119487762
  0.25125872258271559  0.26184833658025386  0.27243923619564347  0.28308404244146201
  0.29368228258291257  0.30426556238446584  0.31479796872064086  0.32534972424250919
  0.33586585399157681  0.34638139983160704  0.35691684787103778  0.36746285519897059
  0.37803223268455044  0.38852845926571178  0.39900508803710283  0.40948236906595742
  0.42003576377830432  0.43063209609429337  0.44121781846701819  0.45178663411721015
  0.46234011639247002  0.47291034913617253  0.48345724851276400  0.49401294952044200
  0.50454254660263664  0.51507332094585800  0.52557827432682946  0.53613405785651302
  0.54668657202413073  0.55724589905713162  0.56777606559218319  0.57832032347191131
  0.58887591360899760  0.59942921378622727  0.60993906826735789  0.62046189093845905
  0.63098336574603986  0.64156012768385640  0.65211830931071579  0.66269403984650177
  0.67325315167919486  0.68380794855746596  0.69434325562264410  0.70485186764812435
  0.71534375537222727  0.72588150980269228  0.73647304704764083  0.74712114011861064
  0.75766645661051946  0.76820659111540657  0.77873593382434536  0.78934447552862796
  0.79994450967201780  0.81052059386790309  0.82107044707633159  0.83157961681394454
  0.84206745996966570  0.85254966814684208  0.86305671453574706  0.87360215402045260
  0.88419966810038864  0.89479337488455379  0.90533460200059968  0.91582327585509693
  0.92628329750848148  0.93679361085291180  0.94734153762188456  0.95794249804739418
  0.96848923385135810  0.97900844311469881  0.98949457517428463  1.00000000000000000
 -0.00254848780497174  0.00948057897492329  0.01965394136912166  0.03021875895212494
  0.04078422052492939  0.05135084324181807  0.06185675379936281  0.07237676050597061
  0.08287042338977739  0.09337476996255382  0.10389268400980368  0.11444340137355595
  0.12498088266438027  0.13548270485846850  0.14594043730221279  0.15644721470401271
  0.16701243841793209  0.17757803385957285  0.18814231904416101  0.19866540962268481
  0.20919771053252403  0.21972243697223220  0.23029363197259703  0.24084901879010229
  0.25144188118791150  0.26198251473664869  0.27253781207757405  0.28307936260153455
  0.29362364672924118  0.30419460912458374  0.31473594833641599  0.32530018851335257
  0.33583460121233771  0.34636265752039969  0.35689419950892975  0.36745370913845721
  0.37801998536254028  0.38854589908344389  0.39904889021939743  0.40953683910663541
  0.42003482256257585  0.43053815096623405  0.44107999385491614  0.45162786614261902
  0.46218090327972827  0.47275471458915386  0.48331704155008098  0.49389595420088739
  0.50443055208527099  0.51497964328172297  0.52552539158958111  0.53608289720824331
  0.54661367166778230  0.55709416393863687  0.56753327831625977  0.57803162214428538
  0.58854709149683682  0.59909956321578883  0.60961993186688712  0.62016285256782488
  0.63073039046184032  0.64129948398725090  0.65186885435026665  0.66242053130545631
  0.67296333220111759  0.68352047919082115  0.69408964184128419  0.70476958186813232
  0.71542526057491518  0.72605381940904767  0.73663128194514005  0.74723844231845704
  0.75783728151897289  0.76837394753176336  0.77890005608714830  0.78942109516351067
  0.79993824938820912  0.81046334330705927  0.82101710765412883  0.83159358493065205
  0.84212657474164465  0.85263382907216123  0.86311979782226911  0.87361812215488299
  0.88408977679683853  0.89458318670676706  0.90506342674696494  0.91559803851084964
  0.92611343802935009  0.93665839857640454  0.94719456191842855  0.95773446923741634
  0.96826644700759357  0.97880148808849077  0.98938516750919125  1.00000000000000000
 -0.00215150711337243  0.01001121814566744  0.02035790594274935  0.03091266808214252
  0.04151290407547352  0.05207953111277595  0.06266738575043193  0.07328914858529795
  0.08389992585905168  0.09447045077885782  0.10499492037004593  0.11546159301336463
  0.12595607487012456  0.13645694760762161  0.14699789231204963  0.15754125597201504
  0.16802969739230067  0.17853712441630989  0.18902045700437509  0.19953782713571400
  0.21004118558476148  0.22056676753305737  0.23104494113666751  0.24156471797920978
  0.25205629385816580  0.26260033931894289  0.27311507716194722  0.28362796477129809
  0.29409653149235809  0.30457711335482540  0.31507516622766080  0.32563555513310932
  0.33622831342282750  0.34681636915194214  0.35740048884551562  0.36791608313368396
  0.37843205327248253  0.38891230448571740  0.39947022713193420  0.41002480409130826
  0.42060938322973451  0.43111736649528698  0.44164604396232476  0.45217683521007590
  0.46271561774243725  0.47325783254636389  0.48379673553545299  0.49435446097271768
  0.50489414319145165  0.51543834128683774  0.52597260116835787  0.53651884980481057
  0.54705906777930280  0.55757878818267892  0.56809143252174688  0.57863701681038715
  0.58921595858955977  0.59980691108181794  0.61036115812662861  0.62090488238787989
  0.63140616783558645  0.64186997008817315  0.65235422447741864  0.66289754184846150
  0.67349238547631007  0.68402971096106702  0.69453311220068781  0.70501647748020169
  0.71550645438999649  0.72600390302118256  0.73648877723625750  0.74700520337706711
  0.75751005331513199  0.76800906751050069  0.77851570150649640  0.78903700559572465
  0.79960521158697784  0.81016841610671886  0.82075905233391955  0.83132945801456837
  0.84189096549909914  0.85244225778660498  0.86299366386710541  0.87352759859177487
  0.88405452819666497  0.89463600800034482  0.90517910251906986  0.91573839715589100
  0.92624311120608804  0.93679608949104076  0.94726798335556861  0.95773482354236783
  0.96822432594842434  0.97877402945823622  0.98937856102176069  1.00000000000000000
 -0.00204767103620201  0.00965248956653301  0.01986731083561196  0.03039217823354546
  0.04091702529164244  0.05138926236594897  0.06193378929053558  0.07248148283871504
  0.08301123631848484  0.09349731130972577  0.10401339374274056  0.11456726599919032
  0.12511847001978141  0.13565661945681737  0.14617826021039773  0.15670621804852958
  0.16721179540199513  0.17771753031202639  0.18821130120043467  0.19873255366551554
  0.20925654872228175  0.21980233138075359  0.23033772851008913  0.24087712147898430
  0.25139540413104883  0.26193527178750320  0.27243957386622764  0.28294937275107646
  0.29343523407441269  0.30396954622524042  0.31450847075839777  0.32501084751475734
  0.33548434272720817  0.34596168939277594  0.35645867959929162  0.36698391498466143
  0.37753373632960974  0.38811469974355645  0.39867624360877196  0.40923371743960724
  0.41979107693579254  0.43037174397132716  0.44094627239554968  0.45152890663927436
  0.46210119509840686  0.47265105490917853  0.48324178010725793  0.49385135433748700
  0.50448405510649141  0.51510284129709316  0.52567178186894281  0.53623738676355570
  0.54675932931981763  0.55727006751041797  0.56776990055442622  0.57825155813612172
  0.58877026047544578  0.59934700371805394  0.60993252975075651  0.62052874163575245
  0.63106325010313336  0.64164405620100862  0.65218298235544092  0.66271855813861003
  0.67324024693222673  0.68380591264221824  0.69441040383415942  0.70498890063996622
  0.71552969449343362  0.72606116116252561  0.73661236518090223  0.74723888131115668
  0.75783098793090531  0.76839726645546891  0.77886970097096397  0.78933749164543188
  0.79986123394991271  0.81036314431565093  0.82091282915250430  0.83142914453119199
  0.84200497947387964  0.85260314566345330  0.86317643457600512  0.87375964908663595
  0.88430198820283057  0.89484308379898769  0.90535858012991910  0.91584466643248519
  0.92636662130169234  0.93685602791591160  0.94737254231282508  0.95783792782852162
  0.96834064416786736  0.97887053225375453  0.98942070321084585  1.00000000000000000
 -0.00241553113108059  0.00968974516476204  0.01993842407565329  0.03053348678409896
  0.04117841974034918  0.05176363262425943  0.06234668015787632  0.07281008368531970
  0.08330916357440042  0.09380620324215998  0.10437966331107436  0.11495437119086005
  0.12551973028845534  0.13608037011083557  0.14660713152699253  0.15714323615578013
  0.16768679955404781  0.17824551283897999  0.18883205161085759  0.19940295439831782
  0.20999624826762345  0.22056755847076237  0.23112607885497688  0.24163296441763499
  0.25218835025861397  0.26270397654659355  0.27322703551883781  0.28373670244060278
  0.29427105560105393  0.30480809641963935  0.31532126267551464  0.32584138974565729
  0.33639964953382107  0.34691125817796953  0.35746798856174705  0.36804033150501181
  0.37864160258062934  0.38914857502255329  0.39964324790565692  0.41014365397672276
  0.42068157220686975  0.43120200259633873  0.44171443215653805  0.45226804346896471
  0.46281466468130489  0.47337577681374066  0.48393522032578101  0.49452053373832311
  0.50506921110378411  0.51561654320491035  0.52613140468033193  0.53665871679651211
  0.54717160323359726  0.55769831827362482  0.56823726589375378  0.57875888991918867
  0.58930201794416215  0.59985309453120628  0.61042495143303721  0.62098667850063560
  0.63150764781987212  0.64197147232662188  0.65244739140905372  0.66295417390782019
  0.67349442259891978  0.68397032019330994  0.69446365084403960  0.70500431568491362
  0.71560907166811372  0.72616885943844600  0.73670655271882812  0.74721668255740592
  0.75776270190157935  0.76827245671054467  0.77878673388488229  0.78927454243194739
  0.79978577011034302  0.81030732590985877  0.82083589283028624  0.83132168479625435
  0.84181874545733049  0.85232197689363576  0.86284237788352247  0.87338744349233532
  0.88392261776034542  0.89448097006026761  0.90500777095752827  0.91553785951917299
  0.92611526625984908  0.93671323836150933  0.94731044220123750  0.95787129741553034
  0.96838026989534509  0.97892053242945931  0.98944410843061958  1.00000000000000000
 -0.00186453097535826  0.00966903808097756  0.01982454815457741  0.03030009634044431
  0.04081635651644810  0.05135851678871749  0.06189581117633491  0.07243559179457207
  0.08292600086916162  0.09345614314284173  0.10395694975118909  0.11447938403591415
  0.12495408550128007  0.13545317209126564  0.14599110487785599  0.15655303135694440
  0.16708115690156622  0.17758415827123322  0.18810454991854689  0.19863976366891592
  0.20915493211692460  0.21967693205910357  0.23019510553095002  0.24075918520942369
  0.25128201787868171  0.26176881424266896  0.27221829755311266  0.28271342392273935
  0.29325527091245168  0.30384994283235678  0.31442342451907335  0.32502100903647618
  0.33560799147338954  0.34614274612217194  0.35670109907506853  0.36726542877603097
  0.37785437291009127  0.38840704014758454  0.39890984196195206  0.40943287866863098
  0.41994453253232317  0.43048475117962981  0.44104809325707511  0.45161392534940742
  0.46216100567739871  0.47269483720416683  0.48322322395774120  0.49372861264238660
  0.50425256150621334  0.51472559617534908  0.52523013627298210  0.53571474271297104
  0.54627818992876331  0.55684188391190637  0.56742032791728270  0.57792409730453598
  0.58844416499090257  0.59896524603256929  0.60952964055446479  0.62007425707132602
  0.63059887967922013  0.64111427678810640  0.65161665806896563  0.66212647082811094
  0.67264339137621676  0.68316827491456922  0.69370138958550520  0.70417922225086571
  0.71469705496591507  0.72521210629771127  0.73577745917249293  0.74634162634790746
  0.75693143631406623  0.76758352475907832  0.77820373656652142  0.78877231746969045
  0.79928630505005371  0.80982022478733096  0.82037871226896708  0.83093426632503475
  0.84151048983695542  0.85209500316144349  0.86267581903722290  0.87318411692933262
  0.88368061156237310  0.89419450181222382  0.90479042495657780  0.91536638013269089
  0.92594371967849121  0.93655508301677826  0.94715340412529669  0.95774553034355159
  0.96829986042595628  0.97886750426420543  0.98945661776513305  1.00000000000000000
   3.0176285912989763E-010  -1.0000000000000000     
 F F F F F F F F F F F F F F F F F F F F F F F F F F F F F F F F F F F F F F F F F F F F F F F F F F F F F F F F F F F F F F F F F F F F F F F F F F F F F F F F F F F F F F F F F F F F F F F F F F F F F F F F F F F F F F F F F F F F F F F F F F F F F F F F
  <DiscreteSampler_grid>
  grouped_processes
  1 # 1 for a reference and 2 for a running grid.
  10 # Attribute 'min_bin_probing_points' of the grid.
  1 # Attribute 'grid_mode' of the grid. 1=='default',2=='initialization'
  0.0000000000000000 # Attribute 'small_contrib_threshold' of the grid.
  0.5000000000000000 # Attribute 'damping_power' of the grid.
 # binID   n_entries weight   weight_sqr   abs_weight
    10   10   2.340057426932653E+005   1.000169469152815E+011   2.340057426932653E+005
    11   10   2.340057426932653E+005   1.000169469152815E+011   2.340057426932653E+005
  </DiscreteSampler_grid>
