  0.00952856959411637  0.01562720447668541  0.02478053400085631  0.03555290032191875
  0.04591377925008353  0.05630991423760494  0.06672902943911872  0.07716926444328198
  0.08759390967214689  0.09797719345047524  0.10832481661632790  0.11869976301737571
  0.12910587684641511  0.13954225952074023  0.14992970434232572  0.16034198441956901
  0.17073678437983808  0.18115144664056118  0.19154217186181055  0.20191504965939613
  0.21228565277897476  0.22267517288413699  0.23308690044504687  0.24349230976745428
  0.25386790323091635  0.26421277725000941  0.27456533696331858  0.28492240698556898
  0.29529645651729591  0.30564941156894737  0.31601480483494332  0.32638551378309527
  0.33674889131511299  0.34711941836492621  0.35756237075191533  0.36804062554471695
  0.37853153760156177  0.38897846387402324  0.39941820555910645  0.40982737361072741
  0.42019700801794591  0.43055309048460177  0.44094483377358418  0.45134343265895460
  0.46174193775839484  0.47213122829412940  0.48252581805565425  0.49293876000002751
  0.50336773256240352  0.51379833678265685  0.52422267106509590  0.53459488654714893
  0.54495043092619444  0.55532252346507804  0.56571946684561947  0.57612743556519252
  0.58651930754550352  0.59688218801800230  0.60721991797808039  0.61755811523740667
  0.62792341906540394  0.63832282155370723  0.64873227767193165  0.65915049048564767
  0.66957189375601189  0.67996263754549680  0.69030331951453172  0.70060893955652159
  0.71094714095534195  0.72131039557162846  0.73168178410653728  0.74203367887871274
  0.75241207967867840  0.76279587258684667  0.77317840772931057  0.78352881000847707
  0.79390516526541377  0.80429845769591013  0.81471691433509996  0.82512458190772908
  0.83549335997660179  0.84581570734964073  0.85616498810802177  0.86654406860841504
  0.87698464797560838  0.88744232449908012  0.89790241042961938  0.90831441044575245
  0.91870409375985873  0.92907601146167795  0.93945812931405481  0.94984176349129223
  0.96022823729648243  0.97050388761627793  0.98076521507395342  1.00000000000000000
  0.00956821307948892  0.01554825126390853  0.02480955062059941  0.03557183169720510
  0.04588338606051789  0.05620764746447202  0.06654327373172490  0.07693095381486374
  0.08740192220467535  0.09786209766525833  0.10827056701683062  0.11862779481633862
  0.12898853276582450  0.13941777200773672  0.14985403221703969  0.16027858617758806
  0.17064605754583978  0.18100035207802978  0.19135912683190712  0.20173898074245231
  0.21209244575890560  0.22249068079431616  0.23284090701868815  0.24322590203491509
  0.25360007717200744  0.26401564260071420  0.27440592779838213  0.28471745608053367
  0.29501186487457842  0.30530940750471774  0.31566093451130339  0.32602110201441326
  0.33640895533237170  0.34677684176146656  0.35713915089197845  0.36747714460295805
  0.37782145228184849  0.38817925376346818  0.39856635937595636  0.40896254793062292
  0.41933506593956604  0.42967354030242999  0.44003043260656066  0.45040387899319134
  0.46079875242233226  0.47118517644838021  0.48154663192662644  0.49189200479657352
  0.50221421659591037  0.51255482601442104  0.52291630446991433  0.53329251424184909
  0.54366186540248029  0.55402122686802124  0.56437647809784075  0.57474550891748177
  0.58513136585590941  0.59551610727557469  0.60588789403372079  0.61623772583400538
  0.62658318891429532  0.63692922994738721  0.64727476311022236  0.65764429644534272
  0.66804526415674026  0.67845190181381876  0.68883777955666958  0.69922002497136437
  0.70960514412113318  0.71996621916090986  0.73030896686458091  0.74067564631648697
  0.75110417066592616  0.76153959418254702  0.77200095805515179  0.78245136724255837
  0.79293206216835832  0.80341178683867664  0.81386105899194405  0.82427394248080421
  0.83464668019833543  0.84503887295183877  0.85542039003173176  0.86576828732396593
  0.87608871053773307  0.88644831558394921  0.89683043259025375  0.90719044171599705
  0.91761671487242558  0.92802868966279495  0.93849398523459482  0.94888333113628276
  0.95927788243916812  0.96971837699455032  0.98014220967705468  1.00000000000000000
  0.16571359687670995  0.16643305547759241  0.16746508077172637  0.16847399704816751
  0.16948709973208970  0.17059528420462081  0.17172749501021212  0.17285891119537738
  0.17399102513577397  0.17512254078885320  0.17625478236765357  0.17739812093225465
  0.17855979838983033  0.17973590359783323  0.18091405021241344  0.18209537940668727
  0.18327820965824101  0.18446363076472644  0.18565371598687475  0.18687107463038249
  0.18808040555864924  0.18929427308779878  0.19051263852958336  0.19173616704345448
  0.19295886819358013  0.19419955241241280  0.19545511532519652  0.19671272489372857
  0.19797158058994549  0.19923531063700511  0.20050894856555071  0.20178681720882830
  0.20307768308589097  0.20439636774794059  0.20571442605301982  0.20703369142690614
  0.20835099598119963  0.20966921208288339  0.21099120513126318  0.21233784289748386
  0.21370682041886571  0.21507598013073093  0.21644340709074095  0.21781372537191490
  0.21918811682092201  0.22056480193107408  0.22196549016890302  0.22339168994502118
  0.22482492084848021  0.22626117817385918  0.22770093345024725  0.22913999761800119
  0.23057882525735096  0.23203837689662440  0.23353287927557598  0.23503013011818949
  0.23653332785936404  0.23803515724114543  0.23954012821976037  0.24104416416385349
  0.24258291495789949  0.24413919844594284  0.24569699946482818  0.24725931394867873
  0.24882272895858523  0.25039144106757250  0.25196119604783651  0.25355145206862501
  0.25517411503453241  0.25679734931180109  0.25843029395298073  0.26006983173822684
  0.26172056967441426  0.26336699661283941  0.26504707802741079  0.26674637211525176
  0.26845367605710790  0.27016965283966593  0.27189222824746351  0.27361826414029017
  0.27535130937379904  0.27710353480054389  0.27889192536538737  0.28068674858839809
  0.28248614632499558  0.28428568654168823  0.28609761215440832  0.28791421690777691
  0.28977538372580686  0.29165275954130226  0.29353160272674500  0.29541871218294935
  0.29734916718805127  0.29907064999897864  0.29996849126763903  1.00000000000000000
 -0.00248881740158764  0.00942516540979005  0.01953895094621779  0.03004548010050805
  0.04062622683990950  0.05120599192388343  0.06178604678166497  0.07233275706338033
  0.08291662733419335  0.09349396179204349  0.10405702906292902  0.11458889631554665
  0.12510769179235670  0.13562205137652170  0.14617105884057299  0.15678679969414061
  0.16737981705437463  0.17792381302815127  0.18841646692897593  0.19893943174347894
  0.20948055011359160  0.22003836970306956  0.23054788416192337  0.24098502111597483
  0.25145066493839124  0.26200526427284582  0.27260508111274312  0.28314978522266726
  0.29361825813420528  0.30409278040734888  0.31465275673569015  0.32524501218569335
  0.33584736768427786  0.34638005919647258  0.35690465620809125  0.36741572328571187
  0.37790312913219043  0.38843095311236175  0.39894323905557716  0.40949831727194774
  0.42003665673728469  0.43061784211195614  0.44116348511721554  0.45171719828848672
  0.46221452583136113  0.47272495731137998  0.48322051155886547  0.49371980393885623
  0.50424470917713926  0.51475945277845869  0.52528998372464553  0.53578572773029287
  0.54630911449464858  0.55684789594708040  0.56739666169252589  0.57793841244565169
  0.58848505485651137  0.59902608636540999  0.60959552045906162  0.62018907142822310
  0.63076798515170363  0.64132545359828963  0.65184758064629189  0.66238123909897106
  0.67291388132567864  0.68343783937296310  0.69398810441484582  0.70452378064133581
  0.71506227867483918  0.72557468442427764  0.73609023980450017  0.74661568251801802
  0.75716090880462328  0.76770936969071957  0.77827913545200622  0.78888246760199487
  0.79947322555751410  0.81006766564860955  0.82062074202133817  0.83118864438752860
  0.84180517542559796  0.85241172480695715  0.86298478353146246  0.87348851904514802
  0.88398791728688531  0.89451790324302227  0.90504540527409827  0.91562368282082196
  0.92622680365731636  0.93683649718258644  0.94743085900859725  0.95799130627461870
  0.96854390412409752  0.97903111582209201  0.98951862218941378  1.00000000000000000
 -0.00243440629073655  0.00988237778276535  0.02017612575766437  0.03075821322630940
  0.04129551057944533  0.05183834774919926  0.06234968782140503  0.07289227918862526
  0.08344489569641912  0.09400881325488672  0.10459037378246054  0.11515084169077242
  0.12570427695685180  0.13622380857987781  0.14675820642471038  0.15730211523077595
  0.16783442834734583  0.17832248216647184  0.18880537792005456  0.19930422689465613
  0.20983173387316437  0.22036534396067950  0.23090003892178662  0.24144332037662466
  0.25197769569351519  0.26251224696348163  0.27303600784013388  0.28359702159393341
  0.29419005169517487  0.30475640714399754  0.31534480779241048  0.32593286081489997
  0.33660343078726007  0.34721369098996618  0.35779639757875725  0.36830844606707902
  0.37880791280781295  0.38934026225193413  0.39986530593140512  0.41039048669906064
  0.42088768364707763  0.43138394178930228  0.44188855906469676  0.45237952766915845
  0.46292148701882019  0.47351686986965430  0.48413947881314484  0.49469546209577175
  0.50519913382917470  0.51572603647964332  0.52633147129180402  0.53694048280447970
  0.54754541364143938  0.55805958943910450  0.56859466139687653  0.57912508017049447
  0.58970146284611913  0.60022735611670119  0.61074574974638185  0.62129160233248693
  0.63185476408337948  0.64240016407319456  0.65292234238212887  0.66340474443887409
  0.67388571510695683  0.68439238244357015  0.69493460899200621  0.70545097429420611
  0.71594150234939724  0.72644899612465885  0.73695325335162987  0.74743735283414492
  0.75793057926035068  0.76843043267621436  0.77894359386890577  0.78946432689177681
  0.80001585822738508  0.81056404314807673  0.82106775985316283  0.83159863516112109
  0.84213985500756239  0.85273257915487966  0.86330154474086906  0.87385999383562363
  0.88439965768132001  0.89492225970645922  0.90543796560393663  0.91591597807646252
  0.92636090427621254  0.93680976985540343  0.94732841392131562  0.95787476742171396
  0.96842802788706017  0.97892736105422240  0.98946265945812750  1.00000000000000000
 -0.00224038694629182  0.01005985283713590  0.02039411974510849  0.03105262889597542
  0.04165830454274246  0.05225184627444156  0.06283378092177662  0.07340901795745265
  0.08393821603588064  0.09450425131973797  0.10509329524898700  0.11573672465498275
  0.12628057686311853  0.13678341272220540  0.14724987856223956  0.15779198293077626
  0.16833435866792315  0.17890639068058220  0.18943321088495296  0.19992683198377598
  0.21042815582196497  0.22095857182336398  0.23155447948807548  0.24213190677554425
  0.25268691736463089  0.26319889334960855  0.27373157444305646  0.28427366438954321
  0.29486963041686060  0.30547735962931927  0.31608314880916627  0.32664655855077418
  0.33718182356058274  0.34769173965490247  0.35823173088960436  0.36876283209056260
  0.37926634057789366  0.38975028682764645  0.40021640276876314  0.41075106989509114
  0.42127531305998411  0.43178585268884251  0.44224761613555630  0.45270118074908344
  0.46318042480985644  0.47365639525682368  0.48414001693234793  0.49460417191800571
  0.50507735502316919  0.51555963928417903  0.52607620683919487  0.53664634637576458
  0.54722610251558279  0.55779128025109670  0.56834730883200868  0.57887664294582331
  0.58942121670058623  0.59993426600253807  0.61044559089844963  0.62093180158327643
  0.63140185376516722  0.64189782693145703  0.65246979862917520  0.66307658727428986
  0.67366965588765826  0.68420347023088190  0.69471969395469280  0.70525317738999449
  0.71580724204133972  0.72632937891627447  0.73689571761431338  0.74741045134392625
  0.75800917912565136  0.76855925165726968  0.77911695069734166  0.78961518388635643
  0.80009939756397985  0.81063602981253935  0.82118736644415136  0.83180689531936658
  0.84241952957610422  0.85302066907154495  0.86358951856677724  0.87414220704965995
  0.88467407786734586  0.89513117022908750  0.90560281190946457  0.91606883368346581
  0.92655802111732410  0.93697849985674408  0.94746504540959509  0.95794233700346554
  0.96850354304158315  0.97899908552099657  0.98952680840525820  1.00000000000000000
 -0.00240673922633912  0.00953036870073933  0.01967873304323280  0.03019153497505694
  0.04079124961339159  0.05136496719874478  0.06193505903295357  0.07252046627305732
  0.08312938656029871  0.09371236788906982  0.10424191324158059  0.11473637441708420
  0.12522738070377643  0.13569570619427035  0.14622075819655253  0.15673683087102350
  0.16724428049574450  0.17771415027432474  0.18821315757563548  0.19875062989760622
  0.20931259078500805  0.21983131509870132  0.23031788226027750  0.24078116982489134
  0.25126802269811355  0.26178555500316103  0.27231476792567705  0.28285928911410252
  0.29338531352237301  0.30385667640351099  0.31433266479881822  0.32486002447750106
  0.33540942724028239  0.34594715694088529  0.35643956768713064  0.36697448601710159
  0.37751402143849316  0.38811460661389507  0.39864765950113346  0.40918597282752184
  0.41969398557972520  0.43026207477633754  0.44080235934877415  0.45135543055987531
  0.46190508054633461  0.47247948849851124  0.48299369778452550  0.49350475455966375
  0.50399888175459107  0.51457158462814923  0.52515417023777222  0.53573841151253743
  0.54631188358654148  0.55687448901999170  0.56745578645504879  0.57801518137745955
  0.58859071915150507  0.59912982939243919  0.60966104028566159  0.62014834993699586
  0.63069128701521271  0.64120543252498596  0.65172120397557842  0.66219713890237353
  0.67271350971011912  0.68324053984211097  0.69377149432513086  0.70428378013514992
  0.71479175357415170  0.72532605191896671  0.73590583157818246  0.74647863950593618
  0.75707624953849151  0.76759962433825524  0.77816229505800316  0.78876347386350032
  0.79942503723197877  0.81011092864976819  0.82067951843937847  0.83116285363567155
  0.84162678244679745  0.85213687211295885  0.86269420051736545  0.87330796569364177
  0.88392083462597826  0.89456917607092823  0.90513570343994632  0.91569523637066197
  0.92623529359912993  0.93678007183473588  0.94732269039726891  0.95788199779937211
  0.96844378779351237  0.97900430505371683  0.98953019882077597  1.00000000000000000
 -0.00249191958944697  0.00962091074005114  0.01981325649110247  0.03032237032622703
  0.04083984643962603  0.05137092889412057  0.06195191757084135  0.07255145192161275
  0.08309987548623508  0.09361888707558073  0.10408034555627847  0.11457663839553413
  0.12505018917868299  0.13557271050786165  0.14606874800415717  0.15661296435139116
  0.16716817199169637  0.17769607444927740  0.18818250102484663  0.19867662201145680
  0.20920706698686345  0.21974422025700913  0.23028266420615676  0.24082841473981192
  0.25139520301521101  0.26193948561086555  0.27247077213453197  0.28301461961661434
  0.29357237162914313  0.30414663208118881  0.31473902030562029  0.32530129290118603
  0.33584134192528131  0.34629073394501697  0.35673612226701895  0.36721264666318193
  0.37774991776761496  0.38835842427440748  0.39899163146288930  0.40958917303360454
  0.42015415611069279  0.43068362935445809  0.44122768763499748  0.45170488004279963
  0.46220014494061762  0.47271461079571575  0.48328786047837935  0.49387808895996194
  0.50448013828690652  0.51507330735319068  0.52566915117966850  0.53621182428769176
  0.54675907162701609  0.55726239394350696  0.56779624289017994  0.57830530068610753
  0.58888298347912560  0.59947350663352916  0.61011934803665546  0.62072305630658287
  0.63133017573775407  0.64190331078392271  0.65242925995250245  0.66289868368529603
  0.67344016089547143  0.68402474939777114  0.69461846460837651  0.70510044716970777
  0.71560166787444901  0.72612787846847582  0.73672101000461099  0.74728053193550004
  0.75783676055818439  0.76831040536874939  0.77879664568371465  0.78930293442940558
  0.79981797222136464  0.81031046244556215  0.82082431170398995  0.83139059257487291
  0.84194703274974592  0.85252129141087130  0.86305843843907226  0.87360937572810937
  0.88408907770644196  0.89457528265549657  0.90507886380347302  0.91560839849063258
  0.92617070484904107  0.93675323729240711  0.94733230016980996  0.95792039710514787
  0.96849543269485960  0.97903230995852242  0.98953545982737856  1.00000000000000000
   1.0227938568192366E-017  -1.0000000000000000     
 F F F F F F F F F F F F F F F F F F F F F F F F F F F F F F F F F F F F F F F F F F F F F F F F F F F F F F F F F F F F F F F F F F F F F F F F F F F F F F F F F F F F F F F F F F F F F F F F F F F F F F F F F F F F F F F F F F F F F F F F F F F F F F F F
  <DiscreteSampler_grid>
  grouped_processes
  1 # 1 for a reference and 2 for a running grid.
  10 # Attribute 'min_bin_probing_points' of the grid.
  1 # Attribute 'grid_mode' of the grid. 1=='default',2=='initialization'
  0.0000000000000000 # Attribute 'small_contrib_threshold' of the grid.
  0.5000000000000000 # Attribute 'damping_power' of the grid.
 # binID   n_entries weight   weight_sqr   abs_weight
    10   10   1.038658533487424E-003   1.550736343911196E-006   1.038658533487424E-003
    11   10   1.038658533487424E-003   1.550736343911196E-006   1.038658533487424E-003
    16   10   1.038658533487424E-003   1.550736343911195E-006   1.038658533487424E-003
    17   10   1.038658533487424E-003   1.550736343911196E-006   1.038658533487424E-003
  </DiscreteSampler_grid>
