  0.00947914159104404  0.01641935760799013  0.02527653138053015  0.03608462380226968
  0.04638243912199808  0.05672393924346063  0.06707420687465764  0.07739768400854168
  0.08771505652562811  0.09804586807932222  0.10842293237678105  0.11882715177403579
  0.12921150388422128  0.13956980762830112  0.14991908335117218  0.16031777612775297
  0.17075149016285313  0.18117780607953801  0.19153799595140772  0.20190635992750142
  0.21227346428669272  0.22264558469970080  0.23301236915451282  0.24340153317145843
  0.25381061137951250  0.26418168929545705  0.27449399174924555  0.28482175011394090
  0.29516924770290665  0.30555032892143652  0.31591698650966860  0.32629463788821722
  0.33668601294091816  0.34709328464217454  0.35750378794581295  0.36789093788061483
  0.37825660054325044  0.38859563929990554  0.39894169590328199  0.40928515417892580
  0.41963253084321334  0.42998781608303555  0.44035055823452396  0.45069192362264326
  0.46104517670824824  0.47141555606890323  0.48181693715689283  0.49219785795361237
  0.50254184152147263  0.51289001392355293  0.52326585195371689  0.53367136910433810
  0.54406163576009148  0.55444960709004054  0.56483707489706925  0.57521997834467942
  0.58559576852741535  0.59598274312010924  0.60640133541050889  0.61683138736882948
  0.62723508000518069  0.63760345219219028  0.64795380579531114  0.65830620212878566
  0.66868302645000044  0.67906750458740062  0.68946517705972044  0.69987570833569301
  0.71028138294752430  0.72068873516257381  0.73109908016514635  0.74152688135766909
  0.75194185754007781  0.76233533412731591  0.77270411563058761  0.78308837593647684
  0.79350879412029951  0.80394319045918128  0.81437234715349072  0.82475538754151911
  0.83511336943354308  0.84545764436079818  0.85580842015849501  0.86616176138257606
  0.87652762995711409  0.88689102995321012  0.89728366994579001  0.90768989621371876
  0.91807024733802567  0.92846456568931612  0.93881511395811890  0.94916543385790253
  0.95953729090022610  0.96994301591108767  0.98038465027552613  1.00000000000000000
  0.00961035480177090  0.01575451856834015  0.02496837472361960  0.03574583254416625
  0.04610443617177240  0.05651696312355831  0.06689837422061641  0.07725495899654218
  0.08759101284280464  0.09796488412761319  0.10835924730961113  0.11876979973785766
  0.12915012547691423  0.13950890455699552  0.14983439248413985  0.16021682082047889
  0.17061281041024187  0.18102133790310340  0.19136709606700966  0.20173963928299277
  0.21213746022713631  0.22253037245474694  0.23287696537810773  0.24322482211441671
  0.25358725669133592  0.26396950201927000  0.27434159307399919  0.28474151397710273
  0.29512862203539114  0.30550128299871165  0.31586738459888125  0.32625479102572053
  0.33667349731243745  0.34708332979216378  0.35749491557325747  0.36787191378287626
  0.37824126200328068  0.38860283417440405  0.39897750127847925  0.40935236823583193
  0.41972880415133462  0.43010573881095610  0.44050484998472400  0.45089816579735104
  0.46128820963005623  0.47164768133726170  0.48200104503685648  0.49233506355757772
  0.50269589741950504  0.51306335152065707  0.52343542729784787  0.53382670844869340
  0.54424299423363298  0.55468401287492608  0.56509897514967167  0.57549387757719594
  0.58588034731884431  0.59625851296147592  0.60661757181373543  0.61698868446371458
  0.62739429264782354  0.63781535659130273  0.64821815826574447  0.65858985603281173
  0.66896080250860845  0.67933468586474222  0.68971193949622045  0.70009949042987962
  0.71049557097762572  0.72090852780345904  0.73131194240364594  0.74169331347962086
  0.75206681978779488  0.76242570039473301  0.77279280859011712  0.78316064718718159
  0.79352463890910407  0.80389089847733874  0.81426991177932695  0.82469341327195156
  0.83511723883724920  0.84554137830415665  0.85592145731587888  0.86630265513579985
  0.87668594105509134  0.88708356257830900  0.89748790642045762  0.90786308494658130
  0.91822720765076793  0.92858304586686691  0.93895902317362490  0.94934251283642823
  0.95971980452239114  0.97008697789411935  0.98044078816384739  1.00000000000000000
 -0.00227619014956839  0.00993595948217270  0.02020849561236169  0.03074262079927355
  0.04128009986649005  0.05184077654007078  0.06240022042350532  0.07293870862049971
  0.08346186977455336  0.09398134210814248  0.10447731447904351  0.11495513647126709
  0.12540258820206099  0.13590025103029452  0.14644202177296636  0.15703060197009830
  0.16762684549004769  0.17817856033293705  0.18874167152045729  0.19926157644203818
  0.20979768348237490  0.22028329718868181  0.23078481142771290  0.24128471315423861
  0.25181205805065182  0.26236634303389966  0.27296102382609078  0.28357814391412467
  0.29420937733263980  0.30477195292187392  0.31532277192324959  0.32586358101207169
  0.33643585835247702  0.34697634354286666  0.35747945291712879  0.36797275800203660
  0.37847228124422744  0.38899619875948532  0.39954360103851905  0.41008428637423955
  0.42061896216337441  0.43112672945648467  0.44168373997522564  0.45221441908634807
  0.46276168249458521  0.47327296251002471  0.48379523762749238  0.49434845371308223
  0.50487654629207879  0.51542516383648007  0.52594873381711593  0.53651321874099822
  0.54708763311926933  0.55767513636143784  0.56824944556393819  0.57879362880134722
  0.58930174916376143  0.59979425414169674  0.61029821395897743  0.62082190878926968
  0.63134630829137994  0.64185755430128166  0.65236331245470902  0.66288405229095337
  0.67341229092034105  0.68391054020422704  0.69439201295477770  0.70488757774362210
  0.71545785475074253  0.72606382798133950  0.73662705975680132  0.74716839993045581
  0.75770821868977423  0.76829242452092716  0.77885516956527889  0.78940182921058855
  0.79993947431552326  0.81048466091823901  0.82100689553901574  0.83156287615331981
  0.84212419555801554  0.85268252295977254  0.86318982277893641  0.87367427224283067
  0.88416631646690369  0.89465730254317499  0.90513283696698865  0.91564497587830096
  0.92617108515692370  0.93672794395077452  0.94726164226590892  0.95779497933223001
  0.96835508511947110  0.97892040865342478  0.98947731733411282  1.00000000000000000
 -0.00233010142619473  0.00955120615366982  0.01973306213052917  0.03027164643040673
  0.04085033511905418  0.05139586315053159  0.06198127204587646  0.07254783534630181
  0.08311036983628869  0.09366900908975972  0.10423660613598969  0.11480711190329659
  0.12538063108259523  0.13591760228390445  0.14644537007915504  0.15696222673047211
  0.16748024376491574  0.17805579043298500  0.18857703715572002  0.19912753496707020
  0.20961711506829578  0.22013677607953933  0.23061612663006420  0.24113284484578901
  0.25165649776214793  0.26220382894125988  0.27273842655812491  0.28329196566161957
  0.29384096460383041  0.30439742814533577  0.31496333998476578  0.32552567784639280
  0.33603851878045166  0.34652486582355674  0.35702474577658594  0.36758364446753627
  0.37811407372218292  0.38861265620837765  0.39908136581435733  0.40956135486658929
  0.42008346003776537  0.43064611723871127  0.44123370693374830  0.45180404017442821
  0.46237173634208228  0.47293652498741784  0.48350536400620042  0.49406679518759561
  0.50461368778119209  0.51516497562430708  0.52566903163802514  0.53617444592673158
  0.54668021060157701  0.55720960738048730  0.56772959043253457  0.57827840934491581
  0.58883612900646143  0.59939020130018128  0.60987546172550822  0.62036850782826491
  0.63088336806052392  0.64141698690116422  0.65192232222265323  0.66240485973309982
  0.67290656051086950  0.68342005571152142  0.69398089383464934  0.70453203357265093
  0.71507554132344864  0.72562071744750067  0.73616900982274258  0.74671454441635499
  0.75720561383662466  0.76770379803240019  0.77824066920618507  0.78880390622370999
  0.79941053002351714  0.81000245049301955  0.82057341497967429  0.83113373844827620
  0.84170145569805288  0.85230884976699595  0.86286479422980022  0.87340731071878053
  0.88391860533508859  0.89442382928355935  0.90495258173106263  0.91553052752178909
  0.92612893736893909  0.93670055734585544  0.94718989666573272  0.95772389178876871
  0.96823903973231340  0.97884062270892058  0.98939770338967037  1.00000000000000000
 -0.00215816824119927  0.00958767638415314  0.01976502504473826  0.03031192016526137
  0.04089327371436086  0.05145680903683534  0.06194541728222251  0.07249151385290942
  0.08300940458552729  0.09355207542539849  0.10402496564311080  0.11457983269712607
  0.12516288016141361  0.13576853032718908  0.14632297856174503  0.15686878294210080
  0.16741143303150605  0.17794472604723161  0.18845694974360608  0.19897151315904796
  0.20952688627136368  0.22009887110036708  0.23069955018239813  0.24128091354782175
  0.25187409268864747  0.26243083444505116  0.27299950653460497  0.28356301125056138
  0.29415525662066666  0.30467333940675101  0.31514946109464370  0.32557695662321068
  0.33608005170197802  0.34657741991296931  0.35708940494727620  0.36756271234399340
  0.37806836205387678  0.38859739664153681  0.39911520282295043  0.40962118131459302
  0.42011772993645830  0.43062655863204202  0.44114717905565776  0.45168666953583009
  0.46224304271843680  0.47279672525773309  0.48334989038471171  0.49388746727841015
  0.50442893867513250  0.51499005511881546  0.52557579880333993  0.53618818547941516
  0.54674147116994631  0.55724908456860811  0.56774657420711450  0.57827408066334351
  0.58887076085987167  0.59947370079505302  0.61005932949601627  0.62057959587562050
  0.63108319973643456  0.64158672149362561  0.65212815890131448  0.66268705341214595
  0.67322626351421366  0.68372471251474198  0.69424492755637679  0.70479980079922844
  0.71538271753557570  0.72592664919311845  0.73645618308860128  0.74698289403486740
  0.75748841265108002  0.76800640185076907  0.77853559563979913  0.78908342851836444
  0.79966163998629103  0.81023600872947710  0.82084135979783845  0.83140440882939093
  0.84200914863580190  0.85256147167407714  0.86309624669734464  0.87361753735009062
  0.88421245605819354  0.89482485720105631  0.90542797319298074  0.91595946591098654
  0.92649757194112414  0.93697917522054319  0.94749151721889746  0.95798069188536594
  0.96852638474939179  0.97901572507155066  0.98953388276596288  1.00000000000000000
 -0.00189768517897646  0.00981695580993430  0.02008193758306295  0.03066271187279392
  0.04118902418389648  0.05170035254166348  0.06227256228382395  0.07284321627640565
  0.08338151842911677  0.09393691362748777  0.10449253535810474  0.11506176498579725
  0.12560525150463475  0.13613159075134448  0.14666638375673202  0.15721069998503237
  0.16778096740805787  0.17834562625494055  0.18886760053817445  0.19937914746839824
  0.20987087400747695  0.22037087550116902  0.23089189659622936  0.24138922824236500
  0.25194869512605766  0.26251057100520631  0.27312841483774625  0.28372393885812708
  0.29428211866795345  0.30483741916470430  0.31537817463296841  0.32594627613048904
  0.33648248737685815  0.34702287834273704  0.35752089679521459  0.36806266604790122
  0.37862100519073266  0.38924601207008919  0.39983421462430552  0.41041661651060679
  0.42098296100885346  0.43151261841841548  0.44203483492881029  0.45253412510137192
  0.46305905087240451  0.47357413265537901  0.48407562891121514  0.49461440191843187
  0.50518774681577283  0.51580655344187598  0.52642138351906087  0.53697678771534285
  0.54750638792256690  0.55802643089511361  0.56859426158433723  0.57917610773436334
  0.58973422873824077  0.60029691694717280  0.61083109344169639  0.62137261104143304
  0.63187202137190890  0.64238240309045536  0.65290793845128037  0.66345128568234302
  0.67398009398914471  0.68449466884324728  0.69498657114273510  0.70547338244794855
  0.71598479507737056  0.72652619408287811  0.73710019823859796  0.74766605629085869
  0.75822380591130267  0.76875585483772113  0.77927448273245659  0.78976576091014472
  0.80025210278361647  0.81077872081274849  0.82132050650516242  0.83187487659535508
  0.84235609015618440  0.85286142938587117  0.86337069712485603  0.87391455556947018
  0.88442425020986060  0.89493939088470464  0.90546918451580327  0.91598076192226496
  0.92648500681661128  0.93693706567678647  0.94740854332348778  0.95788391404554385
  0.96837520830844892  0.97894188185858677  0.98946076201372957  1.00000000000000000
 -0.00237571570526379  0.00965383072169663  0.01983200261245387  0.03034997716301033
  0.04086743723267042  0.05137089064500544  0.06195971136545709  0.07252223409005447
  0.08310785194770973  0.09360825781514477  0.10409178479826950  0.11457387422531468
  0.12507836224378222  0.13561740106328918  0.14615930378346084  0.15669519431830151
  0.16722966332277447  0.17777764169610993  0.18832444327042178  0.19886941710369976
  0.20940917812418908  0.21997849221627810  0.23053865686904298  0.24112249715560524
  0.25170554085118657  0.26230674275936544  0.27284325566160300  0.28336973735496251
  0.29388875817939741  0.30445210777597859  0.31496616643879871  0.32548297226998985
  0.33602544198911710  0.34657437279055597  0.35711873327182075  0.36765055858155415
  0.37820715461035287  0.38880314614494577  0.39937246744283783  0.40995273340916849
  0.42047146930311408  0.43100656930580167  0.44154996959790804  0.45213871334513062
  0.46269586855873213  0.47325352877007199  0.48377720630483684  0.49431217825653678
  0.50485023779182403  0.51540195721257609  0.52598235520983161  0.53651264219411177
  0.54705740870295017  0.55756791701845854  0.56812774373379449  0.57865464699370017
  0.58919776406701874  0.59971630141929710  0.61028787865781420  0.62087366063972205
  0.63147806836503440  0.64206976015770001  0.65268523013064306  0.66330918047988530
  0.67391306140863216  0.68446829338699222  0.69499050281512331  0.70550048992921821
  0.71599889849366793  0.72651436032969918  0.73703372058942751  0.74755892431399384
  0.75807919661008816  0.76859836776700685  0.77913964596251273  0.78967090498344750
  0.80017245541271642  0.81066477101957979  0.82119453425741618  0.83172801245511507
  0.84227086335751411  0.85275994983876635  0.86327035699400900  0.87378940303745989
  0.88433226085186656  0.89487360743610411  0.90535345026571712  0.91586080088426447
  0.92636113475583326  0.93684896633218329  0.94734359713577709  0.95783439591365305
  0.96838129878298851  0.97890428486813086  0.98944806294659204  1.00000000000000000
 -0.00215689644947332  0.00966379253442131  0.01982201385251820  0.03029188646069563
  0.04077941533686368  0.05129804024183723  0.06184163998115821  0.07239634901420769
  0.08295627377894559  0.09349170090795406  0.10399770236943134  0.11449712466550334
  0.12499809420888489  0.13552542329831327  0.14604323250842677  0.15659057465763365
  0.16713198078165228  0.17767671579271233  0.18823557509031624  0.19878198797586605
  0.20930994420006513  0.21979430589551338  0.23030669890787228  0.24087164050872295
  0.25149626471770326  0.26209060909064003  0.27265089527876774  0.28315092004541026
  0.29371444475442993  0.30428559442363873  0.31485285360860837  0.32537428822089992
  0.33588561258886623  0.34644720000997709  0.35707166977498239  0.36771573455391665
  0.37832256417963606  0.38885021749663901  0.39933915818365850  0.40982843137794922
  0.42032342318180949  0.43082199624023104  0.44129528734495116  0.45182179159011870
  0.46236672216799463  0.47295184411814123  0.48348400850996909  0.49401389106576482
  0.50450256664617799  0.51502120315828415  0.52556578807815257  0.53611799161113316
  0.54667150799130160  0.55720696023859495  0.56777665281418532  0.57831295200963329
  0.58886018611465041  0.59939042109762186  0.60995615815941806  0.62050119028369022
  0.63105346267055806  0.64159309297638878  0.65215931275294503  0.66274578467823697
  0.67335155655495371  0.68398618830953717  0.69459561163541461  0.70520208609698953
  0.71575190291500690  0.72630089773575068  0.73681281124838283  0.74732059779821169
  0.75781289558731690  0.76830451265713684  0.77884585472035706  0.78939958801835575
  0.79999067691248338  0.81048009285908396  0.82097738349625393  0.83146022536418296
  0.84197561087703887  0.85251464838944357  0.86302902622435074  0.87355852968102854
  0.88407899772377685  0.89458912501470622  0.90507842019994722  0.91557634970460988
  0.92611482906900011  0.93668555043258939  0.94724140286810010  0.95778384945474870
  0.96831515767384269  0.97884486664398618  0.98940580733576200  1.00000000000000000
   7.5852996396539541E-022  -1.0000000000000000     
 F F F F F F F F F F F F F F F F F F F F F F F F F F F F F F F F F F F F F F F F F F F F F F F F F F F F F F F F F F F F F F F F F F F F F F F F F F F F F F F F F F F F F F F F F F F F F F F F F F F F F F F F F F F F F F F F F F F F F F F F F F F F F F F F
  <DiscreteSampler_grid>
  grouped_processes
  1 # 1 for a reference and 2 for a running grid.
  10 # Attribute 'min_bin_probing_points' of the grid.
  1 # Attribute 'grid_mode' of the grid. 1=='default',2=='initialization'
  0.0000000000000000 # Attribute 'small_contrib_threshold' of the grid.
  0.5000000000000000 # Attribute 'damping_power' of the grid.
 # binID   n_entries weight   weight_sqr   abs_weight
    10   10   1.578216271379745E-007   4.131512869836401E-014   1.578216271379745E-007
    11   10   1.578216271379745E-007   4.131512869836403E-014   1.578216271379745E-007
  </DiscreteSampler_grid>
