  0.00968531618743344  0.01596507626279332  0.02511976082654972  0.03587357902945044
  0.04618835222338783  0.05654262103493551  0.06693667628932382  0.07733123421002155
  0.08771920757484268  0.09809396456572743  0.10846424310159310  0.11882701852505560
  0.12920220274538710  0.13957950426559951  0.14997536172270848  0.16033416170910675
  0.17069277504629335  0.18104267540106989  0.19139938401784762  0.20177959988194494
  0.21213610394428489  0.22252558150680560  0.23286945119114760  0.24319843376744088
  0.25351345992050384  0.26386702958722597  0.27424256332715152  0.28461606107255383
  0.29499109046264260  0.30538128500798817  0.31576677433714917  0.32614290346019414
  0.33650293703013007  0.34688444804320218  0.35726060480253791  0.36764707735353130
  0.37804628973559790  0.38844894444283951  0.39885567670480343  0.40923624554036697
  0.41961687779474138  0.42999236798337043  0.44037512665445611  0.45075348228876705
  0.46112972300940708  0.47150529239245936  0.48188840710153225  0.49227642685831208
  0.50266941426845402  0.51305333295189925  0.52343968203362146  0.53384216623717140
  0.54425689486324569  0.55467012662145454  0.56506818799298542  0.57546643048406443
  0.58586276729349529  0.59623971528648456  0.60661323484970797  0.61699906102144675
  0.62739724460691049  0.63778839532500664  0.64816192298968811  0.65853121727060138
  0.66890819835146675  0.67930051097726141  0.68969885519817853  0.70009611373955560
  0.71046456559721072  0.72080334625101050  0.73115167517348789  0.74154232488442395
  0.75198028743404144  0.76241468814798308  0.77281320255049002  0.78319431435161180
  0.79357555174640004  0.80396244248631532  0.81436298610080049  0.82476660086976561
  0.83517137151282772  0.84557138813952326  0.85594039855658199  0.86632623184828517
  0.87667742163885209  0.88706166333481395  0.89743029540893016  0.90777931006945756
  0.91812435197060804  0.92846525968330873  0.93884999639920563  0.94924693297885676
  0.95964541355979616  0.97005880573638170  0.98041439868315594  1.00000000000000000
  0.00962420253887080  0.01625792385256993  0.02527792360440411  0.03613107815708852
  0.04650916301034701  0.05691403042376163  0.06732305485480852  0.07774794855523665
  0.08816407252655238  0.09858120042468384  0.10895967765099328  0.11932152954930567
  0.12964845113578360  0.14000533121700925  0.15036764315415399  0.16072044807106253
  0.17107892672769318  0.18145187060703755  0.19186212165173464  0.20221761435246710
  0.21258250459308831  0.22294419479964855  0.23332675712183146  0.24370450576832900
  0.25410029103128051  0.26450209543736503  0.27488947405153097  0.28525001246398524
  0.29561106137600512  0.30594697896209705  0.31627042870188932  0.32659210834767932
  0.33692553624747690  0.34726466002027123  0.35761767754773560  0.36799869986257988
  0.37839071862500406  0.38877783710469604  0.39914597076443437  0.40950349926231061
  0.41986071196553060  0.43021181658597984  0.44057806554104256  0.45094393675427663
  0.46131244672943561  0.47168342755706127  0.48205953449249145  0.49245125091405650
  0.50284264701625914  0.51323315425258542  0.52360679086893269  0.53398837744844230
  0.54439552334499963  0.55480438682775801  0.56518433131306889  0.57553258980427402
  0.58587135874217378  0.59620455811895456  0.60652777878125197  0.61687386762638774
  0.62725930365111360  0.63763741362582493  0.64798275628642321  0.65831870875138054
  0.66867752842485262  0.67906863533092299  0.68946399336207842  0.69985887870326957
  0.71026976705313305  0.72066690124152488  0.73102630135262103  0.74137746360279311
  0.75173960175736243  0.76212808008302180  0.77249894802321106  0.78287385816624666
  0.79328034394727742  0.80370482427115619  0.81409731907519911  0.82447927163284596
  0.83485629941965278  0.84526168934941548  0.85567417222891762  0.86610132042496712
  0.87651469277624294  0.88690485624109283  0.89732504013856107  0.90773788880279849
  0.91818534862127033  0.92858583034179876  0.93899751395688857  0.94938029278323677
  0.95976012494605856  0.97013248813635999  0.98050504104164382  1.00000000000000000
 -0.00239976947325019  0.00954159873422082  0.01968994293938440  0.03021542902896742
  0.04074704751087612  0.05127924332656991  0.06179303907616453  0.07235368339769242
  0.08290912210075749  0.09345492489680063  0.10396406247569213  0.11452562221539840
  0.12506942274730337  0.13558761477648021  0.14606564023875801  0.15661497120011386
  0.16716664838738921  0.17770795411303086  0.18821953430399710  0.19875149948207443
  0.20931181846218358  0.21983811022457697  0.23036430328314433  0.24088419597952138
  0.25139517177481663  0.26187327564629653  0.27234016259345017  0.28282403398349243
  0.29338082612004063  0.30394434667173625  0.31451034380500847  0.32503158221422562
  0.33554445234697022  0.34604890022639950  0.35656766588076927  0.36709949731855918
  0.37763598093826389  0.38822427835359608  0.39882694701572807  0.40942535219727921
  0.41993900558920144  0.43044260291133213  0.44091678422495256  0.45141876420767679
  0.46191659801256507  0.47247411989078669  0.48309902850534026  0.49373134360250243
  0.50431567493421148  0.51482888186437159  0.52531061982852445  0.53584641909427255
  0.54638888301037969  0.55697089501233155  0.56755524905070276  0.57815149867609017
  0.58873799892766576  0.59928020024814521  0.60983836791670876  0.62038530995717944
  0.63097177314341724  0.64153179095844926  0.65213864376858810  0.66273651967060476
  0.67332904851219177  0.68389490303311440  0.69441384583798871  0.70492730770485035
  0.71540978665100385  0.72588041596478392  0.73638058982239663  0.74688178598137644
  0.75745506115217620  0.76799674568130949  0.77853912503151390  0.78901033171541102
  0.79950112483646285  0.81002742164876684  0.82059885542486399  0.83115797235773836
  0.84168187039009912  0.85221295240872552  0.86280688510765580  0.87343881139567270
  0.88406332946525756  0.89461747492212507  0.90515630917663259  0.91568417174657779
  0.92629186029203070  0.93686477848569805  0.94745922583000464  0.95801645541638281
  0.96856074860342534  0.97908560868637862  0.98954746771457702  1.00000000000000000
 -0.00237377172393211  0.01006644776341123  0.02038433374045689  0.03095784226792443
  0.04154772598700259  0.05212254157644581  0.06269597333842813  0.07327481225655685
  0.08386173201216217  0.09436283085895877  0.10488387445042353  0.11541291462108365
  0.12597968326591918  0.13648879585375395  0.14705686283524796  0.15764034854234596
  0.16824820808795685  0.17878706364585950  0.18931974002614288  0.19985002370956537
  0.21035677311745668  0.22085904955710162  0.23141176405621502  0.24200406689746096
  0.25261078474668963  0.26316344850457918  0.27374034377300810  0.28431073379869409
  0.29487141858558674  0.30538926496640384  0.31591621039607598  0.32647004648643424
  0.33701752712069433  0.34754693479751858  0.35806236399914176  0.36862343389824803
  0.37915703016755986  0.38967225775000991  0.40013496344867155  0.41064415096600204
  0.42116082399188309  0.43173200789270211  0.44228949572795184  0.45282467441367519
  0.46334373847454025  0.47385180286019118  0.48440593762709822  0.49495332054047114
  0.50547447548201963  0.51595033881167673  0.52646248108439042  0.53702284975955328
  0.54765046443688725  0.55823092028477006  0.56881541902619392  0.57934427323616955
  0.58987271508522532  0.60036323118017898  0.61087302407049315  0.62139064946670208
  0.63195098830717444  0.64248144118067374  0.65301824893810534  0.66355833439994949
  0.67410966556318741  0.68468828705956264  0.69520583465289909  0.70572882847736818
  0.71620897187836408  0.72672862816893102  0.73726021812035292  0.74776666043012896
  0.75828810637816069  0.76881639725957618  0.77934600941891996  0.78983748513924423
  0.80030114433559651  0.81077074564692586  0.82128124679181025  0.83179665693973859
  0.84232843950488090  0.85281329314995857  0.86335526449451416  0.87386809227495998
  0.88439699806584071  0.89485351681635628  0.90534409104610702  0.91587255161079439
  0.92644472670862510  0.93699756115881627  0.94752894864526449  0.95805321285459510
  0.96853184118829760  0.97902801897228953  0.98950151469588155  1.00000000000000000
 -0.00252899841917983  0.00990678850107656  0.02024455788534302  0.03087106450037606
  0.04149429154118293  0.05208220620901147  0.06262464170670044  0.07317225702344843
  0.08372209654975424  0.09423792069472638  0.10477914814132494  0.11527477283166801
  0.12582089274345670  0.13631824473262880  0.14684023518020664  0.15737256137093539
  0.16792609649705562  0.17845268789319280  0.18897033121877765  0.19948062178574250
  0.20999141609591082  0.22049788257352901  0.23101308581196864  0.24153811534039601
  0.25207989898096694  0.26260628586652368  0.27314706071263833  0.28370383909630426
  0.29424297853129117  0.30479071255408607  0.31529882160735750  0.32585309279153180
  0.33638967598754244  0.34693849887123285  0.35748437219841056  0.36803365107704067
  0.37855635435940999  0.38903280415342095  0.39951825379951356  0.41001158478991551
  0.42055582303123168  0.43110339488952593  0.44165013422949834  0.45217798981272916
  0.46269807701589477  0.47324794400476983  0.48380388135517416  0.49435178185645778
  0.50486955203061867  0.51538924111370898  0.52593088767937801  0.53648875601958412
  0.54705517484454580  0.55757711435864843  0.56809597029884562  0.57858757839812047
  0.58910854591966411  0.59960606205996236  0.61011462819917295  0.62065247581764560
  0.63120043130497705  0.64174858251605915  0.65227454762994053  0.66283167110051544
  0.67338296477877002  0.68392750445605166  0.69448971022633788  0.70504832203055667
  0.71564066795386150  0.72617713110747639  0.73671992656379393  0.74721781614530836
  0.75775151486890913  0.76826592208924849  0.77880634241183644  0.78931591232309994
  0.79980804176666020  0.81030723262810578  0.82083153786974705  0.83139328722776973
  0.84195969640274582  0.85251305954047085  0.86306085564987767  0.87362828794615621
  0.88417444709820137  0.89473648016591800  0.90524776268762852  0.91578325268139626
  0.92629641088401571  0.93684927651106398  0.94738549571613584  0.95793023767736518
  0.96843611396335938  0.97895428439449905  0.98947657954148582  1.00000000000000000
 -0.00212721519315216  0.00969152766915713  0.01991701499420393  0.03045562815886295
  0.04101747848061089  0.05154944879676628  0.06210812187546129  0.07268624515984805
  0.08328666851735349  0.09385185378514956  0.10440139072461685  0.11492012884466404
  0.12542250672360583  0.13594068477868268  0.14645438320080556  0.15697805190185088
  0.16749064767823368  0.17801035549582278  0.18858567133235959  0.19913339438352856
  0.20969567401050099  0.22018784623982565  0.23069923552654989  0.24119460163413975
  0.25177717095769842  0.26237701632369770  0.27298179907654335  0.28353507871763467
  0.29402254447274551  0.30450655759039380  0.31498939316444396  0.32555318917563314
  0.33611112141693994  0.34666099598323769  0.35718688938738047  0.36771168532384363
  0.37824645053631650  0.38880153728865963  0.39933774309917319  0.40986178232035791
  0.42037767556636729  0.43094037426646992  0.44149204768156364  0.45201815053387479
  0.46252644839976864  0.47304716803441960  0.48359297999559603  0.49411238852248335
  0.50464269832083397  0.51517692080421507  0.52574276896776417  0.53631175891475358
  0.54687473157027744  0.55742366913039032  0.56798452786700171  0.57852535159236751
  0.58909037428728861  0.59964156033088767  0.61019054301082010  0.62072570910219360
  0.63126574330692187  0.64180938775300223  0.65234592656706814  0.66285474022626767
  0.67335520294430884  0.68388407728545830  0.69442819752499685  0.70495277476044393
  0.71545558850791313  0.72595076457149632  0.73649941958947185  0.74701697944298262
  0.75755961450255449  0.76807341687537567  0.77861343014302042  0.78910428668970567
  0.79960043410222481  0.81014389933098607  0.82071563499350120  0.83127342553773587
  0.84179948731479182  0.85233814000538888  0.86296099398682680  0.87356802237244635
  0.88418420074238990  0.89473645866445362  0.90528377254782466  0.91582758205406423
  0.92632555246719728  0.93684326614643831  0.94740615855880095  0.95801689527113154
  0.96853275317779697  0.97900176067527611  0.98947528188177647  1.00000000000000000
 -0.00250413025636385  0.00957656557349273  0.01975179175847109  0.03022405001116360
  0.04075427973000583  0.05130482847337874  0.06188873465810699  0.07246081507363911
  0.08302681178220594  0.09357833131877014  0.10411033166286300  0.11461321049343789
  0.12508135487616084  0.13557177004171370  0.14607958572984719  0.15655925807753768
  0.16704950902606169  0.17754317282979074  0.18807866053166625  0.19860495027687317
  0.20918097137815395  0.21978453097169856  0.23041426006644133  0.24097112897987941
  0.25152474015554099  0.26205752368879959  0.27258818755790115  0.28310808533790388
  0.29360526705483564  0.30410987918655752  0.31462125430730603  0.32516840232358069
  0.33571882119347840  0.34625661140751762  0.35676934992168774  0.36728422353012735
  0.37780991739042086  0.38834022715430072  0.39892897513179737  0.40954171018548963
  0.42013807022651239  0.43069881418451322  0.44119563454709815  0.45172621320728951
  0.46224206239861676  0.47278321178806676  0.48332538142948084  0.49385875278780889
  0.50441813975927441  0.51496348530643465  0.52552414443234141  0.53604259245805497
  0.54656187636557974  0.55707314365431204  0.56762072728094304  0.57817700963225394
  0.58875518056388354  0.59935868905143519  0.60993717605378883  0.62051952908234120
  0.63105707789963739  0.64158224763192506  0.65205810744737569  0.66255019678894300
  0.67309479000069505  0.68364451839958551  0.69418925724622815  0.70470678254415176
  0.71525670098699279  0.72581930055296262  0.73637153705462000  0.74691584081832096
  0.75746133806317439  0.76803479347176684  0.77860142687307010  0.78915490344904915
  0.79967469906401201  0.81023442544316271  0.82076736314739451  0.83132461563438220
  0.84185738201343563  0.85242426725857989  0.86298009113498320  0.87351544278044124
  0.88401616609121247  0.89451593031700849  0.90503402460971483  0.91561378370409152
  0.92620438432271068  0.93678220203304796  0.94728154987798918  0.95780816453526696
  0.96828888634899002  0.97883467294698279  0.98939096153824679  1.00000000000000000
 -0.00230157423399567  0.00954450964820070  0.01969664375890921  0.03021578404750805
  0.04076959754420293  0.05133070601163565  0.06190864009056662  0.07249026582655291
  0.08305882584021124  0.09360560759341299  0.10417975003241492  0.11476660083662943
  0.12534802343130183  0.13588997729690866  0.14642395123242571  0.15698347470411819
  0.16753743260294540  0.17814752082964955  0.18875435854481887  0.19935380679936396
  0.20989085374034389  0.22041734585520609  0.23093652612793383  0.24148603994463000
  0.25201503257184188  0.26255636488033735  0.27305162365764601  0.28356325000177274
  0.29409062017350041  0.30461710097657485  0.31513714453228775  0.32566069158989247
  0.33620067204603293  0.34676085676404517  0.35731399452568280  0.36789541254712105
  0.37844815581188124  0.38897782089694577  0.39948132080157389  0.41002391788687353
  0.42063359753877466  0.43120600149681459  0.44174587685697964  0.45224927688618693
  0.46283823615565689  0.47340256174751399  0.48398459340660321  0.49450003116552604
  0.50502973974069365  0.51555013743875933  0.52610238860096026  0.53664035471828664
  0.54715432616747905  0.55766108043206519  0.56820877609143550  0.57874894142166633
  0.58928859651998045  0.59979109129544672  0.61025914465996101  0.62077719134633891
  0.63131535054011023  0.64186310765733745  0.65235983380003104  0.66285909912566621
  0.67339580728085291  0.68393210612842381  0.69449047230613981  0.70502768442461128
  0.71559682735924057  0.72617951093642563  0.73678228298443793  0.74732159378879714
  0.75782350936077725  0.76832096800856475  0.77885994635783218  0.78938765624976837
  0.79992500437876257  0.81048355679398199  0.82102555210664419  0.83156497612322799
  0.84207610825015966  0.85262480001999541  0.86315003497822695  0.87367370858990789
  0.88417076252611571  0.89465881634570543  0.90514752936082965  0.91565894688665805
  0.92623941616357697  0.93678131159738043  0.94730942653370087  0.95779334042723840
  0.96834019269338789  0.97889130818539660  0.98945770564182800  1.00000000000000000
   1.2363959433877211E-008  -1.0000000000000000     
 F F F F F F F F F F F F F F F F F F F F F F F F F F F F F F F F F F F F F F F F F F F F F F F F F F F F F F F F F F F F F F F F F F F F F F F F F F F F F F F F F F F F F F F F F F F F F F F F F F F F F F F F F F F F F F F F F F F F F F F F F F F F F F F F
  <DiscreteSampler_grid>
  grouped_processes
  1 # 1 for a reference and 2 for a running grid.
  10 # Attribute 'min_bin_probing_points' of the grid.
  1 # Attribute 'grid_mode' of the grid. 1=='default',2=='initialization'
  0.0000000000000000 # Attribute 'small_contrib_threshold' of the grid.
  0.5000000000000000 # Attribute 'damping_power' of the grid.
 # binID   n_entries weight   weight_sqr   abs_weight
    10   10   6.100988537332178E+006   8.265785396134747E+013   6.100988537332178E+006
    11   10   6.100988537332175E+006   8.265785396134745E+013   6.100988537332175E+006
  </DiscreteSampler_grid>
