  0.00959620552344921  0.01586996341139403  0.02499479480343249  0.03579140312191306
  0.04615750733778529  0.05654385884345040  0.06691651825958497  0.07731703696771945
  0.08774964834822090  0.09817890458030118  0.10857833804405091  0.11894361175326149
  0.12934425731366897  0.13973607382796671  0.15008380768583771  0.16030696781612780
  0.17057872445657507  0.18088729842237430  0.19127862826113518  0.20163053370549847
  0.21195355776359434  0.22230909048555772  0.23267045039550568  0.24303590671711739
  0.25340187633864442  0.26376908361653811  0.27417371413512837  0.28459473820722664
  0.29501238575847427  0.30538104549655426  0.31572609943189306  0.32605981082666413
  0.33636399189378136  0.34664966396684255  0.35698385386449732  0.36737793231340882
  0.37777750942132343  0.38814938963579071  0.39850700198087563  0.40887327109103627
  0.41922649556869795  0.42959244761069737  0.43994845182297726  0.45028723269277382
  0.46059941689837486  0.47092264420013291  0.48127822219340377  0.49157679445652303
  0.50189512024439098  0.51222353955548461  0.52258545423084857  0.53292528434852382
  0.54327062515866964  0.55366911426364085  0.56409938254537606  0.57450098599346910
  0.58486045431369260  0.59522618784957337  0.60561020594068837  0.61602606249237080
  0.62645647061889864  0.63689843087105102  0.64734221859749463  0.65772466516651995
  0.66805750566589495  0.67838510203779867  0.68872387065443841  0.69909042862869741
  0.70949183233678392  0.71990457587357726  0.73028018722987642  0.74061366199001588
  0.75097067476794943  0.76135653216914534  0.77177762147140527  0.78221090915194957
  0.79267175526409561  0.80315337873463566  0.81362947336303804  0.82410313694797366
  0.83453741707101736  0.84495475847577517  0.85538541068202401  0.86587514724846049
  0.87637927299173124  0.88682875977895581  0.89719638194591878  0.90753485958199753
  0.91791399261430107  0.92830270717963659  0.93877069191350904  0.94922360805867179
  0.95968276080368220  0.97005601927374696  0.98044306052326913  1.00000000000000000
  0.00968169708659972  0.01596967514091271  0.02506495793131517  0.03591445173803048
  0.04631318697060280  0.05671658318359411  0.06709917056021739  0.07751160998082038
  0.08793681274079160  0.09834975145503098  0.10872558421163338  0.11911179339076808
  0.12949932964731695  0.13986430195815872  0.15019900133589850  0.16054992953069366
  0.17089805535833072  0.18125488710283144  0.19156118282025192  0.20193181931261375
  0.21232896898640796  0.22273285472656745  0.23311509950876330  0.24347539095127463
  0.25386518375221018  0.26426247467222180  0.27465686935482525  0.28506543909661242
  0.29547265910101911  0.30583948049545812  0.31613853937934033  0.32643489057852282
  0.33678342795925237  0.34715655517294108  0.35749612281849891  0.36786714693915107
  0.37828231134043361  0.38871881257671298  0.39912193491444786  0.40958486797833993
  0.42004765512539854  0.43050169556586093  0.44089646539821947  0.45130299557144632
  0.46171434902336927  0.47210823322465706  0.48248927204458503  0.49285994372224434
  0.50321757695033009  0.51356161694229729  0.52389762558261777  0.53425565600554603
  0.54466293320306103  0.55508460903206225  0.56549209719457227  0.57585191486954679
  0.58618830297550828  0.59652202558519152  0.60686834902936593  0.61724809038433215
  0.62762679443714675  0.63797740984138240  0.64830307949372135  0.65861856214331227
  0.66896367421739955  0.67934672875776159  0.68974298857376204  0.70014415994492840
  0.71055818517661662  0.72100341228729992  0.73144850276157358  0.74184069301862809
  0.75220631263510751  0.76256126788908085  0.77294216075145228  0.78334108850231576
  0.79374263816795443  0.80414001209425212  0.81453532962639785  0.82497154426985553
  0.83544402103426529  0.84592689482435734  0.85639407930418376  0.86684451124081185
  0.87722003245253999  0.88759626625106081  0.89793173552460870  0.90830410053850263
  0.91863901047618068  0.92899671792916250  0.93930509320878286  0.94960499030062329
  0.95989310577031028  0.97020746693579374  0.98055019129641097  1.00000000000000000
  0.13232186633270923  0.13310018213990552  0.13402504977484891  0.13501867420954289
  0.13602534970198235  0.13703331087361811  0.13805044806670119  0.13907728689881871
  0.14010974621162745  0.14114560604458667  0.14218633212987808  0.14323408238905308
  0.14428624170645407  0.14533943789447451  0.14639694623208122  0.14746561055415985
  0.14854925297286825  0.14963433642407264  0.15072252883582127  0.15181542464562128
  0.15291929090737227  0.15402812147833045  0.15513828799251830  0.15625175659028936
  0.15737631670796501  0.15851592027886366  0.15965896250791997  0.16080577874489349
  0.16195168069129220  0.16312105715378930  0.16428793119425505  0.16545591729410708
  0.16662458774390815  0.16781026646499475  0.16900615445227030  0.17020557470697190
  0.17140758527345457  0.17261922548551295  0.17384682419361103  0.17508433565472464
  0.17632531424619013  0.17756522858134668  0.17881309472710430  0.18007769793673312
  0.18134777455479925  0.18261954667395092  0.18389407589957196  0.18518834197113301
  0.18649964135428376  0.18781358145228783  0.18912583249338813  0.19043981913185529
  0.19177411529412436  0.19312363715673575  0.19447968474370805  0.19583736338913915
  0.19720226883855785  0.19857842492463207  0.19996091271075980  0.20134944736602112
  0.20274876542871967  0.20416009671354782  0.20558249046533600  0.20701100362980321
  0.20844601960065431  0.20988903562018321  0.21135193999486868  0.21283058552606854
  0.21431554205014816  0.21580559362017937  0.21730688643460197  0.21882465909600382
  0.22034787061136857  0.22187554371646062  0.22341113437922006  0.22496266663127046
  0.22653074908953699  0.22810623987421097  0.22968520943739057  0.23127294745701310
  0.23288495743815954  0.23452073862898173  0.23615977340946814  0.23780445037759748
  0.23945842275299262  0.24113270893254812  0.24281450701866208  0.24450031551211007
  0.24619850392803733  0.24791865757271250  0.24966097623477584  0.25141323029371226
  0.25313929286302672  0.25435485142825154  0.25463908793851608  1.00000000000000000
 -0.00225359528439435  0.00992106869616108  0.02019498373495343  0.03073183277126887
  0.04125907312540506  0.05176996570114497  0.06225606022487083  0.07274953956320612
  0.08324795142710545  0.09373923338018267  0.10424788116093410  0.11481986518836398
  0.12543263656193543  0.13607995949792245  0.14670175900328741  0.15730124097481246
  0.16790854999502142  0.17841975803328136  0.18904100185314529  0.19961661448316237
  0.21022419583067262  0.22069132229486013  0.23119604194104304  0.24177715008222406
  0.25233516502382702  0.26292877689935734  0.27346195822106434  0.28403921727226072
  0.29455759880890187  0.30509536321882308  0.31562118751491564  0.32607033599623553
  0.33646615521107864  0.34693393690131885  0.35750490743830754  0.36815572866727592
  0.37870448811533902  0.38926936131350909  0.39984563258859468  0.41041316616707885
  0.42091112681665455  0.43134904044331235  0.44186065658063928  0.45247038816502438
  0.46309340167835583  0.47368628451625611  0.48419423150754209  0.49468370917987314
  0.50519801102759865  0.51573299841055309  0.52623734165726288  0.53674021995889087
  0.54728590012836698  0.55789584674614656  0.56850689549627564  0.57912450559414397
  0.58969577764127279  0.60024473455510508  0.61071396659873511  0.62126129609825609
  0.63171842101382014  0.64220502435190208  0.65271623517470390  0.66331659292142831
  0.67392216553502582  0.68449711773550703  0.69505500432125544  0.70559280547368974
  0.71609627220634375  0.72661759849473306  0.73712091802260948  0.74766573513825874
  0.75825724006868145  0.76887558106276921  0.77943034412389300  0.78996943122738550
  0.80048720903452941  0.81099054580193819  0.82143350335658050  0.83192292415815283
  0.84243129434291963  0.85299140111191618  0.86355188144185668  0.87407154631983286
  0.88459416474880448  0.89509512810503122  0.90564526663663281  0.91618148209521788
  0.92669674657515189  0.93728883613988301  0.94775616886705683  0.95823809004047034
  0.96862003549146947  0.97909532676323141  0.98955498934639174  1.00000000000000000
 -0.00239887758639341  0.00955072855863600  0.01971232486123890  0.03014985089511570
  0.04061063330482316  0.05107433639498890  0.06158056159652713  0.07209667814374386
  0.08260248187895800  0.09312853768105558  0.10363378245316854  0.11414172600404245
  0.12470617007407871  0.13531586403391993  0.14595836913181864  0.15654663116196002
  0.16716519917827055  0.17776921396844719  0.18835768804031688  0.19892386991302671
  0.20947995003974751  0.22008906381259105  0.23069334139395153  0.24134454959679355
  0.25191354549977940  0.26242882670393752  0.27288814049848625  0.28338013833765358
  0.29394527777989021  0.30451023208937167  0.31504969259571858  0.32560354983172513
  0.33617465518252787  0.34677047759524332  0.35729781366732355  0.36779151533696208
  0.37830434659851803  0.38877326782296168  0.39928299422045632  0.40977186283322520
  0.42035798578353190  0.43096294974587762  0.44153107240770256  0.45204585725559593
  0.46256499363765974  0.47311051397545373  0.48366861360857616  0.49419446219370172
  0.50474535841004275  0.51525106280305588  0.52571220152894704  0.53617807948324669
  0.54670660456250642  0.55726750073624176  0.56781249849030202  0.57833511332334686
  0.58890218585102061  0.59946832866336552  0.61006517602492683  0.62066037197822455
  0.63125443745729648  0.64182156924674838  0.65237939784682697  0.66290085753981498
  0.67338552563845455  0.68384138189289034  0.69430302591045978  0.70481248860905465
  0.71534120129713763  0.72594643283653182  0.73650636939808722  0.74709068981413118
  0.75769169089068833  0.76836380973309359  0.77898004376520447  0.78954947893203431
  0.80007116040666726  0.81056876540041201  0.82100316087290914  0.83144847304146541
  0.84190247307649391  0.85242963693115570  0.86299545859920990  0.87345370734636862
  0.88388961789354070  0.89427458129864057  0.90481056246335734  0.91540129117702895
  0.92602249307155116  0.93667247585291413  0.94730141141242930  0.95790947248546943
  0.96848258293945355  0.97900833395326659  0.98951338663523880  1.00000000000000000
 -0.00227689353044003  0.00982347526770782  0.02006118502819074  0.03058480063775019
  0.04119237140146535  0.05178083493716315  0.06234377979531812  0.07284633291310198
  0.08335637765872198  0.09390988726551038  0.10449920385249679  0.11509499167447847
  0.12565537769206292  0.13619760025825969  0.14665656786592451  0.15727889978031304
  0.16786846762923668  0.17853272067315318  0.18906971707371562  0.19966852878330107
  0.21026169799968047  0.22083815763781423  0.23138097546248573  0.24190007018004919
  0.25241635250882932  0.26293865069541394  0.27347842223222346  0.28404014351849577
  0.29458854851814859  0.30512561666310739  0.31568069846151386  0.32625179410587057
  0.33686234113655794  0.34740897464978676  0.35795899023514294  0.36852934881123567
  0.37917373366778029  0.38984943191881272  0.40044317622371306  0.41092848745860144
  0.42142056977757958  0.43192569828017052  0.44248963925646423  0.45303955404913981
  0.46366264781191330  0.47425259864597752  0.48482432657247421  0.49534090100393174
  0.50584531090230056  0.51636586886938485  0.52696971913993440  0.53762115668869515
  0.54822665417921856  0.55873541787474190  0.56922872942379688  0.57969396367011616
  0.59005114376590873  0.60042779094354093  0.61084929663835186  0.62136263381130763
  0.63182250909516002  0.64225712615164832  0.65271140306374920  0.66319872477773634
  0.67371501301473891  0.68427214389491930  0.69483761591916093  0.70541942902771348
  0.71593075785874627  0.72646045994113895  0.73693915342146465  0.74745719437503477
  0.75781418817323176  0.76816854214551056  0.77856579442741181  0.78908452502055459
  0.79965081914053338  0.81014107213766673  0.82068464313857148  0.83120732816989973
  0.84176823461876360  0.85226701424207241  0.86278865418340711  0.87332210406614097
  0.88394620692165682  0.89452480648615029  0.90510267142039513  0.91563359484760287
  0.92616723578672511  0.93668743580907587  0.94722981364605208  0.95774656283697879
  0.96827410700616234  0.97879370679237487  0.98938042800597159  1.00000000000000000
 -0.00206091180076935  0.00960419071861068  0.01975500566094174  0.03019512132839816
  0.04075022139132684  0.05131269540990931  0.06191651855814813  0.07231612872524271
  0.08268021524037338  0.09301365634994702  0.10351204662638064  0.11408948186391328
  0.12465619339665251  0.13519319075278166  0.14564369138635044  0.15612404643929581
  0.16656828142522959  0.17708841982951976  0.18758255283153141  0.19815257575363965
  0.20871877538516606  0.21936918021763374  0.22987639981590655  0.24036852416384855
  0.25080501141638195  0.26131106244192970  0.27181686195846855  0.28234291672026196
  0.29293033621645836  0.30354178488344868  0.31414928826062660  0.32473352138948747
  0.33528852669329207  0.34582277821251384  0.35636055259713134  0.36687604976707039
  0.37741139560689130  0.38798232101262015  0.39858722652964856  0.40916182820614300
  0.41969558327528245  0.43020060375401215  0.44070314969966623  0.45116387748526193
  0.46165287179008285  0.47214468113588454  0.48267914121939359  0.49323337589861277
  0.50378898718557041  0.51431325737652489  0.52482105282691438  0.53534411327965092
  0.54587045847578930  0.55642932470997908  0.56701613116450522  0.57760120637913259
  0.58815599528148033  0.59868389166745262  0.60923396530724894  0.61977615182350609
  0.63032026470736646  0.64088956397012220  0.65143440512333139  0.66205207558043022
  0.67268905378897381  0.68336941373395710  0.69398331489677534  0.70456764447555797
  0.71515913781567819  0.72574326022289537  0.73630090440822304  0.74683844552273881
  0.75740009488953119  0.76794583330619215  0.77856702502577391  0.78917561592678920
  0.79981276274677904  0.81034032007232981  0.82085100604853134  0.83135612780121360
  0.84188101630584178  0.85238830802235488  0.86292636259915301  0.87342742818686692
  0.88392505640272845  0.89440957649750119  0.90494177852573210  0.91550966857347904
  0.92612529741586636  0.93675723368500963  0.94734094987056894  0.95787047666630953
  0.96835273174600089  0.97886854684492264  0.98941832046084588  1.00000000000000000
 -0.00245292140338022  0.00981940019663000  0.02007977122874146  0.03069717364277536
  0.04132842197012814  0.05193725549083847  0.06243864752706330  0.07293213693112832
  0.08340426428712876  0.09389897083771698  0.10452598621940375  0.11518487911234267
  0.12580474167095052  0.13629975300223751  0.14680522629069198  0.15732339351248828
  0.16783283861373663  0.17819327477120345  0.18857213800679135  0.19898525849972720
  0.20954025191833475  0.22012656028123170  0.23068553866008024  0.24122563813636247
  0.25176405874904834  0.26226305702598313  0.27283123119891145  0.28339891714339305
  0.29399513185064013  0.30457416763151612  0.31498208286224849  0.32541565309012727
  0.33584860794127125  0.34641726510599669  0.35710560727451157  0.36772011234128349
  0.37834386645060064  0.38885584013485353  0.39942921512353147  0.41000247352656477
  0.42060869297349901  0.43117121712222856  0.44166730842297858  0.45211627254752224
  0.46253751676585930  0.47306923857700622  0.48358458111370545  0.49415735576985381
  0.50471572168097634  0.51529837998913364  0.52592580899319141  0.53647723136850645
  0.54708988615830623  0.55762710370530533  0.56821262891900703  0.57879066758240583
  0.58939390522488277  0.59996489151555354  0.61049996768625447  0.62105240278272156
  0.63163036419611984  0.64217848989605986  0.65276791546955526  0.66336415406255766
  0.67394641086323737  0.68446554465906151  0.69496412442949329  0.70552052315920322
  0.71605519764012193  0.72658984774474367  0.73708415342095024  0.74760333502618248
  0.75810962452428943  0.76863364560686076  0.77915506864006956  0.78972689086369208
  0.80027190509253754  0.81078598196742357  0.82128303810525294  0.83177140842612474
  0.84232766209379573  0.85288473345074600  0.86344860893534681  0.87393218161778785
  0.88437931872656073  0.89487981481673839  0.90540483622110279  0.91592767494060412
  0.92640583017040523  0.93686407333377386  0.94737062989638254  0.95790101638704550
  0.96846228297269754  0.97901340969578243  0.98950943647818601  1.00000000000000000
   1.0411069618893511E-017  -1.0000000000000000     
 F F F F F F F F F F F F F F F F F F F F F F F F F F F F F F F F F F F F F F F F F F F F F F F F F F F F F F F F F F F F F F F F F F F F F F F F F F F F F F F F F F F F F F F F F F F F F F F F F F F F F F F F F F F F F F F F F F F F F F F F F F F F F F F F
  <DiscreteSampler_grid>
  grouped_processes
  1 # 1 for a reference and 2 for a running grid.
  10 # Attribute 'min_bin_probing_points' of the grid.
  1 # Attribute 'grid_mode' of the grid. 1=='default',2=='initialization'
  0.0000000000000000 # Attribute 'small_contrib_threshold' of the grid.
  0.5000000000000000 # Attribute 'damping_power' of the grid.
 # binID   n_entries weight   weight_sqr   abs_weight
    10   10   1.349105275295492E-005   4.412100160939640E-010   1.349105275295492E-005
    11   10   1.349105275295492E-005   4.412100160939642E-010   1.349105275295492E-005
  </DiscreteSampler_grid>
