  0.00961197466688894  0.01554989836301914  0.02477942135364955  0.03554954165076796
  0.04591611493217145  0.05632517016118761  0.06674126701296146  0.07714040735598812
  0.08752945505899747  0.09791323320901468  0.10831287374565830  0.11870828563477832
  0.12909193164391150  0.13946126476556789  0.14984381134780672  0.16022304700399229
  0.17060925117592399  0.18097632959845905  0.19136353685295754  0.20173036847158163
  0.21209342424632455  0.22244181585243217  0.23280915161880819  0.24318300774498394
  0.25356353087851202  0.26394593565423491  0.27432827017868538  0.28472853429126127
  0.29513359098548742  0.30554082234554858  0.31594274730402283  0.32633667276975592
  0.33671883347938003  0.34708321129432457  0.35744166406635924  0.36780983208921042
  0.37819413522450868  0.38857917012102317  0.39895690001694684  0.40930788233699184
  0.41967852517136828  0.43005959838493246  0.44046992494044057  0.45086155728082894
  0.46125197244578392  0.47163352677354520  0.48200440777797954  0.49236562264463440
  0.50273431900990395  0.51312315057992608  0.52352110633188453  0.53390908110573010
  0.54429496221660134  0.55468186576820688  0.56507067023079227  0.57545218312648427
  0.58580771994243763  0.59615554107860202  0.60651583703212031  0.61688855876342863
  0.62726992239887291  0.63765144925870476  0.64804463973290227  0.65843934951279925
  0.66881647403130551  0.67918711858108582  0.68955977281673952  0.69994139925934273
  0.71033301003045268  0.72073977515767695  0.73115568011178589  0.74157051155305975
  0.75197617864050958  0.76237280038002453  0.77276947592706580  0.78316556069523069
  0.79355324292184393  0.80392310690064983  0.81430027513691228  0.82469007549239193
  0.83508971797582687  0.84549153228918217  0.85587619663047898  0.86626542467698331
  0.87663963437239711  0.88703050315257426  0.89742263968080671  0.90780856736297688
  0.91819260192872609  0.92857605567497781  0.93896404791842580  0.94935113205739041
  0.95974539148561777  0.97012858172653982  0.98050797356080299  1.00000000000000000
  0.00968664474386018  0.01564531273565378  0.02484333474288842  0.03561589764181931
  0.04595735448526837  0.05632706886681041  0.06669427463173584  0.07707269880667589
  0.08744008860812158  0.09782336884917356  0.10821628564701120  0.11861215968069291
  0.12899713175374650  0.13935382197229668  0.14970776376729480  0.16007087695414260
  0.17047053154460889  0.18087857182251113  0.19125838821597951  0.20161878721130522
  0.21198926707522248  0.22236694647526292  0.23275008518271609  0.24313975232802351
  0.25353586645089055  0.26393262111158905  0.27432077261234911  0.28470762934852667
  0.29509987359540946  0.30548981733714342  0.31588283171524145  0.32627226667531617
  0.33667761821225228  0.34708797574404598  0.35749105827444383  0.36788172589938833
  0.37828900229247436  0.38870440678354429  0.39911855273550839  0.40951636960710647
  0.41992279386891090  0.43033018422762748  0.44073964309749308  0.45113639172248515
  0.46153570048303555  0.47193010293750154  0.48231215382504050  0.49267939689914364
  0.50303499410581543  0.51339905546298314  0.52377083100944100  0.53415891004273330
  0.54455090017382846  0.55494562839517536  0.56532667851178331  0.57569316049772634
  0.58604347929693934  0.59639133057447991  0.60675388962915866  0.61712711993734704
  0.62750972316505993  0.63788932548963728  0.64827044779831089  0.65865581811223639
  0.66903991428011145  0.67942481517201858  0.68980025656900656  0.70016722120055919
  0.71053525991799871  0.72091768135115009  0.73131190447910333  0.74170856583976486
  0.75209248349501001  0.76247008353200985  0.77285033387483615  0.78324478886047055
  0.79365606643863496  0.80406538077731482  0.81446374686840528  0.82485011635387928
  0.83521989869774405  0.84558924065325791  0.85597899446007475  0.86637954312918275
  0.87678285066803285  0.88716469481308668  0.89755884066392322  0.90796541987793311
  0.91838193084526376  0.92877744433688425  0.93913683009021531  0.94947879903332388
  0.95983951224623432  0.97019671094786619  0.98055463165031453  1.00000000000000000
 -0.00250703139081338  0.00956514967529196  0.01974244270719759  0.03028160143935522
  0.04081708487927180  0.05137390503043465  0.06194443872914428  0.07252427679256375
  0.08308995264330706  0.09361577528973064  0.10415038277532472  0.11465771346556081
  0.12519651935165624  0.13572785665491932  0.14626597670279456  0.15679176336435868
  0.16732198428784659  0.17787064285572640  0.18841827483134813  0.19898681490251158
  0.20956145221380454  0.22012448299566376  0.23066048240818268  0.24117669371477357
  0.25172248349691906  0.26226035392433028  0.27281513427296061  0.28333994951255032
  0.29386802705811665  0.30440910644834096  0.31494524022430781  0.32548685589568671
  0.33600533708565983  0.34652158346029638  0.35703304094142996  0.36754700510690735
  0.37807821592435559  0.38860433927457605  0.39911658307398173  0.40963111822632131
  0.42016111092934716  0.43072033051901115  0.44126928211455829  0.45183508705641529
  0.46235142714237187  0.47289419055789644  0.48340248333139180  0.49395407755877890
  0.50450543629706890  0.51508150675745734  0.52563893375219040  0.53618611822458573
  0.54675226410104549  0.55730963413020185  0.56788069838307187  0.57842368265638133
  0.58900705057693459  0.59957897330500110  0.61013909653531051  0.62067858336070558
  0.63122877028993396  0.64180909754558091  0.65238689833836083  0.66295491989671085
  0.67346724007455006  0.68399051578366221  0.69448903214952684  0.70503652537786687
  0.71557568623300127  0.72612131540498670  0.73663910521625842  0.74716784365950817
  0.75770622625969775  0.76826901892697030  0.77881798744392572  0.78936170895197733
  0.79988723734152611  0.81041715304972028  0.82096472871860315  0.83152107001111941
  0.84205767480151517  0.85257035765043532  0.86308818476912730  0.87360965819218361
  0.88414126493004619  0.89469785644268407  0.90527194337600514  0.91584707697973866
  0.92639027151759912  0.93690624548781776  0.94741887719550932  0.95789575347444211
  0.96841982313763730  0.97894092819617062  0.98948607965138202  1.00000000000000000
 -0.00252356730917119  0.00950032764057026  0.01966834267468966  0.03017049488060156
  0.04069907796091770  0.05124043085869527  0.06177978830593341  0.07231841909310563
  0.08286082187686465  0.09341041013057191  0.10394091052638585  0.11442707647948121
  0.12490589122824218  0.13542309013109485  0.14596684050483258  0.15650539973251651
  0.16703575399198503  0.17758506694788337  0.18814008117683401  0.19867725437835418
  0.20918029205814284  0.21970419051702350  0.23026071485282773  0.24082222409730997
  0.25137140067650532  0.26191058417077839  0.27245594825361347  0.28299784494524666
  0.29352621330918788  0.30405316025131540  0.31459400153311129  0.32514860486428837
  0.33572846575770354  0.34629050260546518  0.35685456621425282  0.36740679732052262
  0.37796034303739057  0.38850774498252499  0.39905404092503682  0.40960867105456977
  0.42011571666350911  0.43060385134384382  0.44106689291346085  0.45157282993893105
  0.46207545480757678  0.47257870208810765  0.48311667235244682  0.49366150221681288
  0.50421784811718329  0.51474806251234440  0.52528988136645915  0.53584265843221046
  0.54641795957621619  0.55697164481110051  0.56753443101716983  0.57808913550820518
  0.58865683116288858  0.59921324185146396  0.60977971414975429  0.62035249575472007
  0.63091602434746819  0.64144651351749993  0.65198239583267237  0.66253906694571130
  0.67310205948797086  0.68365390596029174  0.69422803112530262  0.70479632581428908
  0.71538193522789240  0.72592875987237138  0.73647745462267777  0.74701201951264962
  0.75753669215104924  0.76807365745711387  0.77861004364808351  0.78915965865028548
  0.79969830990919188  0.81021276883099969  0.82072715705587485  0.83125414983538570
  0.84179042364164447  0.85230305366911852  0.86281250791879560  0.87335289662324056
  0.88393445208250065  0.89451812580516532  0.90509239313996492  0.91564609621968551
  0.92617551452406655  0.93672681662176949  0.94727347059520217  0.95782224322159637
  0.96833986813486395  0.97886970466762036  0.98942832245958490  1.00000000000000000
 -0.00234922955447933  0.00974443991372033  0.01996609998270506  0.03050735102885450
  0.04106874481960579  0.05159091832518099  0.06213045724431833  0.07263630416444995
  0.08316176068800850  0.09366236995284780  0.10418556444457082  0.11470130678695661
  0.12523787992422308  0.13577298913761368  0.14629271940934804  0.15680585021813712
  0.16731541391150428  0.17783701810811520  0.18832166107859033  0.19881914644306056
  0.20933121595518003  0.21987603643685016  0.23041284546198521  0.24095361982486463
  0.25151851552341981  0.26209909859267438  0.27268332996116995  0.28323794584153633
  0.29376826875527795  0.30427513206943768  0.31478836719442543  0.32529219447125618
  0.33580741842230288  0.34633273475811749  0.35686678155684359  0.36740886674551437
  0.37793200197769072  0.38846380421095011  0.39900139528823503  0.40953777775304145
  0.42006989254832416  0.43060324140945289  0.44116383628830425  0.45170375598449686
  0.46225029007667934  0.47277053737828845  0.48331115125671947  0.49382920427560251
  0.50436402998565066  0.51489230530274999  0.52540761294186822  0.53591929977763852
  0.54644156269982269  0.55698763176216415  0.56753066348711323  0.57807702888999102
  0.58860303372072131  0.59915053795260176  0.60970805860946475  0.62028425330308790
  0.63083414478700373  0.64137986905416977  0.65193630713614548  0.66251099524453327
  0.67309206909008379  0.68364270081123180  0.69416784636786011  0.70469380444397423
  0.71524882155765235  0.72579190697675644  0.73633222745314320  0.74686805380216448
  0.75743227332918939  0.76798881450316003  0.77853188762985925  0.78907073418283658
  0.79960614160087184  0.81015046718800998  0.82070317559906869  0.83125444535616166
  0.84181905737005636  0.85237521018802620  0.86295779097294900  0.87350465175101566
  0.88407193177534882  0.89461245589594818  0.90517174058417971  0.91569968453558015
  0.92622569303479008  0.93672660572189703  0.94725603525746327  0.95780122685080804
  0.96835304166413727  0.97888342949483131  0.98942646897055664  1.00000000000000000
 -0.00252858609604676  0.00951884268353266  0.01969625075262981  0.03021246486683189
  0.04077994537756450  0.05132579111306657  0.06186438520208937  0.07238022054658780
  0.08288998401082320  0.09339907167284214  0.10392095490964005  0.11446291116661930
  0.12501106140142268  0.13553158504929583  0.14604505088824951  0.15655158886580914
  0.16708303564247368  0.17761822372773464  0.18816624165680254  0.19871143909310854
  0.20924542098014645  0.21978528436583447  0.23034853753433884  0.24090477097279572
  0.25144739746889411  0.26198887070205762  0.27257306768559603  0.28315562446168258
  0.29371137676152459  0.30424973383611453  0.31478006828804467  0.32529843407424242
  0.33581628986620776  0.34634046072489766  0.35690212273378008  0.36749408819987733
  0.37806465700581721  0.38860878019437789  0.39912967867784011  0.40968450753446695
  0.42023402287771683  0.43076072616042005  0.44127688815156574  0.45180350760306648
  0.46232923466169989  0.47285066731674041  0.48337549095953930  0.49390731977370372
  0.50446612365017895  0.51502987746976592  0.52558409735949418  0.53611190096899874
  0.54665178373119305  0.55722185607624386  0.56779087412921503  0.57832978897991749
  0.58885451655988896  0.59938197237390600  0.60991934873813747  0.62045888126453541
  0.63099698514711455  0.64154976865870006  0.65210706067145718  0.66265980002070934
  0.67318517577260772  0.68373547484120933  0.69430086427414406  0.70489155745990262
  0.71544817678308059  0.72600913591504068  0.73653947802987396  0.74708569700595528
  0.75762123552900429  0.76819572475591624  0.77873113962333107  0.78928052222210954
  0.79977667145261955  0.81031054650172352  0.82084115255632617  0.83140618685064538
  0.84196946592554056  0.85251781893810086  0.86305122790897781  0.87354578009118322
  0.88404900818794130  0.89459754246771228  0.90518570751353022  0.91577067629183606
  0.92632237579627463  0.93688494117362120  0.94742489202495317  0.95795723285885326
  0.96845057952214020  0.97898060824781497  0.98949287766267258  1.00000000000000000
 -0.00239283806192512  0.00954134042030431  0.01970599691887602  0.03022958162112106
  0.04076598930736250  0.05128845288447110  0.06180680036763991  0.07233717483042368
  0.08285867912747338  0.09339120891038527  0.10391596566153541  0.11444783969249121
  0.12496979992713737  0.13553295229116435  0.14610887161516181  0.15668149831622002
  0.16724372573519627  0.17777098068315364  0.18830578357693187  0.19884671543732679
  0.20941461919091464  0.21997661838101326  0.23049913481488796  0.24102346806619687
  0.25155074411727602  0.26207020308118828  0.27259823306697223  0.28311486346010478
  0.29365748773553840  0.30419074960619380  0.31473182781045872  0.32526727867090338
  0.33580625105745504  0.34635182396140946  0.35690716679731932  0.36748211825357224
  0.37807088046556409  0.38865691858670542  0.39924198322955967  0.40980177718456062
  0.42037030762466499  0.43090942076545918  0.44147004065980644  0.45201101630119034
  0.46258266643026325  0.47313631140279744  0.48369720110347286  0.49423949592942817
  0.50478152005843424  0.51530141001270757  0.52583968839264184  0.53636486123287075
  0.54692230667757380  0.55745112700470711  0.56799291547874198  0.57853187522863214
  0.58906307033661109  0.59959756522186136  0.61012076604531462  0.62065453645245672
  0.63118349260099926  0.64170325659559491  0.65224911874684310  0.66280664156672897
  0.67336033467882350  0.68390503333021579  0.69442717380772756  0.70495541481334567
  0.71547405562939159  0.72600374749888952  0.73650884128713900  0.74700960359898305
  0.75751516981902289  0.76805677969454289  0.77858433071046318  0.78909816070493088
  0.79962510868565950  0.81018016974582940  0.82075860078234686  0.83132097646378122
  0.84187544221564226  0.85240991728103477  0.86292815636312636  0.87345236196747533
  0.88400852762977566  0.89457781615427012  0.90512115958793427  0.91564304622495662
  0.92617014916491913  0.93670586513106280  0.94724579546296939  0.95777873182313178
  0.96831298651060893  0.97885681526536061  0.98941863104096761  1.00000000000000000
 -0.00254698506023722  0.00955574542657015  0.01977542801261429  0.03033892186460702
  0.04092911612697580  0.05151026000676400  0.06206173695395063  0.07261130912936412
  0.08313697068759000  0.09369204851353430  0.10424658952493214  0.11480517434449904
  0.12536256329930973  0.13593382693882705  0.14650782921049593  0.15707000954439471
  0.16760133533321336  0.17813056235902341  0.18869364337052097  0.19926761894198219
  0.20982650933965474  0.22033672504729424  0.23086309268538496  0.24140988581186726
  0.25196752374568498  0.26251634469620105  0.27300601957764992  0.28352415805078002
  0.29402935020085880  0.30457299612369937  0.31511641258238343  0.32568281341771704
  0.33624568981374209  0.34679095553334044  0.35732762017367464  0.36788703078785051
  0.37844583150198507  0.38899643759117519  0.39952188426039514  0.41006377351713430
  0.42060906555248195  0.43114472167824802  0.44165925593186889  0.45216185108221785
  0.46267181553676101  0.47317800259732712  0.48369047482065403  0.49421234424438726
  0.50476000835862378  0.51532097100192287  0.52587878490729434  0.53643042656541873
  0.54698350318977362  0.55753651861454612  0.56809803352239385  0.57863510360190895
  0.58920182972237889  0.59972479126674427  0.61028205225700427  0.62077457812146819
  0.63128371985678355  0.64172929143619384  0.65222687561074355  0.66272600079910382
  0.67326762413449870  0.68381501035627190  0.69437661002576101  0.70495950795238194
  0.71552817309417494  0.72606947397817079  0.73661982893638689  0.74716424181917096
  0.75772945576337392  0.76825420768451314  0.77878866857254314  0.78932175814841532
  0.79984508362834150  0.81037060718465936  0.82088093189828437  0.83141303913143250
  0.84195013190515389  0.85251609343265278  0.86309710483675151  0.87368132087382633
  0.88426010357166951  0.89483581866591833  0.90534903206112038  0.91587732071903372
  0.92638526671782284  0.93692317388431334  0.94742347782228908  0.95794485184158151
  0.96844901082449975  0.97897047671095672  0.98947033538783813  1.00000000000000000
   1.5457889847991639E-002  -1.0000000000000000     
 F F F F F F F F F F F F F F F F F F F F F F F F F F F F F F F F F F F F F F F F F F F F F F F F F F F F F F F F F F F F F F F F F F F F F F F F F F F F F F F F F F F F F F F F F F F F F F F F F F F F F F F F F F F F F F F F F F F F F F F F F F F F F F F F
  <DiscreteSampler_grid>
  grouped_processes
  1 # 1 for a reference and 2 for a running grid.
  10 # Attribute 'min_bin_probing_points' of the grid.
  1 # Attribute 'grid_mode' of the grid. 1=='default',2=='initialization'
  0.0000000000000000 # Attribute 'small_contrib_threshold' of the grid.
  0.5000000000000000 # Attribute 'damping_power' of the grid.
 # binID   n_entries weight   weight_sqr   abs_weight
    10   10   5.696521848290746E+013   5.620710614980247E+027   5.696521848290746E+013
    11   10   5.696521848290750E+013   5.620710614980255E+027   5.696521848290750E+013
  </DiscreteSampler_grid>
