  0.01043980474870727  0.01060575971755736  0.01111562173893762  0.01197721209006174
  0.01299763131060171  0.01400963577939598  0.01511634133718427  0.01629465958831258
  0.01754235151166033  0.01883594564234950  0.02009603000263013  0.02191125067933382
  0.02387198694935087  0.02593913923757069  0.02811746335940883  0.03042763921728797
  0.03285719041032195  0.03539329483054998  0.03800290233822739  0.04092358852714193
  0.04432998773317273  0.04800998607867783  0.05193057610786395  0.05599945677155969
  0.06034182827178119  0.06521034845438693  0.07058317814385405  0.07628866541819110
  0.08245694541697531  0.08910604962805477  0.09627507411294839  0.10348094426882731
  0.11073123901882923  0.11799486394560794  0.12271134690734810  0.12720867703473776
  0.13215659956807643  0.13715563389497518  0.14218624993137635  0.14892424734766818
  0.15707662530731534  0.16578233218355304  0.17504597345324022  0.18444187274796991
  0.19382424038085380  0.20321234513282965  0.21261077326692554  0.22235031962356261
  0.23273171607770807  0.24338950968443512  0.25397019704420953  0.26457945106422942
  0.27547248556514892  0.28675122345678306  0.29835350003566868  0.31072714570696969
  0.32397449400476092  0.33758267909688644  0.35086625632694196  0.36399635572817807
  0.37777542492533500  0.39152845737698949  0.40492464450766591  0.41762596764502230
  0.43020023038700927  0.44343524568986625  0.45791254836531453  0.47256170356529575
  0.48689608183903527  0.50145473319105949  0.51569103763504198  0.52861180982799316
  0.54146200478231310  0.55549693044798409  0.56859058873954882  0.58082823423632768
  0.59413746306823056  0.60980562346593226  0.62757876091284814  0.64632134641022920
  0.66511580347740062  0.68220483826027400  0.69855470654873020  0.71508739677999311
  0.73283712821058777  0.75253497620576615  0.77254536418847086  0.79287424774254067
  0.81309793727393020  0.83409509437603158  0.85481245091151714  0.87584793901889035
  0.89901002406503572  0.92491284664946527  0.95565655478259681  1.00000000000000000
  0.01036095839918984  0.01066873276202015  0.01153469695212752  0.01295603656734262
  0.01484285032260034  0.01679784005405211  0.01887856695693475  0.02127706233371594
  0.02477987032637716  0.02838584738163451  0.03212451427360011  0.03604756347013343
  0.04048389235852320  0.04572514720333302  0.05155178830935612  0.05785977054185824
  0.06465973040167626  0.07230610163018689  0.08032157886006201  0.08856296389311515
  0.09705497787928782  0.10587754652078538  0.11511901041077735  0.12473816889659858
  0.13464051799143367  0.14502817986014210  0.15624792481454822  0.16838755683423329
  0.18094721081567228  0.19268705950925732  0.20438730634340155  0.21630191521586184
  0.22880686405733472  0.24072288035372350  0.25172958828106390  0.26263261765272350
  0.27405737610266340  0.28623337672839722  0.29730324689956822  0.30860348686986799
  0.31986713644035514  0.33224260845837011  0.34430887395922999  0.35674645889931611
  0.36997894262606995  0.38407641194167785  0.39837620501616516  0.41268522199579422
  0.42735732538894206  0.44235219013087046  0.45744208732036484  0.47247381923206616
  0.48741355388321678  0.49780837859916882  0.50547826934183759  0.51330351703323451
  0.52101674338687420  0.52801624501321065  0.54225499820757184  0.55788719726935088
  0.57394853216261155  0.58920236790805713  0.60430366894295973  0.61992267160795911
  0.63585748127579811  0.65156843150281918  0.66809634692792463  0.68511932809932341
  0.70199966232834454  0.71870319801635396  0.73538346675558741  0.75164445842457972
  0.76681859691833532  0.78109389913355753  0.79364272628130572  0.80465644078085230
  0.81630359550312326  0.82766757368143284  0.83828940259608653  0.85042052663899304
  0.86502113656987245  0.87805726038356879  0.88843788276094826  0.89739704207456461
  0.90488501971289459  0.91210806071709971  0.91997220612334463  0.92820049878992039
  0.93632988541287943  0.94109035913647310  0.94501965119166687  0.94742972779713241
  0.94964153869221901  0.95909665962232826  0.97762094524574050  1.00000000000000000
 -0.00043523380654816  0.00009331192117128  0.00012400946568260  0.00016092709411232
  0.00020193454409230  0.00024913233193977  0.00029057571284991  0.00032678356587799
  0.00036202256812889  0.00039283955964292  0.00042244715594529  0.00045126806456962
  0.00047752773274567  0.00050287850372962  0.00052784079029913  0.00055203139166511
  0.00057515280267530  0.00059753718323452  0.00061987668480831  0.00064177885116128
  0.00066334751788341  0.00068461644521394  0.00070560679191728  0.00072622451089805
  0.00074614049898517  0.00076550579091431  0.00078472717745054  0.00080376574700873
  0.00082260679258921  0.00084125977059134  0.00086005210449923  0.00087903238631798
  0.00089816187870683  0.00091708283252896  0.00093534095160423  0.00095323794660705
  0.00097073554785534  0.00098823444461829  0.00100581239715446  0.00102340707177179
  0.00104097832192776  0.00105841943320755  0.00107586732459650  0.00109345318286783
  0.00111137597340542  0.00112911587767694  0.00114734909755063  0.00116543966460574
  0.00118296772507281  0.00120013788564875  0.00121654311456473  0.00123319411499777
  0.00124987451011007  0.00126628413155073  0.00128215375501980  0.00129725734989703
  0.00131276308846006  0.00132852280965136  0.00134451095397764  0.00136097485661417
  0.00137673172957950  0.00139181622466505  0.00140636809508550  0.00142063306440416
  0.00143485579120366  0.00144930646904357  0.00146426595407945  0.00147914834201346
  0.00149376529348807  0.00150823221986352  0.00152259093334015  0.00153702613553563
  0.00155167124748092  0.00156654560926700  0.00158136706766107  0.00159698757801173
  0.00161241985288409  0.00162817990168339  0.00164451948553879  0.00166173872870197
  0.00167977604683807  0.00169818079669896  0.00171628500601070  0.00173463683722065
  0.00175637991169437  0.00177963614230558  0.00180266519365528  0.00182596849022247
  0.00185174591124815  0.00188241892534420  0.00190697958725224  0.00192554945632150
  0.00193739004373028  0.00195148225064018  0.00195665934365399  1.00000000000000000
 -0.00175728049155798  0.00943485391562718  0.01872628164819883  0.02782695651731008
  0.03703943899921191  0.04637505106874275  0.05612580553279591  0.06662940708291872
  0.07785224949179939  0.08889079039018870  0.09973638809229650  0.11048982898311938
  0.12122470232050853  0.13195651532712396  0.14256006777642979  0.15298041854288713
  0.16343184536382413  0.17447587314392057  0.18603408291265525  0.19711613466337630
  0.20654169348682772  0.21642660241787989  0.22603388716482509  0.23618596635832520
  0.24653675127325286  0.25744327465882128  0.26917803401827289  0.28054773469518729
  0.29138530434549359  0.30228167522757809  0.31304716359808105  0.32353828077388785
  0.33409121256308488  0.34490375868724055  0.35558120938753224  0.36536686535752194
  0.37470066348972048  0.38426306860998710  0.39447956592256700  0.40495979194284187
  0.41482328608625374  0.42462240999839990  0.43482163292767306  0.44239788668649854
  0.44853850051697358  0.45508576243657173  0.46149192514997961  0.46738368501699612
  0.47754597129531184  0.48836282808841758  0.49971149929449671  0.51169354887865559
  0.52360948459648160  0.53492799616062003  0.54514892816309013  0.55472831117961785
  0.56400147853499638  0.57409408154828245  0.58573234536572327  0.59832658749514689
  0.60997204161665319  0.62064732404325684  0.63077340661263781  0.64087492300924553
  0.65068938618082395  0.66080331659933678  0.67145479228778160  0.68252788495566774
  0.69366572690344819  0.70450156207673920  0.71522686928309298  0.72540423423517675
  0.73530023586560989  0.74516341763601102  0.75567197603683256  0.76747179888736472
  0.77977081091275546  0.79183541430795246  0.80366437412184322  0.81542936349127670
  0.82766699647298558  0.84000189043807616  0.85257678626071032  0.86485160277169260
  0.87670399731596838  0.88857657703416204  0.90018717145503535  0.91196765278215619
  0.92342128653507793  0.93463644024170733  0.94623915026693572  0.95743290731654551
  0.96865693353250581  0.97909929504664339  0.98995727453929772  1.00000000000000000
 -0.00213329206008805  0.00898243863169294  0.01941217662619159  0.03123857808520013
  0.04290292232614207  0.05331974744114540  0.06350526281134167  0.07387534162328244
  0.08463417588519988  0.09531764816215257  0.10607889303296736  0.11684378382890377
  0.12721650028972492  0.13761628850237370  0.14819690223357321  0.15862338269618148
  0.16886597773292664  0.17886365655894407  0.18913427316240058  0.19760795745989804
  0.20411324594404201  0.21114362953186203  0.21888750388883613  0.22651094830201535
  0.23566611586521249  0.24588694473830541  0.25596301760763929  0.26621014165613111
  0.27685819669185280  0.28750244424682442  0.29801629219039921  0.30861455891981759
  0.31901159596255030  0.32961160253828709  0.33996538038012331  0.35076142739296490
  0.36139135240815590  0.37150262811542256  0.38144734212886305  0.39182024404093174
  0.40252402286262440  0.41271178312040463  0.42260644581012369  0.43270840623835294
  0.44301406414188699  0.45390250280702377  0.46515830008287590  0.47662470827231890
  0.48778118178429669  0.49841695950336923  0.50883895757942410  0.51915140616620581
  0.52986126265865507  0.54111269576906273  0.55243936841344787  0.56334769116434458
  0.57417298897800340  0.58492112372816685  0.59503243544634699  0.60477197686211326
  0.61444582023386096  0.62443233201613635  0.63436703796486837  0.64436267325058072
  0.65458202142556221  0.66505221368311229  0.67552866107796594  0.68546962504943709
  0.69543653957185303  0.70604523489201132  0.71745277177919509  0.72774409518884120
  0.73770713716086911  0.74808308930544098  0.75938305067010980  0.77067931791018085
  0.78153350089815410  0.79284572829897482  0.80473691577351780  0.81698928799902037
  0.82851036725370264  0.83951866740049008  0.84958028202420077  0.85990696830114521
  0.87056927316638122  0.88180988535510274  0.89322299527245497  0.90495224310259936
  0.91684218431225317  0.92848629442498820  0.94027752291568356  0.95171196470172381
  0.96336615935259717  0.97537742297954211  0.98760112021737589  1.00000000000000000
 -0.00220852899316890  0.00922308206949030  0.01871299361487867  0.02784671977697850
  0.03702967653318807  0.04709355633609805  0.05742810334408126  0.06756135146916302
  0.07782705007800030  0.08884143831263398  0.10017375748861414  0.11094866824333334
  0.12184978974758727  0.13349333839899549  0.14582852206389069  0.15737372127225946
  0.16805556366430657  0.17823550350206380  0.18854509166981237  0.19911379088229708
  0.20948922627074718  0.21967031180538441  0.22965535874509124  0.23988589021184123
  0.25050098201536869  0.26150166454805363  0.27262173989018124  0.28352999191893402
  0.29409219225117400  0.30420134818557648  0.31481621905311147  0.32553638031568893
  0.33566367977406231  0.34503096571408770  0.35435358712249021  0.36566902980489602
  0.37763074345008857  0.38910061301139348  0.40045575123641530  0.41176201814140867
  0.42367396607093744  0.43569603927019274  0.44605632583758242  0.45583478939243216
  0.46563721542150949  0.47530219433010035  0.48482188386622754  0.49372814531094450
  0.50354026152668796  0.51410919419979040  0.52497317127289456  0.53558958669005441
  0.54635260002803354  0.55665759323664099  0.56633604113932601  0.57578824893766334
  0.58545609445192870  0.59612661260081823  0.60646134728646550  0.61664109449375248
  0.62666679557482352  0.63729595800653704  0.64781453793263732  0.65923316348234839
  0.67038665322531088  0.68182593929775759  0.69301896634618509  0.70445273195004354
  0.71532750170512760  0.72627803170929794  0.73795767346189300  0.74955085235328400
  0.76108546960133727  0.77201826414606745  0.78290327531111548  0.79380971726398364
  0.80521402756593519  0.81628498021910145  0.82671240618663278  0.83741370160609030
  0.84926877208602969  0.86051798762512877  0.87155948823882867  0.88271743129244307
  0.89390812031220646  0.90543816591021609  0.91576555747449084  0.92663243772449577
  0.93717493969515520  0.94960609231867832  0.95788779777004374  0.96524992642428842
  0.97292748917552152  0.98063451408760427  0.98757286353064599  1.00000000000000000
 -0.00140825157377904  0.00526941137129036  0.01350086568235237  0.02100512408813805
  0.02797773691570906  0.03614597169969854  0.04732802156640786  0.05940216585866860
  0.07043717857158642  0.08080312914571415  0.09107188069002538  0.10128559718544666
  0.11148848532026932  0.12164576874820858  0.13309732614522071  0.14502260788044569
  0.15700876768758962  0.16754562025483824  0.17786489681540887  0.18806280697256642
  0.19885874150934113  0.21017131761386146  0.22110361737269182  0.23188125916758098
  0.24255377731191263  0.25367438576894463  0.26439763203986999  0.27461491478680244
  0.28466090983777864  0.29486234156258412  0.30617674146418578  0.31721990864274358
  0.32729128609721242  0.33764390585923720  0.34858421416621710  0.35932800364466028
  0.36963482572448941  0.37982281006860891  0.39063499781837724  0.40180752798764896
  0.41263314167194254  0.42371224701764187  0.43408347000204894  0.44471399111971743
  0.45573902603502608  0.46726450218489279  0.47889026468469936  0.49034859167482026
  0.50143063839366575  0.51254204213014665  0.52416044825799357  0.53571103624879945
  0.54662165864837853  0.55706201710720749  0.56735929207547031  0.57769777827516489
  0.58851461441227593  0.59937608151146493  0.60992669375016562  0.62011322606409292
  0.63054766472103452  0.64122159401906098  0.65151852848986047  0.66157076900375655
  0.67154928780705492  0.68162535329793894  0.69173159151668728  0.70195568502486705
  0.71266888163410280  0.72330036564103106  0.73387792357999559  0.74484922082950178
  0.75608708014830328  0.76787484950039575  0.77902684306640257  0.78967428864445710
  0.80050471784553201  0.81168809860838576  0.82272365606608011  0.83317086837754029
  0.84376610861134660  0.85411938015809807  0.86384919654448100  0.87305475703165669
  0.88191945328079313  0.89130190436679579  0.90168180199452397  0.91212373381117495
  0.92253144071917204  0.93266301403113150  0.94410279511918094  0.95593574466447406
  0.96737630885513981  0.97826083559251487  0.98898415666145090  1.00000000000000000
 -0.00209762830319883  0.00912531044597825  0.01835118355789071  0.02860078022393387
  0.03876700034059458  0.04939881344888354  0.05909391600313401  0.06846999523241359
  0.07783850999804029  0.08782689174358732  0.09861674366750062  0.10981091637106970
  0.12059913881044915  0.13077939964064714  0.14052667834412663  0.15007313293330432
  0.15956117379318976  0.16932186288936513  0.17994491993627412  0.19059649714551746
  0.20065180450697551  0.21046762416879841  0.22047690704752951  0.23047039953767845
  0.24045924340537717  0.25093324652868682  0.25942780475042776  0.26624413288571697
  0.27312707270281766  0.27979817019546405  0.28667376044239062  0.29591504240855521
  0.30684716002973250  0.31803336692455203  0.32963268819701019  0.34052104015202367
  0.35056962864402696  0.36046806596487546  0.37082887390156211  0.38210055633070583
  0.39265724741078406  0.40232424096628500  0.41186604119474302  0.42148701053462667
  0.43155119137373238  0.44174361195268874  0.45206485134350360  0.46221219585245138
  0.47208305487417185  0.48205909756156945  0.49250123049000016  0.50342194219045866
  0.51471548578699944  0.52613718626987627  0.53737865068565027  0.54860066946597974
  0.56005388555045543  0.57263929564446014  0.58540111416370155  0.59794848445983229
  0.61044621011097611  0.62318221241354288  0.63615678730607084  0.64815956019444609
  0.65942776769772293  0.67028849004975433  0.68112506022313057  0.69164357378469765
  0.70172831282229187  0.71232726476355435  0.72354637167420366  0.73499888030290361
  0.74661657546202931  0.75821083122164723  0.76998793085833384  0.78082556565005945
  0.79173489755977444  0.80266205399977486  0.81370422122102082  0.82479280051863357
  0.83620219884251867  0.84785356323696603  0.85937162544796297  0.87072860674917785
  0.88236891581884014  0.89460795708005914  0.90626332944228360  0.91698672896506916
  0.92744928279241934  0.93823193670460847  0.94868298182254440  0.95896789464436427
  0.96994867633506510  0.98044723645128273  0.99066260922060378  1.00000000000000000
   6.1106956352078001E-022  -1.0000000000000000     
 F F F F F F F F F F F F F F F F F F F F F F F F F F F F F F F F F F F F F F F F F F F F F F F F F F F F F F F F F F F F F F F F F F F F F F F F F F F F F F F F F F F F F F F F F F F F F F F F F F F F F F F F F F F F F F F F F F F F F F F F F F F F F F F F
  <DiscreteSampler_grid>
  grouped_processes
  1 # 1 for a reference and 2 for a running grid.
  10 # Attribute 'min_bin_probing_points' of the grid.
  1 # Attribute 'grid_mode' of the grid. 1=='default',2=='initialization'
  0.0000000000000000 # Attribute 'small_contrib_threshold' of the grid.
  0.5000000000000000 # Attribute 'damping_power' of the grid.
 # binID   n_entries weight   weight_sqr   abs_weight
    10   10   7.844082699502456E-012   8.300166299628343E-023   7.844082699502456E-012
    11   10   7.844082699502451E-012   8.300166299628325E-023   7.844082699502451E-012
  </DiscreteSampler_grid>
