  0.00948492169064724  0.01573909363521573  0.02514659085933586  0.03605017692487698
  0.04645030971283974  0.05677732350284675  0.06707502324451628  0.07743706715190476
  0.08791487948638581  0.09836618723293192  0.10889136292074733  0.11930020670538419
  0.12971829446280675  0.14006237153901216  0.15041262900058505  0.16079095547485306
  0.17116205801095757  0.18157954528008027  0.19198025993655524  0.20244267886655767
  0.21294856040713464  0.22347839413830081  0.23388820851783712  0.24424149720093050
  0.25463696948003883  0.26511595022487783  0.27556761979884586  0.28599211428522670
  0.29632144150239231  0.30661670289997539  0.31690862384759622  0.32730469567666443
  0.33775154317382006  0.34816464505171424  0.35846606049209445  0.36871294736770654
  0.37895950540063689  0.38923732660800581  0.39955264570541121  0.40986698966075080
  0.42016313338958605  0.43043129168738009  0.44064051144925248  0.45085040725241254
  0.46120492104768324  0.47172964645272258  0.48226573315617116  0.49267910892388178
  0.50299476340126226  0.51320366545881313  0.52345574635012271  0.53379180940062554
  0.54433192599148539  0.55493889441609079  0.56554682026898451  0.57613046959286940
  0.58664776221519088  0.59706750001534914  0.60747373090786949  0.61794842708987108
  0.62842827341287988  0.63882521284759008  0.64914065836954316  0.65946423041359103
  0.66984645356371708  0.68026409157705947  0.69064884819817707  0.70101901923070997
  0.71140793688382953  0.72182410213993875  0.73224318642996389  0.74257907963053937
  0.75284089657294662  0.76309746976563686  0.77340990191247783  0.78379563430010168
  0.79425875701621274  0.80475155133131560  0.81520467453960743  0.82554450050767603
  0.83578972051940048  0.84603712602202896  0.85637042086895743  0.86673717678919460
  0.87703477285585907  0.88725612508777019  0.89748845212582440  0.90788616678139444
  0.91832319177160049  0.92888680552000191  0.93937975226401926  0.94983407970583711
  0.96016340318283755  0.97041791947838973  0.98066902534270317  1.00000000000000000
  0.00958549707242437  0.01652204536006932  0.02564849886687525  0.03656550871721956
  0.04692037543253580  0.05726087774244829  0.06762707939302175  0.07797859344477631
  0.08831883721529137  0.09859852539541002  0.10883163952086057  0.11908225697964062
  0.12943383995991969  0.13987376316779329  0.15035678883364206  0.16076763744458850
  0.17118294833071671  0.18152099313175449  0.19177035986145780  0.20201925046378799
  0.21234761784279144  0.22280878340000543  0.23331076824960156  0.24382595482315403
  0.25434659300338974  0.26479742640125892  0.27522219824447158  0.28565796928271636
  0.29613122706801714  0.30650639433224230  0.31685675262016244  0.32714347440695363
  0.33742378898926356  0.34766138958003412  0.35796377471154905  0.36842244789783529
  0.37904510645876083  0.38962792749801795  0.40013136094051810  0.41052499747546778
  0.42093602914788086  0.43131985530927669  0.44161681671312020  0.45189278820106876
  0.46216691541803506  0.47251498455721835  0.48290601568102720  0.49328346534783318
  0.50367838990965841  0.51408937153644696  0.52457451106889086  0.53506278728209555
  0.54548345079824256  0.55585443483779229  0.56619229344562083  0.57653823926601977
  0.58690540073779218  0.59731272357234155  0.60773643355880558  0.61807923735571546
  0.62835056772979048  0.63865369005501205  0.64907595313594257  0.65959571620847413
  0.67010105203268311  0.68056943013547999  0.69102864620641880  0.70145668439164932
  0.71184713561614110  0.72218779052715032  0.73254391420333542  0.74294550331590803
  0.75335828989523757  0.76375626610510583  0.77408968471188688  0.78437669099001694
  0.79463688719735370  0.80494772152061922  0.81526867285646665  0.82564135830269414
  0.83599338540007173  0.84643359702327048  0.85683955544819823  0.86718772700128988
  0.87746375282309863  0.88772007352983251  0.89799993900977593  0.90821916649138545
  0.91844707318460572  0.92871856262058861  0.93914754756505603  0.94963222809971681
  0.96009244905552105  0.97033526253558056  0.98061134085846213  1.00000000000000000
  0.18252759077919414  0.18322043615966033  0.18390283293626114  0.18458236539444028
  0.18526124545474384  0.18594153319904658  0.18659766656660220  0.18754344082031979
  0.18883839643135170  0.19004681808571650  0.19126632888177852  0.19249070855907063
  0.19371852462848321  0.19495134326691649  0.19618936318724212  0.19743117642249666
  0.19867612746431890  0.19992176637146325  0.20118679970123338  0.20247811021080253
  0.20376680125240060  0.20506048896442322  0.20635633392139724  0.20765781866219099
  0.20896634996957028  0.21028046196822969  0.21159951817140843  0.21292023174239291
  0.21424021620198094  0.21558807482306874  0.21696725995012300  0.21833967988885480
  0.21971643376165381  0.22110170207221869  0.22249175069908375  0.22388398416579047
  0.22527514357160133  0.22667939471954809  0.22808986473497753  0.22949369460634816
  0.23092311502270671  0.23237648927264465  0.23383291406150505  0.23529345250868414
  0.23676404997007897  0.23824693483786263  0.23973050213332417  0.24121334491924798
  0.24269563773687600  0.24418819569199790  0.24568376115829332  0.24720728278534462
  0.24876477668698291  0.25033674955945900  0.25191327652836459  0.25349688205856702
  0.25508797568046793  0.25668362146492618  0.25828182376418479  0.25988414236872498
  0.26149262206984936  0.26310176281748021  0.26472912146889777  0.26639699611353496
  0.26808852037034286  0.26978684138824471  0.27148479860450686  0.27318635560765470
  0.27489228258642384  0.27660900520617226  0.27833501239853442  0.28006857297973836
  0.28180138842745922  0.28353868707272523  0.28532508007235474  0.28714593424424834
  0.28897428250843410  0.29080282589032724  0.29263476030382202  0.29447092253301654
  0.29631087732753725  0.29816118420764137  0.30002063676878016  0.30189867826052502
  0.30378224339734605  0.30569637847081965  0.30765677509125927  0.30961720983406021
  0.31159656878493874  0.31358676661564500  0.31558091191046372  0.31757616795686749
  0.31960997575834471  0.32143950340710153  0.32245968426599969  1.00000000000000000
 -0.00231393289202559  0.00979035782777145  0.01998115083999762  0.03053653492286516
  0.04106039270692815  0.05157347984853277  0.06204841772607246  0.07259946406245817
  0.08322980084853886  0.09384888916388082  0.10439310764149461  0.11490907756640939
  0.12537564507380619  0.13585557573638951  0.14648751094559415  0.15720187615935796
  0.16790785742510592  0.17846223128724942  0.18894432749454462  0.19951638876569841
  0.21005402447441818  0.22071975710205602  0.23128880245831149  0.24186792448692329
  0.25236398655667014  0.26278716368803828  0.27331271252584877  0.28385384982858136
  0.29445837951241099  0.30497853972670258  0.31547146884297433  0.32610064529580302
  0.33670145902073795  0.34737675391120948  0.35789656396012004  0.36845752270092713
  0.37904909887821303  0.38962938178403989  0.40018753705157356  0.41071207008910665
  0.42133069675012319  0.43195983848896730  0.44245712268510495  0.45293170697294466
  0.46333621418230236  0.47385576479550501  0.48441130292415452  0.49492296598585500
  0.50531832316593062  0.51566213151016016  0.52607813697400385  0.53647004406452425
  0.54686418304515139  0.55729917673344176  0.56781855982189267  0.57834695037301331
  0.58882556137726028  0.59926046977957359  0.60961512110441896  0.62000809550701519
  0.63043995476973036  0.64094446662364946  0.65160168927978757  0.66224632854508469
  0.67297798669879461  0.68353039389197656  0.69423552698256019  0.70484702900348573
  0.71543652825316162  0.72590426809452413  0.73638566463585087  0.74692702737617467
  0.75733745840203537  0.76780308325620583  0.77821896335469831  0.78885103342501539
  0.79937913790241233  0.80987540521841395  0.82021898137469917  0.83057785049063482
  0.84102750344437216  0.85162723532902240  0.86222385602760510  0.87277059055912642
  0.88323385163538903  0.89374934061380096  0.90435393996468594  0.91509875202498192
  0.92591531090432544  0.93666862982239119  0.94729906827493471  0.95774946133405059
  0.96812238321415844  0.97866449622692120  0.98927586837308212  1.00000000000000000
 -0.00244797581440685  0.00949578676348044  0.01972700756079438  0.03039441469845904
  0.04125031738293283  0.05201849655456391  0.06269810815319743  0.07331496292364539
  0.08385685731993298  0.09443206716110214  0.10495374495144957  0.11545595274797964
  0.12595962983386208  0.13644419307006261  0.14695811218430643  0.15761330495358794
  0.16828979048758275  0.17896966566913680  0.18943654662705878  0.19985866100799343
  0.21031415400431153  0.22086719505704827  0.23147992460528560  0.24204425590887660
  0.25259509837017147  0.26315095979646141  0.27375461790592259  0.28437155148242116
  0.29494399687898076  0.30546929521964716  0.31596950098858906  0.32646403444226307
  0.33688668314076670  0.34735290616571107  0.35790231431121655  0.36856163123767027
  0.37921933902311955  0.38984568653358070  0.40041513397697381  0.41089656378138395
  0.42135682233331523  0.43182968554230444  0.44231632248058556  0.45267954433129698
  0.46306419659448006  0.47347538697317954  0.48405233553448518  0.49455933700528931
  0.50500129625010048  0.51546024653974676  0.52595275557089360  0.53642920142593198
  0.54684569412234862  0.55731466128188145  0.56789730559037732  0.57856843568005634
  0.58921810692134813  0.60001169877860450  0.61073806049868395  0.62141020276629721
  0.63189632456357114  0.64240749757302962  0.65304184428220879  0.66356335719676762
  0.67416136261954207  0.68476972282384074  0.69550490974172763  0.70607980856129027
  0.71657439905052678  0.72703443946869839  0.73759949240490341  0.74811686149587286
  0.75857356866235048  0.76892181248881541  0.77942414359513146  0.78987021866498242
  0.80045714692120995  0.81097204648046595  0.82163160457330442  0.83216653939473506
  0.84267815485499220  0.85319278332276483  0.86367937730242572  0.87411254719915821
  0.88451108788661803  0.89492061836580261  0.90540275252640723  0.91581574695749768
  0.92624646577482073  0.93673118506847008  0.94728937090605314  0.95794623153189584
  0.96858881955977527  0.97911107372616135  0.98961187089189007  1.00000000000000000
 -0.00248452282515820  0.00925664101271714  0.01936237558580750  0.02975885536295672
  0.04025000055463038  0.05075067781070183  0.06128084844472122  0.07177557682125717
  0.08218060919837500  0.09257343340193540  0.10302898214540726  0.11363067607218004
  0.12420444121491320  0.13475640630770111  0.14517407256045209  0.15569570445079728
  0.16624249184401915  0.17679878946455999  0.18728328240477587  0.19778629686056715
  0.20830447758249221  0.21892936906949101  0.22944575472293960  0.24011531845273179
  0.25073124368101313  0.26140357437869000  0.27191887234837914  0.28243385124442694
  0.29296562872191345  0.30352733479155458  0.31404257586124906  0.32446943529430672
  0.33492946630842385  0.34543899691059460  0.35604207180633868  0.36659803805664654
  0.37712686828492842  0.38761557479741959  0.39815196832396893  0.40866854031528266
  0.41927383960067754  0.42985551170061365  0.44044702318416973  0.45100219519421958
  0.46150685850240952  0.47202909852090802  0.48256508719364388  0.49310368916883957
  0.50371694864524719  0.51423974446280674  0.52477000103546445  0.53531930936889682
  0.54596658348276972  0.55662253300895570  0.56732226570629707  0.57802566732514016
  0.58863490410319763  0.59921477311081017  0.60962406909150091  0.62019259593560072
  0.63064023994320073  0.64117663666710223  0.65159615623969791  0.66200995572848575
  0.67260022202961500  0.68329653982695004  0.69398598582689397  0.70449598257698853
  0.71501752203798519  0.72558435684764666  0.73615943704635101  0.74674402081017244
  0.75742694718954884  0.76803941845769352  0.77863694440995035  0.78920831392477564
  0.79990614740870569  0.81060961924187613  0.82119682589089849  0.83176327622881696
  0.84223382431388572  0.85278960126038394  0.86326660359825735  0.87385488012854817
  0.88436567141786082  0.89495827562894015  0.90548136079164188  0.91595827521344242
  0.92641170211091739  0.93685302714714991  0.94734958118455537  0.95793101280956117
  0.96858864271986889  0.97912926955089419  0.98961762088616712  1.00000000000000000
 -0.00223165485359867  0.00989021611406239  0.02015237327763652  0.03075233562648236
  0.04127833100031296  0.05184157771572753  0.06238834572129252  0.07292168492747506
  0.08344088878463472  0.09392107949639399  0.10447328719781838  0.11499875197432124
  0.12560457294067529  0.13611092280957413  0.14668068301592466  0.15719331200849909
  0.16767544430866566  0.17815950808721162  0.18872047978787312  0.19940277616105256
  0.21007057164772028  0.22066321026890523  0.23118925915094757  0.24166454662785430
  0.25209764662404399  0.26262443153522141  0.27318068084565128  0.28385290004150365
  0.29436198727897256  0.30499030995764936  0.31537796297480347  0.32582104672807477
  0.33620088714085639  0.34667091102203745  0.35722306351634309  0.36769254089912651
  0.37818022402421186  0.38863194765442105  0.39922073325959412  0.40992090128647263
  0.42062941579851926  0.43120987463680843  0.44174648432050340  0.45231853101959263
  0.46281859098612871  0.47328288781577671  0.48375811848323858  0.49424932188920173
  0.50477544545235364  0.51523660575688768  0.52571215171807673  0.53607694402726214
  0.54646944505923611  0.55701712334556563  0.56769047482506629  0.57839857193449074
  0.58894152289270341  0.59944804642056804  0.60987794099307158  0.62035103191021823
  0.63075909711511868  0.64113914924522841  0.65157054606873599  0.66207843723317406
  0.67266478379337469  0.68320677063853885  0.69383317726400806  0.70437832228508557
  0.71498824658360405  0.72557396728870438  0.73620006743560640  0.74683512242522021
  0.75735743584723481  0.76785964259528827  0.77839913282704010  0.78891858040708374
  0.79951474043561066  0.80990357685670067  0.82041019504627444  0.83083431775049610
  0.84144579109627404  0.85206662771511166  0.86277368092609297  0.87333882357649706
  0.88381537927917897  0.89429955443673370  0.90477255788078459  0.91531882749279192
  0.92581135756745114  0.93631218369398750  0.94689414293826557  0.95768493325801440
  0.96839108339768465  0.97896254603479071  0.98941263167787108  1.00000000000000000
 -0.00218245564624917  0.00945921794634107  0.01965205323065483  0.03029670342403146
  0.04094789557143103  0.05140221024503643  0.06176474486763672  0.07225454963181774
  0.08279048229791952  0.09337137279279412  0.10399201777919918  0.11470254360977111
  0.12539139075154274  0.13596432122214241  0.14644655920168026  0.15691040158114505
  0.16744716254308162  0.17808003586595919  0.18869257762830499  0.19924031721299612
  0.20970414223186767  0.22016175854445449  0.23062021815316136  0.24124034448142415
  0.25183011675495853  0.26243406708763573  0.27293480885086729  0.28346627045506029
  0.29402057076657873  0.30462697934853228  0.31537201254724717  0.32595329753285018
  0.33647914271216178  0.34694325499449219  0.35757952377783297  0.36814790970080696
  0.37865197102114423  0.38912365563727963  0.39964148349441686  0.41015902232371104
  0.42077340343990038  0.43140349110628051  0.44203325609758409  0.45245149800407319
  0.46293775751534760  0.47341741384663250  0.48398865094343596  0.49460776304638543
  0.50525532977010845  0.51579263376141193  0.52629723283284657  0.53679112059230027
  0.54732848078151775  0.55774731288333690  0.56820534516061438  0.57866964500006723
  0.58918483460001070  0.59959006818940863  0.61000557915392306  0.62041258051980996
  0.63085732255039928  0.64127835641608155  0.65167608001720689  0.66214494448612804
  0.67276515926881630  0.68341498405905066  0.69415958102390340  0.70480442517151420
  0.71540542085298020  0.72589348209840265  0.73636551956623286  0.74681356820878919
  0.75732004181505386  0.76776084080061557  0.77827343324344012  0.78883527777202211
  0.79942238765618501  0.81001992967971659  0.82047302873561301  0.83097438194090045
  0.84146634776804341  0.85191074534691202  0.86237636545733165  0.87280907615004155
  0.88331597236033887  0.89373889785033589  0.90425305303515457  0.91468909587475544
  0.92517077319969909  0.93564110953097424  0.94629524388382447  0.95711097594356942
  0.96788155583666335  0.97867810323682758  0.98932185485392565  1.00000000000000000
   7.9670849588464676E-011  -1.0000000000000000     
 F F F F F F F F F F F F F F F F F F F F F F F F F F F F F F F F F F F F F F F F F F F F F F F F F F F F F F F F F F F F F F F F F F F F F F F F F F F F F F F F F F F F F F F F F F F F F F F F F F F F F F F F F F F F F F F F F F F F F F F F F F F F F F F F
  <DiscreteSampler_grid>
  grouped_processes
  1 # 1 for a reference and 2 for a running grid.
  10 # Attribute 'min_bin_probing_points' of the grid.
  1 # Attribute 'grid_mode' of the grid. 1=='default',2=='initialization'
  0.0000000000000000 # Attribute 'small_contrib_threshold' of the grid.
  0.5000000000000000 # Attribute 'damping_power' of the grid.
 # binID   n_entries weight   weight_sqr   abs_weight
    10   10   4.339267441576890E+005   2.776014616359468E+011   4.339267441576890E+005
    11   10   4.339267441576893E+005   2.776014616359471E+011   4.339267441576893E+005
  </DiscreteSampler_grid>
