  0.00967800962940867  0.01601150441548807  0.02520225186605303  0.03602168613185594
  0.04640543721874579  0.05679556946420601  0.06717492409560134  0.07755599027232986
  0.08796152976840374  0.09833689846938683  0.10867143598549554  0.11899083062854712
  0.12936074851143492  0.13974465207112882  0.15014330041536469  0.16053500868251444
  0.17092668159056187  0.18127310708108579  0.19156052199697288  0.20186947185307236
  0.21222138013810926  0.22258671814534897  0.23294756304750536  0.24328172951328569
  0.25365046588703433  0.26402100016424362  0.27441461368961595  0.28480356628455922
  0.29520060014485339  0.30559436617808727  0.31600595376891943  0.32638582621951501
  0.33676695600380391  0.34714270402780018  0.35755315004014976  0.36797915431638684
  0.37840463576348132  0.38881433997088993  0.39920351714118296  0.40957474444319936
  0.41995004035699268  0.43032419873445987  0.44069343391553351  0.45105270667224684
  0.46141697871752924  0.47178914307860237  0.48216494872711457  0.49254623688254889
  0.50294128606826882  0.51335062942182230  0.52376808142914133  0.53416228725476611
  0.54454308997585754  0.55492557815418864  0.56531461412227091  0.57571448070418452
  0.58609941419516010  0.59647477449498709  0.60685349303827751  0.61724791316302863
  0.62765740604852527  0.63805705394426471  0.64844231093964466  0.65882535579893053
  0.66921785888650842  0.67961203827725125  0.68999656092117378  0.70036743264051027
  0.71072255578888821  0.72107561866208569  0.73142920859167893  0.74179323260488395
  0.75217433464207972  0.76254710137171644  0.77292217605157298  0.78329547571557456
  0.79369029116718881  0.80409731738178636  0.81450380089062513  0.82492164943191859
  0.83532851435462063  0.84573660451793264  0.85613199344780255  0.86650474075195671
  0.87687794491671156  0.88725511187813066  0.89765268407505905  0.90805368187818380
  0.91844949671146525  0.92884649775359673  0.93924554519520909  0.94959745279549157
  0.95994102159005390  0.97025605299679851  0.98057420694047204  1.00000000000000000
  0.00952320611285102  0.01584716924079548  0.02501859190357839  0.03584869120624928
  0.04623813603284128  0.05662895600628678  0.06700833832932759  0.07739241351172023
  0.08780091173722158  0.09823625248626092  0.10867377525570464  0.11908970056129231
  0.12947382381541123  0.13985235726626971  0.15024570355533892  0.16065946456874822
  0.17106983825609420  0.18146463155795395  0.19187250406410328  0.20224736412737571
  0.21262694770362539  0.22299247227541499  0.23335758857489480  0.24373766571494615
  0.25411901536156639  0.26450874798396512  0.27489314725522040  0.28526841000111891
  0.29566513740759887  0.30606672190751133  0.31647075334822306  0.32686340482283910
  0.33725116054354570  0.34762625026096428  0.35797438915875041  0.36832519861978003
  0.37869443867262775  0.38905704534570396  0.39942042031730407  0.40978382509688566
  0.42019137789535932  0.43059216260473882  0.44097079409109535  0.45135237523614691
  0.46174529814951543  0.47215833218018655  0.48255306248363600  0.49291513140290577
  0.50328031235240545  0.51365695846494897  0.52405443516506689  0.53444981376327405
  0.54482996772433379  0.55520243951328385  0.56557340511911325  0.57594964009119420
  0.58632869684663169  0.59669419349526476  0.60705072459536580  0.61741123331993264
  0.62776921191974344  0.63812022573228699  0.64846379300350243  0.65881975729481501
  0.66920058613317435  0.67960377660771498  0.69002540070446727  0.70044029562763344
  0.71085628337707762  0.72125429411463138  0.73161485814482552  0.74196851849888001
  0.75232679768632038  0.76272360644450343  0.77311912168386210  0.78350921697262688
  0.79389120503352806  0.80426986190798544  0.81462910624676643  0.82499071618497510
  0.83536703742489249  0.84576220493569509  0.85615399940679138  0.86651914994997881
  0.87686408662609072  0.88721462049682431  0.89755792801082923  0.90789722203402812
  0.91824221532783701  0.92861697605134641  0.93902626001281819  0.94944051228710302
  0.95980444991415614  0.97014613110226733  0.98044484130567888  1.00000000000000000
 -0.00243227282974662  0.00973070037114686  0.01994697834238254  0.03050651686657724
  0.04104908850347028  0.05161080790416630  0.06215328146291775  0.07271889377002705
  0.08324698603179009  0.09375374964115991  0.10425585735369365  0.11473682779203138
  0.12522871635731836  0.13569655763341493  0.14624172780434458  0.15682441134071101
  0.16743982527045950  0.17799427024766620  0.18852123271500965  0.19903434112616697
  0.20956926256694142  0.22009446536975907  0.23062024109832124  0.24117277341518450
  0.25175764534543205  0.26236009558167334  0.27292133007517261  0.28346712066383034
  0.29398453741768177  0.30449596831146597  0.31498862497680991  0.32549998147672848
  0.33603628479149311  0.34661593422802311  0.35717654156959461  0.36775130967683095
  0.37829399891534449  0.38887389668399358  0.39945902922915805  0.41004047689830408
  0.42059081877339144  0.43109302965529761  0.44156357557309539  0.45208517656501002
  0.46261650369979451  0.47316905189264263  0.48371050134960591  0.49422919894819578
  0.50481271174248465  0.51538557628926240  0.52605392098326176  0.53670457989043385
  0.54732480583850884  0.55787605975231158  0.56837293188010163  0.57889389715166073
  0.58945593271616037  0.60002600579616572  0.61057344706445382  0.62108321668779953
  0.63160152794842195  0.64213703127510013  0.65268231384831821  0.66323287065575598
  0.67374488208628081  0.68424890498863977  0.69478339918739118  0.70533742939313426
  0.71588640667390790  0.72638343211152001  0.73690546423539582  0.74743224620905224
  0.75798289485817250  0.76851979831763528  0.77906622541636028  0.78965079499634017
  0.80023462262839162  0.81077966780344968  0.82128071957011006  0.83176411801548644
  0.84225004357919553  0.85272334883033829  0.86316469287177278  0.87364162602339246
  0.88409299770637384  0.89458597486338409  0.90507941951690218  0.91564169510617821
  0.92619843982567840  0.93679115796379897  0.94737647426435700  0.95796512653900479
  0.96850399563613643  0.97900394279316094  0.98950490473663233  1.00000000000000000
 -0.00234777378591538  0.00998928726487996  0.02024611431767759  0.03080751589434994
  0.04133261077323092  0.05184937444980429  0.06236285533840558  0.07288045403727263
  0.08341508288193276  0.09392953475923875  0.10441166587400920  0.11489924725502051
  0.12538824748253560  0.13587658581760823  0.14636272832750485  0.15686671266618679
  0.16740231127466940  0.17795676923865478  0.18850803072121280  0.19906662927539490
  0.20958861617778993  0.22011129922806180  0.23059490827484461  0.24115512038165748
  0.25171860997881390  0.26231999452492621  0.27285454614666638  0.28337672087211552
  0.29386965832194573  0.30437108196882334  0.31491109657841082  0.32545586493749046
  0.33600292066006132  0.34648508750501672  0.35692752301535824  0.36738604682346881
  0.37788647448700807  0.38843223613732297  0.39896190338891413  0.40951082482955936
  0.42009136656277207  0.43070641013397631  0.44128219686274012  0.45186169722044117
  0.46239158682882886  0.47291819930690349  0.48339963303785149  0.49388808879853208
  0.50439199293834480  0.51491729330714209  0.52548028489567244  0.53606583356485293
  0.54667490437953437  0.55722146694930497  0.56776727344541833  0.57831543957470621
  0.58887796479588073  0.59940326345691597  0.60988628691013491  0.62043048568192394
  0.63099672158238840  0.64155060383926743  0.65208670356849019  0.66264919011516332
  0.67324289714525931  0.68381968167008078  0.69436145231637125  0.70491344045685544
  0.71551775135224449  0.72611111837197928  0.73670384023129087  0.74722506409415224
  0.75777926278193053  0.76833000152578246  0.77888866812322410  0.78941360814811179
  0.79994739255986125  0.81048644207369069  0.82103870935745205  0.83158233347045896
  0.84219319151755778  0.85279065684359057  0.86340062655442595  0.87390589268806085
  0.88440126737235847  0.89488700028193169  0.90542751613068184  0.91601288408972659
  0.92655715138394923  0.93707897574099663  0.94755271853242773  0.95810178262509693
  0.96856455126148844  0.97909228796524328  0.98954122123069255  1.00000000000000000
 -0.00244005141283896  0.00985821380265106  0.02011280512158958  0.03065884306740770
  0.04123169883636543  0.05179591063942545  0.06232976007007433  0.07284939727412774
  0.08335609458696509  0.09386461844589218  0.10442236419524037  0.11502604020515751
  0.12566591008815925  0.13627027705168529  0.14683091485601979  0.15739190366938272
  0.16793406569708857  0.17848122311735545  0.18901587493504249  0.19955879968463203
  0.21009646937188003  0.22061666536500504  0.23109780125468221  0.24163123605387563
  0.25213947777230716  0.26271858965103484  0.27326496475474227  0.28378673918930569
  0.29429646717937596  0.30476585983853455  0.31529438753262884  0.32579516732324471
  0.33634066715576988  0.34686635758449064  0.35740380160296281  0.36792236295056618
  0.37847604333444285  0.38904294298442643  0.39962759389157826  0.41015280824148337
  0.42063606148773791  0.43111428584689204  0.44163436631155756  0.45222680576417962
  0.46281063228775515  0.47338715273580834  0.48389464865609155  0.49440047831104900
  0.50492334338582423  0.51549497839045710  0.52608544890176323  0.53668368259110810
  0.54728427667519430  0.55783393166843331  0.56834233219257213  0.57885134132632443
  0.58941288677226533  0.59999108191056849  0.61053273239329064  0.62106613685483625
  0.63160139056263376  0.64211946297878131  0.65263830676229195  0.66312743354627635
  0.67364737962557442  0.68417508693979878  0.69470774214446829  0.70518711990426419
  0.71564256718079344  0.72612039043125276  0.73669913937545140  0.74725689217453517
  0.75782002228861145  0.76832167294969866  0.77884132923103999  0.78939444238346179
  0.79995053528191951  0.81048598122006887  0.82097968311335012  0.83145654816538561
  0.84195559295752265  0.85244052781539081  0.86297995778613068  0.87350795168295126
  0.88403146037812896  0.89453873184610633  0.90506503937936700  0.91562783661201452
  0.92617182393840891  0.93672946775118693  0.94727283719606237  0.95781051830098785
  0.96838418692152406  0.97894137232677514  0.98950103449101312  1.00000000000000000
 -0.00246446311284906  0.00960992542920878  0.01980906145063747  0.03032541693313552
  0.04088460676243863  0.05144323577914670  0.06200687637866305  0.07253939324689478
  0.08303051227592548  0.09353249844814272  0.10405151718318675  0.11458753846471566
  0.12511200783687093  0.13561258283276426  0.14613483780923342  0.15665625741374986
  0.16716978751706918  0.17766603516201504  0.18815246219626794  0.19868566087289224
  0.20921536173809088  0.21975309058117320  0.23027531312028024  0.24082373379066382
  0.25137054464153902  0.26190619890757832  0.27243633562648284  0.28297110762017780
  0.29351985924910817  0.30406174687230925  0.31461955525974489  0.32515934246942346
  0.33569483615355927  0.34624766359066539  0.35681539131933554  0.36735662690459553
  0.37790204168922864  0.38847210611053112  0.39906162708310539  0.40961318473507935
  0.42013436449197233  0.43064505004969739  0.44120795827385811  0.45180958750120415
  0.46237994760498802  0.47289501150314639  0.48340463082286694  0.49393820889327716
  0.50447642913198820  0.51499415424676553  0.52550581500873983  0.53603595951056859
  0.54655590306573043  0.55710726336649441  0.56765205430313770  0.57817674313213985
  0.58872717879829850  0.59927190684066356  0.60986158347723085  0.62043374212633129
  0.63103645327827829  0.64162906477792869  0.65217878070387747  0.66270775442357799
  0.67322493686546470  0.68378603068100130  0.69432054618263617  0.70488048589574026
  0.71541497200752702  0.72595074008942018  0.73644466430934230  0.74696803639095755
  0.75756647404962951  0.76817174460329551  0.77875789010932317  0.78929590419296713
  0.79981628588880405  0.81033910639385343  0.82081075951011551  0.83135291469735140
  0.84188303478640636  0.85245164955380470  0.86299657927532325  0.87356490288455546
  0.88414535322810894  0.89469213224656552  0.90521666671365586  0.91571964446767684
  0.92624095839962950  0.93679577610359377  0.94740828843123714  0.95805163179203634
  0.96865008681536868  0.97913559279343243  0.98957820153411002  1.00000000000000000
 -0.00248948356444252  0.00960729432833028  0.01978665431205946  0.03032200407450358
  0.04084612156165876  0.05139395986214676  0.06195826332980280  0.07253651033485140
  0.08308822371794918  0.09365911839229361  0.10417310849218342  0.11469711921872172
  0.12519998298716023  0.13571842394550959  0.14625197721647454  0.15680080074945066
  0.16733841363510032  0.17786885003308631  0.18838810239971979  0.19890919798033255
  0.20945373206726736  0.21997794182713953  0.23052605511743851  0.24103297585873643
  0.25156700433419610  0.26208245738965552  0.27264493761518288  0.28319939864755966
  0.29375874685093384  0.30430624683871010  0.31486381265046948  0.32543098913001600
  0.33598717189363669  0.34651402765659739  0.35705014839683419  0.36759704383508435
  0.37819264787999868  0.38876497173404118  0.39931568129647271  0.40979139176229262
  0.42028285004676980  0.43077679352085857  0.44132286777771679  0.45184304272726478
  0.46232923588492458  0.47279948452461557  0.48330012942430489  0.49383235004545883
  0.50440995030901825  0.51497522481163149  0.52552216548639252  0.53600372080616110
  0.54648680723890541  0.55701529714169584  0.56759406809292923  0.57819814951963877
  0.58881052111072907  0.59938489911984294  0.60993102745802408  0.62047326603909425
  0.63101366529895397  0.64151276569861782  0.65197860521349071  0.66250756227159813
  0.67307992131966166  0.68369731979708825  0.69426446875097714  0.70482603024064494
  0.71532889318418791  0.72584483652240905  0.73638188535392501  0.74694468854407470
  0.75749903969327947  0.76801138170354388  0.77851408127095301  0.78900031606260890
  0.79950810538534034  0.80998709758084897  0.82047859349834740  0.83097270474792684
  0.84149307689186803  0.85201435921208812  0.86257535770763460  0.87310857818679222
  0.88366207406612685  0.89419575004745411  0.90483438736428201  0.91548533957498957
  0.92611076814150095  0.93668048838837981  0.94724678579380639  0.95783275422081160
  0.96835943138947744  0.97889697031565626  0.98943184837588571  1.00000000000000000
 -0.00228732867892950  0.00996411154633184  0.02022557455950976  0.03074269010385295
  0.04123619868323419  0.05174507051744202  0.06224031476089035  0.07276119989259543
  0.08326808244888873  0.09379868205680175  0.10439947579183372  0.11501461775125545
  0.12559011453638314  0.13607335143917015  0.14653013205666562  0.15701978094760710
  0.16753766695215838  0.17807447936625206  0.18859677186502066  0.19904832727147426
  0.20951207303598077  0.22003202980897937  0.23062410175961157  0.24122588081722413
  0.25174417584382719  0.26228348383182970  0.27282453203486323  0.28338904598199216
  0.29390836395754311  0.30439867490771855  0.31487221756371481  0.32535062941722087
  0.33589104105333739  0.34650237339700557  0.35713537608912060  0.36770625445636240
  0.37825220128875331  0.38876850272770924  0.39930220461555510  0.40984134512685721
  0.42042767019957450  0.43101166004237856  0.44156480208402576  0.45207045183603456
  0.46260701114063080  0.47318284042214076  0.48378596221508896  0.49434825050017150
  0.50487448643410793  0.51539947895690974  0.52595061840391255  0.53648842768972105
  0.54699829932333111  0.55748350029886817  0.56800689215167033  0.57854736368179061
  0.58908540147145405  0.59961460025410929  0.61014877294884928  0.62068965039550061
  0.63123012804672884  0.64181293557534314  0.65239617495701752  0.66293488859309146
  0.67344245050607110  0.68395642932862744  0.69449916920379406  0.70503583421377691
  0.71554259594883196  0.72603654813947838  0.73651520993024977  0.74700480691351701
  0.75752720576961874  0.76807160554941867  0.77861929025221188  0.78916200185450369
  0.79969179517284794  0.81027522491675363  0.82084375188276060  0.83144092032540284
  0.84200740395440432  0.85258152290619149  0.86310813505363670  0.87363522933426496
  0.88417459876274251  0.89470012299546264  0.90521927035118599  0.91571567743105664
  0.92627506238465285  0.93685210203696734  0.94744768138208635  0.95798699069735083
  0.96847858924093866  0.97896839684183024  0.98947159232611970  1.00000000000000000
   9.8801575902600323E-013  -1.0000000000000000     
 F F F F F F F F F F F F F F F F F F F F F F F F F F F F F F F F F F F F F F F F F F F F F F F F F F F F F F F F F F F F F F F F F F F F F F F F F F F F F F F F F F F F F F F F F F F F F F F F F F F F F F F F F F F F F F F F F F F F F F F F F F F F F F F F
  <DiscreteSampler_grid>
  grouped_processes
  1 # 1 for a reference and 2 for a running grid.
  10 # Attribute 'min_bin_probing_points' of the grid.
  1 # Attribute 'grid_mode' of the grid. 1=='default',2=='initialization'
  0.0000000000000000 # Attribute 'small_contrib_threshold' of the grid.
  0.5000000000000000 # Attribute 'damping_power' of the grid.
 # binID   n_entries weight   weight_sqr   abs_weight
    10   10   1.290875916868029E+002   3.319951481284099E+004   1.290875916868029E+002
    11   10   1.290875916868029E+002   3.319951481284097E+004   1.290875916868029E+002
  </DiscreteSampler_grid>
