  0.00974332647172618  0.01579632194467016  0.02490235044954435  0.03565423683049321
  0.04597028747171353  0.05632940015474042  0.06668719601806207  0.07707223001443586
  0.08747655589665036  0.09789448942035960  0.10830690306250250  0.11870769736962419
  0.12907390127670998  0.13940577942707499  0.14971337673077445  0.16005912253059118
  0.17042887207179008  0.18084071547493766  0.19124733236257604  0.20164567683843559
  0.21201063333479184  0.22236822238278300  0.23274251438596566  0.24313626308347061
  0.25354869409748904  0.26394977439803030  0.27432502436117318  0.28468620536170375
  0.29505969892152301  0.30543571614319553  0.31578807536543096  0.32613082164949503
  0.33649495547743929  0.34687017952842614  0.35723725385536692  0.36757991978367999
  0.37793090504236149  0.38827693251236045  0.39863547401343613  0.40899250504942763
  0.41935813005340561  0.42976074932229597  0.44017783955394696  0.45060537731351963
  0.46101547519247188  0.47140889284514803  0.48178954915897410  0.49216454695953565
  0.50255214791795166  0.51294672514674378  0.52333757653795598  0.53371244023080300
  0.54408120859703102  0.55445805817227567  0.56484557207872210  0.57524731686786867
  0.58565135510938593  0.59603536431914028  0.60640830264527468  0.61678073087984719
  0.62715299414676973  0.63752704689174267  0.64789079576518727  0.65825705642612697
  0.66864852669894304  0.67906215652669655  0.68947957760320033  0.69988241288848185
  0.71029416729366712  0.72073145767088265  0.73117404463229330  0.74159732531738387
  0.75199482082751490  0.76237660190289913  0.77274605517555039  0.78311707388954044
  0.79349188025628181  0.80389281327212203  0.81430071629848944  0.82469254763910982
  0.83504027171582507  0.84536321757242616  0.85572429934415839  0.86612578777385385
  0.87655012657041076  0.88700025834763196  0.89742283712771254  0.90784534330523781
  0.91825064879185903  0.92866489960817578  0.93906652107432587  0.94942818583362865
  0.95977551535001027  0.97013684123274702  0.98048570183962980  1.00000000000000000
  0.00959828653048293  0.01559035543369440  0.02483444573252656  0.03557348242365404
  0.04589952273058303  0.05629963167210981  0.06674628471951756  0.07718022452077729
  0.08755321778687267  0.09793058173017342  0.10830025483361630  0.11869989292933256
  0.12911596905602693  0.13954780666074726  0.14997929301956631  0.16036172902220477
  0.17075571545147308  0.18113052977067096  0.19154814443639354  0.20195662439186057
  0.21234851926546808  0.22270880009275365  0.23307488122008077  0.24347451162444558
  0.25386929596172370  0.26424988703816693  0.27463969426788892  0.28499211135476421
  0.29533763068811658  0.30567071147785707  0.31602843503004724  0.32640889538063467
  0.33679398186870779  0.34715576828874728  0.35748467393076144  0.36779466818147821
  0.37815764466856860  0.38852716609271709  0.39891004612554865  0.40927359815767678
  0.41966040682081635  0.43002328271445189  0.44039457639649449  0.45077007702488120
  0.46116885722256501  0.47156408563674318  0.48194797389837268  0.49234007437723459
  0.50273793825912438  0.51313385993105887  0.52351835339359210  0.53391311337319591
  0.54430039178532474  0.55467766429790877  0.56504071706692871  0.57540132431142821
  0.58576865943356637  0.59614543831886313  0.60654706770327038  0.61696834413603385
  0.62737349119426211  0.63776003118835345  0.64814248547356257  0.65854070254932140
  0.66894493681884470  0.67932047207202562  0.68967640347572357  0.70002223311910550
  0.71038383485181178  0.72077156881275561  0.73116794550604147  0.74157238818715399
  0.75196714900756556  0.76236740033886019  0.77275301225500070  0.78312707756438238
  0.79348700178585596  0.80385187560124949  0.81422779997948302  0.82463449558145474
  0.83505464146234409  0.84547723869601199  0.85589320511154743  0.86631872675914490
  0.87671174441031929  0.88710814907395119  0.89750360497662474  0.90794702058290022
  0.91837388282155485  0.92876208299182506  0.93912891882926719  0.94948127436151208
  0.95984515528360137  0.97019108096025186  0.98052207691206228  1.00000000000000000
 -0.00210544716405811  0.00968616682714093  0.01986121511834599  0.03040627473027693
  0.04095458684004142  0.05148302489647141  0.06201731084694125  0.07258820332886451
  0.08315189861136231  0.09365852524565847  0.10413214416856714  0.11465146671883271
  0.12517090523274021  0.13572593569175789  0.14629295633836936  0.15691687612035510
  0.16747732058268472  0.17800058578686451  0.18852351046294075  0.19907206502311436
  0.20957677308465844  0.22008577455168191  0.23052900222576575  0.24106715336518136
  0.25153445610533154  0.26207751681268471  0.27258359758057754  0.28311595318245447
  0.29363502238404809  0.30415864557003630  0.31468914438944767  0.32523217457039338
  0.33576987638850969  0.34636497946180977  0.35697653289851977  0.36758572826419289
  0.37811383957116812  0.38867490036443597  0.39922430332502645  0.40979718999534837
  0.42030613190167559  0.43082408005684159  0.44135704156088262  0.45189102146682858
  0.46237126244629800  0.47286677700881125  0.48334511997437007  0.49386613796397005
  0.50435003112836818  0.51485003129729401  0.52537339618424517  0.53590221786236603
  0.54642803920849725  0.55695300676007986  0.56747410557363154  0.57799769836347847
  0.58848728508598391  0.59897317613538448  0.60949506365397543  0.62005310362830668
  0.63064752633722254  0.64118165473202626  0.65172515060156488  0.66229281646080729
  0.67290106297940533  0.68346745104553985  0.69401563976303482  0.70455713702449296
  0.71512278765323878  0.72569111306972978  0.73623870712810902  0.74680698650571820
  0.75739262032153665  0.76798639580694683  0.77858711508773137  0.78914656669863914
  0.79967065530878567  0.81014259053823889  0.82061945192984165  0.83113782642938594
  0.84168962045201423  0.85226487514342608  0.86284091416107211  0.87339791836343339
  0.88389286287636248  0.89444190704740145  0.90500087647428784  0.91558895003648966
  0.92613019036023170  0.93668028013689830  0.94724898949984038  0.95777589330135815
  0.96833235177586241  0.97886450573847061  0.98945491817905706  1.00000000000000000
 -0.00226981082840359  0.00974182753449690  0.01998594889835089  0.03050235438976872
  0.04104411209119845  0.05153849651293226  0.06202042137131925  0.07251309210795358
  0.08304944790440180  0.09363155061829076  0.10420391481364567  0.11475554986390391
  0.12528637562727973  0.13579610233116673  0.14630716243820949  0.15682828533850254
  0.16735330774729446  0.17787813600493302  0.18841026084170401  0.19901543645035508
  0.20961546241571019  0.22019918229758009  0.23070970656381024  0.24121827339609461
  0.25170235017608733  0.26219379453991487  0.27272328663346812  0.28329292747272883
  0.29384557202144274  0.30439477023828687  0.31492318715122175  0.32546834871121855
  0.33593831681116226  0.34643606034611929  0.35693508072321389  0.36750945269597007
  0.37809949139610805  0.38870629171262278  0.39930752762109123  0.40989480430202813
  0.42048369038379985  0.43101475915602960  0.44152811668188918  0.45203967857098326
  0.46256626429385561  0.47313361873789411  0.48366008771352581  0.49423874280989111
  0.50477372478900595  0.51534493824870775  0.52586941291492029  0.53639254306691919
  0.54693230804465087  0.55751561936537053  0.56810797425311332  0.57867815434215975
  0.58923848077067698  0.59977587579222624  0.61032428903973479  0.62084036088597783
  0.63133930301700059  0.64183206776222801  0.65232291318319702  0.66285657200265624
  0.67342680244380060  0.68400418570433008  0.69461827417784661  0.70513098856277712
  0.71564461547860336  0.72610592898671689  0.73663063183702349  0.74717237971379180
  0.75771885633068614  0.76824252324299858  0.77875048463058183  0.78926152761921931
  0.79981966539333560  0.81038903143873842  0.82095152544883332  0.83146897915261209
  0.84197597990117834  0.85247961298298336  0.86298645947300434  0.87349871913404276
  0.88404934223305764  0.89458783254731333  0.90512967509246833  0.91564838373440782
  0.92618338405462075  0.93672052943830286  0.94725560912080697  0.95781649146283954
  0.96836752090682743  0.97892203351339335  0.98945753819244375  1.00000000000000000
 -0.00252476286895406  0.00966213257475652  0.01986597110105359  0.03040392601052746
  0.04093599291867118  0.05148727978699143  0.06205120329848981  0.07259698082064815
  0.08312359410696826  0.09362958030538365  0.10415849105357299  0.11469510896439031
  0.12523654955227204  0.13573348020825310  0.14622327411043942  0.15672025414835222
  0.16723490587730164  0.17777986964492681  0.18831782110244916  0.19887267914920287
  0.20939795981377013  0.21991612415898834  0.23043616447464529  0.24098381822380738
  0.25151571135861012  0.26204274932619542  0.27255674794832657  0.28313237855935713
  0.29369894646280464  0.30427472370465852  0.31479502455910430  0.32531269631564569
  0.33582731677983624  0.34643511487173079  0.35708491940408382  0.36769721198438909
  0.37824156322248337  0.38874490963462871  0.39929496230660116  0.40984152940785296
  0.42036432686062769  0.43086617394430293  0.44139820130834351  0.45193265258057891
  0.46243845966899472  0.47290580195700366  0.48341172448492475  0.49395069439322564
  0.50446988546848937  0.51497528625057687  0.52545560611313702  0.53595895961021200
  0.54649788110031794  0.55707463596577989  0.56767140682400052  0.57827734487746252
  0.58887450115368167  0.59944448869267031  0.60999455122081403  0.62054766476657852
  0.63112323664954140  0.64163258593013939  0.65212226376284943  0.66262693301197284
  0.67312200105689957  0.68363424491291558  0.69409249066208101  0.70459502173983257
  0.71508031843379327  0.72554997849094216  0.73602294857703665  0.74650898973174640
  0.75706050110375167  0.76763625301093130  0.77820999654889200  0.78878043273920173
  0.79932471704945707  0.80988461818838597  0.82043391557613055  0.83103373746442866
  0.84157639194265310  0.85213506759479152  0.86264281085416539  0.87319174619319417
  0.88375822163735551  0.89433486137099849  0.90488850633749685  0.91541785101065876
  0.92593601653076796  0.93649110953169912  0.94709661773767295  0.95774221055832409
  0.96833593997156420  0.97890877036233193  0.98943146928966497  1.00000000000000000
 -0.00243138957444377  0.00959976039992140  0.01976726235745878  0.03029211482186898
  0.04077938647897345  0.05131436103775206  0.06182530091719043  0.07237183489173711
  0.08288642473352377  0.09338916021186332  0.10391260940107275  0.11443124214378773
  0.12497771946803946  0.13550383232743130  0.14603650528593351  0.15656767003791427
  0.16707802438200325  0.17761688298365635  0.18813023344134294  0.19864384122861653
  0.20914405435679911  0.21968793609385795  0.23023126259821730  0.24075150583115276
  0.25126580740033799  0.26180152999422296  0.27235107701894384  0.28288531672925271
  0.29342073025959814  0.30392387244064312  0.31443891812192448  0.32493241182329308
  0.33541972769552436  0.34589641310189889  0.35643637246948889  0.36701237247880664
  0.37760532294342658  0.38818945791247517  0.39874768390645382  0.40930807519824186
  0.41983633743747983  0.43042747054219149  0.44097384911947812  0.45152810496975693
  0.46203679035656708  0.47257730258085917  0.48307892308776335  0.49357937414417763
  0.50409456595416402  0.51464868461692992  0.52517507762376414  0.53566253966717925
  0.54615873188019237  0.55673976860386942  0.56735218377638141  0.57794513869672892
  0.58850876435262223  0.59904663901512722  0.60960353078437823  0.62013023213315333
  0.63065730504590123  0.64116865189854855  0.65168996279304259  0.66220830067115843
  0.67273603717159480  0.68325792149843012  0.69378911572563795  0.70431908197818160
  0.71482568081610665  0.72537439018814864  0.73593376728533599  0.74654019497884594
  0.75705627339708281  0.76758121933117573  0.77808926848274984  0.78866210907222478
  0.79920301972502117  0.80975086045790401  0.82029277380895194  0.83083023143371981
  0.84136498565125450  0.85193125483602383  0.86246781931255612  0.87300467881214550
  0.88352354089902940  0.89404090406913617  0.90458055078025890  0.91512941736457609
  0.92568431244710758  0.93623873281435832  0.94676572455135255  0.95737922792150865
  0.96802854286804485  0.97872330100499472  0.98937644709223660  1.00000000000000000
 -0.00214723537701719  0.00970331577568745  0.01990962550081558  0.03051407311944800
  0.04108206287025020  0.05164138312513986  0.06216223382469868  0.07269848679994272
  0.08322828478414795  0.09375650481830738  0.10426802527719735  0.11477045906090422
  0.12528580092518710  0.13579469986384288  0.14630452723442822  0.15681369211677540
  0.16731794866383096  0.17780072824132170  0.18832877855544658  0.19886912400952772
  0.20942447217624269  0.21992692989229609  0.23044010948706364  0.24097428944247773
  0.25153716153033717  0.26205647215499334  0.27255898225352587  0.28305864303352196
  0.29360661486831185  0.30420195271573014  0.31474670462474891  0.32527216771968337
  0.33574190404246435  0.34624996308447331  0.35679418488235037  0.36736816148287593
  0.37792504681457290  0.38846288499247789  0.39899122943093696  0.40957429492035174
  0.42016940716423007  0.43078092728553991  0.44139311241413665  0.45198491775715149
  0.46253302859904061  0.47299523559596596  0.48343637696402836  0.49392920096730114
  0.50449304431840691  0.51512371207556462  0.52570803720025483  0.53629665647178493
  0.54683794904968164  0.55739814698365009  0.56794716842764081  0.57849406290837191
  0.58907060131552191  0.59963027865767959  0.61019266114055670  0.62073199889801534
  0.63126751693554928  0.64178103175123613  0.65232159542875823  0.66288748905871342
  0.67348911503903219  0.68404950273390785  0.69462563869322425  0.70515544528383778
  0.71568425924164225  0.72612611523741544  0.73656390502162117  0.74700986040381234
  0.75750364535335812  0.76801614084427472  0.77853799692317349  0.78906376188216509
  0.79962750232601054  0.81016483005370465  0.82072427670005432  0.83125675842784530
  0.84179367715531606  0.85233554954480850  0.86287009271726955  0.87343315683581002
  0.88399726131003342  0.89457438835639191  0.90513869030987837  0.91568230642389503
  0.92622320340708220  0.93674588872080800  0.94725034712740919  0.95779747793990078
  0.96834162642288402  0.97890700628220717  0.98944267685164033  1.00000000000000000
 -0.00218778751835048  0.00950909569130651  0.01964084766116013  0.03011370426711637
  0.04064752639327465  0.05117276057758215  0.06173234221699810  0.07233328610798806
  0.08290395252249780  0.09345603171503954  0.10398016790267492  0.11451300385535583
  0.12505385144478845  0.13556338356401301  0.14615667799536003  0.15671941096787848
  0.16728660821649227  0.17780119280360268  0.18835321461896681  0.19890738869183491
  0.20947209156181884  0.22002781274135405  0.23055430999074236  0.24107621999599019
  0.25157586544981075  0.26212614045558991  0.27269878339573461  0.28330425567321527
  0.29388377951955247  0.30441792737569467  0.31490699270155598  0.32542918118107278
  0.33594791419821851  0.34654942410994444  0.35711888156422600  0.36770293238216750
  0.37823394261670545  0.38877734381315071  0.39933591502434729  0.40988257252428528
  0.42045051816222107  0.43102337262821144  0.44159901352037256  0.45211685220692865
  0.46257708385302193  0.47304147590580298  0.48356597363892978  0.49412461481902248
  0.50468372738601774  0.51522897197492989  0.52584547810868099  0.53650685648477592
  0.54711685275021682  0.55769224437355802  0.56821086823114153  0.57876385874103820
  0.58926268477856902  0.59977647081004248  0.61029299071743792  0.62077208098547154
  0.63126715679454848  0.64182248367738715  0.65244830110701435  0.66308806368776740
  0.67363924666792074  0.68423345871359920  0.69476290497776072  0.70529959089176519
  0.71579997897257985  0.72630674710677867  0.73677538427549794  0.74723065676338840
  0.75769529364055699  0.76821937234365834  0.77871601679882341  0.78927257459806355
  0.79982466136953601  0.81039149045706549  0.82092470542702400  0.83147700928700086
  0.84200744695165830  0.85254119772823556  0.86306678651339153  0.87362606858754721
  0.88420067769036925  0.89474976731791134  0.90524379123053944  0.91573265345643728
  0.92622325645412462  0.93676687282915305  0.94730473996215803  0.95783671720009023
  0.96839018826689482  0.97894807719271126  0.98948748446237578  1.00000000000000000
   2.4343403294041667E-014  -1.0000000000000000     
 F F F F F F F F F F F F F F F F F F F F F F F F F F F F F F F F F F F F F F F F F F F F F F F F F F F F F F F F F F F F F F F F F F F F F F F F F F F F F F F F F F F F F F F F F F F F F F F F F F F F F F F F F F F F F F F F F F F F F F F F F F F F F F F F
  <DiscreteSampler_grid>
  grouped_processes
  1 # 1 for a reference and 2 for a running grid.
  10 # Attribute 'min_bin_probing_points' of the grid.
  1 # Attribute 'grid_mode' of the grid. 1=='default',2=='initialization'
  0.0000000000000000 # Attribute 'small_contrib_threshold' of the grid.
  0.5000000000000000 # Attribute 'damping_power' of the grid.
 # binID   n_entries weight   weight_sqr   abs_weight
    10   10   3.478242844604770E+000   2.367459358970628E+001   3.478242844604770E+000
    11   10   3.478242844604769E+000   2.367459358970630E+001   3.478242844604769E+000
  </DiscreteSampler_grid>
