  0.00955374773386921  0.01563688841088746  0.02493505257840274  0.03571648618398206
  0.04607192800600992  0.05643345549285927  0.06679870446416304  0.07714964150174386
  0.08749165571644510  0.09783159867042081  0.10819610088428472  0.11856637589763171
  0.12892708526290161  0.13928959697139670  0.14965422851977894  0.16005205916924573
  0.17043783108396210  0.18084659018395202  0.19125375622060478  0.20166073927896727
  0.21204474798326794  0.22242039860024393  0.23280300925257585  0.24320018954985420
  0.25359244660763958  0.26398189204534234  0.27436495915616949  0.28474936354439889
  0.29514569176144345  0.30553938703826439  0.31594488308152407  0.32634229296202905
  0.33674255818834503  0.34712588646434961  0.35751218492073189  0.36789513892072639
  0.37827345399301560  0.38864467410622289  0.39902136869728011  0.40941823408891603
  0.41982560077214320  0.43022086107530083  0.44058179446988222  0.45091933856397887
  0.46126247016831445  0.47163694156853520  0.48203624477544743  0.49243663791316533
  0.50282246484491455  0.51320672984845928  0.52359605134186504  0.53399879956109397
  0.54440182614122845  0.55481407702322383  0.56523951193972588  0.57565085342857270
  0.58603245876588428  0.59638138954559383  0.60673573746051923  0.61711211184567316
  0.62750078271419607  0.63789372829913271  0.64828815920683869  0.65868109845641321
  0.66906000459208026  0.67942778876656063  0.68978978513958222  0.70015737437150649
  0.71054046395673354  0.72093667337466283  0.73133744957207092  0.74173358160362424
  0.75212442560699189  0.76251111786769887  0.77288455771610598  0.78324484913427228
  0.79359951701188280  0.80395427609437087  0.81432794166570799  0.82471601389926519
  0.83511017466126836  0.84549621181903589  0.85587304064846137  0.86626858519361449
  0.87666986213865272  0.88708436865103391  0.89747593694355421  0.90787142889521255
  0.91826312531381771  0.92866822302565877  0.93905505166056513  0.94941924204384809
  0.95978571753976283  0.97015591895499698  0.98053245062600258  1.00000000000000000
  0.00956902932037048  0.01568066749400081  0.02492700107069735  0.03569723030467029
  0.04603944918182397  0.05637956734316980  0.06674667318983274  0.07711494535208838
  0.08750744370461008  0.09787712145058332  0.10825469477633926  0.11864465352804933
  0.12904300378485031  0.13942659746588343  0.14979681692897764  0.16015073610827399
  0.17053419413838161  0.18092233213503572  0.19132079937821564  0.20169550211978252
  0.21206439146303036  0.22244867444824770  0.23283823845299717  0.24324659654330885
  0.25364288993512440  0.26403519353097693  0.27439820389374303  0.28477241084964139
  0.29514921959601259  0.30554224781519207  0.31593264813815863  0.32633866868166883
  0.33674465951995969  0.34713643910360148  0.35751286987021291  0.36788264769774998
  0.37826590790121301  0.38864130970536198  0.39901299503169568  0.40937953206589739
  0.41976928568397648  0.43017161998591807  0.44058487294584764  0.45099565732095764
  0.46139483218760657  0.47176990149226022  0.48212097347794974  0.49247039877956128
  0.50284802171581300  0.51323842196574543  0.52362527000755521  0.53400240210193994
  0.54438894068755606  0.55478869038038925  0.56519087483156072  0.57558307418656651
  0.58596916808640376  0.59634979294345203  0.60672585044460792  0.61709833106099266
  0.62747608349391037  0.63786385353497499  0.64824218298309078  0.65860879793079630
  0.66897052201292850  0.67933741707587636  0.68971909104756723  0.70010621961449027
  0.71050697839785915  0.72091335207394036  0.73131051380418199  0.74170478183588251
  0.75209038630238978  0.76247040760064588  0.77283933704823049  0.78320722097137974
  0.79359217230478529  0.80401551470961463  0.81443877133462728  0.82484997539315885
  0.83522916655180890  0.84559996444365904  0.85596477548038052  0.86632453982540103
  0.87668150245831733  0.88704272231921200  0.89740345015294676  0.90777123020038764
  0.91814245042441145  0.92852126747803598  0.93890062422564624  0.94930125316610170
  0.95973945918815085  0.97015671086165767  0.98053395690808198  1.00000000000000000
 -0.00248731831850961  0.00969244122046129  0.01992536003881496  0.03050903711245610
  0.04110114603103422  0.05167140397280773  0.06223087736407709  0.07278381042923947
  0.08333572454194620  0.09387085261012745  0.10443174330921461  0.11498235295556193
  0.12551942894075196  0.13603736022483906  0.14656835349745004  0.15710320726215762
  0.16762777730972253  0.17815645518206596  0.18871292885451174  0.19924741385746880
  0.20976165750091855  0.22025909455128442  0.23078942253163306  0.24133871627635281
  0.25189253335106160  0.26242135902678904  0.27292216948624531  0.28341876960159362
  0.29392885811117220  0.30445305997365768  0.31498891542669749  0.32557809329665255
  0.33618445172825651  0.34678476437847278  0.35731637572857389  0.36783513256562766
  0.37836458488887714  0.38891328569527051  0.39946381361766364  0.40997614879345973
  0.42048733752293133  0.43103746706227691  0.44160380033606511  0.45215735426077586
  0.46268206322065475  0.47322446901267229  0.48376958512459134  0.49430962280414326
  0.50484044425840835  0.51537297140813199  0.52591984170123407  0.53647716398939760
  0.54704293356953659  0.55761947141837542  0.56817608453149981  0.57870826134517062
  0.58922163809109906  0.59974286144766498  0.61026637512058945  0.62078697375330638
  0.63132674212581152  0.64186738607940985  0.65238424409679285  0.66287727097421034
  0.67338250259640198  0.68391097986084803  0.69445036245955993  0.70497331062985402
  0.71552449267941753  0.72604825528053452  0.73657057153581096  0.74705401838130592
  0.75755793246622694  0.76809501518259282  0.77863331133781899  0.78917883412723189
  0.79970471510620433  0.81025437560181612  0.82081257275992603  0.83140566158087648
  0.84198823966685210  0.85254224194194872  0.86306729391388726  0.87356231678413643
  0.88406499458698085  0.89457097316258161  0.90509595177229352  0.91562747739599837
  0.92616927510116609  0.93670754752176144  0.94725448288746472  0.95782213672883687
  0.96838653551682241  0.97893617320955828  0.98946060045932482  1.00000000000000000
 -0.00243978215123782  0.00949651656603994  0.01965536844298292  0.03013934226506321
  0.04069101093000315  0.05123064128586031  0.06175662312444182  0.07228848020062315
  0.08284197457135302  0.09345069779814692  0.10403762466884828  0.11463129414965079
  0.12519752027342779  0.13576063517966874  0.14629800866021489  0.15685237416080813
  0.16740776679764499  0.17795706882958573  0.18846965430638057  0.19898124076219365
  0.20952447859248055  0.22010425050613783  0.23067884135372685  0.24124642119863601
  0.25179301527352776  0.26233185003687765  0.27285134344402079  0.28339985060202866
  0.29396183737774889  0.30453105023833094  0.31509678667240748  0.32566321000171772
  0.33621113976569866  0.34674257894060201  0.35728944892942383  0.36783927908709568
  0.37839419834705101  0.38894472759638959  0.39949742502998792  0.41005792343559044
  0.42062809593874884  0.43120960044137613  0.44176980161368035  0.45230436591354556
  0.46282024451712950  0.47335444360606999  0.48389585550791225  0.49443425514247247
  0.50496003444754067  0.51548755566300986  0.52601209572387897  0.53656142324889633
  0.54711795034996680  0.55768590074295432  0.56821286011514083  0.57870145751149782
  0.58921230805530722  0.59974188347370494  0.61030297497522112  0.62084964665900899
  0.63141329031504345  0.64198679396897929  0.65255484720660140  0.66309572040622622
  0.67362064841179770  0.68414052516980495  0.69465151442272943  0.70515510126444025
  0.71566341202789963  0.72615113778567530  0.73666974734605406  0.74716109982944146
  0.75768949734867164  0.76820938919818815  0.77876004136403876  0.78929979032992903
  0.79981480804096450  0.81033422720497839  0.82087546661413469  0.83142212291058115
  0.84194708922024442  0.85244305046857949  0.86297207994715242  0.87349310519676615
  0.88404011220900003  0.89456398007811277  0.90512205882011254  0.91566807911852821
  0.92620294197977016  0.93675052954767368  0.94729982022029857  0.95786567758473451
  0.96839921958819219  0.97893668418786606  0.98946291159610644  1.00000000000000000
 -0.00252088840161091  0.00947125472901135  0.01962391500603595  0.03015642181277557
  0.04071427668566237  0.05126125420127221  0.06179347484951146  0.07232872666775153
  0.08283616958705295  0.09336022853578682  0.10387061144117099  0.11443567406817724
  0.12497639561167284  0.13551982959663739  0.14606032234384095  0.15662310347384503
  0.16719079344987170  0.17773755309888567  0.18827630522192834  0.19880937564470025
  0.20936127761672782  0.21990695276409597  0.23041969674747689  0.24096563305531499
  0.25152014470278367  0.26209441552134555  0.27262025760571240  0.28317478157012260
  0.29372858437198152  0.30427355295125069  0.31480309330085710  0.32533940101992109
  0.33590897310423123  0.34644712534987343  0.35699459178496701  0.36753169278573389
  0.37809364824747954  0.38865337611126749  0.39920864242936377  0.40974939817444117
  0.42028983807902959  0.43082796531871365  0.44138616935850727  0.45191966089765873
  0.46241737486430107  0.47291675497447200  0.48345157778031289  0.49401668572520385
  0.50458341401969087  0.51512045294912101  0.52566021312895972  0.53618077829345312
  0.54672293665173566  0.55727053661668868  0.56781397522389554  0.57833008394160101
  0.58884000734656439  0.59937456235454523  0.60991881690775118  0.62046279100297774
  0.63097705527644776  0.64149549708941100  0.65202696674721272  0.66259777499164130
  0.67316245360061133  0.68370118768077526  0.69421233174615515  0.70474973746842129
  0.71529523841982001  0.72583145263770132  0.73635978801865742  0.74688192591059099
  0.75743013009790794  0.76797100675726226  0.77856279195371292  0.78916344716837217
  0.79975998337375398  0.81032830338621797  0.82087440541376688  0.83142389131054961
  0.84197487582828856  0.85252967587669759  0.86309088854046789  0.87365086144443693
  0.88421923855391826  0.89476550811235001  0.90528032668208203  0.91579354368697719
  0.92633838573185900  0.93690415280815442  0.94744862933693086  0.95796644235212736
  0.96847015911785428  0.97897947271304553  0.98948681482180001  1.00000000000000000
 -0.00243076491784057  0.00952794290211340  0.01968037827211416  0.03019064001622021
  0.04072507860892492  0.05127102834840023  0.06180663500180648  0.07236991499303039
  0.08291104547181849  0.09345662931733770  0.10398978931467147  0.11453793627690279
  0.12509118522379983  0.13562313873702325  0.14615119589049894  0.15664475602445366
  0.16717185529698300  0.17771260287846039  0.18828662031288693  0.19884987596573714
  0.20940625049339590  0.21995945460921362  0.23050409844778569  0.24104254351948107
  0.25157816595112503  0.26212636310527038  0.27266097390014354  0.28322594761750691
  0.29378716712016439  0.30437905037116764  0.31492863395861243  0.32548006340428332
  0.33600777436566109  0.34655399099129186  0.35709499867668748  0.36764223723504946
  0.37817519837795732  0.38872176807596298  0.39928054863353712  0.40984053581860169
  0.42038095758154931  0.43091928177551586  0.44146356621644917  0.45200461109423440
  0.46254074340951662  0.47308142392543528  0.48365076476182534  0.49420578650085589
  0.50473346545968989  0.51524949196373149  0.52576442919884137  0.53631803143567436
  0.54686549567241127  0.55739858797987729  0.56791093269928183  0.57845715335987202
  0.58900446194394218  0.59956404842539845  0.61008256118613668  0.62065392965431831
  0.63120202402569747  0.64174080777803588  0.65227226877116251  0.66283996590410421
  0.67343136413755622  0.68400674682593166  0.69452069178996778  0.70500897043746402
  0.71547466347386035  0.72599309129676859  0.73655678766971400  0.74710292639968223
  0.75762611734083363  0.76812402276591030  0.77867507700083172  0.78923674901408480
  0.79978589324449056  0.81029117321030997  0.82078276325559396  0.83127405733523985
  0.84180767197775463  0.85236332600407427  0.86294030805546151  0.87352180160081350
  0.88407614657076716  0.89462581026157451  0.90513937629922203  0.91568013640531898
  0.92620326527139407  0.93674206260564308  0.94727119359851142  0.95780584049166961
  0.96834729332643221  0.97890029010642599  0.98945510471780806  1.00000000000000000
 -0.00249095374850964  0.00963752196202327  0.01982976776774723  0.03036286477425736
  0.04089151136195155  0.05142504108096248  0.06197408495329979  0.07253585881281144
  0.08309277202535502  0.09364616724526335  0.10418390963772198  0.11473492793121073
  0.12531056731201498  0.13588326140329193  0.14647077662384225  0.15705079019312557
  0.16763170328455987  0.17818455164645541  0.18873052248842181  0.19927998333511418
  0.20983751520402658  0.22038413112835270  0.23091617905950740  0.24146437813975724
  0.25202543154361523  0.26260103751245228  0.27313481058486633  0.28364249105602407
  0.29413780047097010  0.30464761258673156  0.31516256882916166  0.32569656835962008
  0.33625079639668193  0.34680557400110962  0.35736241837767896  0.36791531049699439
  0.37846973090159219  0.38901839560604429  0.39955051960573090  0.41008694222641229
  0.42061528727390995  0.43114179118442175  0.44166453911871456  0.45217073173298339
  0.46268924738520251  0.47319975466977204  0.48374666720780979  0.49427244988901803
  0.50483841365578919  0.51538552737737420  0.52592219522231898  0.53643053095395876
  0.54694502400402134  0.55748959357164751  0.56804568626007845  0.57860214624082407
  0.58914278199686876  0.59967629670949696  0.61020135527697417  0.62072348497650542
  0.63126062808035299  0.64178948130505553  0.65230568713548942  0.66282312787018161
  0.67335538205657253  0.68391396717395481  0.69446090458930121  0.70498544063092539
  0.71553565615818027  0.72608326825442648  0.73666427810819413  0.74719517465072050
  0.75773238233687268  0.76824042033079853  0.77877147891547771  0.78931191548223312
  0.79986892889802896  0.81041226319771609  0.82094181414863177  0.83148252004954426
  0.84200171468809748  0.85250733504219467  0.86298897883733749  0.87351095641934806
  0.88403379715384345  0.89456210722744633  0.90507272691283125  0.91558892977420481
  0.92612363733898384  0.93666975683070031  0.94723974991330584  0.95782060512817335
  0.96839046936461604  0.97893649657362980  0.98946303816474568  1.00000000000000000
 -0.00253441699831271  0.00950049122799641  0.01965094158425329  0.03015719170451436
  0.04069855559805041  0.05123321019486685  0.06176506983934597  0.07229434695942526
  0.08285742085131370  0.09341473050064746  0.10397151195819207  0.11452854936429221
  0.12509620671556523  0.13564504796642660  0.14616338319590549  0.15669100180666867
  0.16724363007328880  0.17780898963297659  0.18835443150521700  0.19887131418761914
  0.20937405871467163  0.21988985704006003  0.23042645921304131  0.24097532917928566
  0.25151966451294594  0.26204689540595211  0.27256426963969127  0.28309807957597927
  0.29365436615546331  0.30422035060039215  0.31477988687816799  0.32532900546056426
  0.33586689439575951  0.34641605257156333  0.35695099578830619  0.36750393077280186
  0.37803658816812019  0.38857987811139760  0.39913990986783376  0.40968669466775026
  0.42023175441825195  0.43075707145680286  0.44129232086271114  0.45178186102738516
  0.46227057289810641  0.47277624434927434  0.48332096403079022  0.49388211466665438
  0.50443913504910654  0.51499487027836521  0.52549673724952028  0.53599282534569548
  0.54650735954598417  0.55706372665757076  0.56762558312766387  0.57817710763895647
  0.58872911472400280  0.59927650980777702  0.60985315968727571  0.62038855987242747
  0.63090011668138646  0.64138830681505665  0.65193390643356508  0.66248489122322440
  0.67302849766733686  0.68355213897021305  0.69411536388922024  0.70471071632811100
  0.71532573447103431  0.72593669827057816  0.73653684181017320  0.74710695085680867
  0.75765890406785885  0.76819846884474263  0.77871692272350690  0.78924255754911854
  0.79974858581918606  0.81029158579700400  0.82082319987911223  0.83136229829623609
  0.84188126326084267  0.85239436982248407  0.86290889928510384  0.87345944674040377
  0.88402321144114437  0.89460320513931557  0.90515627800819409  0.91569975076160670
  0.92624360513563753  0.93679525505264227  0.94734775754205536  0.95791020362145418
  0.96844461088567724  0.97898825582325344  0.98948555869753096  1.00000000000000000
   1.5465917962520195E-002  -1.0000000000000000     
 F F F F F F F F F F F F F F F F F F F F F F F F F F F F F F F F F F F F F F F F F F F F F F F F F F F F F F F F F F F F F F F F F F F F F F F F F F F F F F F F F F F F F F F F F F F F F F F F F F F F F F F F F F F F F F F F F F F F F F F F F F F F F F F F
  <DiscreteSampler_grid>
  grouped_processes
  1 # 1 for a reference and 2 for a running grid.
  10 # Attribute 'min_bin_probing_points' of the grid.
  1 # Attribute 'grid_mode' of the grid. 1=='default',2=='initialization'
  0.0000000000000000 # Attribute 'small_contrib_threshold' of the grid.
  0.5000000000000000 # Attribute 'damping_power' of the grid.
 # binID   n_entries weight   weight_sqr   abs_weight
    10   10   2.947775798118465E+013   2.022539961695355E+027   2.947775798118465E+013
    11   10   2.947775798118467E+013   2.022539961695357E+027   2.947775798118467E+013
  </DiscreteSampler_grid>
