  0.00978038996210661  0.01564335795292748  0.02484028367144103  0.03560607857542601
  0.04593585117711139  0.05629192367526974  0.06666373958223289  0.07707345235651096
  0.08749570976936523  0.09789624527270395  0.10824737152883239  0.11859421422691990
  0.12895298587482118  0.13934043653520517  0.14975151433252509  0.16015196134170978
  0.17054527704018757  0.18094750633661963  0.19131923156071343  0.20166151288206335
  0.21198300751315813  0.22229713108594978  0.23262383615506868  0.24294069700596072
  0.25334062466646018  0.26379019343686455  0.27423077098590626  0.28462594390712387
  0.29498520405478312  0.30536288625827335  0.31575074433789191  0.32615846963363970
  0.33657706868196768  0.34699014304768272  0.35739431203810956  0.36777871800925793
  0.37816696699288449  0.38858503361467256  0.39900966617656669  0.40943229443281914
  0.41982669347230617  0.43021109750149428  0.44056893413349174  0.45093092376750954
  0.46130192236353268  0.47169124574422100  0.48207119934060044  0.49245063749855073
  0.50283237188064789  0.51320565607413293  0.52359309582181990  0.53399704572500362
  0.54442983781429843  0.55485730699450875  0.56528031120219902  0.57570488767062000
  0.58612124437712620  0.59650942442327937  0.60686251453433793  0.61721826373987887
  0.62759730990036477  0.63799946565327237  0.64840514346628741  0.65879090186402411
  0.66915623984966677  0.67952068153695966  0.68990946597086700  0.70032911526240493
  0.71075546104963117  0.72114311919065710  0.73151476607578547  0.74186145279919824
  0.75219143053780591  0.76249833627296570  0.77282964357712947  0.78320551265014859
  0.79363446487186107  0.80408035751051432  0.81453254952303733  0.82495219409383558
  0.83533071444129525  0.84569266808516785  0.85605807197058603  0.86642701061322092
  0.87679497278434992  0.88718316145185117  0.89754962624997758  0.90793104651359791
  0.91826422563598586  0.92864996453407755  0.93902969963722938  0.94945441332385216
  0.95985756462785998  0.97021114894033400  0.98054409373759455  1.00000000000000000
  0.00955210809070588  0.01572236921298234  0.02508862067609169  0.03598089929049323
  0.04646475971519765  0.05695943927842639  0.06742951867882060  0.07787300398957527
  0.08831431963529321  0.09875645930127486  0.10923423320521237  0.11974769447188759
  0.13026578284580592  0.14074332545817109  0.15118720629481300  0.16163371800112766
  0.17211365558969105  0.18263434767630798  0.19312636356308865  0.20361707483027325
  0.21408486748009492  0.22458996818905946  0.23509421983105375  0.24559395024306915
  0.25608600940471432  0.26655241160739362  0.27703465465105420  0.28752090568605521
  0.29802620663352059  0.30853451373792484  0.31904264346365996  0.32955663888790693
  0.34003793657847753  0.35053965580928487  0.36105442568231461  0.37157292428115618
  0.38206359673745227  0.39255433516631227  0.40306420706710988  0.41358670996128266
  0.42410219426285040  0.43461057252424989  0.44509816935798474  0.45558664634739671
  0.46604619836868888  0.47650724457837867  0.48697338468551682  0.49750353161747085
  0.50805497173923431  0.51858994831551408  0.52908846603671189  0.53955824259902785
  0.55001541940904219  0.56046655933809553  0.57094458725797148  0.58144185561354600
  0.59194431002796621  0.60245974481020437  0.61299134238810782  0.62353010099327044
  0.63403958802712590  0.64453197877552115  0.65503791866581507  0.66553169020250813
  0.67602594550688766  0.68649257118262164  0.69697528110023999  0.70743870977193302
  0.71792983603665039  0.72843120809338280  0.73896289354891931  0.74947420320439795
  0.75997695383421859  0.77046283851364483  0.78098559818153157  0.79150629395679228
  0.80203121479478590  0.81257054047473953  0.82310917847583509  0.83365180136838413
  0.84414918004410788  0.85465599171075601  0.86512757351559944  0.87560507930696052
  0.88604506150979667  0.89654214284886258  0.90701797157647979  0.91754331170737113
  0.92803378151298799  0.93853864206489257  0.94900548054139111  0.95949224564719937
  0.96988372943996659  0.98032747801732334  0.99131157704372219  1.00000000000000000
 -0.00180196729713398  0.00976230191473424  0.01996087005636060  0.03046578344365294
  0.04098664371327936  0.05152619284406967  0.06212419993549057  0.07269515400709615
  0.08323427260870311  0.09375528360383424  0.10427771691599617  0.11484809677903278
  0.12540850716257324  0.13597294179584363  0.14651013557181244  0.15705006014973591
  0.16757007422575773  0.17813133726784999  0.18865948201206206  0.19918178493372074
  0.20967792322740456  0.22024524247243485  0.23079015753560930  0.24132307987572876
  0.25181394974323584  0.26235786068610251  0.27294284424713577  0.28347328571179953
  0.29400192772094530  0.30445862410099939  0.31494297001412275  0.32542050687153729
  0.33596188652850528  0.34654572470557238  0.35712510424371818  0.36766194346858355
  0.37817488241459679  0.38864090411078228  0.39915181708481690  0.40961317725207247
  0.42016948682509114  0.43070643606498543  0.44135372871268452  0.45194556074381703
  0.46251086885586890  0.47303171118422488  0.48354432019705135  0.49405090497319137
  0.50453827476381463  0.51507776806296213  0.52562306255121738  0.53618818019073422
  0.54671855556415871  0.55729981444822008  0.56789171651588244  0.57846989853924258
  0.58900648192484817  0.59950018140089689  0.61001500106932527  0.62055861775101828
  0.63112773091449459  0.64167509412240908  0.65220698326986470  0.66275971387157540
  0.67332941517832645  0.68392462351506134  0.69450139753714502  0.70508081373364884
  0.71561206152482959  0.72613153164767719  0.73666343213602514  0.74719572701119230
  0.75772770613254670  0.76824273955244771  0.77876588227906629  0.78930764372892681
  0.79989416298554739  0.81044516175591619  0.82099769355486674  0.83151852882939570
  0.84210830458372632  0.85265266296789000  0.86321212781868784  0.87369390716352324
  0.88425669727983203  0.89475789359802071  0.90529822444315533  0.91577766461906474
  0.92627598406070466  0.93676711298961557  0.94727011394604699  0.95778348447858108
  0.96832876297956227  0.97888131939130818  0.98944891151959591  1.00000000000000000
 -0.00197073528398144  0.00989311567922944  0.02013464877602222  0.03064021612800183
  0.04118665774380376  0.05178711298555884  0.06237459756982507  0.07290710029984718
  0.08339042270106356  0.09389733569015619  0.10439515635281972  0.11487146360017850
  0.12536374044851911  0.13585207675377844  0.14636693481706647  0.15688878572500964
  0.16744729175215287  0.17797112213538011  0.18850771143210801  0.19905460679279555
  0.20962633961183547  0.22017943638872436  0.23069069302538550  0.24121456377524625
  0.25176417900788195  0.26232931321634351  0.27289330946936857  0.28344503790381076
  0.29400219113857556  0.30452995819518025  0.31503754409814411  0.32557317651123524
  0.33612450575479058  0.34665864096475735  0.35717096192526127  0.36766578977601677
  0.37822454263398142  0.38881039495043551  0.39942226599897351  0.41000707574541861
  0.42056357206428047  0.43111159043691305  0.44161553077576143  0.45211024317022913
  0.46261265725136913  0.47313944200822627  0.48368493956174502  0.49420886720336304
  0.50476451294916946  0.51530314076693329  0.52586102035680193  0.53638791412891529
  0.54692169011642588  0.55744743661357743  0.56795460911977735  0.57847599373449843
  0.58902094394899296  0.59956726070879396  0.61010260129333782  0.62062386185185137
  0.63112805472939781  0.64162257528739985  0.65211574913764692  0.66259924459090369
  0.67308683115636847  0.68362436981205654  0.69422022523001925  0.70482273351375746
  0.71535526637234503  0.72589117908456102  0.73640926419987351  0.74697743266759153
  0.75755195591163138  0.76811375982128860  0.77865964651629282  0.78922000202196618
  0.79980998759005428  0.81040017098552308  0.82094952775991359  0.83152642752806838
  0.84205699074763329  0.85263058206180908  0.86317212669009435  0.87374860683555811
  0.88429231712668521  0.89478648919089665  0.90528613130218760  0.91574184054566277
  0.92622829250391270  0.93671971236279161  0.94723172538703460  0.95780489059540130
  0.96833916919776875  0.97889936731003002  0.98943182240842620  1.00000000000000000
 -0.00241194538750210  0.00964459953409075  0.01983743646087951  0.03034763118520540
  0.04088781157808392  0.05140642289012833  0.06200197217138702  0.07257693226394958
  0.08319265761875685  0.09371887983412110  0.10430881507143731  0.11488356120547792
  0.12547365148342529  0.13604242748902076  0.14658204995480614  0.15713249207281854
  0.16764557415991080  0.17819035363906688  0.18872950047347106  0.19934186383668526
  0.20991803050496871  0.22050195290368965  0.23102619192788626  0.24158297533176848
  0.25215687375510271  0.26273671472958859  0.27327704903599359  0.28382358486240022
  0.29435634828751261  0.30487156706119967  0.31538648375204204  0.32588333863460744
  0.33645387073324562  0.34702904620192088  0.35761735179269627  0.36814723713828790
  0.37866648231977090  0.38916333211154869  0.39967673323469283  0.41014158975523374
  0.42065970463048552  0.43118795387057529  0.44174175783344333  0.45224836117902079
  0.46274600282604134  0.47319614540530974  0.48368057433789968  0.49418105218219854
  0.50475396368920888  0.51531826590010366  0.52585222086669825  0.53639691544856050
  0.54693838100287484  0.55752573344489620  0.56810332853336443  0.57870664255086968
  0.58929450637980663  0.59983868671054885  0.61035391985432563  0.62085456453017085
  0.63134974821966405  0.64187994589626740  0.65240970894553352  0.66296232409729150
  0.67348132244070114  0.68404237399850731  0.69459295512668695  0.70513672061222898
  0.71565115206519769  0.72618837590747276  0.73673065026481943  0.74728260353623999
  0.75780944940273742  0.76835943782809146  0.77891897649157138  0.78947105403633222
  0.80002082284536224  0.81056997953187948  0.82114017656343019  0.83166535503773420
  0.84217324916642267  0.85268674818208401  0.86318394915478580  0.87370804800707491
  0.88420500142475267  0.89473590942232872  0.90524142821517084  0.91577748097997969
  0.92630847413394424  0.93682455344319737  0.94734051154903087  0.95786628865275092
  0.96837279133004961  0.97888880540515466  0.98942233720493711  1.00000000000000000
 -0.00227677218268344  0.00989934188371210  0.02013722470122731  0.03062492899610843
  0.04115745197649372  0.05170746759284645  0.06226599619480278  0.07280596952783353
  0.08334482377074239  0.09389962688176932  0.10447815635403776  0.11507809480044687
  0.12565669290038742  0.13619966902449149  0.14669947554269158  0.15726706043923711
  0.16781259200540941  0.17835855535496478  0.18885973261597230  0.19939106491472303
  0.20994251197040373  0.22052114482588292  0.23109267358745245  0.24161069402479510
  0.25212204391908144  0.26262827920059034  0.27315918444865861  0.28364911178665314
  0.29416972840237277  0.30472393850823837  0.31527792983427472  0.32582896160496616
  0.33638789443494571  0.34693762765974956  0.35747866005071677  0.36799703157085062
  0.37854446867677888  0.38907134412544359  0.39957911119604739  0.41007327201857863
  0.42060207130181865  0.43116245582053048  0.44172352903683448  0.45224774048723648
  0.46272905690619565  0.47323989840967434  0.48377514319851878  0.49435333487428468
  0.50490377600067804  0.51545130420994123  0.52601603250748385  0.53659067499033974
  0.54715163984007742  0.55769199860761565  0.56822140999298409  0.57875174249536587
  0.58927208237050821  0.59976480294965351  0.61025960177563121  0.62074463898964405
  0.63130766649328196  0.64184180533511170  0.65237147225958136  0.66284695459857890
  0.67335695200739432  0.68384283349529906  0.69438929976567154  0.70491989643223496
  0.71550100539959038  0.72599874569017464  0.73652874894183029  0.74707595581395958
  0.75765813309624153  0.76823011470868696  0.77875382709282559  0.78930931093791190
  0.79984164650994860  0.81040915527437596  0.82096476827009113  0.83152328824580424
  0.84207791440008828  0.85260205437167735  0.86314786012233002  0.87366569039025233
  0.88418429877624416  0.89467277284684699  0.90520755155642763  0.91572361511277467
  0.92626290326577221  0.93676559068960319  0.94729453543667375  0.95780486919293906
  0.96834747774845931  0.97886835601694999  0.98943652036123531  1.00000000000000000
 -0.00242656012093995  0.00993761285048698  0.02023019131895050  0.03074114357579729
  0.04128158267486819  0.05181160709044420  0.06235288541058592  0.07285623128004026
  0.08336688360431281  0.09390450246833097  0.10445029057150614  0.11496919599003752
  0.12546983342351775  0.13599368285859847  0.14652543968364071  0.15706265838413566
  0.16757218835231144  0.17809052397990244  0.18860905300091749  0.19915029767434644
  0.20971779336946222  0.22031349520251306  0.23090253659591325  0.24150597399527979
  0.25205611801553951  0.26259730604883924  0.27308282228506414  0.28356920838250727
  0.29402134234842919  0.30451669249042246  0.31505410635586506  0.32563232827552629
  0.33612946060230031  0.34656503874119077  0.35699159600045882  0.36749355103678083
  0.37804433463984355  0.38859269543256281  0.39914268113254375  0.40967567729326648
  0.42020898451984673  0.43071581125904762  0.44125084370972872  0.45178797245350122
  0.46232970904690829  0.47282757667577663  0.48330004035912294  0.49382517252570546
  0.50435469191176874  0.51495359120737993  0.52553398537462837  0.53612463554124834
  0.54669802059715111  0.55724197766406147  0.56781936074617090  0.57836724999511602
  0.58886651075068719  0.59935301474768177  0.60985898428447771  0.62042034687250247
  0.63097722170202653  0.64155122841925527  0.65212157113949476  0.66269969656472194
  0.67319418247069918  0.68371574243120548  0.69419957954319034  0.70478687460569656
  0.71534580656873703  0.72592438873448495  0.73646040928899636  0.74699391056492226
  0.75754697025640627  0.76808255496100142  0.77863885305910241  0.78917382991427165
  0.79975004289865181  0.81030086456923767  0.82086357631323603  0.83139537893787208
  0.84191916764112074  0.85241605831422707  0.86289367198121592  0.87338299618136606
  0.88390290082943801  0.89442973909742063  0.90494671900381685  0.91546163754334764
  0.92602021073582130  0.93662203603145644  0.94725318838042172  0.95785057611387625
  0.96840829609738699  0.97892709613131368  0.98945557388689276  1.00000000000000000
 -0.00219323242020365  0.00967383575768712  0.01987482456307191  0.03044961775263945
  0.04095884694126833  0.05149153566775581  0.06201705620625192  0.07256451969865615
  0.08307160125936662  0.09358723195906275  0.10414090406170301  0.11472030056897521
  0.12529858054001458  0.13586627959287376  0.14638850961718217  0.15690925588586135
  0.16745551889090191  0.17804445406434241  0.18862767392260041  0.19914435629852495
  0.20966987190517924  0.22019094935500283  0.23073150659223773  0.24128569294459065
  0.25184407842382966  0.26236637309344546  0.27282396395159941  0.28330405116583407
  0.29384465899891221  0.30442030025599082  0.31497296874883163  0.32552052670313825
  0.33601293895975914  0.34651605688649556  0.35702747226263309  0.36756875145219031
  0.37809103319674531  0.38855708485037671  0.39906952576343263  0.40958572332746779
  0.42013893001421432  0.43067807336884145  0.44119790232688444  0.45173239578205582
  0.46225104528214006  0.47275041196919554  0.48324009458543837  0.49372217934806073
  0.50425076071485198  0.51476391394466714  0.52529064571332906  0.53582403551162727
  0.54637590637771338  0.55693957198069477  0.56749682153250214  0.57805341827104184
  0.58860293464790292  0.59914378156633652  0.60968867305617436  0.62025993112168443
  0.63085004106388476  0.64141854851918412  0.65192750466949301  0.66243920828926206
  0.67294626767126853  0.68348980253959613  0.69399924344099462  0.70450927571429312
  0.71503588852539934  0.72556187893885926  0.73608903654166480  0.74660340936740688
  0.75717476530611449  0.76776443713789544  0.77833793337669843  0.78889306051150954
  0.79945115814191825  0.81005424819619198  0.82064577294476260  0.83124319115064904
  0.84178515258463316  0.85229693352110802  0.86280394649623893  0.87332316994388637
  0.88388209240055193  0.89440722761835478  0.90494187718116637  0.91549774180352639
  0.92607905737388274  0.93665819924516103  0.94717365252644981  0.95771338185802668
  0.96828209604706184  0.97888007597452165  0.98945577053037459  1.00000000000000000
   3.0573438662069263E-009  -1.0000000000000000     
 F F F F F F F F F F F F F F F F F F F F F F F F F F F F F F F F F F F F F F F F F F F F F F F F F F F F F F F F F F F F F F F F F F F F F F F F F F F F F F F F F F F F F F F F F F F F F F F F F F F F F F F F F F F F F F F F F F F F F F F F F F F F F F F F
  <DiscreteSampler_grid>
  grouped_processes
  1 # 1 for a reference and 2 for a running grid.
  10 # Attribute 'min_bin_probing_points' of the grid.
  1 # Attribute 'grid_mode' of the grid. 1=='default',2=='initialization'
  0.0000000000000000 # Attribute 'small_contrib_threshold' of the grid.
  0.5000000000000000 # Attribute 'damping_power' of the grid.
 # binID   n_entries weight   weight_sqr   abs_weight
    10   10   7.960142544300065E+005   1.742829647799560E+012   7.960142544300065E+005
    11   10   7.960142544300071E+005   1.742829647799565E+012   7.960142544300071E+005
  </DiscreteSampler_grid>
