  0.00958197541699823  0.01560208394575772  0.02484909646484484  0.03566964156773920
  0.04607125859617301  0.05647586438181688  0.06685819902861578  0.07723549807629644
  0.08761923933925174  0.09801276286128729  0.10836514495635304  0.11871255389451343
  0.12907798807795581  0.13949729362105617  0.14994155688793540  0.16034742776937067
  0.17075367633097066  0.18116435825010313  0.19158031263629560  0.20194139176449097
  0.21224079746549102  0.22255966609426109  0.23293005474747194  0.24336621302068992
  0.25377884772442894  0.26414248465410523  0.27445461071458926  0.28477050550481714
  0.29510413818364378  0.30550408325962247  0.31592552709269078  0.32640579659021279
  0.33686764401821823  0.34731331590342224  0.35770673142458886  0.36808159008882779
  0.37844170644248193  0.38881164689546710  0.39916116843555516  0.40951413036195944
  0.41984123728328027  0.43017703965959375  0.44051538579567723  0.45088816013323318
  0.46126202379939146  0.47161811903707224  0.48197084993076283  0.49234988437581345
  0.50274371600644818  0.51310707737091921  0.52344763873369560  0.53380370218214435
  0.54417799993842197  0.55455410352911072  0.56490436940717037  0.57525225781367273
  0.58562916121725628  0.59604886756824194  0.60646949757463364  0.61687296154395410
  0.62727860092126897  0.63768995018763375  0.64809016155770238  0.65846604323427549
  0.66883911212728731  0.67921043043377294  0.68957744762204665  0.69995848719457132
  0.71034557153182443  0.72071900898307495  0.73107243797780141  0.74144260598816647
  0.75184170126520422  0.76225779467850319  0.77269170133739151  0.78313347320960225
  0.79357625246332708  0.80397436657299515  0.81433132543942821  0.82467951569537301
  0.83506648499040936  0.84548622553005059  0.85592172515824450  0.86633466302971951
  0.87675304494322492  0.88717279055843834  0.89759152515703944  0.90799157823219434
  0.91834534129352052  0.92867637509790646  0.93897726922773672  0.94931232685006350
  0.95969258510179001  0.97009792989637889  0.98050215802837259  1.00000000000000000
  0.00955527398440326  0.01592323901852195  0.02500716222320190  0.03580126291824486
  0.04615648152942228  0.05654423762687347  0.06689970268204148  0.07724102841044800
  0.08759517147603452  0.09797454048978714  0.10835041290131957  0.11871264795768173
  0.12907524895701775  0.13946264635105546  0.14986303507217033  0.16025818778635920
  0.17064474873767368  0.18100229643966170  0.19135938510243664  0.20173845389895728
  0.21212453143993421  0.22254997067050053  0.23296182456459721  0.24334795152713956
  0.25372486096229230  0.26411995075494538  0.27454631813287395  0.28498858456949172
  0.29541135783680422  0.30584141880603349  0.31622533169369488  0.32661291792422342
  0.33699858248175119  0.34740732934015794  0.35781066990070759  0.36819261214282933
  0.37852239667897142  0.38885150162801596  0.39917950328924873  0.40954909976483145
  0.41993097136580515  0.43036356336966308  0.44080712639415881  0.45122430332764663
  0.46159536208549662  0.47195594245668177  0.48231914479596139  0.49270904474390365
  0.50309507213042393  0.51348194381638168  0.52383199782253664  0.53416392711332705
  0.54449140935622953  0.55482338947748133  0.56517967735004693  0.57556734089023653
  0.58597470992985745  0.59636200716515309  0.60671680297425368  0.61706135422355157
  0.62742922248955302  0.63782649623406174  0.64821443637442910  0.65857850554014652
  0.66892721400585387  0.67928724286929076  0.68967445122234705  0.70006898526256367
  0.71047109026531685  0.72087023422757290  0.73126180826271259  0.74162991009359291
  0.75197375270313849  0.76231542675311026  0.77266982662191441  0.78305949451831847
  0.79348429302196710  0.80393042427541883  0.81433433481260342  0.82468773448278221
  0.83500665930159357  0.84532409132772579  0.85566505001564452  0.86602409839578554
  0.87640836237146058  0.88680543971511339  0.89720409022990555  0.90762012899778266
  0.91799893270379673  0.92838764550346076  0.93879560925278160  0.94925376258420380
  0.95972246614438395  0.97014140713820463  0.98050912880468377  1.00000000000000000
 -0.00231419935463598  0.00958466671621821  0.01975760591870186  0.03028714021700954
  0.04083190907962879  0.05133286970711648  0.06185973495811315  0.07238209445711338
  0.08293118347088892  0.09346425437663944  0.10401622794811366  0.11458537812913971
  0.12511686946708284  0.13562768422988500  0.14617160591713937  0.15672658294430067
  0.16728825338423853  0.17781261097783607  0.18837256242627806  0.19891488663599305
  0.20944250699109213  0.21990324531971164  0.23039225397328650  0.24091766015145580
  0.25151553209093275  0.26211063961362774  0.27266416191830795  0.28316566685658107
  0.29364998329379749  0.30416043727168579  0.31470969362219392  0.32525032037317853
  0.33573613250549977  0.34622500254667427  0.35670533474073163  0.36721505051586090
  0.37771036908774430  0.38823465831694121  0.39879800197014781  0.40931185660155411
  0.41981198066872072  0.43032758748845978  0.44085341426385599  0.45137275435415092
  0.46186639339879693  0.47239955898060526  0.48295024832138184  0.49349717840868307
  0.50405798895547560  0.51458781811542820  0.52513716608257988  0.53569103034908760
  0.54626549748532505  0.55681486135081826  0.56736619879531591  0.57791917240195723
  0.58848480461160602  0.59902733829868660  0.60956417929049000  0.62009650659008131
  0.63063739979682287  0.64120293505172354  0.65178723664417715  0.66237272487456367
  0.67296397254509510  0.68352275290229048  0.69408845213826675  0.70462112183947023
  0.71517254600705260  0.72575064791136423  0.73628927629175567  0.74677339022945688
  0.75721578931836442  0.76768777170318558  0.77819643339724720  0.78870688390922383
  0.79928525102301518  0.80986823467012325  0.82050272484499287  0.83111509353501845
  0.84172615225826297  0.85228861656642163  0.86286288661588206  0.87345273907845755
  0.88404801998711302  0.89459131899896593  0.90513193877197351  0.91567022414276666
  0.92620469693300267  0.93669673181636925  0.94720873907641712  0.95771241308186683
  0.96826987888952165  0.97881412323037154  0.98940655315194259  1.00000000000000000
 -0.00232334268281467  0.00975166522167232  0.01994778152630031  0.03044921257370009
  0.04097167131355172  0.05154212610163009  0.06208897561475595  0.07263381336713337
  0.08314860078096649  0.09371917095655272  0.10431288595865229  0.11489723388314062
  0.12544130386537591  0.13595259689298167  0.14647467509749595  0.15700094174367493
  0.16751081496770553  0.17801680134797657  0.18852699113288518  0.19904105713321399
  0.20954784841137189  0.22008245156541070  0.23063240258364304  0.24115175667714669
  0.25166127262000071  0.26219860449506915  0.27275400644449382  0.28330817588811241
  0.29384877484478750  0.30437894084840877  0.31491823375188832  0.32546533359669549
  0.33607561332913055  0.34667630970190122  0.35727957013423223  0.36781086446363848
  0.37833380080246853  0.38883119538434446  0.39936671814858687  0.40989674896579636
  0.42045410254156707  0.43095693815708891  0.44148903815560753  0.45204009051378596
  0.46268410440855268  0.47327775277389011  0.48384883241643128  0.49438849161070342
  0.50492201103498024  0.51546191976766997  0.52596113963212399  0.53647762878429761
  0.54699479384555794  0.55751531864904613  0.56808163896080310  0.57863439619039791
  0.58923364376948539  0.59977287643581578  0.61029139809917687  0.62080931796210492
  0.63131051026996554  0.64179822400075681  0.65228178896702194  0.66279412430830087
  0.67336567925840407  0.68389817792712904  0.69444617438339795  0.70494738436251325
  0.71554865479923679  0.72611494466749227  0.73669047145430433  0.74719631389927166
  0.75769592381100426  0.76822533640796220  0.77872394401074796  0.78926553899291185
  0.79980040454114576  0.81033003379474422  0.82085419874959964  0.83136123792530425
  0.84186753614384713  0.85238221565457217  0.86293234574287170  0.87352084422651555
  0.88410068754129989  0.89467078412273937  0.90522703056987819  0.91579417403868868
  0.92634461011208491  0.93686400556333760  0.94736114321219766  0.95784073210331733
  0.96840253942268828  0.97896484275331486  0.98951372799738013  1.00000000000000000
 -0.00240871496591310  0.00950465288313847  0.01965264602127281  0.03018539019419656
  0.04073383198988362  0.05129731151299619  0.06187408305840317  0.07246065579260016
  0.08306409737529087  0.09366058741987034  0.10425710556256385  0.11483318576308620
  0.12538382387700314  0.13590541269860465  0.14642187942883977  0.15695369361194747
  0.16748818281992772  0.17802540935105463  0.18854617940211144  0.19909179642684444
  0.20964171172535898  0.22020212894099428  0.23074855513053291  0.24126466525621129
  0.25180700652179722  0.26230895591145731  0.27277680500737622  0.28322587753126793
  0.29367830401466744  0.30421253549651178  0.31476534635030723  0.32534193246704174
  0.33589953316191834  0.34646325989790072  0.35702645934470534  0.36759371067510394
  0.37814240892001799  0.38874077532031059  0.39932782602814387  0.40989604595139750
  0.42043207829557866  0.43088664257942794  0.44138761875873000  0.45186449170140347
  0.46242539174656733  0.47291286295811535  0.48343885032133471  0.49395455235273034
  0.50451874633789395  0.51507745619436718  0.52565834595465077  0.53625577479968045
  0.54686540997971900  0.55742850448520675  0.56799279976536177  0.57852242116399155
  0.58909196701075650  0.59970001410411689  0.61028160189918002  0.62088127260041792
  0.63138050049038774  0.64189719821407043  0.65237374594060638  0.66288749127948143
  0.67342209289137411  0.68397923974545483  0.69450840274419612  0.70505313968084982
  0.71557143163739412  0.72609288772163671  0.73659562743288765  0.74713337388146217
  0.75771834580726727  0.76828944178785075  0.77883034167104626  0.78934621747733535
  0.79988591715707069  0.81042829455706888  0.82098324801762279  0.83155379464611645
  0.84208678812676863  0.85261548228515960  0.86308952346229006  0.87356075511795295
  0.88405489827195272  0.89457921297014342  0.90516209431603178  0.91570581392213701
  0.92625625787165300  0.93676522486168745  0.94730910766630771  0.95778993831684589
  0.96832509084061924  0.97884123528134748  0.98942855513533323  1.00000000000000000
 -0.00235431429250955  0.00960225858720154  0.01975432125617524  0.03024482201051562
  0.04071036050832911  0.05119882205868758  0.06170218641404501  0.07222470549703264
  0.08274841949737115  0.09325857471054262  0.10379353383999627  0.11435563962156185
  0.12495620462007843  0.13553635219606100  0.14608465210892380  0.15665338101490028
  0.16723940119386932  0.17778179792139703  0.18822722586746982  0.19870843703407318
  0.20921607452463364  0.21978999863969215  0.23033516303387058  0.24088719759269803
  0.25141929759505649  0.26195354083186073  0.27248875479184154  0.28304639542131016
  0.29359316569924637  0.30415844927677388  0.31469945919467890  0.32527489532145359
  0.33578578734769954  0.34631509072415612  0.35680258239857221  0.36736149466483736
  0.37792963818885311  0.38851574465671229  0.39908140147093846  0.40963615238790757
  0.42015444124941215  0.43064467066803080  0.44115140260552321  0.45165435993375380
  0.46218624558530452  0.47271022906525029  0.48324424298665242  0.49380250665844017
  0.50436972254303225  0.51495777406737264  0.52551612870684328  0.53599957188483105
  0.54646957526204054  0.55695233477803430  0.56750497405260447  0.57803274325875276
  0.58859893809639363  0.59917118991680351  0.60977655675271492  0.62031810897398876
  0.63082585042921469  0.64134739487388193  0.65186763970529704  0.66240859197815960
  0.67289892575950694  0.68340051819048775  0.69388532193576014  0.70442197097377635
  0.71495050889570888  0.72550594610858532  0.73604658827568636  0.74664600850698037
  0.75725167182942432  0.76787768548747259  0.77845265602328373  0.78901813040977409
  0.79955018114269483  0.81009578344857947  0.82064366909873043  0.83117418138694521
  0.84169509318921942  0.85221575302572494  0.86276523323904331  0.87330531080423845
  0.88380791425632688  0.89430409512852738  0.90482047775815733  0.91536217136369569
  0.92595525418881230  0.93656244614723461  0.94715457004457293  0.95770904538733592
  0.96827511462614080  0.97884004055698970  0.98943209026970735  1.00000000000000000
 -0.00243944265093591  0.00947388478766978  0.01957727172094640  0.03004360473982859
  0.04054624929977165  0.05107689898719956  0.06162090821411607  0.07216599962703811
  0.08273902431642674  0.09330368449440664  0.10386341994025843  0.11439776619156636
  0.12492470022299478  0.13544680604887890  0.14597401431009946  0.15649604854640742
  0.16699537549830801  0.17748591177428058  0.18797925798542015  0.19848830514210367
  0.20899096942283482  0.21945858968013213  0.22994368957101463  0.24044601092006945
  0.25101560459430544  0.26158618023913355  0.27214647870982350  0.28268176082000762
  0.29320137416160452  0.30375170383889122  0.31424194132863320  0.32472903097676786
  0.33521495692938219  0.34578005642579174  0.35636178951077302  0.36693143404047335
  0.37747758431123174  0.38805305515763289  0.39864672068479862  0.40923713867524231
  0.41981865942231139  0.43038836421385734  0.44097980096927220  0.45151698825196224
  0.46205652146667958  0.47255767869122955  0.48309452337646053  0.49360198633750740
  0.50412367538567882  0.51465203812916538  0.52520626919989999  0.53575994566256013
  0.54632272998117593  0.55689264939310490  0.56747207947018807  0.57802303432600222
  0.58856566176944292  0.59905665796174767  0.60956288477613940  0.62003294108866047
  0.63055062086812774  0.64102132372440512  0.65158252406919526  0.66214578828269566
  0.67272378599649330  0.68324150778908732  0.69378749111994387  0.70434808577614594
  0.71491408239691778  0.72548861178802493  0.73604983238141330  0.74661522275142256
  0.75715959997516014  0.76772410624139431  0.77829081302775294  0.78882659346453066
  0.79936581710940702  0.80987351605803892  0.82040775015998513  0.83094649579728785
  0.84152830565159509  0.85210139342537938  0.86266690117825673  0.87323645138763240
  0.88379895912447171  0.89437380630889818  0.90489317300657302  0.91544037397643130
  0.92595573418307919  0.93647613477877123  0.94701545702906820  0.95760129830691321
  0.96821010968678112  0.97880459156913013  0.98938701350540015  1.00000000000000000
 -0.00212539464163221  0.00950499869930825  0.01961731207513536  0.03006356427169949
  0.04054536152951149  0.05101027643520917  0.06149110058225630  0.07201410149114129
  0.08255561514827239  0.09308700876319713  0.10359723870797417  0.11409968150560819
  0.12460060500822583  0.13509639538934795  0.14561031877159755  0.15615868650378231
  0.16670987774773682  0.17727670302394635  0.18783970350727922  0.19835831426199046
  0.20884221336398592  0.21930075685145556  0.22978334441981341  0.24030897362833320
  0.25087834657575481  0.26142252728469623  0.27196368613717731  0.28249709945945356
  0.29310110615864710  0.30371498867740621  0.31429727667636631  0.32483574231886919
  0.33531956058110929  0.34585415281545007  0.35643598698120210  0.36700697210815786
  0.37756422712500898  0.38807539153007220  0.39866077486966972  0.40922979835285483
  0.41980740516710380  0.43035145645401640  0.44089784533998849  0.45142331802167612
  0.46193426803859594  0.47245803078293103  0.48299688415543046  0.49355491275409658
  0.50411510218885403  0.51466473745827979  0.52519474836051150  0.53568279107252692
  0.54618366179929356  0.55671492482855289  0.56725120429649623  0.57778211864399864
  0.58830500183897971  0.59884146484495138  0.60939115676222688  0.61993657638076904
  0.63048496319298852  0.64103139990431224  0.65157273959050765  0.66212198998308414
  0.67264322841166058  0.68321851385252008  0.69377010073451084  0.70442472998808481
  0.71500129013500724  0.72564231064042750  0.73619209798057716  0.74680164359748358
  0.75736382293432158  0.76791144676756806  0.77842782781548558  0.78892918669593559
  0.79947943440324143  0.81006214759421979  0.82068596525017745  0.83129998123966486
  0.84187914860039825  0.85246735341714286  0.86305989500882585  0.87366304416958751
  0.88424690453403820  0.89479945396588978  0.90529996730265028  0.91580577990871537
  0.92630630708335182  0.93684542782073144  0.94737770322484172  0.95788283429968590
  0.96843081384043539  0.97894272675255445  0.98949832487722900  1.00000000000000000
   1.0830437582949036E-011  -1.0000000000000000     
 F F F F F F F F F F F F F F F F F F F F F F F F F F F F F F F F F F F F F F F F F F F F F F F F F F F F F F F F F F F F F F F F F F F F F F F F F F F F F F F F F F F F F F F F F F F F F F F F F F F F F F F F F F F F F F F F F F F F F F F F F F F F F F F F
  <DiscreteSampler_grid>
  grouped_processes
  1 # 1 for a reference and 2 for a running grid.
  10 # Attribute 'min_bin_probing_points' of the grid.
  1 # Attribute 'grid_mode' of the grid. 1=='default',2=='initialization'
  0.0000000000000000 # Attribute 'small_contrib_threshold' of the grid.
  0.5000000000000000 # Attribute 'damping_power' of the grid.
 # binID   n_entries weight   weight_sqr   abs_weight
    10   10   1.024060892644978E+004   1.969736742272355E+008   1.024060892644978E+004
    11   10   1.024060892644978E+004   1.969736742272355E+008   1.024060892644978E+004
  </DiscreteSampler_grid>
