  0.00962360597241231  0.01669670137604417  0.02490294965659060  0.03553078642837402
  0.04567493106019108  0.05590450045440132  0.06613389946130940  0.07635992682374981
  0.08659244210813244  0.09681893025759002  0.10708684392527211  0.11736565017942355
  0.12767777812264972  0.13795947382108803  0.14827527739313953  0.15864976911116055
  0.16907109074117244  0.17944883142772139  0.18979588931234051  0.20014453362330983
  0.21046723785838550  0.22079510130590096  0.23109272070477466  0.24142661370722279
  0.25177912056321422  0.26214789219892271  0.27252383958120718  0.28287492271945824
  0.29322263742623261  0.30356122668832797  0.31388792454247488  0.32422682597036151
  0.33458176572901765  0.34493250862524832  0.35527844826753840  0.36561851020597874
  0.37599005325561191  0.38638143058171598  0.39676982471970662  0.40714512114167722
  0.41750426046017736  0.42784766965442911  0.43820775218331043  0.44863117298570959
  0.45911746608752152  0.46962584128627866  0.48007544740708735  0.49048587651657016
  0.50089080264825259  0.51131349685137917  0.52174221802056220  0.53214691290549976
  0.54254220141062204  0.55292670150535128  0.56330676883684361  0.57368680911936676
  0.58405807498383955  0.59441742295632116  0.60476980328053376  0.61514679767208280
  0.62555210690340179  0.63597022249327195  0.64639235041463428  0.65681304237336691
  0.66720026441470481  0.67754019157259959  0.68785564595293436  0.69821821909908854
  0.70861236160344254  0.71903969685701041  0.72944622003256487  0.73984669670137260
  0.75025649729173627  0.76066546529700751  0.77107207238666553  0.78144939782939504
  0.79181857391850052  0.80219330947953604  0.81260664743314959  0.82303559998229836
  0.83346742843432264  0.84389884867541909  0.85434088796892571  0.86479400264684037
  0.87523446296249663  0.88567653580230388  0.89610741811539163  0.90651581013810967
  0.91692216903729939  0.92734944467899461  0.93777677253337566  0.94825420802081717
  0.95880280254321337  0.96938598698704459  0.98007422067806838  1.00000000000000000
  0.00934935150774469  0.01667811332379227  0.02489732535329863  0.03554887103691420
  0.04574433709732820  0.05603669188977032  0.06636220527064852  0.07674860889220975
  0.08716202401553200  0.09758601270312287  0.10796910444109742  0.11835698490650295
  0.12874429976759438  0.13918150341734450  0.14961496380439634  0.16005360412870573
  0.17049790737670972  0.18095389039541201  0.19142818052683946  0.20186983821253435
  0.21227537844215752  0.22268612288184819  0.23314155387067581  0.24359974561803852
  0.25403979432906315  0.26443628731330016  0.27486549007213124  0.28534253560303535
  0.29581605687526030  0.30630658537688943  0.31672496136232764  0.32715290321748652
  0.33756121020122359  0.34799331345819173  0.35842573507830422  0.36886062741510967
  0.37932327378771036  0.38980587087389573  0.40028875612732689  0.41076823849000005
  0.42124128253894860  0.43172447767096622  0.44217842817262298  0.45269727139105714
  0.46314762364847739  0.47362758986223930  0.48403910725525712  0.49450473038468928
  0.50497012750642345  0.51545074549410441  0.52593135820856363  0.53638981083463921
  0.54686710049729093  0.55732250424242391  0.56779015743144701  0.57821177117658606
  0.58865204338238131  0.59909792538122197  0.60960495381358881  0.62005216634248561
  0.63050570704107944  0.64091095454242519  0.65139225697824821  0.66187920831400560
  0.67243330716047089  0.68297217809407618  0.69349894716965188  0.70397325177185255
  0.71447954144641546  0.72498217378909069  0.73552570842985898  0.74602754884331379
  0.75652287806580865  0.76697317237143692  0.77743083688794012  0.78792249430246419
  0.79841005894024430  0.80890758111141980  0.81939602893358221  0.82984857080039975
  0.84031336009493585  0.85078145741444522  0.86129436111966018  0.87179006645598256
  0.88230732161932279  0.89279237957621593  0.90332038658340330  0.91381857959083379
  0.92437475914470268  0.93494234830524725  0.94556163817734173  0.95621622268115769
  0.96696329071391074  0.97780319427801410  0.98884445949667776  1.00000000000000000
 -0.00224392612683031  0.00993611793634588  0.02015734739306925  0.03063724462896908
  0.04116421275535730  0.05171561368294664  0.06229391214056648  0.07282376009227565
  0.08335848832399076  0.09389485746651173  0.10443285233072268  0.11497593238413417
  0.12551130216711720  0.13604919898820481  0.14657279774851573  0.15705122920566825
  0.16752869891559499  0.17804425622155448  0.18859751928686266  0.19916193033565777
  0.20973135984727762  0.22028802506844047  0.23083145925670695  0.24136648816874576
  0.25193381057377623  0.26253865978811847  0.27310393155572971  0.28365153958975720
  0.29420223651459448  0.30472958294285629  0.31525894114001835  0.32575209537616090
  0.33626911100016726  0.34678868312556504  0.35731212463143402  0.36781717009636111
  0.37828889251811848  0.38880261119356241  0.39932611188765466  0.40986783816137301
  0.42037541839109055  0.43087799862101178  0.44137730021448074  0.45188865158010250
  0.46239712202620292  0.47295470086194985  0.48348675091340193  0.49406094899886777
  0.50457586885653749  0.51516783046784975  0.52572687462885292  0.53635398203680140
  0.54688968735843058  0.55741225960106011  0.56785640519916836  0.57835703020703988
  0.58888956413870086  0.59944701742924633  0.60996727401621553  0.62047625076266733
  0.63104498545715226  0.64163637187949607  0.65221981264710072  0.66280392020753554
  0.67338495265122922  0.68396172310715231  0.69446391037666644  0.70491266362566507
  0.71538154940072696  0.72591333880723907  0.73649682631418600  0.74711242772902775
  0.75768565531516285  0.76824890757986020  0.77880627426405169  0.78938855795165785
  0.80000464958816486  0.81054762260036739  0.82107624609146912  0.83158512448231892
  0.84210329238015813  0.85260976920057896  0.86314039391500852  0.87372365048229261
  0.88430731314595268  0.89483420730042385  0.90533871564683821  0.91580885276313873
  0.92629762685268013  0.93677664434970620  0.94730355249576181  0.95785508946078668
  0.96838431416000059  0.97891096732017358  0.98943381897010629  1.00000000000000000
 -0.00253572514024746  0.00961647457810868  0.01980466287133848  0.03029835130658731
  0.04083604528613632  0.05141864937264529  0.06199326951211914  0.07256879876235643
  0.08312671728731599  0.09369363725212718  0.10423571030338022  0.11475400836808719
  0.12526207779033247  0.13580263745479965  0.14636891214533049  0.15694333799467436
  0.16748478384570589  0.17797016339785729  0.18847459755653359  0.19901908417608627
  0.20958613268777254  0.22017699853539616  0.23073400430484117  0.24127633462771225
  0.25180137933128782  0.26233054999684224  0.27289973700404019  0.28347508584941228
  0.29402080633844907  0.30457184149308753  0.31509957072524619  0.32565543211793951
  0.33619754858799195  0.34678456614651609  0.35734375237834287  0.36790603277021700
  0.37839787961782617  0.38891465506990630  0.39948425884389849  0.41005667603466650
  0.42061699478165543  0.43115957491894763  0.44174608192925524  0.45233749361306713
  0.46289933373275249  0.47347838516663315  0.48411675032594215  0.49475457772913900
  0.50538918292709045  0.51597067766079274  0.52651848544383373  0.53701640088510472
  0.54756958469503314  0.55810444044068452  0.56865390079997913  0.57916551550582795
  0.58969663085723367  0.60022629849033593  0.61073886768468466  0.62126783372390115
  0.63181501008669705  0.64234141003263845  0.65287677660174359  0.66338652124911746
  0.67390628120359897  0.68439488055927789  0.69491091693814400  0.70544746849967144
  0.71603551869269755  0.72659053230954629  0.73711681601801282  0.74760145860935667
  0.75807947000533416  0.76857952232789151  0.77910041026341437  0.78958458342508298
  0.80006186802696988  0.81050413540658250  0.82104730396341052  0.83159934516987633
  0.84224041195511334  0.85285519392064435  0.86345343594004853  0.87395454161382358
  0.88442986545215829  0.89489068292183482  0.90536286663632159  0.91586086485098217
  0.92635800303252835  0.93688888476196652  0.94742701798917750  0.95801529760181436
  0.96855248560364116  0.97904979947703652  0.98951369282726265  1.00000000000000000
 -0.00237100561345060  0.00965870119166135  0.01988073921444826  0.03042991970854647
  0.04097273904028208  0.05151995300048438  0.06204880523208692  0.07257702599028407
  0.08306927380040724  0.09358881498474012  0.10410683750529812  0.11463645846575431
  0.12516479654232832  0.13570672478207535  0.14624248886959559  0.15677843284846210
  0.16732601469011571  0.17786863514663540  0.18840477768412928  0.19891753006720034
  0.20947785707290659  0.22002849157665080  0.23054382850485572  0.24101739029444863
  0.25155848898968391  0.26209504206666162  0.27264090075100400  0.28317383575783545
  0.29375707779536592  0.30437413303490130  0.31493671327484674  0.32550705903679722
  0.33604930429315044  0.34654149405334783  0.35702033697568158  0.36746678247541781
  0.37798842356660628  0.38849839721747431  0.39903608807455804  0.40956607329725991
  0.42009749319419282  0.43060942671911284  0.44116833540274975  0.45175061619322388
  0.46235367432960545  0.47291813484624751  0.48349015724944039  0.49407111518491098
  0.50462988162917610  0.51517405052898779  0.52571065416077711  0.53624384174920836
  0.54678549893139361  0.55733382059347358  0.56790415367744862  0.57845614479553931
  0.58901145704710245  0.59952853373743453  0.61006709881229759  0.62063035040075776
  0.63121255574345470  0.64176875327655913  0.65230348079554812  0.66285175285446740
  0.67338930570978217  0.68390433481818325  0.69438900629277256  0.70493691532926717
  0.71548625306971814  0.72607236625237814  0.73663527743447832  0.74720029617934169
  0.75774899492193404  0.76829212099302435  0.77883069077252676  0.78937332424524764
  0.79989602699966922  0.81045118107541492  0.82099197015382386  0.83152890767104759
  0.84203225452574526  0.85249804635894810  0.86303383319056692  0.87355615974327860
  0.88411828567981632  0.89467717123031620  0.90524528239599411  0.91585139933358273
  0.92636548511978400  0.93687967131691285  0.94739203144157513  0.95797222581193520
  0.96849819749644883  0.97902131488250010  0.98950588567348963  1.00000000000000000
 -0.00236301428803427  0.00969614300465443  0.01990209868177513  0.03040549096026771
  0.04093339072981962  0.05144451668843606  0.06201759952667214  0.07259653582249645
  0.08313691750303326  0.09363357897957605  0.10414576843536694  0.11467639310532694
  0.12520898938016486  0.13573513905642251  0.14633086895154165  0.15692861799631577
  0.16750402390739805  0.17807897036049675  0.18868716867880470  0.19936889232175820
  0.21000925083591673  0.22060160636743295  0.23115375023441978  0.24168191453558163
  0.25221572667566944  0.26272482402812086  0.27327591617309593  0.28381490312057983
  0.29437487295921244  0.30491365282305222  0.31543438502955357  0.32592369293268270
  0.33647725497590691  0.34707345480358542  0.35769327675794133  0.36822052815671674
  0.37871443883065836  0.38920558918724169  0.39969184091059445  0.41024464025824497
  0.42076055265086210  0.43128728673630151  0.44178512102454476  0.45231310849729678
  0.46283771279567371  0.47338183160777242  0.48392781386976375  0.49447544150939204
  0.50502209967916378  0.51558409758586454  0.52614432354832097  0.53665508423847441
  0.54716171399207081  0.55768350095417096  0.56825778897774337  0.57879810312912638
  0.58932157907023364  0.59982172808971035  0.61032154381431181  0.62084841914796984
  0.63134638969265877  0.64185643303405848  0.65236946352512548  0.66287703737804415
  0.67337885525360930  0.68387895682251476  0.69444009308835930  0.70500634259648254
  0.71556366109272307  0.72599377891581007  0.73641536095098992  0.74686107242384026
  0.75744357129672746  0.76803209289312246  0.77859298903638263  0.78915785322751952
  0.79970959280954856  0.81028726388219230  0.82084112391862785  0.83137354310612055
  0.84188977973163548  0.85241666247212500  0.86295479544080123  0.87352634142607299
  0.88405100809453219  0.89460101053082497  0.90514663955311303  0.91571287900530851
  0.92626741710980465  0.93677858627247712  0.94732297885059003  0.95788911647793440
  0.96845246903729254  0.97899375563725954  0.98950259822065434  1.00000000000000000
 -0.00199614573136799  0.00960889390440127  0.01975236115172359  0.03024970489527951
  0.04076949370928475  0.05129859667942140  0.06184163583168506  0.07239639037488786
  0.08299397962884660  0.09360648340248932  0.10421577456526795  0.11479988440184671
  0.12534968796414517  0.13587803088496964  0.14638895910335525  0.15688366788885172
  0.16740127307995578  0.17794089320230316  0.18849319216824562  0.19903749525291128
  0.20956656562759168  0.22012361281495665  0.23070757720570556  0.24127317767165055
  0.25184410120541528  0.26240955942328237  0.27303717034372682  0.28363330907051354
  0.29418963729012437  0.30468707011582508  0.31517731414658912  0.32567210318043655
  0.33621281692510924  0.34677392006425889  0.35733814709874351  0.36784444973241215
  0.37829573407973588  0.38873574668538896  0.39919435571753631  0.40969149749995132
  0.42025717199724272  0.43084336291893721  0.44143476894909672  0.45196727635838035
  0.46248041414070351  0.47298598923750340  0.48351222168392222  0.49409364336958433
  0.50465182859222857  0.51521871362880511  0.52576062659627876  0.53634261311747711
  0.54687374660371491  0.55737514933777987  0.56788951203291060  0.57845564320957021
  0.58904390603181411  0.59965609731941538  0.61026407174375741  0.62089499802575077
  0.63147595717361782  0.64203404953995202  0.65252709793819541  0.66308355378772066
  0.67362205692566046  0.68418803178513432  0.69475141968113174  0.70536113643935439
  0.71602515661789967  0.72660884501873690  0.73720754496598773  0.74773271995301316
  0.75829227959252810  0.76881279970381888  0.77933412472806762  0.78984168801716537
  0.80030777264196928  0.81077590306017688  0.82122230644147975  0.83173438873143912
  0.84223179827277572  0.85279351271484738  0.86330504211383863  0.87382894518573029
  0.88431768629704499  0.89483321946208405  0.90536646231788009  0.91587374797053034
  0.92634960004789868  0.93684912660734532  0.94737864107828484  0.95796389803039417
  0.96847322476962128  0.97902116540806738  0.98949038183157567  1.00000000000000000
 -0.00252462646405699  0.00950317783842796  0.01970098089313495  0.03028035963263225
  0.04086310179227337  0.05139485110580847  0.06192870638818664  0.07248819108819669
  0.08305690897513597  0.09358893807516569  0.10413109028673764  0.11467665118778428
  0.12526666404598447  0.13588807814479398  0.14652551834150052  0.15711759069615691
  0.16772432608942803  0.17832918724525815  0.18893484956849724  0.19946452039608414
  0.20998041771636211  0.22051076671861558  0.23103184296599841  0.24151319315827979
  0.25207717806651880  0.26264955051031663  0.27325710677101422  0.28376001018305963
  0.29429098808398996  0.30483156067458023  0.31542000403204717  0.32598981710246189
  0.33655969105286859  0.34708581971014429  0.35761750805149162  0.36814327282964915
  0.37863984103531217  0.38912962818332930  0.39960624950326484  0.41012039151306490
  0.42066972582395235  0.43123423599585703  0.44178570721280036  0.45231696687240192
  0.46283471065708176  0.47339499276071312  0.48395079194803892  0.49450821507714732
  0.50503866241766371  0.51556336051092733  0.52609826867899989  0.53669510279771104
  0.54732317249709639  0.55792122938603383  0.56842703134298422  0.57891294217559019
  0.58942687425438123  0.59995958759135248  0.61049911568672177  0.62101309884702771
  0.63154468803066299  0.64205282683010356  0.65257493641101560  0.66306950877943316
  0.67357864994284056  0.68407711875463617  0.69462162122299331  0.70515090920084655
  0.71566813304680787  0.72619705710854920  0.73675244121099748  0.74738307579384633
  0.75800660115732932  0.76863435757598053  0.77917090817205992  0.78966067779771332
  0.80009801041636985  0.81056285761339042  0.82105369950670171  0.83153587772620630
  0.84204658919748476  0.85255300801671396  0.86305861413958196  0.87356389959623748
  0.88404971956130962  0.89456132164068791  0.90502046584042473  0.91551743355767490
  0.92603588670107817  0.93659451796591353  0.94714145624205914  0.95772902283789774
  0.96831472518295869  0.97886593478812023  0.98942871981322911  1.00000000000000000
   4.9474098208918599E-026  -1.0000000000000000     
 F F F F F F F F F F F F F F F F F F F F F F F F F F F F F F F F F F F F F F F F F F F F F F F F F F F F F F F F F F F F F F F F F F F F F F F F F F F F F F F F F F F F F F F F F F F F F F F F F F F F F F F F F F F F F F F F F F F F F F F F F F F F F F F F
  <DiscreteSampler_grid>
  grouped_processes
  1 # 1 for a reference and 2 for a running grid.
  10 # Attribute 'min_bin_probing_points' of the grid.
  1 # Attribute 'grid_mode' of the grid. 1=='default',2=='initialization'
  0.0000000000000000 # Attribute 'small_contrib_threshold' of the grid.
  0.5000000000000000 # Attribute 'damping_power' of the grid.
 # binID   n_entries weight   weight_sqr   abs_weight
    10   10   1.236972968735776E-015   3.198307163562215E-030   1.236972968735776E-015
    11   10   1.236972968735776E-015   3.198307163562213E-030   1.236972968735776E-015
  </DiscreteSampler_grid>
