  0.00959012025012220  0.01586860652948879  0.02521276661085863  0.03603528104063612
  0.04638351764681364  0.05676443971881732  0.06716520599067353  0.07757504283945468
  0.08799955572622932  0.09837068162132680  0.10877161591360203  0.11916581527184733
  0.12961800679761995  0.14006966153189079  0.15049767616463616  0.16089124973408728
  0.17123505215572124  0.18154821991861531  0.19187343448861982  0.20218016199825692
  0.21250803491008990  0.22281650165461561  0.23316616013969405  0.24355067345263953
  0.25393529362813766  0.26430889819211484  0.27467881622901485  0.28506589634376656
  0.29543730600488699  0.30583652033382402  0.31623875393286144  0.32664193989021739
  0.33699205951453332  0.34730567002394497  0.35765126296700084  0.36798553778443155
  0.37835431047479445  0.38870449958165104  0.39906460639677621  0.40942895892078668
  0.41978955551839064  0.43014605763784397  0.44049015464993763  0.45083598358642640
  0.46120093232033388  0.47155283501877848  0.48191233008700007  0.49230783582347226
  0.50272193163127965  0.51312414971141074  0.52347594715398471  0.53380472574130056
  0.54413195007620641  0.55446581232316527  0.56482883278307794  0.57520815542459813
  0.58557915518940529  0.59595986381645816  0.60634849827797099  0.61674444621293389
  0.62715223086238459  0.63757232744291548  0.64802585680181901  0.65844713668158317
  0.66882402708810851  0.67920115391452940  0.68959443655038033  0.70001019205522352
  0.71041959426694812  0.72079838997185020  0.73117553013256198  0.74154162145340652
  0.75196160478997598  0.76244602646895643  0.77297659601126723  0.78351737908802532
  0.79400774350040215  0.80447061408354292  0.81489767718895345  0.82531289014841125
  0.83571902345466564  0.84612310472326324  0.85649990459381908  0.86688230570625435
  0.87725507004956649  0.88763780846350371  0.89802073679279426  0.90837731968583180
  0.91874802687111301  0.92910527649321184  0.93945536416253739  0.94978829321096303
  0.96011802768472243  0.97040046461437679  0.98071534375341540  1.00000000000000000
  0.00969453701444083  0.01617713486131741  0.02528132088207650  0.03614312208611376
  0.04652003559848371  0.05688655816891896  0.06722239350321396  0.07764061024803542
  0.08806927968358137  0.09847457221125795  0.10883081649610268  0.11921025362371719
  0.12959317193210163  0.14005735034943900  0.15054782082659229  0.16101739928161393
  0.17135559137941711  0.18166494786239418  0.19200547700051662  0.20236722799557175
  0.21268472954059492  0.22302951411809752  0.23336998241263313  0.24377251586012819
  0.25414488125924367  0.26456055283577334  0.27496402249592372  0.28541150032657575
  0.29582016387154086  0.30619761887811581  0.31654575001652191  0.32689959741532404
  0.33726923942601766  0.34762700821357845  0.35797129573493486  0.36828066004567933
  0.37859282680143147  0.38891954370363691  0.39926110111347712  0.40962715342377670
  0.42002546202800173  0.43045018822378139  0.44084646975731279  0.45121616324003067
  0.46156905131085374  0.47193925234524631  0.48231801816301201  0.49274701335369964
  0.50318993355682307  0.51361625948598011  0.52400428393128951  0.53439444450233475
  0.54480670542730736  0.55522167017883162  0.56561182146210054  0.57598787242773208
  0.58637725663036810  0.59679453296639673  0.60727120270384083  0.61776076900551891
  0.62820462585305770  0.63856531623112833  0.64888195243445956  0.65921367745943849
  0.66957093265688550  0.67993988388189897  0.69030305125827141  0.70065420573724746
  0.71096826940820790  0.72129472550382223  0.73166234957784781  0.74208900275934830
  0.75250673946609770  0.76290688853456212  0.77327434050077359  0.78362774308359406
  0.79397585493896805  0.80430658626536622  0.81465380989737834  0.82497597434102810
  0.83531532380296147  0.84566315915100676  0.85604782531613044  0.86644294577758163
  0.87685021979912936  0.88721516736962547  0.89754726527177264  0.90785602412918009
  0.91818943051718471  0.92856995792104047  0.93893667512529855  0.94933425671476401
  0.95971843998316830  0.97012562191341900  0.98051140927557301  1.00000000000000000
  0.18107353571319107  0.18153242639358122  0.18166221085412801  0.18179208694108251
  0.18192154218157175  0.18205095392618595  0.18218033054454649  0.18230969895723212
  0.18243925424297042  0.18256892031270042  0.18269883746741414  0.18282897167524098
  0.18295952537508603  0.18309003513354088  0.18322027145691555  0.18335032103180424
  0.18348032442705489  0.18361042314030235  0.18374043025132053  0.18387046754927650
  0.18400077457380015  0.18413103298979386  0.18426102213546824  0.18439057701586900
  0.18452059374420474  0.18465073511943603  0.18478123464243351  0.18491169879063760
  0.18504294017024306  0.18517405143395649  0.18530474037744837  0.18543537483073103
  0.18556594266602092  0.18569637969226699  0.18582680814733626  0.18595704957112344
  0.18608705739691073  0.18621685724194159  0.18634685123433425  0.18647679659256880
  0.18660689010290196  0.18673811461490844  0.18687052357558248  0.18700347082262733
  0.18713675812196423  0.18727018426509071  0.18740357653558057  0.18753682507710664
  0.18766974993814911  0.18780236551965188  0.18793495657088435  0.18806771416660509
  0.18820056161700630  0.18833351081419794  0.18846672319925792  0.18860015842134009
  0.18873367680060701  0.18886717571083511  0.18900071468581203  0.18913466053868913
  0.18926865854458089  0.18940301671138624  0.18953699652636949  0.18967111022270541
  0.18980539337488106  0.18993970953084316  0.19007408896321482  0.19020843343862520
  0.19034257461146228  0.19047680977121739  0.19061086321649817  0.19074489085656132
  0.19087871708713713  0.19101239522528562  0.19114594187756198  0.19127953419805538
  0.19141341275457499  0.19154743332656624  0.19168153025924817  0.19181580946328561
  0.19195041862532236  0.19208509892000308  0.19221954929668300  0.19235423565172424
  0.19248930265904787  0.19262434791240068  0.19275971813005358  0.19289585887899444
  0.19303262263516310  0.19317004542712593  0.19330748855238350  0.19344453570194681
  0.19357434659275949  0.19367994038538727  0.19368444505506635  1.00000000000000000
 -0.00237082980703024  0.00942786751893908  0.01952578671162379  0.02995895421517258
  0.04043131116428116  0.05093050744966771  0.06144471856912875  0.07197638526262559
  0.08247285788290881  0.09297913666802886  0.10347603232991477  0.11405260560473975
  0.12460402270868015  0.13519936783851161  0.14574283147067615  0.15631937317257219
  0.16690000349131839  0.17753001717098779  0.18816345830731374  0.19873665747683331
  0.20929494724694092  0.21985042079186834  0.23044354609032205  0.24100063714686065
  0.25155393713716501  0.26211195029059697  0.27270919578354358  0.28329670942228469
  0.29386730291804186  0.30439277419140315  0.31492513119079529  0.32545858363777502
  0.33598891091408128  0.34660786686999795  0.35724048030780942  0.36786847816326729
  0.37840824886845636  0.38897713149882412  0.39961399529823610  0.41021511108366027
  0.42079373426095518  0.43135041497842819  0.44194779071820189  0.45253473711937181
  0.46309686172722120  0.47364273204423818  0.48422009856089288  0.49482116688388816
  0.50544131441545115  0.51598043149952355  0.52648071123547591  0.53696677723868624
  0.54751216916731638  0.55811576725493872  0.56868969415646942  0.57925749719918851
  0.58978139098526094  0.60032750790448308  0.61087265382449429  0.62139308720646269
  0.63187184428846432  0.64232408629143134  0.65276658822697331  0.66326383945061718
  0.67374771030907310  0.68424392872100748  0.69468448884030642  0.70519271269723305
  0.71567615758757519  0.72617658500251447  0.73663150254683696  0.74712604466071042
  0.75769544190203375  0.76826007891502923  0.77879353289881503  0.78924546506096038
  0.79970308825616454  0.81023172555370193  0.82076856572366208  0.83132342618571475
  0.84189134436670798  0.85244364517980187  0.86295978939947515  0.87344079927124696
  0.88395694813699799  0.89450743318148085  0.90501796620374697  0.91552999122447809
  0.92606929032392982  0.93662757437202593  0.94721574279911414  0.95778489821241652
  0.96838657274355933  0.97894049843203224  0.98949713006776263  1.00000000000000000
 -0.00240414570308714  0.00957533479487802  0.01974093977501276  0.03019780675581960
  0.04077725861101996  0.05133685036238856  0.06190866083066796  0.07239709556706964
  0.08291981164825993  0.09341046876952599  0.10389967947664039  0.11441043802390084
  0.12503381922762560  0.13566227403318018  0.14628400851704856  0.15683085776552430
  0.16749274649707441  0.17811215682957138  0.18870522136273116  0.19916986706442916
  0.20968764537980225  0.22022083678736024  0.23079001739662783  0.24132279538677176
  0.25190306973650445  0.26243959178704174  0.27295919233225824  0.28342556714082107
  0.29389488054532137  0.30436932201714495  0.31480582965313064  0.32529662093437406
  0.33579567222333018  0.34632605520268245  0.35680850540056208  0.36728925511865651
  0.37776925348327778  0.38823885654853718  0.39874299899924398  0.40922354572016933
  0.41975149749728657  0.43026051865349019  0.44081432537230852  0.45135738736194508
  0.46197181261243930  0.47255184495019065  0.48316406066087797  0.49371108960060650
  0.50427373590475333  0.51482983527385839  0.52537400838968584  0.53593669634163144
  0.54649371537829705  0.55705109707937750  0.56760535047245220  0.57809464742271466
  0.58858852872934286  0.59908236449599983  0.60961199977645653  0.62017401550459694
  0.63075656316650486  0.64139018389258051  0.65199392965186787  0.66257880815661030
  0.67309168541840858  0.68358773956735319  0.69412109703600144  0.70471572256630155
  0.71529761528100788  0.72586849531488939  0.73639535781953969  0.74694551247534402
  0.75744578720150824  0.76801676730480506  0.77862145182449594  0.78921711952801343
  0.79975423206873464  0.81025177080438304  0.82080836917731426  0.83136849162454529
  0.84199238581361546  0.85262090817605196  0.86325019393849911  0.87386297291095194
  0.88444402303304204  0.89503929110399605  0.90558723528390528  0.91612396109665550
  0.92660830083956769  0.93710680974346183  0.94762695436342437  0.95816233133344875
  0.96861540628352449  0.97910021687045889  0.98955250431339026  1.00000000000000000
 -0.00238221340653404  0.01001610722212742  0.02031035375412605  0.03086029832311366
  0.04138042611614683  0.05193381002395879  0.06248279620903523  0.07316012948519149
  0.08380828664169013  0.09444059424631991  0.10494648850072716  0.11543231185819895
  0.12591498963114831  0.13645339074597393  0.14703438756954695  0.15761102852561326
  0.16815988677079582  0.17871866517404511  0.18931812461738906  0.19992892570517268
  0.21051380954029153  0.22103825103671812  0.23155048014852272  0.24202179482760919
  0.25254082339606332  0.26304379991098481  0.27362050388602122  0.28419021754158813
  0.29479438577378764  0.30538525882384826  0.31600428095473482  0.32655901146102656
  0.33713660107877413  0.34764769485473429  0.35824589639946175  0.36877360339548088
  0.37931635286298709  0.38983768647546080  0.40033094591367691  0.41083454233350358
  0.42129812906504649  0.43180870233389818  0.44232194372340328  0.45284873485649457
  0.46332206915119012  0.47380224795646569  0.48426388252900660  0.49490497789514654
  0.50552867484173458  0.51615187136075968  0.52663178780872966  0.53706848703316545
  0.54753440167097001  0.55802516477471498  0.56858197614036043  0.57912302541012139
  0.58962480745609469  0.60014448525676856  0.61064661957259092  0.62122675140640116
  0.63178838292451656  0.64234681637434832  0.65289742103927551  0.66344108200347707
  0.67400567558787938  0.68453337419647575  0.69501840057537978  0.70546395554606955
  0.71594813504610000  0.72644503117884207  0.73694987823743485  0.74743124397622829
  0.75792041288765433  0.76838493744942682  0.77889413127849982  0.78942926682955761
  0.79999923646558446  0.81052423701404341  0.82104400027348878  0.83157532935300660
  0.84202485206700151  0.85243271854572678  0.86285331394116493  0.87334529772087488
  0.88387636595209484  0.89442762660072606  0.90494052440888462  0.91541189145297552
  0.92587153021277968  0.93636555199015536  0.94692233249892865  0.95747799444080606
  0.96808760757144374  0.97870904331664832  0.98936007787495772  1.00000000000000000
 -0.00196430292028490  0.01001786077010214  0.02027228141416997  0.03075251145232225
  0.04126458353486023  0.05187626736408554  0.06245170131399941  0.07303533891659485
  0.08354332009966228  0.09411769131543168  0.10470868706977797  0.11527346913791064
  0.12580229722199565  0.13627116848287890  0.14676751827686310  0.15726701814348112
  0.16784494743064729  0.17837540426077966  0.18890116693509790  0.19935812832136607
  0.20985403522018245  0.22030374070237077  0.23084051159484459  0.24135062040607935
  0.25188762046940499  0.26236698943208653  0.27285801864958514  0.28335668595753732
  0.29386408174099199  0.30442537712063683  0.31498578661645588  0.32554127037076036
  0.33603590828800417  0.34653059121549040  0.35702048113504392  0.36751463524193229
  0.37805925173897720  0.38861096431970832  0.39916389495891585  0.40968152529696117
  0.42023932466448122  0.43082231042223762  0.44140928537227542  0.45197077725193541
  0.46251147782275542  0.47306326666396070  0.48363117718756460  0.49416424748698506
  0.50475206647510940  0.51524186822553930  0.52576858587648556  0.53621616923072135
  0.54665843118926327  0.55714361917219424  0.56766825840656976  0.57833820155028171
  0.58895087929127210  0.59956000146055832  0.61008693501260980  0.62060669955037606
  0.63110661163272275  0.64159875706861835  0.65212451676165362  0.66266268064830391
  0.67323990531395517  0.68380410748142317  0.69436889963592929  0.70492329764944683
  0.71553274934800060  0.72615915309879775  0.73675453671838886  0.74733546028156639
  0.75787261474756118  0.76839177718345741  0.77889053462996261  0.78936488998116794
  0.79988264653760199  0.81047242542931541  0.82117709545005213  0.83187688338448917
  0.84246576388709682  0.85305597418534684  0.86357543826419236  0.87403484533787446
  0.88444027308619799  0.89488374440335450  0.90539117299891914  0.91593178376667828
  0.92651375120171853  0.93713474303021882  0.94773410075141062  0.95829117630908089
  0.96875904156177461  0.97919019166752530  0.98960161630776400  1.00000000000000000
 -0.00243441131058573  0.00941518219032788  0.01959140541272918  0.03014087525223885
  0.04073245704259606  0.05122309746605962  0.06172286238197756  0.07225154658780247
  0.08290156250207313  0.09356306626926246  0.10428027130782937  0.11490880062934387
  0.12552059297408852  0.13606648830327478  0.14659853136456458  0.15712668087203094
  0.16766221541768453  0.17819427805211666  0.18873064273599111  0.19927321591443328
  0.20983448843054392  0.22035917167307800  0.23088498185216647  0.24136803671144871
  0.25181298558018905  0.26223733385696285  0.27267712609953665  0.28311906466781367
  0.29357522776841344  0.30405317781221392  0.31455883434856907  0.32507484775694467
  0.33556695580413420  0.34609118728101379  0.35661365708869264  0.36713980970931881
  0.37762747648088846  0.38812839806874044  0.39864568128451910  0.40918461175079912
  0.41974457128442094  0.43034580243331250  0.44092012193671343  0.45151822163630195
  0.46208487712979268  0.47269463064061229  0.48324452725779393  0.49379174487199196
  0.50438083696571256  0.51491718502136730  0.52545977821008827  0.53593334094443712
  0.54644365591115385  0.55693690398612972  0.56746720576801801  0.57798271450439775
  0.58852189150544898  0.59908222804635824  0.60962604814418075  0.62015666659045954
  0.63065212821355665  0.64121036058474035  0.65179228614574469  0.66236007956249576
  0.67289590576038105  0.68337651099266561  0.69387422715132541  0.70445504170763629
  0.71508532838529171  0.72566993718181372  0.73620861911700741  0.74677008949630930
  0.75744528164563585  0.76805669182224823  0.77862043381722379  0.78912461212439233
  0.79967406894424853  0.81022608925957151  0.82077281806773572  0.83131697683340910
  0.84190158571703000  0.85246915240507504  0.86306803762435491  0.87361928763383268
  0.88419863388249331  0.89468399623347683  0.90520276637431918  0.91571334483128775
  0.92628739012779948  0.93685470988026665  0.94743365875489216  0.95796349747576448
  0.96844788913905422  0.97889906141623806  0.98942233780864663  1.00000000000000000
   2.1979934748409513E-015  -1.0000000000000000     
 F F F F F F F F F F F F F F F F F F F F F F F F F F F F F F F F F F F F F F F F F F F F F F F F F F F F F F F F F F F F F F F F F F F F F F F F F F F F F F F F F F F F F F F F F F F F F F F F F F F F F F F F F F F F F F F F F F F F F F F F F F F F F F F F
  <DiscreteSampler_grid>
  grouped_processes
  1 # 1 for a reference and 2 for a running grid.
  10 # Attribute 'min_bin_probing_points' of the grid.
  1 # Attribute 'grid_mode' of the grid. 1=='default',2=='initialization'
  0.0000000000000000 # Attribute 'small_contrib_threshold' of the grid.
  0.5000000000000000 # Attribute 'damping_power' of the grid.
 # binID   n_entries weight   weight_sqr   abs_weight
    10   10   8.932003205522149E-005   3.285889951573784E-008   8.932003205522149E-005
    11   10   8.932003205522155E-005   3.285889951573784E-008   8.932003205522155E-005
    16   10   8.932003205522155E-005   3.285889951573785E-008   8.932003205522155E-005
    17   10   8.932003205522155E-005   3.285889951573785E-008   8.932003205522155E-005
  </DiscreteSampler_grid>
