  0.00953140735714332  0.01582098072480247  0.02505273419288299  0.03584720997439723
  0.04624002051232913  0.05665903684621408  0.06710186109451823  0.07756351753183292
  0.08804500175500425  0.09848062730802186  0.10886377525773872  0.11922995299015318
  0.12962764841006505  0.14003797046615279  0.15045539423672308  0.16084058929440725
  0.17122103872384159  0.18159547477632607  0.19195895739572788  0.20229452938183820
  0.21264408276017868  0.22300108272086178  0.23336548895341469  0.24369294939915612
  0.25407706079356884  0.26446875888684468  0.27487750599880423  0.28523731438429456
  0.29562263126722693  0.30601450250188761  0.31641416196287908  0.32681474263841037
  0.33724696290995931  0.34767130784967004  0.35808348731782969  0.36846380492480407
  0.37883220271348067  0.38917279590347814  0.39950542386972465  0.40985142837352478
  0.42020057941673750  0.43054781261961528  0.44091680099545616  0.45130969271612575
  0.46169234115092300  0.47205347626895178  0.48240852483935487  0.49278424594715564
  0.50315391722346581  0.51350901576987606  0.52387420388126227  0.53424770114450415
  0.54463586519950169  0.55502116242458865  0.56539270930573948  0.57577590135247736
  0.58618057165917914  0.59660746308494084  0.60702368278056240  0.61742262639966294
  0.62782068121086199  0.63821827434467704  0.64861951615937008  0.65900019292968370
  0.66936439731344266  0.67971139398254798  0.69004470311747490  0.70037990177082510
  0.71071430068644226  0.72106304590926651  0.73141063788250049  0.74177424651162782
  0.75215416362720133  0.76256343180991792  0.77297898905704621  0.78338910115226668
  0.79381580822622055  0.80422708125663311  0.81462494377769834  0.82498662145014079
  0.83533871954694394  0.84568312171302185  0.85602249356620530  0.86635251504727717
  0.87670735840891234  0.88711099849070540  0.89756282116772090  0.90798729067514206
  0.91839493635916547  0.92876998758850637  0.93915518804426767  0.94950881108059204
  0.95984203688545910  0.97019694420948810  0.98052117372600323  1.00000000000000000
  0.00961911146980059  0.01591389117635747  0.02515976576385478  0.03597958535001750
  0.04636990446422434  0.05676865778119038  0.06717474171169630  0.07756672906230624
  0.08794584743381791  0.09828758122123500  0.10865266968444519  0.11902389257933681
  0.12941964082052285  0.13979999119860032  0.15019161014136342  0.16056841959285631
  0.17094175190015201  0.18130566650289875  0.19169170759358659  0.20209163531974533
  0.21249477405155767  0.22286255478265435  0.23322737533189836  0.24359905056013095
  0.25398357749391942  0.26438002965258500  0.27474058943212420  0.28512575559751724
  0.29547749060472139  0.30585224389269716  0.31621686447855096  0.32661957069228259
  0.33705109698061603  0.34748776709433804  0.35789385200060808  0.36827204008652631
  0.37864828694087449  0.38904126800901151  0.39944929779453137  0.40984313398205047
  0.42021605663520867  0.43057124900822763  0.44093836414558180  0.45133142241947988
  0.46172293617401178  0.47210264739090307  0.48247398706683908  0.49284907574957032
  0.50324492555413924  0.51365297683354683  0.52404803919370024  0.53443195630194451
  0.54478606194821466  0.55513607908132334  0.56548922055258866  0.57586024821604043
  0.58627178283339609  0.59669198882452401  0.60710991954062254  0.61749594233118243
  0.62785101659540332  0.63818754736727501  0.64851861142240885  0.65886550516916231
  0.66921893838489788  0.67957170743051998  0.68992342640140691  0.70029480874837213
  0.71069183200810226  0.72108731879851407  0.73147485294449321  0.74187712335182199
  0.75228721841047153  0.76268588306917917  0.77305276155967395  0.78342097175562075
  0.79380711795252989  0.80421031240780017  0.81460776330155249  0.82498998679406443
  0.83536264563111295  0.84572859728643657  0.85608951678603251  0.86644771309006874
  0.87683965935681507  0.88723720810449991  0.89764085171254626  0.90802427386950169
  0.91840554972284738  0.92879801640313264  0.93917800080770397  0.94956158712724081
  0.95993261559048726  0.97026363553601236  0.98057641733394119  1.00000000000000000
 -0.00247261318894944  0.00977996202235569  0.02002886273722773  0.03053857509236339
  0.04106871354694942  0.05162052659962164  0.06217766644294802  0.07271358180296078
  0.08324197965699386  0.09378708691597382  0.10432611064781366  0.11484132878859125
  0.12538146620060922  0.13591938697908332  0.14648345439799354  0.15699665019649287
  0.16753213333867267  0.17809805899004483  0.18867013438713351  0.19924321590014377
  0.20977781579891855  0.22033459735430452  0.23084063205642921  0.24134430629422937
  0.25186076518028672  0.26245622598592772  0.27308034016860350  0.28368832944939276
  0.29427528074493770  0.30481360471249092  0.31537430425201235  0.32593503653479033
  0.33651242405492893  0.34708854798210620  0.35765948633488459  0.36824489094231017
  0.37876649584921673  0.38925840936048894  0.39971854209848595  0.41022910455223333
  0.42076500521180477  0.43131508620085540  0.44184503946436837  0.45242586407861390
  0.46303368431554287  0.47363947121897898  0.48423128606689891  0.49482201889417005
  0.50540687889673042  0.51594721002484500  0.52644394358799174  0.53700188821986827
  0.54753891943889876  0.55809298907541216  0.56858923406520945  0.57913554482334051
  0.58970490310500467  0.60029806197245661  0.61079375852436923  0.62126659987185850
  0.63177425642987428  0.64232832993537925  0.65285189672343436  0.66334046231698784
  0.67385183785283098  0.68438626497665001  0.69486858166977838  0.70533770727182710
  0.71585482651276711  0.72641049256119550  0.73696133465036329  0.74745011376847570
  0.75793540717318097  0.76841347825795348  0.77888577131116710  0.78937088898901497
  0.79985598542883962  0.81037070565817881  0.82089617601420783  0.83143573193537867
  0.84196240355608210  0.85246798066426566  0.86295307852677261  0.87344728688479534
  0.88396288466582029  0.89452118035703598  0.90508457752127158  0.91564707562068881
  0.92614234725455724  0.93666991358994334  0.94722356907636629  0.95781072026593006
  0.96837130178281861  0.97891255651560449  0.98945656856626640  1.00000000000000000
 -0.00162399675882937  0.01014953449500508  0.02052141720445338  0.03107843112951102
  0.04162867054462266  0.05215895969545540  0.06266189792316253  0.07319145915210976
  0.08369550773346066  0.09423032155344045  0.10475948054793030  0.11532859377499891
  0.12586420554927100  0.13639692654155380  0.14690628749891058  0.15741214875750584
  0.16790905936432740  0.17842580045386397  0.18895857089260196  0.19952671850854106
  0.21006344723774617  0.22057210538163355  0.23109957721592683  0.24164805135616674
  0.25223535248064666  0.26277181566180474  0.27327163818397537  0.28379256312840367
  0.29430373251632980  0.30488087915940465  0.31543472594872418  0.32599962310012448
  0.33651708139023795  0.34703755511781248  0.35757132345997555  0.36809460069694622
  0.37861272463811169  0.38915684208209517  0.39972803178090716  0.41029321088419640
  0.42082887253845203  0.43136661332061510  0.44193289473383901  0.45252594288773307
  0.46310219314534290  0.47365972460987094  0.48420562535293638  0.49477005989560030
  0.50528196200100073  0.51580276597055630  0.52631691699196881  0.53686559387165877
  0.54738093852602743  0.55787614283550913  0.56838379507618642  0.57887006085444193
  0.58938384405202948  0.59989001181860491  0.61044391708266155  0.62098681895771157
  0.63153491301682163  0.64205704660697183  0.65257320664609708  0.66311114499094415
  0.67368695638220155  0.68424879080283407  0.69481157942642335  0.70534545645479130
  0.71595379680902538  0.72649455539768248  0.73710292789366383  0.74764438668607047
  0.75824519514481081  0.76879140751531616  0.77933785361080510  0.78988197984715147
  0.80037524941992777  0.81087666537407455  0.82138282423952058  0.83192286540662563
  0.84243195073866617  0.85293667596908851  0.86350693442517712  0.87409802738851483
  0.88461672813414727  0.89507952324989704  0.90558281635470161  0.91614737830610027
  0.92672510375987682  0.93722668874677384  0.94772751887048801  0.95820830789208222
  0.96866720081027891  0.97914797530481412  0.98957850925125146  1.00000000000000000
 -0.00251015084862225  0.00985068966289171  0.02010783375432493  0.03063934414829296
  0.04118559938500674  0.05173732076095431  0.06224482131058470  0.07276222641574080
  0.08334220834022163  0.09393042014899947  0.10452121471758698  0.11502668652592908
  0.12553374052711178  0.13605193121101300  0.14656671202726754  0.15709601376865889
  0.16761439731459490  0.17814349096076049  0.18867779850061925  0.19923407943761273
  0.20978916578303025  0.22030142193515939  0.23074718284924972  0.24119755194418799
  0.25170653481621147  0.26224096089441051  0.27278922627498225  0.28330083707852566
  0.29382638335927957  0.30433535000517081  0.31486085576670586  0.32538011284293067
  0.33588708580013016  0.34637220910962885  0.35683350924011725  0.36734685077308038
  0.37790056891679930  0.38848921084639881  0.39901829113031262  0.40953630473705160
  0.42003564602662513  0.43051989962379844  0.44097879909821969  0.45143731105331625
  0.46192350818642036  0.47242417979424856  0.48297323205503973  0.49354243263340658
  0.50412626573846431  0.51470018790821792  0.52525756643297172  0.53578849382623284
  0.54633622424512618  0.55687217250953658  0.56745159490423691  0.57797790197301380
  0.58850673996495462  0.59898885695906101  0.60948638369358954  0.61996903673846460
  0.63048897524607017  0.64099549707589354  0.65153362053049568  0.66205667116640976
  0.67257272179575567  0.68311680143825315  0.69369220384684160  0.70426542933732605
  0.71477555413660454  0.72523783290480581  0.73573047135347114  0.74623779311423111
  0.75675906996066877  0.76728673705345674  0.77781165353273052  0.78837210803874391
  0.79890265713425923  0.80947194969897063  0.82003955035496245  0.83064205802133539
  0.84124518350236055  0.85182953474273970  0.86242748278162062  0.87300097535375609
  0.88356864210000974  0.89416881440985241  0.90480465639203544  0.91547379424109232
  0.92604435313923272  0.93659208759750301  0.94708717011448162  0.95760970664898937
  0.96815733070486165  0.97875726919700279  0.98938231113497566  1.00000000000000000
 -0.00242115247812416  0.00946788184538614  0.01961597250607760  0.03017264398587004
  0.04074619740766794  0.05133765225593533  0.06189189020724015  0.07242474712919306
  0.08291588612924126  0.09338997267762295  0.10388135103840143  0.11437936064585601
  0.12487117935354722  0.13536905841907837  0.14588564317182268  0.15643069631424752
  0.16694930941198327  0.17746027531783837  0.18800688734211835  0.19860209430803274
  0.20921090690649474  0.21979183150002718  0.23039396759377886  0.24098806495927982
  0.25156113953079529  0.26209514478719859  0.27261285168225607  0.28312248279491847
  0.29363183300335366  0.30416456626432370  0.31471988472239476  0.32527344927579765
  0.33581978276842173  0.34637034043348019  0.35690085332469873  0.36742321242195569
  0.37794604026275508  0.38847712424617031  0.39900924462050208  0.40953956278188147
  0.42009727434336119  0.43065284745160343  0.44122064647187231  0.45174641236154345
  0.46226186434712468  0.47281243919962501  0.48341073281288621  0.49402170519977667
  0.50458514469645399  0.51513985901130654  0.52569608285356972  0.53626141479735312
  0.54681139548192947  0.55737094067859361  0.56790819698170658  0.57846914079361700
  0.58904418696044847  0.59964929268826650  0.61025696532809803  0.62083882632083320
  0.63138862049084243  0.64192653360657914  0.65245380810114151  0.66300641904605462
  0.67355995537980395  0.68409469067671014  0.69461994141265115  0.70509241678883339
  0.71557526412211647  0.72605795729040579  0.73664778185232060  0.74724299184126497
  0.75783203936976795  0.76834326077532489  0.77886546528824674  0.78935739749301892
  0.79989399324709776  0.81041274007792896  0.82093869767895200  0.83144255842948467
  0.84193537796317930  0.85243241472266140  0.86292821957509003  0.87349355302872878
  0.88406035896395618  0.89462821573720785  0.90516702942528482  0.91569253421700214
  0.92627107512620732  0.93682478332743135  0.94736544706035664  0.95784837174543858
  0.96833972345309816  0.97887549949416264  0.98942879035154119  1.00000000000000000
 -0.00218546040888740  0.00996858173393419  0.02020322730296523  0.03067940849397800
  0.04115960702464935  0.05164587825776831  0.06212729935102249  0.07258937331127353
  0.08305723029754740  0.09356239634974815  0.10408171901285421  0.11461748292978009
  0.12515064679498272  0.13574046858639635  0.14632876093928823  0.15691807744708039
  0.16747676396406233  0.17809031459400085  0.18870998989747989  0.19931280650435390
  0.20983261235400327  0.22036474311696203  0.23086721689934850  0.24140582318095363
  0.25195460185077206  0.26254509957201838  0.27310821047635647  0.28364523347817056
  0.29416933363163411  0.30472460552426878  0.31525944612598156  0.32581513462051065
  0.33637186729725960  0.34693465482901881  0.35750094978813074  0.36806877508800534
  0.37867348122276928  0.38924000711620377  0.39980416969000682  0.41034271332785494
  0.42087586074382499  0.43140165059691599  0.44192406103768034  0.45248288934030229
  0.46304006897557731  0.47360135439975715  0.48411585250374539  0.49461094780928871
  0.50514690414725150  0.51571201833287994  0.52630362514909879  0.53682352082494478
  0.54732016904465441  0.55776539833182814  0.56824060595826342  0.57877013435949443
  0.58934449533863198  0.59991004631991007  0.61041993816932205  0.62094545895073738
  0.63148134536641021  0.64200578408708786  0.65247855989368786  0.66295714907614889
  0.67345416685199566  0.68400595224495364  0.69454687851897190  0.70506029192082553
  0.71552461442056770  0.72598606292953138  0.73647178448383965  0.74698912932985373
  0.75754473248153809  0.76813551501367094  0.77870922391140140  0.78925170344282947
  0.79976528592969820  0.81029300465262988  0.82086355628502083  0.83143409879581709
  0.84198797637399769  0.85254146314661150  0.86307638212355486  0.87359924512449627
  0.88411937299800769  0.89462855627034354  0.90514541940437598  0.91563534034423455
  0.92614307662989748  0.93667072089209080  0.94724155976341728  0.95780505035236618
  0.96838556432653033  0.97892423705526022  0.98947320555101903  1.00000000000000000
 -0.00232997907719711  0.00979158692434313  0.02003490577667220  0.03060565681625161
  0.04120293483331772  0.05177166717745942  0.06232225427966531  0.07284837319964682
  0.08339733917016103  0.09396713718237337  0.10454590424752709  0.11510492982601828
  0.12562114994023260  0.13615510421138574  0.14668913926610158  0.15727622992819212
  0.16783071473890124  0.17838342679820596  0.18889567433528925  0.19939680847036870
  0.20984390346530205  0.22034600784006106  0.23087252551982484  0.24143649391740346
  0.25196837094077285  0.26250126961871689  0.27303919390985792  0.28356972805261160
  0.29414328422508623  0.30472579399759381  0.31531040658654791  0.32586922736871821
  0.33638815947373701  0.34689975767155229  0.35737217222771966  0.36788091683505969
  0.37841128453568945  0.38896154447105280  0.39953032662340809  0.41008582760401868
  0.42064894278139997  0.43119453185421197  0.44175161701746851  0.45228108754780055
  0.46284244321394524  0.47341819264818819  0.48401244520673148  0.49455089292951099
  0.50503629317915433  0.51550644830263104  0.52599361600685834  0.53650238558839169
  0.54702952279111450  0.55754634408758630  0.56808854224287597  0.57861301890994121
  0.58915914748274301  0.59970682439541989  0.61027004453386358  0.62081721416981039
  0.63132202756730826  0.64183854442333033  0.65232234705106462  0.66280473330401457
  0.67328398927127731  0.68380195065764771  0.69440347353021592  0.70497758571628133
  0.71555207610604921  0.72604837220722163  0.73655205732402551  0.74705285091597295
  0.75760152295783367  0.76816427284507527  0.77872374813974832  0.78928127089562161
  0.79982760244536766  0.81038598618928237  0.82088657419588318  0.83139612754266701
  0.84188857490936919  0.85240406487528741  0.86289021555848677  0.87342424820747455
  0.88396895189224123  0.89453939631540413  0.90507383896304106  0.91561217325576771
  0.92616192776769413  0.93674669294370094  0.94730394528705308  0.95785522330780870
  0.96837544870958847  0.97892271162450395  0.98946437251386377  1.00000000000000000
   1.0973693279448676E-016  -1.0000000000000000     
 F F F F F F F F F F F F F F F F F F F F F F F F F F F F F F F F F F F F F F F F F F F F F F F F F F F F F F F F F F F F F F F F F F F F F F F F F F F F F F F F F F F F F F F F F F F F F F F F F F F F F F F F F F F F F F F F F F F F F F F F F F F F F F F F
  <DiscreteSampler_grid>
  grouped_processes
  1 # 1 for a reference and 2 for a running grid.
  10 # Attribute 'min_bin_probing_points' of the grid.
  1 # Attribute 'grid_mode' of the grid. 1=='default',2=='initialization'
  0.0000000000000000 # Attribute 'small_contrib_threshold' of the grid.
  0.5000000000000000 # Attribute 'damping_power' of the grid.
 # binID   n_entries weight   weight_sqr   abs_weight
    10   10   1.211475819583431E-005   3.089106845450859E-010   1.211475819583431E-005
    11   10   1.211475819583429E-005   3.089106845450845E-010   1.211475819583429E-005
  </DiscreteSampler_grid>
