  0.00954682254023492  0.01571021255639447  0.02492129511980736  0.03571418079106529
  0.04607177177081898  0.05644961716687055  0.06683187915730332  0.07721553526679548
  0.08758191921247005  0.09793846300139847  0.10829268350499574  0.11865770374406286
  0.12903786001231626  0.13942048542304900  0.14982163744779489  0.16022429976261088
  0.17062888091377607  0.18102467241921491  0.19143157876464478  0.20184257435401382
  0.21224016602866902  0.22262452618469508  0.23300339577149173  0.24341171573338630
  0.25382407331415247  0.26422221715646282  0.27460037123091841  0.28496651896538144
  0.29535392222221923  0.30574219747432690  0.31614363589584926  0.32652236591666861
  0.33687727168969089  0.34721552109892362  0.35756879703177824  0.36794479074077002
  0.37834328786242755  0.38874338947586040  0.39914108925671243  0.40952892059892188
  0.41992329983645726  0.43033729513608060  0.44075302144676726  0.45115757647240484
  0.46153714538668034  0.47192406182590851  0.48230672926584001  0.49269322125140941
  0.50308093065236892  0.51347499319463163  0.52387636230975876  0.53426797914252666
  0.54465651519534730  0.55505286212670979  0.56545662951188813  0.57586070512424037
  0.58625819423339998  0.59664408036910255  0.60702682885797377  0.61740898099160946
  0.62779586093426287  0.63818730355532338  0.64857141370344262  0.65894598092088641
  0.66930837133703769  0.67966830158829750  0.69003948297259265  0.70042187360239927
  0.71080184906958621  0.72117131563901060  0.73154218959187234  0.74190128290609036
  0.75224441515035889  0.76257618188760856  0.77292275097759333  0.78330900089160105
  0.79370558643912859  0.80410501627613684  0.81448090973424470  0.82486913006517537
  0.83527290375801533  0.84569342800810987  0.85609236921898690  0.86647261303783130
  0.87683690721172813  0.88720367084681995  0.89758033369629464  0.90796187765160630
  0.91834091235915272  0.92872815706404699  0.93910347970196761  0.94949076618007844
  0.95985902004346013  0.97021658231574859  0.98056183238654238  1.00000000000000000
  0.00953581975693681  0.01591292849107157  0.02508751711529647  0.03589134724385613
  0.04622650043707328  0.05659393869675398  0.06695617852151163  0.07734413754652932
  0.08773322972845164  0.09813181501442042  0.10852344543016519  0.11891127944552998
  0.12929419629613390  0.13967383465385019  0.15004505881077390  0.16042885228597065
  0.17082297421196527  0.18123018890753007  0.19162874237351002  0.20201613606383531
  0.21237997246446574  0.22273620035227520  0.23310244682398495  0.24348891811741527
  0.25386956239985653  0.26423374179792986  0.27458748562861096  0.28495006457953470
  0.29532739858463353  0.30570855665202917  0.31608948236622997  0.32648339076091948
  0.33688211334589047  0.34727423771804722  0.35763878959014095  0.36800163231984306
  0.37836037070319301  0.38872777480374382  0.39909445038233632  0.40947280728228375
  0.41984614531113773  0.43022453450705050  0.44059739269110726  0.45096847512781107
  0.46134156989917724  0.47171793914633015  0.48211584067157920  0.49252248293114198
  0.50293581552089672  0.51334798136018811  0.52374320056117007  0.53413135983700899
  0.54450357663465687  0.55486713254699682  0.56522281896940541  0.57558734767797171
  0.58597824706330059  0.59638405500869118  0.60678092107280923  0.61716706172018010
  0.62756082630886190  0.63797414539306740  0.64838944651692121  0.65877792731685980
  0.66913816298536233  0.67949537158363293  0.68987597217071128  0.70027489526818643
  0.71067513813206717  0.72105563134874084  0.73141271112730866  0.74175977926409487
  0.75210906730562843  0.76247752327709117  0.77284159040081557  0.78321138780266963
  0.79359610156875005  0.80399688491803323  0.81440911663405835  0.82481645352112698
  0.83522080250753661  0.84562267916732559  0.85601839897381171  0.86640896729537797
  0.87677083766108099  0.88712819091664397  0.89748885326783556  0.90786853853420246
  0.91824226284847255  0.92861685859116616  0.93900497596931720  0.94940236339373285
  0.95980477070448411  0.97018112111848342  0.98053969704615063  1.00000000000000000
 -0.00235164872160794  0.00959352746544887  0.01976937863622100  0.03026675239828332
  0.04078611570431378  0.05130380059951322  0.06181111481869472  0.07232403936556252
  0.08286382893840165  0.09341934539348180  0.10396235593339002  0.11447705200344299
  0.12502466074193125  0.13558380675613965  0.14615877599380703  0.15672279357196225
  0.16729207856667674  0.17786856220176464  0.18841692035787297  0.19898607511712024
  0.20953622536756308  0.22009038202046044  0.23060574653341417  0.24111261517958371
  0.25165375243544597  0.26219221639914397  0.27275878457955383  0.28332015397374111
  0.29387952768117787  0.30441140501879360  0.31492096538614123  0.32544094856478478
  0.33598017448758688  0.34652438371323030  0.35708810593656853  0.36764482388544395
  0.37820732029135878  0.38878523763560513  0.39937191635514702  0.40994545546013805
  0.42051461233162118  0.43108816374318315  0.44167473757237008  0.45223187049666974
  0.46278508404307866  0.47335149935834930  0.48391004162394424  0.49446846787676246
  0.50498128867150038  0.51549211263196049  0.52600590168073125  0.53654013064314321
  0.54706871270351842  0.55757830843941125  0.56810643403663563  0.57864285124993819
  0.58918861927834387  0.59971312162331714  0.61022446504182226  0.62075043973099120
  0.63129964497179147  0.64187965952344217  0.65240393324422508  0.66291409276301116
  0.67342562655154403  0.68398255240922534  0.69454294870688149  0.70508957834827657
  0.71558408927373751  0.72608066903055835  0.73659278915654258  0.74716388231125819
  0.75771340343272975  0.76825812251283809  0.77876262122260564  0.78928293488585832
  0.79980472106195133  0.81034964150632038  0.82091074620305504  0.83150234890266406
  0.84208692946198671  0.85265694736928432  0.86320789191995018  0.87373535698550053
  0.88425550656983898  0.89476859874833747  0.90531414593945958  0.91584541561057697
  0.92637320899012732  0.93688577519203053  0.94742540392185870  0.95796420179257979
  0.96848256792017562  0.97898428006355009  0.98948155881173616  1.00000000000000000
 -0.00238876257008791  0.00954200233323173  0.01970865150080924  0.03019869198967621
  0.04071722763347662  0.05124685108079147  0.06181735775769134  0.07241081069003408
  0.08300173718247600  0.09353979454210842  0.10406184211763668  0.11457474779594511
  0.12512858552780365  0.13570306370556420  0.14625652965761260  0.15678025125556722
  0.16729269546088971  0.17779999073187608  0.18830578311834384  0.19880138088010890
  0.20931159433608651  0.21983677292239362  0.23036919036440517  0.24091304406542693
  0.25145092412227449  0.26196609179069774  0.27247280368541810  0.28299645709584775
  0.29355753772287396  0.30413772827142282  0.31469733835748481  0.32522829066765829
  0.33574319506582345  0.34628167033904472  0.35683013767899180  0.36737856145543873
  0.37792567761398305  0.38845938611058023  0.39899665152159564  0.40951874144876504
  0.42004732986007065  0.43057234924461263  0.44109030942046823  0.45161140587818155
  0.46216060054063179  0.47271123186698838  0.48326925205735133  0.49381637610441786
  0.50437486068426818  0.51492582067844905  0.52547897267491506  0.53602897340611821
  0.54657451062834139  0.55711149339122734  0.56763438258363563  0.57815997188594337
  0.58869458899862603  0.59925368745293561  0.60982812736127734  0.62037641657911091
  0.63091406424613794  0.64141942328191026  0.65191695652453252  0.66241095939624750
  0.67293549559123622  0.68346658694399642  0.69398892414326530  0.70449866952924189
  0.71501708934878494  0.72557725938783468  0.73611201848286967  0.74664640745945532
  0.75716994908977975  0.76773175884554679  0.77829778010919093  0.78886861146107812
  0.79942617710477470  0.80997263516527451  0.82048565066191648  0.83101649473302519
  0.84156011150668442  0.85212585464376744  0.86270099021402091  0.87325841372828361
  0.88379905624423705  0.89432783057766418  0.90487142787871933  0.91542687660355526
  0.92598542869943612  0.93654920641626682  0.94711478117277503  0.95769117157644401
  0.96826189541654817  0.97884499802259517  0.98941800541671132  1.00000000000000000
 -0.00247316152279043  0.00947894602211770  0.01964225652491539  0.03014271042513271
  0.04068317628734452  0.05121862483997136  0.06176468901024215  0.07229501759227841
  0.08282374911665057  0.09333907191380006  0.10386347303010859  0.11438676868301251
  0.12493013761979140  0.13546953435084333  0.14600485849968220  0.15653726213718322
  0.16708604887198283  0.17762097752917699  0.18815750189446245  0.19869518252651580
  0.20923824790097170  0.21976571400800607  0.23029948950136669  0.24084159781648898
  0.25138221357605822  0.26191179857906394  0.27244446918490900  0.28299091088499745
  0.29356482915711868  0.30412592136865618  0.31468206760572470  0.32524470030734037
  0.33580444777525520  0.34637756404913161  0.35691640796469354  0.36744436183174123
  0.37794942303203710  0.38846239281091788  0.39901190894688243  0.40953830252760792
  0.42004380480910269  0.43053949516349960  0.44107812679363118  0.45163123210653050
  0.46217321609788103  0.47272052370894097  0.48326921339260143  0.49382324318716381
  0.50436584936248130  0.51489528681164942  0.52541351909532252  0.53593195889892209
  0.54644321835278287  0.55697226952979317  0.56751966114180685  0.57807495376742069
  0.58861789742142090  0.59914658233908602  0.60967999980675747  0.62021205270057445
  0.63071877570645918  0.64125179786686159  0.65181669359308902  0.66239182512944561
  0.67295784823448512  0.68348943242391091  0.69402362806235529  0.70452917506879043
  0.71504353758207317  0.72556562482522280  0.73611057304049010  0.74667415111213709
  0.75724754657292648  0.76780089150546449  0.77832676444921500  0.78884518061913134
  0.79938841038162056  0.80992854448600038  0.82047829006306827  0.83101862080258226
  0.84158930136894461  0.85215596103182645  0.86272882696737752  0.87328993413279310
  0.88385874409097365  0.89440133340426353  0.90495079989571314  0.91549601662465430
  0.92606017615726843  0.93661916651701260  0.94717745484621418  0.95774129687197840
  0.96829035062218660  0.97884912701069771  0.98941314635136868  1.00000000000000000
 -0.00254585862350613  0.00945732511826212  0.01961428745087161  0.03012490298961168
  0.04066888937661466  0.05118529807286273  0.06168462306432514  0.07220292465213096
  0.08272100829339109  0.09326123129338078  0.10377893850004552  0.11432611654943206
  0.12486588640802053  0.13542153540864357  0.14596757550917372  0.15655486000922611
  0.16714252647067090  0.17770864703888656  0.18821775459153114  0.19871902684787834
  0.20924769008690050  0.21979176947860105  0.23033789676905433  0.24088148779939819
  0.25141513291661688  0.26195550176653687  0.27249368159683468  0.28305617678294986
  0.29360580457327246  0.30415742834651555  0.31470223668013475  0.32526753175705736
  0.33581986678926851  0.34635756144260477  0.35688710342831126  0.36740843186991223
  0.37793579685195522  0.38845329447149457  0.39901483014997674  0.40958326556174862
  0.42015789612437449  0.43070952558959513  0.44125580039066742  0.45177874726430667
  0.46229419501845409  0.47279561396636843  0.48331210580760103  0.49383119162804961
  0.50438360664336290  0.51490828857714310  0.52543270008119236  0.53596500268210134
  0.54651660547803804  0.55704416080024799  0.56754975580950884  0.57805713340337028
  0.58860783249508053  0.59917062462749071  0.60975715501541194  0.62033885054000881
  0.63089488975884822  0.64145681538510946  0.65200166235004142  0.66258148506133852
  0.67314052681847425  0.68371122293217423  0.69427060036046662  0.70482508490308216
  0.71536380453931625  0.72589632454318420  0.73644159205685666  0.74699480065065049
  0.75756198033429989  0.76809706552543300  0.77863188851130349  0.78916406294119945
  0.79973854654064391  0.81031652964774981  0.82086739488051386  0.83140683455072173
  0.84194484958055760  0.85249399352552169  0.86302041410370645  0.87356215116309999
  0.88412231059010638  0.89468303291506757  0.90523401088508781  0.91575677965101099
  0.92628966578432292  0.93680521057599697  0.94733170884474749  0.95786497672308724
  0.96839017879817479  0.97893305602913883  0.98945719475334770  1.00000000000000000
 -0.00249340640792488  0.00943393597964347  0.01956019228969699  0.03008219675621938
  0.04063995681197917  0.05121587885423467  0.06173660673823694  0.07225117623321629
  0.08276484663103249  0.09328626573433256  0.10385217633687203  0.11440860598833277
  0.12498572314243743  0.13550068936740356  0.14600194235396990  0.15649972846812479
  0.16702421124682520  0.17754386835436012  0.18805516089421923  0.19854879803623099
  0.20907203517144479  0.21957878399326086  0.23011312613999163  0.24064257670285841
  0.25121188523938265  0.26176575501883437  0.27232610135358570  0.28287189502593552
  0.29342867425661762  0.30397255490445185  0.31453380268929571  0.32506845825080782
  0.33560184451667896  0.34610733724143777  0.35663857556669609  0.36717971533059440
  0.37772814713071107  0.38829204615251561  0.39884641183796399  0.40940422511964830
  0.41995640283548735  0.43052867102460818  0.44113456416159796  0.45171512489220450
  0.46227208637853423  0.47278516833090894  0.48331084284385833  0.49386089204747396
  0.50441967229975571  0.51496228209305817  0.52548590997816169  0.53601734300986204
  0.54656502812812469  0.55713104278283376  0.56770457991209766  0.57828044483780372
  0.58882855993847161  0.59936074741278023  0.60988104884140104  0.62041419809454568
  0.63096118069613483  0.64148086733556120  0.65202000335548582  0.66253234071586498
  0.67306263320612958  0.68357841392129270  0.69412379844131677  0.70468056721944006
  0.71522978994159325  0.72578229974021780  0.73634399699775577  0.74691342254558801
  0.75745046882458988  0.76797974693194748  0.77852510282285781  0.78908428010526577
  0.79965348483455312  0.81019622627625398  0.82075099420186204  0.83128188045712170
  0.84181354644999196  0.85234857546976484  0.86287935599005094  0.87341147996854984
  0.88395482822805760  0.89451609002074273  0.90508126354384522  0.91562018444922522
  0.92618121692846078  0.93674526509908762  0.94730942898579185  0.95784791823110349
  0.96838097899039899  0.97891197719094958  0.98945534785417655  1.00000000000000000
 -0.00252021707167775  0.00940940801437397  0.01955365935629261  0.03003184868469122
  0.04057817097045485  0.05109979459586882  0.06163748372952103  0.07217510123592741
  0.08273607446914154  0.09330740201320371  0.10386643181525947  0.11442489295990675
  0.12497638459269418  0.13555140945268787  0.14611754107828065  0.15668949366208287
  0.16725284402102544  0.17781555095886473  0.18835573184966681  0.19885595231516040
  0.20935571389370386  0.21985183069671987  0.23038927340479592  0.24093749360342723
  0.25150366203174895  0.26204687115766623  0.27257766532855060  0.28311001537471769
  0.29366293746009270  0.30419950605567209  0.31471847246630652  0.32524362902617815
  0.33580514745194773  0.34637981066752954  0.35691018436082678  0.36743563606427354
  0.37797144667566174  0.38853802886096955  0.39908136680636203  0.40963971610628813
  0.42019300930149284  0.43076784341435759  0.44133942449760161  0.45190047583861076
  0.46244890288909007  0.47299157343967391  0.48357551925462877  0.49416223806857906
  0.50471321351378950  0.51524645933808133  0.52576634141320511  0.53633408277024830
  0.54687088608504297  0.55742853954620009  0.56796113003810400  0.57853299788104129
  0.58906882192154686  0.59962281624007774  0.61015601374301398  0.62069870349730760
  0.63121724055336292  0.64175078921359541  0.65229499876395658  0.66284326008842620
  0.67337087777333626  0.68391412157063980  0.69445925330626990  0.70503234794671188
  0.71558659209154318  0.72614716569010407  0.73669086761884306  0.74721600279641620
  0.75770915099501013  0.76820382327390935  0.77870881392618718  0.78926821248193701
  0.79981579456069141  0.81037306253358288  0.82089760463410333  0.83145312109651792
  0.84200324944054139  0.85257591314304071  0.86312850665681795  0.87366113804850776
  0.88420706240751501  0.89472819909492274  0.90525293608664781  0.91576071653875135
  0.92628184264746694  0.93680005881333628  0.94728318220817997  0.95779156734695570
  0.96832330642570430  0.97887619476948184  0.98943267201552032  1.00000000000000000
   1.5432854870330682E-002  -1.0000000000000000     
 F F F F F F F F F F F F F F F F F F F F F F F F F F F F F F F F F F F F F F F F F F F F F F F F F F F F F F F F F F F F F F F F F F F F F F F F F F F F F F F F F F F F F F F F F F F F F F F F F F F F F F F F F F F F F F F F F F F F F F F F F F F F F F F F
  <DiscreteSampler_grid>
  grouped_processes
  1 # 1 for a reference and 2 for a running grid.
  10 # Attribute 'min_bin_probing_points' of the grid.
  1 # Attribute 'grid_mode' of the grid. 1=='default',2=='initialization'
  0.0000000000000000 # Attribute 'small_contrib_threshold' of the grid.
  0.5000000000000000 # Attribute 'damping_power' of the grid.
 # binID   n_entries weight   weight_sqr   abs_weight
    10   10   4.257611508895602E+013   4.359433646254862E+027   4.257611508895602E+013
    11   10   4.257611508895601E+013   4.359433646254861E+027   4.257611508895601E+013
  </DiscreteSampler_grid>
