  0.00945705897434167  0.01620563514210047  0.02245772208259271  0.03158797304416445
  0.04052933454000987  0.05022141469593621  0.06011776192321375  0.07011355274342923
  0.08019531338569130  0.09038925503025880  0.10059102126058159  0.11081733386707981
  0.12104477939821469  0.13130336335821319  0.14155881638061793  0.15180551971058939
  0.16203553611932126  0.17226746965624287  0.18250154587397935  0.19273184109365277
  0.20296400233841264  0.21318540002421041  0.22343854904325711  0.23372375584774358
  0.24405220053889837  0.25440252797594537  0.26476169617103784  0.27512846897264454
  0.28551085734101300  0.29589619161222924  0.30624761108273180  0.31657166923848029
  0.32689822135734237  0.33725942090165112  0.34765029639570699  0.35804402578062894
  0.36844919306524254  0.37886421147885807  0.38926173969181815  0.39963962763259836
  0.40999796193689025  0.42035208781054845  0.43073268587039470  0.44113131705946035
  0.45153701246870637  0.46191323242445903  0.47225941213214007  0.48263174100202255
  0.49305868118960960  0.50351208530683234  0.51398036906957068  0.52443785173574076
  0.53492914881765397  0.54542348444455968  0.55589711229025640  0.56637457123478352
  0.57679771100037991  0.58721373145969658  0.59757234612805976  0.60796399742968865
  0.61836612487488296  0.62876756604116446  0.63916395260262415  0.64955908405978091
  0.65996228141141988  0.67037544913586067  0.68082064688771760  0.69127300834617444
  0.70171859746835419  0.71214838808128922  0.72261341228399667  0.73310425164758009
  0.74361158222259571  0.75410298912553164  0.76457577452710945  0.77504538399664702
  0.78550515721077241  0.79598491228666801  0.80648833640490969  0.81702805425676783
  0.82757327427257710  0.83814254292191337  0.84874141771961242  0.85937736726938030
  0.86999586125128570  0.88059629201752121  0.89116938265489010  0.90177659033886326
  0.91243868041596565  0.92320682141980104  0.93400969195425920  0.94491778765345424
  0.95589807525989756  0.96711443629658234  0.97860130231309761  1.00000000000000000
  0.00961445433707457  0.01467962085582349  0.02256919191221946  0.03234527819006894
  0.04207437940930704  0.05203385955848833  0.06207538539119491  0.07219252028619050
  0.08232698583919619  0.09251197099501265  0.10270229721435412  0.11296196666586539
  0.12325410226222666  0.13360209218721350  0.14396491368658423  0.15438388088166291
  0.16482550828305625  0.17528084341657915  0.18569872367747187  0.19615762748164903
  0.20661941303004783  0.21705444501729984  0.22742049654755933  0.23776437396656636
  0.24814735238910118  0.25856035003428557  0.26900102122196162  0.27948101705668510
  0.28994346740917160  0.30042330688455599  0.31084764057506203  0.32126609977746395
  0.33171771816664780  0.34218807110861127  0.35269644512846998  0.36317357867121808
  0.37358813679049302  0.38398733547246844  0.39437577130902507  0.40483821968281186
  0.41537138320708494  0.42591276038275500  0.43645940220040413  0.44698850822700759
  0.45750563348755902  0.46803248020902133  0.47852725234839921  0.48906869422701132
  0.49959555094408886  0.51014001836206735  0.52066234969674696  0.53120356928667589
  0.54174476411538175  0.55230130443362047  0.56286009590960151  0.57339955964454992
  0.58388679368916419  0.59435566339285195  0.60481458975760383  0.61530975157191048
  0.62586911982790705  0.63645377814665116  0.64704644302811765  0.65762349076392479
  0.66818229401213702  0.67870388031577311  0.68921806614320402  0.69975880733513340
  0.71033666302113507  0.72090489636882116  0.73132504595544578  0.74080044088340125
  0.75028384368173962  0.75975785223985570  0.77011961066320023  0.78068369017777928
  0.79124288132227938  0.80181574185153104  0.81238794867466690  0.82298257779303208
  0.83359210225361080  0.84424811934549093  0.85493456734280426  0.86563228733464981
  0.87633111665504337  0.88702363858999633  0.89775738877571942  0.90853693587073903
  0.91939057667454249  0.93028230389818289  0.94124070585975117  0.95224932110650351
  0.96351193369709087  0.97514262770582205  0.98737298765877768  1.00000000000000000
 -0.00182251518167161 -0.00112156326895727 -0.00042061135624294  0.00028034055647140
  0.00072442424265569  0.00080059410251907  0.00087676396238245  0.00102344173534370
  0.00124620020906055  0.00146874082919530  0.00169130917534767  0.00191421089390529
  0.00213709871276041  0.00235972206479926  0.00258199379089920  0.00280440556627621
  0.00302746549642097  0.00325109484564327  0.00347508354006489  0.00369909117055963
  0.00392309769369492  0.00414737032869215  0.00437214776943233  0.00459727042635496
  0.00482218614646424  0.00504673414359962  0.00527136192145614  0.00549628971152004
  0.00572166449661889  0.00594728889531314  0.00617296564844936  0.00639900133994844
  0.00662514741787990  0.00685116060111408  0.00707700586784807  0.00730259376405982
  0.00752836197180342  0.00775430809880716  0.00798082591271976  0.00820824432743113
  0.00843620310742558  0.00866449309224765  0.00889301589710236  0.00912173106797685
  0.00935008924496500  0.00957831724454011  0.00980678589263959  0.01003607858059504
  0.01026581746137877  0.01049551289792907  0.01072521343253550  0.01095533742519388
  0.01118566661068786  0.01141619930715002  0.01164707770046777  0.01187806757653607
  0.01210920903826174  0.01234015395359086  0.01257079957751410  0.01280174319050973
  0.01303274388324191  0.01326452451065406  0.01349663302905076  0.01372964601461651
  0.01396313926096613  0.01419705041104747  0.01443068903508355  0.01466446175087584
  0.01489842302393360  0.01513261390702697  0.01536699328000386  0.01560199593511819
  0.01583787771901930  0.01607379406792646  0.01631030904860535  0.01654689991063398
  0.01678413661559259  0.01702167974470055  0.01725953424726574  0.01749761021050571
  0.01773577450434502  0.01797402073929570  0.01821233465675133  0.01845061537170740
  0.01868960160423502  0.01892923233938134  0.01916934360760944  0.01940934674414151
  0.01964967109637257  0.01990426397263675  0.02017606656523500  0.02045884302644952
  0.02073446707393350  0.02096364132964778  0.02099221077893960  1.00000000000000000
 -0.00234148843160803  0.01005414268282692  0.02035186392396306  0.03086011802156691
  0.04132682116156914  0.05186512185865824  0.06239451529281232  0.07291964661333512
  0.08344349179304743  0.09407883285251910  0.10469538143896653  0.11530158232332731
  0.12580854995831367  0.13637475133917401  0.14698278619923297  0.15757808486452832
  0.16819922913737317  0.17874178423260892  0.18933861890994083  0.19989130347056511
  0.21044588378992654  0.22096961346565500  0.23147658429181886  0.24199750555489286
  0.25257937266048031  0.26316548985102184  0.27373250273009031  0.28425607116402668
  0.29484416613888326  0.30548173967627329  0.31612028870638792  0.32666345403685287
  0.33718224800605728  0.34770298914256137  0.35825216650409886  0.36881874276764059
  0.37940069119628317  0.38997144165286785  0.40053192593111764  0.41105732323807465
  0.42164881540362642  0.43225589303219442  0.44285502328533743  0.45342770475007038
  0.46396895493050805  0.47455142867804545  0.48513601771281162  0.49573818299335776
  0.50631861865737482  0.51689095989266243  0.52743072334128449  0.53799394734255546
  0.54855086629062244  0.55908671869990811  0.56960321708358919  0.58012295308284101
  0.59073491116802657  0.60137763120202270  0.61202404210054295  0.62266239567084725
  0.63307998932191678  0.64262666627112552  0.65210773364595120  0.66158722814452509
  0.67198168900433508  0.68259428194029148  0.69321153588203022  0.70383928552894004
  0.71444815440906095  0.72503778423980814  0.73558553514269154  0.74608998101464674
  0.75661488057487125  0.76717762996851979  0.77778501644680487  0.78837213227374070
  0.79898293975036705  0.80955050560973651  0.82014063404037507  0.83072274354760067
  0.84131839876678105  0.85188478428264347  0.86246139554059509  0.87304430843678016
  0.88364640063249578  0.89418806913915638  0.90474619891632002  0.91531277125160382
  0.92584133523179712  0.93641199491313831  0.94702346375554847  0.95760337963249054
  0.96816997602557830  0.97874387338977786  0.98939181925192643  1.00000000000000000
 -0.00253079911958859  0.00955116360115926  0.01979555021630084  0.03040782336112601
  0.04099289401948555  0.05154800831931294  0.06208867312002288  0.07270702486420748
  0.08329775216135557  0.09390594280596080  0.10446576078602479  0.11507751331725946
  0.12569509177697988  0.13622265510395801  0.14674561824923280  0.15726437798600398
  0.16787287004444881  0.17844522178651465  0.18903528914666912  0.19955887998114433
  0.21005227942163465  0.22053699114316544  0.23106989211087847  0.24164748673683578
  0.25223321121425701  0.26283528474230100  0.27344045911108938  0.28403520805633037
  0.29459683174048884  0.30516830142071505  0.31571910154429628  0.32627899732306392
  0.33684360287382675  0.34743571400597983  0.35804455097277132  0.36860658450255729
  0.37917886428697067  0.38971809317179795  0.40029398191968707  0.41084700464807533
  0.42140140900893330  0.43192149484104592  0.44245051097934829  0.45303512431423770
  0.46362250110435249  0.47421951678663987  0.48479533750266413  0.49537198507159330
  0.50589097922679938  0.51639975271738192  0.52693871406517157  0.53751304487124818
  0.54809157825107202  0.55863668000722044  0.56919686278458415  0.57975651657332528
  0.59035937408985517  0.60094149579691925  0.61151154202747271  0.62205266745317145
  0.63262759538476920  0.64323314268822240  0.65385430999867822  0.66452069077122256
  0.67520625360835818  0.68592685577226065  0.69658059880390122  0.70722907415987468
  0.71784641965366813  0.72846913446649331  0.73905528219756256  0.74960384641485345
  0.76014535841292086  0.77070965146812165  0.78131016086174621  0.79187533947701205
  0.80237725851778496  0.81285660949124827  0.82334999613742421  0.83387875818153734
  0.84443547419673604  0.85500985905710547  0.86559190631237015  0.87615983061566938
  0.88675411155308792  0.89734256880514429  0.90794818128305044  0.91854936026932910
  0.92914477530727513  0.93972470718302825  0.95028725290359928  0.96057017073672946
  0.97015543895356859  0.97975195520649683  0.98937682861524501  1.00000000000000000
 -0.00241618130832907  0.00995994581109477  0.02029940387576509  0.03086997127868640
  0.04142074075978672  0.05193200474070751  0.06247124219765095  0.07305807443235930
  0.08363226406233028  0.09418536034632398  0.10468079554133201  0.11521819719291193
  0.12574924296378814  0.13631619002810755  0.14687530594743423  0.15743730851131105
  0.16793405812992784  0.17756333204252092  0.18718604884135676  0.19682888250206532
  0.20714999640960871  0.21775037243323450  0.22838296171196698  0.23902984383080553
  0.24967532870860126  0.26030283544559912  0.27089430091096162  0.28148080098838524
  0.29206364254737566  0.30263926299248500  0.31325222892392252  0.32386711626145370
  0.33445989471927834  0.34500163526156252  0.35555283133508064  0.36612332968558359
  0.37669125532564329  0.38725881262516870  0.39782495863277395  0.40838518010739661
  0.41891331356004619  0.42946130553763018  0.44006034037935465  0.45068391316568895
  0.46126442621266400  0.47182058495530682  0.48236866579634957  0.49292503921720016
  0.50351987516670316  0.51415175381433398  0.52477843243442746  0.53533474806255066
  0.54589183230878524  0.55644175853436362  0.56704158918517988  0.57761310589478809
  0.58818119655033263  0.59871797005559024  0.60927969225565792  0.61984462244001270
  0.63039560358157232  0.64091441042418185  0.65146453152830919  0.66206068042772237
  0.67265913525935750  0.68325013647748523  0.69383223796477744  0.70442688520791785
  0.71506400027635408  0.72564590636930182  0.73623797728027007  0.74678845878310407
  0.75735188525274244  0.76788212416937807  0.77843102473797687  0.78897237653447205
  0.79956451358448022  0.81012541090580192  0.82066874809505586  0.83118299003989138
  0.84168203538672470  0.85221823594443791  0.86275278913607722  0.87331009905771306
  0.88389036415887812  0.89448435778084789  0.90508301165106464  0.91566109452634736
  0.92622675746112493  0.93678226258361819  0.94735339641393335  0.95788156687155879
  0.96841625494883965  0.97894409046261543  0.98948187995623560  1.00000000000000000
 -0.00245197773962395  0.00944758800465645  0.01952843123078219  0.03000273969755878
  0.04051563090189165  0.05024876773347743  0.05997705185764963  0.06970551104921514
  0.08002107423446779  0.09055161167520724  0.10109009946191241  0.11163938640030324
  0.12219311471231885  0.13277667247696520  0.14338390167437678  0.15400378987021102
  0.16457021434493715  0.17511891466504595  0.18564369450603418  0.19621200095325780
  0.20678750631293780  0.21736272603899684  0.22795371406344359  0.23852906980545649
  0.24911774776811735  0.25968296676905595  0.27028931283842084  0.28092035741060584
  0.29154625566968539  0.30215596758697683  0.31275323308834041  0.32334650342707483
  0.33392733732395180  0.34452068992800122  0.35508203337529903  0.36563828217804167
  0.37620871968023412  0.38683415858791625  0.39747393216740662  0.40807228355820152
  0.41863852631833520  0.42921558677858190  0.43978349857547017  0.45036351116627693
  0.46091728072177590  0.47146163457761991  0.48196979430671755  0.49246594753426109
  0.50298684678606898  0.51353129434686151  0.52411449345053607  0.53470055859118881
  0.54527902982720899  0.55581396610302369  0.56636322675492923  0.57696701266190675
  0.58761295337078145  0.59823778582752696  0.60883920317973017  0.61944353633496907
  0.63008502514103226  0.64070258516012724  0.65127347572676231  0.66183980326937120
  0.67243673642890411  0.68307055181184217  0.69367448600986226  0.70428017751690652
  0.71486520047882907  0.72544075752475023  0.73597768890482629  0.74650021985068482
  0.75703678468219082  0.76758824325842701  0.77816449451328329  0.78877036779961085
  0.79939985371351807  0.81000849961145638  0.82057687532637247  0.83110243732846345
  0.84168283718279668  0.85223231707521818  0.86275960307752897  0.87325100461373850
  0.88382130467290065  0.89443155289683940  0.90501574046075783  0.91558222581208459
  0.92618052347195878  0.93680267543953943  0.94738251204143320  0.95793112750731357
  0.96847542786711405  0.97899952843725102  0.98950145758498764  1.00000000000000000
 -0.00187288787092340  0.00985740702972092  0.02010670503700911  0.03068143706164389
  0.04124320875120313  0.05182761119936373  0.06239960565596418  0.07298974055102464
  0.08355667769754684  0.09414739703188586  0.10471117042809219  0.11528415349445624
  0.12587141957857281  0.13648095173665906  0.14711323882667776  0.15770393992105941
  0.16831713816673755  0.17793229104277514  0.18756539844779477  0.19719409506759605
  0.20749822594253800  0.21806103612826150  0.22861491741449741  0.23918591921648669
  0.24976315521273648  0.26031576953174007  0.27086368471140804  0.28143173969880403
  0.29199434869730961  0.30254518186258506  0.31311602971045466  0.32372235702577012
  0.33436118924339481  0.34498472601712010  0.35561713191513761  0.36621220074391464
  0.37678160759772777  0.38731442822364387  0.39785301020339375  0.40841561990612646
  0.41901561779393548  0.42962580617714330  0.44026088179964495  0.45087484238371678
  0.46145488849191696  0.47198560635673747  0.48254585577422460  0.49312717930870176
  0.50372241280097241  0.51428739078192531  0.52484014310690097  0.53537347845816763
  0.54591273801139606  0.55642988335899635  0.56694424202115701  0.57745213763538605
  0.58799509887880141  0.59853447635372836  0.60904087278124497  0.61953665599508057
  0.63001450355848321  0.64053641439983633  0.65105059496278739  0.66161863405312960
  0.67218829689519488  0.68280473243860651  0.69341113872580717  0.70404464957525970
  0.71464906439545217  0.72528209409694189  0.73588071138232114  0.74648962654652040
  0.75706993831403691  0.76760734414869147  0.77813401347953370  0.78864499951285150
  0.79914531329271843  0.80966540748633764  0.82023653394856277  0.83085744137535855
  0.84148688221018064  0.85208920591130144  0.86267401439048597  0.87321609864003058
  0.88373849600066301  0.89429577594773613  0.90489381580986861  0.91545147958480222
  0.92602077955372197  0.93656029719000666  0.94713836712032218  0.95771494275619440
  0.96829884106092812  0.97889688083455051  0.98944768950128958  1.00000000000000000
   1.0666144393871408E-020  -1.0000000000000000     
 F F F F F F F F F F F F F F F F F F F F F F F F F F F F F F F F F F F F F F F F F F F F F F F F F F F F F F F F F F F F F F F F F F F F F F F F F F F F F F F F F F F F F F F F F F F F F F F F F F F F F F F F F F F F F F F F F F F F F F F F F F F F F F F F
  <DiscreteSampler_grid>
  grouped_processes
  1 # 1 for a reference and 2 for a running grid.
  10 # Attribute 'min_bin_probing_points' of the grid.
  1 # Attribute 'grid_mode' of the grid. 1=='default',2=='initialization'
  0.0000000000000000 # Attribute 'small_contrib_threshold' of the grid.
  0.5000000000000000 # Attribute 'damping_power' of the grid.
 # binID   n_entries weight   weight_sqr   abs_weight
    10   10   2.544823328330587E-010   1.886469240166225E-019   2.544823328330587E-010
    11   10   2.544823328330587E-010   1.886469240166224E-019   2.544823328330587E-010
  </DiscreteSampler_grid>
