  0.00000541282188617  0.00011061047054189  0.00033238586065361  0.00066779593452781
  0.00112585506645980  0.00175079059431726  0.00248546063637175  0.00332057735558308
  0.00425567797979075  0.00527643459232385  0.00635368655477630  0.00756581404681390
  0.00882837725163529  0.01015574301001814  0.01159665699874990  0.01318795563150996
  0.01480632692065014  0.01648327949122807  0.01820077663605483  0.01995004270377476
  0.02171037231880634  0.02354252608002220  0.02542840999292603  0.02734264551024526
  0.02931659350411617  0.03135062516785667  0.03340872315982329  0.03554030872820414
  0.03789617404320152  0.04042159456607847  0.04299911124342409  0.04557766538303441
  0.04819242151913485  0.05088226139372472  0.05370078971202338  0.05656463984356346
  0.05941351347820333  0.06235690864487201  0.06538277634447494  0.06817173538523698
  0.07087050085258756  0.07360440626618704  0.07637731620211408  0.07934566639656039
  0.08245635485730791  0.08562768889617980  0.08884791772963151  0.09210936382890240
  0.09538206272872679  0.09865102052692924  0.10192922879677500  0.10547496555590209
  0.10915062034562585  0.11288050969685412  0.11669540224726635  0.12068009637549949
  0.12488390102919397  0.12921838396403332  0.13355105516081012  0.13809323532092441
  0.14258988156814456  0.14703146181324689  0.15155162809268574  0.15635074172776883
  0.16151804782100687  0.16676086830219916  0.17186868140581882  0.17713467290189489
  0.18257489501733096  0.18823986181452659  0.19408230056565054  0.19999225559044528
  0.20675587984146038  0.21374558573395738  0.22112047698284551  0.22859414602792816
  0.23659636833574121  0.24524651733570779  0.25360196750002861  0.26253689878104136
  0.27280153054622058  0.28392928828726621  0.29574482349780007  0.30814709927814316
  0.32057895633846750  0.33403499615483029  0.34877741926911993  0.36561844830916346
  0.38473931014054225  0.40632524751415505  0.43115525388571890  0.46144042535115265
  0.50038250889653491  0.55523804011410771  0.66216636414828489  1.00000000000000000
 -0.00099209945487751  0.01649266492488097  0.03394336302484934  0.05003642836860109
  0.06350295603488720  0.07611833926372527  0.08909041171401558  0.10195390157683405
  0.11367455415677079  0.12453385187541054  0.13520660795898884  0.14615867100571800
  0.15676179785299116  0.16625550662248090  0.17505342007124480  0.18371484104296554
  0.19267332081009458  0.20118413286624143  0.20916911103043587  0.21682050409488357
  0.22454394436503614  0.23237990913366927  0.23996972310977163  0.24732678954998596
  0.25465739982619656  0.26160070423392767  0.26917093804140491  0.27649703728378028
  0.28430837858579278  0.29195980349587064  0.29934873619294683  0.30650947443536408
  0.31360079149503622  0.32075557004190303  0.32796598100357444  0.33517167342731158
  0.34225092905319693  0.34920948746555164  0.35618251254067179  0.36309085203449887
  0.37009871745008127  0.37687176260547561  0.38346600782344342  0.38992753890282245
  0.39627572209447398  0.40261587743464805  0.40900034501249649  0.41559024400506467
  0.42273494462533229  0.42996208516288520  0.43682347040560365  0.44323723612806615
  0.44972854358196157  0.45648813259308674  0.46314060087237308  0.47040715112187470
  0.47757875901592467  0.48462619643830901  0.49158650669564546  0.49841813867465345
  0.50521311885614406  0.51201739145363001  0.51887801735059347  0.52610005574102936
  0.53348920878487427  0.54112159901725876  0.54862312498316035  0.55604794540664026
  0.56349065061326398  0.57112398185054247  0.57912046293815411  0.58693405952092648
  0.59508632763631653  0.60359882563242451  0.61263192088702956  0.62164695815330173
  0.63056265001231970  0.63948941097131295  0.64852779279505990  0.65814043399528599
  0.66807641586896227  0.67855697967472361  0.68999423286771244  0.70199290792159308
  0.71416779609817360  0.72649181245677874  0.73919884005875491  0.75258258771431752
  0.76707351083647068  0.78392197610081749  0.80498098535260465  0.82675854081141975
  0.85023507586732272  0.88054410406929529  0.92763376805939035  1.00000000000000000
 -0.00185747989286217  0.00744297546569036  0.01608868585374463  0.02534440023456696
  0.03525814301168368  0.04565441048336943  0.05651655846226617  0.06746592081249013
  0.07793217024765396  0.08774279931745466  0.09717063111265155  0.10712235103136436
  0.11734263461771900  0.12737388216683496  0.13768153494646210  0.14770454708629324
  0.15784370367616338  0.16805491713362453  0.17817472121161382  0.18878595251332439
  0.19941183721394407  0.21006209942776480  0.22062818113682822  0.23126615370762751
  0.24229007041507897  0.25334666882261786  0.26440454705409455  0.27569921479985154
  0.28709184040364605  0.29813511318763491  0.30884566591127127  0.31962919208886881
  0.32996123009105827  0.34009472433200172  0.35024208193364287  0.36026957671400373
  0.37030045379965354  0.38030093298626694  0.39084964800891603  0.40154656089789781
  0.41201430519538507  0.42261022727220010  0.43349159383253205  0.44435787834483925
  0.45493618548593251  0.46499398079966403  0.47476491511466490  0.48456602747717059
  0.49410540956194604  0.50382603155849082  0.51421062462688472  0.52486552521244934
  0.53560331479923451  0.54551940302097823  0.55497125687333937  0.56554062568965691
  0.57620250986350885  0.58725852523520383  0.59758374412441895  0.60854143152667928
  0.61956959963594882  0.63102768833829948  0.64275840173483012  0.65418781929535130
  0.66523271404897821  0.67611779964383467  0.68705733012078518  0.69837078005827324
  0.70995767717715941  0.72210327336702251  0.73446578072062385  0.74692902058145372
  0.75839898539812012  0.76886060665967448  0.77981696913565135  0.79040737565285513
  0.80073193788152552  0.81088870825402570  0.82185417326114818  0.83286082425953933
  0.84363528718343850  0.85452760493698676  0.86566506544177957  0.87709560441092016
  0.88857951768864607  0.90057593820953885  0.91104347574200895  0.92090928300232233
  0.93007749877287049  0.93940645851299065  0.94931305535465782  0.95936657809644910
  0.96964594522393632  0.97973146748914364  0.98972067588808665  1.00000000000000000
 -0.00200511053892345  0.01111591265865649  0.02229621847464541  0.03297447864733311
  0.04422665812056596  0.05490303257727574  0.06579786822680012  0.07630147649510013
  0.08668227315914312  0.09670572261226616  0.10665337316055701  0.11662534458146372
  0.12669331977166570  0.13700606489527137  0.14624659523184300  0.15600787103262970
  0.16572309986083006  0.17740118852729012  0.18910053570642421  0.20058371211339174
  0.21154003765807469  0.22250031068123899  0.23316043682009058  0.24295195401764572
  0.25271906442024833  0.26268073809415066  0.27324037904266230  0.28376021326476497
  0.29519701151593469  0.30677607642678073  0.31823487320485655  0.32933614750802814
  0.34032043524326322  0.35078565259828703  0.36128691093218879  0.37181760128307612
  0.38239813541502526  0.39284830887258121  0.40329971993667180  0.41368296653813891
  0.42386899666003769  0.43377520930453922  0.44482312410309272  0.45607243513167312
  0.46734193698183385  0.47799510354171321  0.48814866138710872  0.49795767036877792
  0.50789875626003766  0.51805167921238360  0.52798024117780107  0.53722470946053769
  0.54763041499141552  0.55923357355205672  0.57079414866954992  0.58162872054974635
  0.59192202597670929  0.60239741598171093  0.61278653061675370  0.62328855537526207
  0.63361227321258184  0.64425250553071001  0.65458030164914960  0.66465036441823466
  0.67438553979134952  0.68424098746001794  0.69386930810213276  0.70382502989705475
  0.71413544646725102  0.72520926029578503  0.73566116513515178  0.74610929868645581
  0.75674507033884220  0.76823780952229903  0.77889630065333737  0.78904837209832912
  0.79877106267002629  0.80860666161588723  0.81865612267860710  0.82876350724189629
  0.83914522734950647  0.84993867007806556  0.86052336430115450  0.87181158902331024
  0.88288507836646890  0.89415091072302166  0.90540172864371116  0.91631865037258220
  0.92682573915017563  0.93720590199243126  0.94784111889313571  0.95785771658459051
  0.96754919714221743  0.97726669183406334  0.98855958000615862  1.00000000000000000
 -0.00230864814210177  0.00960378138379194  0.02022570427509312  0.03131067986550277
  0.04218221332544651  0.05267066560345289  0.06303016572373021  0.07380816394675904
  0.08435195693013924  0.09477727858307866  0.10554083228844482  0.11620238561044240
  0.12710707147368014  0.13845853003155201  0.15001487222282325  0.16093865058690188
  0.17087353613537110  0.18040516629038134  0.19037375332744177  0.20058071643888462
  0.21066443966789328  0.22107345838270262  0.23115398891367001  0.24172638426680204
  0.25245416844188945  0.26322228417913296  0.27433667066670037  0.28555929788759699
  0.29680696272345947  0.30780929601513474  0.31858278255837902  0.32933573518397774
  0.33988596612108424  0.35056932873203195  0.36168147250955562  0.37253321963681774
  0.38284564252855607  0.39287800807011725  0.40308316014226447  0.41345869635751731
  0.42388204294422915  0.43428784495846107  0.44435888585302641  0.45429255883825670
  0.46385511988395056  0.47319498723675679  0.48273626975756340  0.49239908635284491
  0.50237011813729104  0.51250751960119156  0.52232486759287156  0.53211320379143412
  0.54185061027438763  0.55146447378035213  0.56102356549444810  0.57051803794581613
  0.58008152231569976  0.58967844142440029  0.59943552518296295  0.60949232548616405
  0.61999147233308793  0.63093022774912566  0.64175815977506168  0.65222953146826046
  0.66237682701907785  0.67339187270699119  0.68458993710415905  0.69502566393630161
  0.70532165201354735  0.71603401714176995  0.72663545176002531  0.73712228890720499
  0.74748043458258984  0.75821812336037497  0.76885655912417994  0.77864364964691979
  0.78864113803898928  0.79914153949601219  0.80998875506030132  0.82061142355712979
  0.83071976256787317  0.84063051012071577  0.85031799656000451  0.86005698903020900
  0.87018970354489333  0.88073676217750496  0.89165668978784884  0.90223113679561617
  0.91285148438880970  0.92374394333994647  0.93567747851455152  0.94818681271737282
  0.96088058975983048  0.97348241226503074  0.98641564435817597  1.00000000000000000
 -0.00246670433824077  0.00977654556950060  0.02089863779592483  0.03298137291667743
  0.04549485120293092  0.05682943918507730  0.06777908605606385  0.07821585353187442
  0.08773542595584517  0.09676348230268363  0.10580398034773715  0.11562652835960655
  0.12602458475362405  0.13710833545273415  0.14824172181907699  0.15855792004774591
  0.16838178793112119  0.17751320504295712  0.18668897635969089  0.19594277882431516
  0.20529005472930067  0.21504781899560590  0.22505981520917490  0.23588052048151359
  0.24745628328836169  0.25927558479079182  0.27097721566049959  0.28294537433375044
  0.29476225670496359  0.30658085801256485  0.31706262817163089  0.32704544568562371
  0.33637895270524859  0.34613592044717584  0.35565579251943258  0.36547962899194897
  0.37478633815337770  0.38441038346532153  0.39417102321301567  0.40414131249255469
  0.41449157035707074  0.42479151054130693  0.43453242460097952  0.44378772865941085
  0.45304584542190696  0.46315373935383081  0.47446141646560469  0.48593414573569033
  0.49771444389335534  0.50942650922268640  0.52097742366688748  0.53179248006057533
  0.54233365559834967  0.55285797948177351  0.56328431637080412  0.57327575229632532
  0.58314496287687334  0.59295318171885869  0.60255703985171982  0.61218804423646456
  0.62276758535802212  0.63355479938128079  0.64357438422384683  0.65319461439673909
  0.66270203624032009  0.67282557916001462  0.68338768460528554  0.69440538018585130
  0.70579323325819454  0.71706249750057960  0.72844389319152247  0.73950808691182468
  0.74999581706079732  0.76019772101542227  0.77035673648653258  0.78086675656767301
  0.79149764006187762  0.80174825558155405  0.81182804386597240  0.82217951128946665
  0.83287496138973860  0.84401966587909316  0.85520914406547821  0.86636714283066862
  0.87724215178131870  0.88772519093847169  0.89784993807023128  0.90780886931454419
  0.91804548640107908  0.92936944843420310  0.94107940720243022  0.95309755583195621
  0.96495607930357119  0.97703736635464078  0.98853353341980699  1.00000000000000000
 -0.00278165721152998  0.01098211288274609  0.02270509864992514  0.03457046317432091
  0.04612477348078821  0.05691182670144197  0.06775540680614998  0.07912936592763040
  0.09042644046073350  0.10166013579045520  0.11374261359346591  0.12633745811934921
  0.13819212178473145  0.14925591386672604  0.15999172638666651  0.17065572735551146
  0.18143309295405624  0.19218303701554232  0.20333323956701957  0.21450568364558351
  0.22582962269654497  0.23661228981909843  0.24793965419590916  0.26008346614899819
  0.27251651142729261  0.28338576243900160  0.29391620709251515  0.30438172923998214
  0.31548956300933501  0.32582614637493279  0.33615403532013916  0.34638853636791817
  0.35644601657749792  0.36665504322277737  0.37743603153783456  0.38904233833942214
  0.40039514593506170  0.41110200759307663  0.42253686798523432  0.43361659908926092
  0.44372389750663094  0.45341656772877947  0.46293426119099768  0.47296263935732791
  0.48291532287885364  0.49280055263753697  0.50240275275789426  0.51250473502797622
  0.52260009575780153  0.53214114310343019  0.54236555234608552  0.55269796794538062
  0.56283393859141506  0.57244377965819226  0.58215893620008019  0.59165162170263830
  0.60081615722205850  0.61046660254092233  0.62117578943501373  0.63193316761189178
  0.64213735783538073  0.65195246652568162  0.66204227852103203  0.67259797213350558
  0.68349217751604618  0.69451978395080227  0.70475477312261336  0.71503994227087120
  0.72518286007123556  0.73482646129781226  0.74423592898747981  0.75365865666084453
  0.76336126940004712  0.77396208608282291  0.78442457472850913  0.79543040331033188
  0.80623951810068017  0.81711998889413928  0.82791041263654364  0.83841344215604263
  0.84858808526849794  0.85822917059181381  0.86759322162951735  0.87709686443598578
  0.88679536171474393  0.89662970458547508  0.90691407248933054  0.91763709463034648
  0.92828893307135674  0.93865954292580001  0.94860957449054406  0.95853885796039184
  0.96863917068336658  0.97902577589830808  0.98950122347144243  1.00000000000000000
 -0.00277411570062333  0.01075318544667027  0.02228924397882752  0.03380843861433333
  0.04457781114760775  0.05526634718507375  0.06563425661003103  0.07547233875059431
  0.08491396032817712  0.09415200184421460  0.10397584243676285  0.11448748455509958
  0.12472260574939673  0.13580112317695839  0.14678857143160423  0.15789955611399648
  0.16901782420712810  0.18019918971155047  0.19096066048907112  0.20172766990959323
  0.21221572553525009  0.22274160570628343  0.23341276164423841  0.24412968096115462
  0.25617625828662610  0.26780325752675255  0.27826177871372826  0.28814091809475700
  0.29861908398796594  0.30930754083282863  0.31932606640069910  0.32889216412952993
  0.33893753137619426  0.34918420365736685  0.35890176764013970  0.36838887968464956
  0.37795042492635328  0.38791908721309032  0.39761508272596097  0.40714334595270052
  0.41714073408121444  0.42747834998275758  0.43786979470854176  0.44821107584852349
  0.45877964825729656  0.46929532316892814  0.47939135170353409  0.48931724965335788
  0.49936784442540805  0.50907820587154506  0.51873142689075735  0.52927970733846408
  0.54068167131559763  0.55180598933423819  0.56296202787642480  0.57419176073089795
  0.58547817130140889  0.59658998583484169  0.60759267990863042  0.61855122549858621
  0.62920321397092394  0.63962408056364639  0.64977916272971237  0.65880574926294189
  0.66780473705507004  0.67620081027167811  0.68545820143076297  0.69534158391737766
  0.70666582045540094  0.71841143439651489  0.73054866891609838  0.74251666488134016
  0.75387261167824082  0.76401940592962936  0.77398447661788983  0.78435706289840212
  0.79506037468686985  0.80594037899867199  0.81649117498991020  0.82650490137043642
  0.83630065515345176  0.84685135980820336  0.85784758712322184  0.86939802789216292
  0.88025902891281838  0.89146456762527038  0.90232412688482988  0.91344894924915809
  0.92385692322976132  0.93413457891528806  0.94468379808687930  0.95577192587367799
  0.96697611059576893  0.97803336269003205  0.98909379116503748  1.00000000000000000
   250670269384.95096       -1.0000000000000000     
 F F F F F F F F F F F F F F F F F F F F F F F F F F F F F F F F F F F F F F F F F F F F F F F F F F F F F F F F F F F F F F F F F F F F F F F F F F F F F F F F F F F F F F F F F F F F F F F F F F F F F F F F F F F F F F F F F F F F F F F F F F F F F F F F
  <DiscreteSampler_grid>
  grouped_processes
  1 # 1 for a reference and 2 for a running grid.
  10 # Attribute 'min_bin_probing_points' of the grid.
  1 # Attribute 'grid_mode' of the grid. 1=='default',2=='initialization'
  0.0000000000000000 # Attribute 'small_contrib_threshold' of the grid.
  0.5000000000000000 # Attribute 'damping_power' of the grid.
 # binID   n_entries weight   weight_sqr   abs_weight
    10   10   2.116592737641668E+015   1.432640913348641E+031   2.116592737641668E+015
  </DiscreteSampler_grid>
