  0.00957579390150799  0.01559253262385877  0.02487843235901158  0.03564996437532049
  0.04605256266040779  0.05649561020257961  0.06693460867618170  0.07731995795779907
  0.08767130350749766  0.09803087815601018  0.10841345280360372  0.11879340915225531
  0.12915171063408448  0.13949418984289932  0.14987460057612481  0.16024060360896877
  0.17063911413458588  0.18103512043822212  0.19143919083779157  0.20180864803578341
  0.21217773422061748  0.22254675187672121  0.23290983140796928  0.24326941638852270
  0.25364534735711214  0.26402147216208866  0.27440999533215682  0.28480667583482455
  0.29522704684568390  0.30563951961698121  0.31600574655139546  0.32637469050946144
  0.33674862575319864  0.34715173486238959  0.35753623481944075  0.36790856321175380
  0.37826470820343239  0.38863731536046531  0.39902198989243082  0.40942331393811249
  0.41982539758722470  0.43021831477893574  0.44059346459266135  0.45096209591413561
  0.46131597755766046  0.47169993215742179  0.48210083969791406  0.49251464977202314
  0.50291117444617195  0.51328539383615912  0.52365343198467462  0.53402842950308294
  0.54439989178945258  0.55477097045905344  0.56513979386428514  0.57550952223919494
  0.58587665930920230  0.59623819716754001  0.60659526653525964  0.61695281912499755
  0.62731407418926799  0.63768768216439231  0.64807538741021464  0.65846263566712493
  0.66884815307483814  0.67923779425046960  0.68963216917809778  0.70001910577053694
  0.71038497591051342  0.72074449680102548  0.73110419265655868  0.74146425233470004
  0.75183524126006884  0.76221357452006255  0.77261228971389861  0.78301837133017116
  0.79344908822364957  0.80388615519870277  0.81430959051730334  0.82469931835465649
  0.83507376207940687  0.84545939148481664  0.85585209121106109  0.86622325604978301
  0.87659074227736700  0.88696796322714344  0.89735876146100679  0.90774765668097634
  0.91813305578857607  0.92852124862570418  0.93890109776545660  0.94929663064483039
  0.95972062212627018  0.97014775863877289  0.98053523847661006  1.00000000000000000
  0.00951274810364712  0.01630788737562277  0.02532853776489812  0.03617024143539741
  0.04651251408216265  0.05685421938344962  0.06721313231564047  0.07758809309478339
  0.08796873130493041  0.09833644853105580  0.10869656075550696  0.11906723469895118
  0.12944358959098731  0.13981647336031622  0.15018255289645058  0.16054940529414444
  0.17091509020985549  0.18129912552380351  0.19168826534703104  0.20206890549539569
  0.21244554646839151  0.22282320758904620  0.23322018563710609  0.24361122679685421
  0.25400786395275987  0.26438945833211425  0.27477356082063870  0.28513248478649111
  0.29549932859105094  0.30585833014188035  0.31622325644661520  0.32657718865205831
  0.33693911366963369  0.34731782600888322  0.35769281761029564  0.36807112563716793
  0.37846306507042593  0.38887873656239080  0.39928437334602984  0.40965132866206028
  0.42000674114001901  0.43037902914633991  0.44075705485597610  0.45114311915745542
  0.46151045302096599  0.47187889429243318  0.48223279735670499  0.49259412871982056
  0.50295440802251579  0.51332672170292748  0.52371416048911701  0.53412854064833637
  0.54455042653006358  0.55496608153914362  0.56536577608286032  0.57575207501834791
  0.58612658511267801  0.59649453496162297  0.60687449805083904  0.61726524633871749
  0.62765897081092947  0.63804898945659361  0.64843161981135666  0.65879704421784957
  0.66913908848214609  0.67948470966989771  0.68985663534547392  0.70025057464028473
  0.71064939785603054  0.72105222230605692  0.73146531217906163  0.74187069469339695
  0.75226044503792244  0.76264174060155032  0.77300706869549773  0.78336763563431422
  0.79372374668955847  0.80409414635502185  0.81447932778790877  0.82487696810506583
  0.83528322358185836  0.84566692825262368  0.85604370052730172  0.86640022211238743
  0.87676313890791180  0.88710545901372428  0.89744460265147619  0.90780246848059398
  0.91818126091419594  0.92857171152411300  0.93894191327982357  0.94932049079707759
  0.95970560757859880  0.97010236843602526  0.98047086000472228  1.00000000000000000
 -0.00232577593811204  0.00954121568620283  0.01969481189386320  0.03023297271423322
  0.04078784947709303  0.05136271067975584  0.06190911887457316  0.07245184204128148
  0.08297555624192783  0.09349679257135995  0.10401268180124565  0.11453260847093838
  0.12504231036470612  0.13555545964588503  0.14608647445512618  0.15663106330045962
  0.16719536897712681  0.17774468847872774  0.18829486499401790  0.19887151833597946
  0.20945674818799737  0.22003979182967018  0.23056253973588495  0.24105913463012232
  0.25155662026910725  0.26207248938942296  0.27262436628882269  0.28315473545676184
  0.29369674282467712  0.30423356704786253  0.31475963446300637  0.32528251083602966
  0.33579099409448643  0.34632638703272800  0.35684287819226479  0.36737135534946935
  0.37791487432537407  0.38847619442587628  0.39903094055937499  0.40955179145839327
  0.42008988906352474  0.43061228257910245  0.44115877881611315  0.45171144270117136
  0.46229456808301628  0.47290303727471844  0.48348498767008036  0.49406428737712788
  0.50460376119680406  0.51515881023044474  0.52570436377047147  0.53628984061890939
  0.54687298191325651  0.55745175902583577  0.56800598601992547  0.57853909655037028
  0.58905536942717873  0.59959692227616468  0.61016021417747857  0.62074060223151128
  0.63128397866197250  0.64185177533188453  0.65244302021545419  0.66305620776689644
  0.67364204959078833  0.68419359771225119  0.69470448521129602  0.70520398715254873
  0.71570382469787397  0.72625210806744556  0.73681272769803619  0.74738848482981901
  0.75793174779812245  0.76846830465435922  0.77898111403678583  0.78951716071440936
  0.80003727637300703  0.81058123651754754  0.82109249098529902  0.83159805158247191
  0.84210151246068077  0.85263159321003412  0.86317676955254818  0.87370604788132533
  0.88422575531001391  0.89473791213446396  0.90527515852726625  0.91579525540199158
  0.92631128022511033  0.93684349020501589  0.94739814575760095  0.95794457634195740
  0.96844310276109768  0.97893820630389117  0.98945728729686622  1.00000000000000000
 -0.00244619875653219  0.00958272710194948  0.01974592357357358  0.03024895731305596
  0.04080686932581066  0.05138024103487054  0.06193255122343512  0.07247224661611709
  0.08299662639037271  0.09354829027215759  0.10407903090718044  0.11461039151706896
  0.12512997606335752  0.13567471403777331  0.14622565355164710  0.15677759672924496
  0.16736980623805159  0.17796052107672508  0.18853292622298934  0.19904329684805261
  0.20954344317925352  0.22008120789625008  0.23062992970122270  0.24117897887012479
  0.25169773892607816  0.26222734804559356  0.27276176074992581  0.28327534712043884
  0.29380089511168728  0.30432293753840428  0.31487089577694150  0.32541705488692435
  0.33596527020173572  0.34651823570146151  0.35705737356416856  0.36762042609626577
  0.37817098084697010  0.38870855371653651  0.39921690284073680  0.40972900628142417
  0.42025462395634910  0.43078680255925156  0.44131561127600483  0.45184617034950442
  0.46237676224711144  0.47293184589059883  0.48348212276880925  0.49403202011975450
  0.50457394115812504  0.51510227166354039  0.52564090234490224  0.53617775548197244
  0.54672837178898304  0.55724334785590490  0.56772837966972667  0.57821916026043974
  0.58875733706310895  0.59934279954719671  0.60993865311273843  0.62050691899766031
  0.63107261147853455  0.64160023200286442  0.65212735308457748  0.66264685755669916
  0.67319970749820723  0.68376793319912943  0.69432048535104474  0.70485072547345329
  0.71539003871139983  0.72592101939169740  0.73647166924055640  0.74699818371796267
  0.75751199794909008  0.76801969311523577  0.77853371138707528  0.78905418180167008
  0.79958197369686490  0.81010586067446455  0.82063584043117432  0.83115481248891299
  0.84168014940897062  0.85219806031767742  0.86271379899705891  0.87324552706162406
  0.88379600938502101  0.89435093742148641  0.90489213899951804  0.91542508168732284
  0.92596802133991474  0.93653244334838681  0.94712439061514453  0.95772735324408742
  0.96828476892579263  0.97885716827192815  0.98941026244918595  1.00000000000000000
 -0.00252373018190806  0.00939779286518929  0.01952203648740647  0.03004181106198199
  0.04061786781682309  0.05120608781999458  0.06178117445462428  0.07237421788057778
  0.08300166133313150  0.09362113728194360  0.10421954157107426  0.11476692247676740
  0.12529919729860164  0.13584457025448182  0.14637734475570116  0.15692289189361350
  0.16746353886617596  0.17800560940800633  0.18854015654231121  0.19910206552174425
  0.20969280475415866  0.22030337222280869  0.23089102087056884  0.24148576680235245
  0.25205998818835434  0.26264950778946788  0.27321377393620866  0.28377475620426662
  0.29430598410159353  0.30484372695052969  0.31539696388710242  0.32591342141004204
  0.33642731941657300  0.34693896886037823  0.35748162580870263  0.36803701676367673
  0.37857284130528152  0.38912143879646188  0.39967492237844188  0.41022127716178075
  0.42076845053581330  0.43129142452676633  0.44183361366617485  0.45236136288375595
  0.46290665501229261  0.47346020984456472  0.48400654452133363  0.49455111814669106
  0.50507129988726096  0.51562473744765314  0.52616393431744679  0.53671033604212592
  0.54722150453593277  0.55774216807874233  0.56824893678532451  0.57878558090502552
  0.58933496698553167  0.59991948403979578  0.61049043479783272  0.62106188139507423
  0.63162533494083639  0.64218071046337810  0.65272261835177603  0.66325859439381318
  0.67379786374732797  0.68432975277831365  0.69484094227543647  0.70534330836395076
  0.71585583482169857  0.72638151715468702  0.73692039383645680  0.74742891781680953
  0.75792801622831085  0.76844014055753906  0.77897232550558149  0.78954614972797388
  0.80008562239351411  0.81062272230350296  0.82111486770570175  0.83164163949846914
  0.84217607877847200  0.85273947741879874  0.86329323851562689  0.87384561936075245
  0.88437041281319229  0.89489122597801307  0.90541604277750065  0.91596118928974646
  0.92649252241229396  0.93701780786900535  0.94752643905585499  0.95803518445892333
  0.96855035666679334  0.97903756509375672  0.98953040214348187  1.00000000000000000
 -0.00246464783709780  0.00948327684702796  0.01962632418542792  0.03013369664096564
  0.04066474677011560  0.05119023044715684  0.06173246421728682  0.07228641131260385
  0.08283999059298089  0.09336229010210834  0.10391108650530569  0.11444211325939736
  0.12496896681751953  0.13544886592491942  0.14594316892859835  0.15647379343404363
  0.16703831529708854  0.17767592272441252  0.18829393823868942  0.19889015240592003
  0.20941956443371931  0.21995868455491571  0.23048993656651537  0.24102113296577882
  0.25155990690580826  0.26212807708710739  0.27269270413880287  0.28323220225832002
  0.29376199572046169  0.30429428573439526  0.31483809197116086  0.32535232982223061
  0.33590924568222524  0.34646603365188089  0.35705785420324310  0.36758424239462034
  0.37810035125153540  0.38861036552778211  0.39914442372406300  0.40970447773306135
  0.42025044679913331  0.43079398098311700  0.44134466662748006  0.45190297292435250
  0.46244724201254706  0.47296826215250165  0.48347606956751077  0.49399911374512434
  0.50454999471859685  0.51512282888842342  0.52568191886169136  0.53622691332346706
  0.54672810263098082  0.55725147057098623  0.56780574521866134  0.57841542786629407
  0.58903852531820311  0.59963234166815926  0.61017319675372117  0.62072343407904507
  0.63128647686580119  0.64186855214528094  0.65243068646288260  0.66293160611573620
  0.67346365600517621  0.68399011582780744  0.69451960532581591  0.70503521756051557
  0.71556038674553513  0.72610261254324071  0.73664722134677652  0.74717072066608448
  0.75773967842839907  0.76828540885543040  0.77886057493217120  0.78941141140327764
  0.79997738471872482  0.81050230211107543  0.82103825589689972  0.83158183347390968
  0.84215401083950758  0.85270111258203884  0.86325255940353429  0.87379301999324754
  0.88436120150392750  0.89491035774951955  0.90545818217744090  0.91597011482704838
  0.92648567063912568  0.93697901749355206  0.94749129325996018  0.95799370676892259
  0.96848534797002428  0.97897107064537880  0.98946809126152546  1.00000000000000000
 -0.00252481243372452  0.00939670783850698  0.01951531835590346  0.03000824327539795
  0.04055986411980429  0.05110840617038205  0.06164818935492958  0.07217886938134195
  0.08275511092485023  0.09333992767261720  0.10393692731622686  0.11448473727423011
  0.12501706612909699  0.13552499216200531  0.14605840922258168  0.15661531071076573
  0.16715485139407982  0.17767710263902078  0.18819494083346536  0.19874389985480279
  0.20928206604117724  0.21982385292234216  0.23034377505781553  0.24086407374403862
  0.25139475414111029  0.26194516240206617  0.27252550037317380  0.28308007671200475
  0.29361185876358314  0.30414835770068388  0.31469204488211544  0.32526229778623061
  0.33582934462770309  0.34640253196583526  0.35695263419729739  0.36747833132319041
  0.37800236599718023  0.38853644027937739  0.39908451723980481  0.40965429161731942
  0.42024038723971502  0.43080385287549011  0.44136229914502628  0.45189948191497659
  0.46246585520588501  0.47302384082233934  0.48357637055177788  0.49412800885518193
  0.50464941784213602  0.51518308440138216  0.52568401960391409  0.53620422398601120
  0.54671115118882641  0.55725713702560487  0.56780344723172849  0.57837828293942584
  0.58891547626277174  0.59946199791203503  0.60998853393934116  0.62055140689154120
  0.63107595444194642  0.64161135775632139  0.65214151536838671  0.66271611896166216
  0.67327150659444779  0.68380832777059741  0.69434737794981671  0.70488737956086278
  0.71544679843520920  0.72596426826034932  0.73649977723266524  0.74698520123251644
  0.75750087022796586  0.76799454134604850  0.77851582462319369  0.78905386674257738
  0.79961625662792302  0.81020849602089540  0.82077792420893858  0.83133276972504710
  0.84187216653616370  0.85244709722869949  0.86300322161751952  0.87355682640886689
  0.88405602460506860  0.89457672972756064  0.90509516975469906  0.91566322823530044
  0.92623932353237726  0.93682668492425814  0.94737105837506941  0.95791439394430511
  0.96842160905121644  0.97895341341269726  0.98947208402133846  1.00000000000000000
 -0.00243480933843664  0.00954815502126286  0.01972163817492906  0.03021159406452416
  0.04073157427619551  0.05128682323618838  0.06184930861302546  0.07241863768637734
  0.08296123423730317  0.09353133558919628  0.10406484087955732  0.11462150543284597
  0.12516335624456690  0.13572991815756363  0.14627235701191690  0.15683552520354954
  0.16739239602476949  0.17792894707931864  0.18847880218381480  0.19904110100235878
  0.20960972985421786  0.22014453600379938  0.23068876889864939  0.24123607090536106
  0.25174216244948250  0.26223126577855943  0.27272368896511817  0.28325872345084918
  0.29380633190177347  0.30435375912759183  0.31491913758959345  0.32546148590641161
  0.33598489112960062  0.34649060683908667  0.35701508824802319  0.36754389929172537
  0.37810036568533018  0.38863786716385745  0.39919058825497905  0.40973145121558247
  0.42028172882466969  0.43082948918796160  0.44138104921160881  0.45193750585722126
  0.46251713047496790  0.47305768942843901  0.48362432719517107  0.49414176950206640
  0.50466280445374279  0.51513043297342209  0.52559702733193270  0.53609524745979698
  0.54663375513722368  0.55721353468074442  0.56778293825207471  0.57831995649955692
  0.58885155175039638  0.59938648655843152  0.60996128983445219  0.62050129682688560
  0.63103239982350257  0.64155748958265379  0.65211908514562800  0.66267358610308735
  0.67320441320245605  0.68373878024498758  0.69431432290593031  0.70489262593372903
  0.71545385388979665  0.72596745963916309  0.73650538202707649  0.74702184568381003
  0.75754354591155137  0.76804067183241942  0.77854378110007660  0.78909040246904572
  0.79961850690438729  0.81016670059647999  0.82063532086429980  0.83115606107266804
  0.84166898416596103  0.85222469376732068  0.86274241132267226  0.87326911521141781
  0.88378714328087749  0.89432805143006033  0.90487887706559822  0.91546041372043074
  0.92602685841373489  0.93658127085160825  0.94713001010631914  0.95768404530754769
  0.96826983053684501  0.97884975909091687  0.98944087544338111  1.00000000000000000
   1.5381011527989716E-002  -1.0000000000000000     
 F F F F F F F F F F F F F F F F F F F F F F F F F F F F F F F F F F F F F F F F F F F F F F F F F F F F F F F F F F F F F F F F F F F F F F F F F F F F F F F F F F F F F F F F F F F F F F F F F F F F F F F F F F F F F F F F F F F F F F F F F F F F F F F F
  <DiscreteSampler_grid>
  grouped_processes
  1 # 1 for a reference and 2 for a running grid.
  10 # Attribute 'min_bin_probing_points' of the grid.
  1 # Attribute 'grid_mode' of the grid. 1=='default',2=='initialization'
  0.0000000000000000 # Attribute 'small_contrib_threshold' of the grid.
  0.5000000000000000 # Attribute 'damping_power' of the grid.
 # binID   n_entries weight   weight_sqr   abs_weight
    10   10   2.953026457980782E+013   2.034393385965533E+027   2.953026457980782E+013
    11   10   2.953026457980782E+013   2.034393385965534E+027   2.953026457980782E+013
  </DiscreteSampler_grid>
