  0.00955163982800070  0.01555973895867708  0.02481732655680450  0.03558285740578341
  0.04593429663261542  0.05631443070397073  0.06671004101800890  0.07711057856329498
  0.08751248519941449  0.09788692440677738  0.10824397690747960  0.11860280826290652
  0.12896035669681477  0.13933152185822031  0.14969200982780709  0.16004570390709283
  0.17040197008860797  0.18075611832917585  0.19113387048469646  0.20151274546264666
  0.21188208304890957  0.22225877413017067  0.23263523459846952  0.24304607858785715
  0.25345570934997474  0.26386591682988814  0.27424424765016669  0.28464246283913364
  0.29502906995641270  0.30543103603686061  0.31581900405362290  0.32622069461220371
  0.33663665800188497  0.34703581965379038  0.35743415135990059  0.36781914527004195
  0.37822187062242713  0.38863115063611126  0.39906003174346943  0.40948396487754413
  0.41988603242566058  0.43025738618019160  0.44059715186555315  0.45094158390783518
  0.46129233623980936  0.47167428758961921  0.48206275838293677  0.49245430477446139
  0.50284391177366228  0.51324066295475512  0.52364546932678246  0.53404026360384138
  0.54443181622889747  0.55482384508271732  0.56521621507668518  0.57559223656876191
  0.58595964928820443  0.59633331168657600  0.60673265095546203  0.61714972693554571
  0.62756487786249437  0.63797482524107552  0.64837226879982113  0.65876638802407339
  0.66915380260015267  0.67953261481769034  0.68990359263608692  0.70026140156150329
  0.71062691951190182  0.72099206292717288  0.73135329959241813  0.74170538937081765
  0.75206026817538385  0.76244094708483179  0.77283214331314631  0.78322224816798647
  0.79361243378860524  0.80400220912943177  0.81439696388768967  0.82478178911573763
  0.83515617173817791  0.84553607356075222  0.85593199038193502  0.86632744053891275
  0.87672144338094060  0.88711698511365689  0.89752077702216726  0.90792886008532303
  0.91831577859125757  0.92868965464859710  0.93906396444313189  0.94943680251362050
  0.95982715369962868  0.97019075348923867  0.98054987897892998  1.00000000000000000
  0.00955891525830011  0.01583473900738819  0.02499830083291308  0.03580548002624011
  0.04616117048460109  0.05652274266021085  0.06687160831052781  0.07721491433779344
  0.08756936017091592  0.09793352342999505  0.10830645788267751  0.11869187644629081
  0.12906873886437822  0.13941769628411785  0.14973835714533565  0.16007265247075569
  0.17044622288056252  0.18086487904475021  0.19127094262350369  0.20168359200653574
  0.21205921672874881  0.22242646068341587  0.23278278565345095  0.24316058055728762
  0.25354182086951466  0.26393159688128498  0.27431390537959321  0.28468904053601540
  0.29504940020713322  0.30540289093786643  0.31577957121040851  0.32616144501142397
  0.33656849767298769  0.34696914210875762  0.35736596472526094  0.36775165664297266
  0.37815041835550250  0.38855115128369072  0.39894678783613369  0.40933723932032301
  0.41971553020412528  0.43009190462667202  0.44046088239715681  0.45084540241906940
  0.46122170969956633  0.47157712253355522  0.48192612314595146  0.49229526156116271
  0.50268574896366447  0.51307315079814042  0.52344748425670584  0.53381603485142459
  0.54420793102464904  0.55461916244792953  0.56503551172604471  0.57542783720438495
  0.58579682698487834  0.59616175885362577  0.60653905168489120  0.61692246566352349
  0.62730681320403880  0.63768626828499075  0.64806193462140582  0.65844447741225764
  0.66881750021707109  0.67917752247018826  0.68953458798679701  0.69990285866585911
  0.71028865688781317  0.72067969650421349  0.73108633755582553  0.74151344891899962
  0.75193887867483922  0.76235988293626478  0.77278347565792627  0.78321550950499030
  0.79362635375472435  0.80402721354693474  0.81441833735448443  0.82481521061370056
  0.83520822320095189  0.84559553326784243  0.85597727858293737  0.86636653301544808
  0.87676979235648478  0.88717623672428303  0.89755932927888271  0.90793902529608661
  0.91832582558103637  0.92871414076127046  0.93908820358752443  0.94945145198943481
  0.95982888484081452  0.97018850810393464  0.98054972426987752  1.00000000000000000
 -0.00244006113291759  0.00960277832783268  0.01976661214004052  0.03027664477565985
  0.04080646013673633  0.05135328817350239  0.06188527824050017  0.07240432088728926
  0.08291912516503393  0.09345266885552186  0.10399642793058043  0.11456025996907435
  0.12512361795970206  0.13571603651135053  0.14631003772836790  0.15687756811108727
  0.16742388646199374  0.17793530480376885  0.18847070711760386  0.19900136800779572
  0.20953050164611545  0.22004436829718496  0.23055186729529620  0.24108287240841600
  0.25162324656108337  0.26217661516448221  0.27272480874465527  0.28327879400200001
  0.29381312028475670  0.30434202567072355  0.31485130087106450  0.32536400846799046
  0.33588730059628569  0.34641190501526237  0.35696158449951099  0.36749955784470051
  0.37803735073311301  0.38859148114254993  0.39913823652129132  0.40970163956657474
  0.42025932237631375  0.43081708338368463  0.44136592397448560  0.45188300115464680
  0.46240038124493144  0.47292403668964145  0.48343782072094332  0.49396299679598432
  0.50448597646715998  0.51503069081911546  0.52558056814869314  0.53612555350572311
  0.54667267736995495  0.55721148342552074  0.56772579903862519  0.57824311183664268
  0.58875988010311553  0.59931431805745672  0.60983919966087952  0.62037002317417678
  0.63089223273978490  0.64142508655549235  0.65197323423040854  0.66249065715441480
  0.67300808030006110  0.68351992321384769  0.69405827023094113  0.70460103873573598
  0.71514081014560327  0.72568615562747563  0.73622926897342378  0.74675411271208569
  0.75728928288043607  0.76782626545516452  0.77838313328939457  0.78892159820032703
  0.79945052516276305  0.80998689569534543  0.82052082416778138  0.83107649631493252
  0.84162180218386040  0.85218554406763702  0.86276945762107737  0.87334588112871381
  0.88390463524969187  0.89444149544320695  0.90498002692349611  0.91554511547190209
  0.92609648001674882  0.93664903566890811  0.94721826279998744  0.95781776431464871
  0.96838282617778626  0.97891825324087223  0.98943911395620743  1.00000000000000000
 -0.00241804995653372  0.00969469036265808  0.01988257365751268  0.03037669010720918
  0.04088119511413607  0.05139278636601740  0.06194410099294512  0.07249479830809545
  0.08301780682558652  0.09351715740237175  0.10398396927375174  0.11447912872054924
  0.12499256345928766  0.13555124707040361  0.14607139976713862  0.15657881700797580
  0.16708491541111387  0.17763767394887608  0.18819849316592280  0.19873143011485414
  0.20926367565271900  0.21976979462405066  0.23031115305887029  0.24084156627867295
  0.25141373985869991  0.26197368824365230  0.27255406128448095  0.28311802470819114
  0.29367317101706714  0.30423001202766331  0.31476932929550261  0.32532167180858290
  0.33586225969753614  0.34640742709834454  0.35694005812637225  0.36744915380141813
  0.37794986307687123  0.38847618886645202  0.39901771787654305  0.40958778460467232
  0.42013670677062959  0.43070928096759054  0.44127698604695864  0.45183875395230427
  0.46236672673932078  0.47288227500109881  0.48339237589102285  0.49392092465314369
  0.50445335538755542  0.51500185204971682  0.52555556216331045  0.53612270301663423
  0.54668084270044570  0.55721021897592993  0.56773269539440818  0.57825324381159204
  0.58880295958644491  0.59936265926651844  0.60994615924803164  0.62052062293512511
  0.63107148464220764  0.64161092734819924  0.65214718875840394  0.66268559488497802
  0.67323694508440068  0.68378422155435592  0.69434128631834569  0.70488125877032437
  0.71542139054598020  0.72596058410868280  0.73652436474723360  0.74711445587859671
  0.75773591209135949  0.76829436905059101  0.77881324336533020  0.78930609924774398
  0.79984916726369326  0.81039139344107136  0.82092585558839748  0.83145863217403448
  0.84199581221447883  0.85256824166019296  0.86311680862571760  0.87367880614791482
  0.88420219069740169  0.89475975261947271  0.90532840614389054  0.91590196946618341
  0.92644677496353200  0.93698125300054935  0.94750617158802197  0.95803805108128581
  0.96854709449021448  0.97905005068026230  0.98952517802231377  1.00000000000000000
 -0.00247519816849129  0.00962430345145752  0.01980709891217186  0.03035038283108855
  0.04087616893013865  0.05141129731730021  0.06193313243062267  0.07246823309726121
  0.08301052354035793  0.09355721761986630  0.10410031497847810  0.11464808666886059
  0.12521244806038273  0.13576667132883452  0.14631293040860385  0.15684601652556199
  0.16739023612718285  0.17792982458949030  0.18845820523470030  0.19897861002789555
  0.20949775071985668  0.22001127016481842  0.23053055679263748  0.24105999409012765
  0.25159191425817556  0.26212565099425217  0.27264222015091549  0.28317299236188859
  0.29371642157534644  0.30426093157117085  0.31480901473033296  0.32533799729668383
  0.33587093452365646  0.34639509010335717  0.35692724360727018  0.36746571218459784
  0.37802467888592950  0.38859513880700375  0.39917325229675799  0.40974195515302381
  0.42026577798281883  0.43078892223313736  0.44129075491717995  0.45181119544303761
  0.46233263575389483  0.47284582868240183  0.48338327254829239  0.49391052315900924
  0.50445221077149371  0.51501048275834904  0.52554618676480969  0.53607086971753803
  0.54657634595249327  0.55712753489599831  0.56770241905668284  0.57827235958310452
  0.58882582657109195  0.59935877623969147  0.60989595981044054  0.62042188360914097
  0.63094988815184749  0.64146165989753690  0.65199630823135246  0.66254834936528728
  0.67309512590023834  0.68364140026279752  0.69416475217252005  0.70468759336439046
  0.71520357749758512  0.72575828073497128  0.73633571487095939  0.74691358022989873
  0.75747001011123205  0.76802138381854201  0.77856659881491708  0.78913193032431173
  0.79970201397304042  0.81027676877570987  0.82084691205781068  0.83140303064070165
  0.84194626239996373  0.85246660772914840  0.86299664431926759  0.87355087815924404
  0.88410779777183468  0.89468906262986958  0.90525922359813660  0.91580966794068541
  0.92633759641060609  0.93684953544136385  0.94740152516574749  0.95796751834937410
  0.96849741764190000  0.97902049620256315  0.98950505148614187  1.00000000000000000
 -0.00237300532099056  0.00957612598885064  0.01973981761346360  0.03029617245862857
  0.04086181696068802  0.05144575967807885  0.06199930806408578  0.07254120144825651
  0.08308431213382071  0.09362742551089809  0.10419472116087392  0.11474790824369509
  0.12531327648587517  0.13587523051876116  0.14643889978702282  0.15701294369446930
  0.16758416812702109  0.17815792914568582  0.18870377851403072  0.19926191786858588
  0.20979753273040866  0.22032358874033325  0.23083189618454358  0.24134529487070591
  0.25188486959027323  0.26241833909349244  0.27297140633034295  0.28348866821582169
  0.29401121916818967  0.30452327797466971  0.31505097769149065  0.32557767244242730
  0.33608524263652945  0.34659692581276169  0.35712723023107484  0.36768345828870241
  0.37823865140071289  0.38877439357503218  0.39930003986086815  0.40986376797484619
  0.42042679321123272  0.43100959096938496  0.44155422563199986  0.45209955907225613
  0.46261424169122323  0.47313948189291616  0.48366386392930782  0.49420477406593838
  0.50475931690681264  0.51533323800285269  0.52590648828284570  0.53646983864458586
  0.54702457268302296  0.55757761401228467  0.56812922639509611  0.57868576726956622
  0.58924084713445413  0.59978783951440506  0.61030801599555295  0.62082439663018574
  0.63136253334714287  0.64189218611509902  0.65243866344481638  0.66296761984267449
  0.67352330042012887  0.68406602990705134  0.69458853512889129  0.70511826107582531
  0.71564719204920013  0.72621241749527110  0.73673962387701808  0.74725685288722343
  0.75776953542696635  0.76833016286390143  0.77886747092210351  0.78941826601672971
  0.79995701574105194  0.81051217129893016  0.82103109389324158  0.83152918132028586
  0.84205517787163386  0.85257436274329867  0.86312482340438401  0.87366232180283909
  0.88420345854071447  0.89473874210624726  0.90527065249882377  0.91581113766762301
  0.92632939826552352  0.93685205268918004  0.94736068554089192  0.95785926378510078
  0.96836908735509264  0.97889668606899338  0.98945033216153189  1.00000000000000000
 -0.00245258170074230  0.00948214482582663  0.01963365607563607  0.03014261304854095
  0.04070289511970103  0.05125226576840448  0.06179218571632308  0.07231418670612215
  0.08286371664522439  0.09341378683154107  0.10398255155782828  0.11451896106793484
  0.12505693635330764  0.13560708419686288  0.14618494848940763  0.15677500299896474
  0.16733184412525362  0.17787365703086555  0.18839426185869401  0.19893652017798866
  0.20949100601592041  0.22007235135390091  0.23064013144191634  0.24120322609481859
  0.25178130601154031  0.26234325958404137  0.27290284396303499  0.28342564786862784
  0.29395331512617551  0.30447536969934774  0.31501681084343758  0.32558467473570596
  0.33614207639864047  0.34670096931210209  0.35720597043111230  0.36772880114249978
  0.37824282144373295  0.38876556178425320  0.39930755952913949  0.40984912838744703
  0.42040805906685363  0.43094843756465950  0.44148407215315200  0.45203248289845660
  0.46254816803518389  0.47306191191856439  0.48356881123336520  0.49410185900220960
  0.50463104336651921  0.51516782243636206  0.52567013441669452  0.53617208696763174
  0.54666994151348580  0.55721706916157576  0.56776887399207943  0.57832896826749025
  0.58888101306606311  0.59941468658789610  0.60992597982774688  0.62042837930741690
  0.63095004345241379  0.64148131275065134  0.65201114412380612  0.66254941538903334
  0.67309055705799659  0.68363461296267325  0.69418375511930952  0.70472150292868341
  0.71527402154956166  0.72580262429904896  0.73636575714359653  0.74692134587023240
  0.75748915491102720  0.76804653402118972  0.77859823068541856  0.78913012917546177
  0.79966044107749745  0.81019973026382253  0.82076470137132140  0.83131959975093328
  0.84186860678066311  0.85243970818515724  0.86300415416936260  0.87356640470857216
  0.88409611838164792  0.89463381023890298  0.90515704364126492  0.91568468631098154
  0.92624193644383979  0.93680817913168568  0.94737543842596739  0.95789939705564020
  0.96841440427201575  0.97893239310027091  0.98946749847773585  1.00000000000000000
 -0.00225684869698121  0.00984953893951105  0.02011218040823488  0.03064723009522781
  0.04118302492484710  0.05170356695908890  0.06224323849997742  0.07276475342575960
  0.08329074818177969  0.09381389620761237  0.10434845056879825  0.11488717488164306
  0.12540690113077718  0.13593873390599920  0.14647753015222342  0.15702041833084082
  0.16754725122387681  0.17807909232650357  0.18863873284231172  0.19922244316324816
  0.20979350492307261  0.22034255281992648  0.23086582549468904  0.24138757678100176
  0.25190272995679092  0.26241486243266521  0.27293618891898141  0.28346401132752430
  0.29400787169325160  0.30453625765275144  0.31507256098831615  0.32560676599006094
  0.33613736556445301  0.34665268793726822  0.35717106867158815  0.36768974359560996
  0.37820191738668785  0.38871133006964542  0.39924471019025803  0.40979097956194144
  0.42034554572465432  0.43091140728013189  0.44147564971119929  0.45202347498925960
  0.46257524114753201  0.47313202673744825  0.48370560595957096  0.49425024890846236
  0.50478442550349389  0.51530944811972945  0.52584267076608371  0.53636346286808390
  0.54686577382286894  0.55733908733173587  0.56785021607237074  0.57839947877264808
  0.58897723254631107  0.59952949817883883  0.61004853548002147  0.62056130237301832
  0.63109326996618942  0.64167931317052640  0.65226604795047283  0.66284604180455320
  0.67340812681990103  0.68398120562380693  0.69457025946970474  0.70512602865644847
  0.71566909975528303  0.72617954299178988  0.73670690011542372  0.74723784961965556
  0.75777536617419639  0.76829423376050021  0.77879044472226266  0.78929371893111988
  0.79980433717760901  0.81035090285186107  0.82086821518164665  0.83137930278900340
  0.84189863091995443  0.85243275618484193  0.86297905164370459  0.87348279927020300
  0.88400000425450631  0.89452343167608994  0.90507876616708460  0.91565020662848717
  0.92623658014845711  0.93680233067596419  0.94734289830364271  0.95784685888675547
  0.96838265072338214  0.97890944895984722  0.98946717041387233  1.00000000000000000
   1.5448176614836506E-002  -1.0000000000000000     
 F F F F F F F F F F F F F F F F F F F F F F F F F F F F F F F F F F F F F F F F F F F F F F F F F F F F F F F F F F F F F F F F F F F F F F F F F F F F F F F F F F F F F F F F F F F F F F F F F F F F F F F F F F F F F F F F F F F F F F F F F F F F F F F F
  <DiscreteSampler_grid>
  grouped_processes
  1 # 1 for a reference and 2 for a running grid.
  10 # Attribute 'min_bin_probing_points' of the grid.
  1 # Attribute 'grid_mode' of the grid. 1=='default',2=='initialization'
  0.0000000000000000 # Attribute 'small_contrib_threshold' of the grid.
  0.5000000000000000 # Attribute 'damping_power' of the grid.
 # binID   n_entries weight   weight_sqr   abs_weight
    10   10   2.954293087872294E+013   1.686287878236780E+027   2.954293087872294E+013
    11   10   2.954293087872294E+013   1.686287878236780E+027   2.954293087872294E+013
  </DiscreteSampler_grid>
