  0.00947654765331578  0.01594404454837473  0.02502988718033857  0.03585746114745713
  0.04623176488282035  0.05662500860699583  0.06701960499387348  0.07739592023519005
  0.08779747264397021  0.09819853681114289  0.10860884906434162  0.11900284906459818
  0.12938341387118912  0.13975527899593207  0.15008565135098900  0.16040519384897631
  0.17073649851804978  0.18111798549514488  0.19151392194054509  0.20188667531256349
  0.21226429677245381  0.22264811897216108  0.23304662959556488  0.24340192347804665
  0.25374033029975862  0.26406875288096182  0.27442337853347715  0.28479292263681860
  0.29514747517616413  0.30550602747081834  0.31586939302667588  0.32626832103458547
  0.33667000202450742  0.34704897631148351  0.35741170899122471  0.36776276051860696
  0.37813560322510648  0.38852180421327775  0.39892038266777036  0.40929856715419521
  0.41965766268966315  0.43002553256026083  0.44041370404462282  0.45082308812488397
  0.46122921136277950  0.47163538170380120  0.48203312483324490  0.49242509056870160
  0.50282025888548454  0.51322013636138430  0.52361629933915654  0.53400470058967520
  0.54438255073627839  0.55475998072724098  0.56513512855260151  0.57551670571331137
  0.58589194430498559  0.59624986915647171  0.60660611094827521  0.61697889462423638
  0.62737872596110156  0.63777834593478744  0.64815366910317973  0.65852337390822036
  0.66890330884490390  0.67929064341580014  0.68967132275081666  0.70004547873006473
  0.71043036872658361  0.72082525509347117  0.73122167913432046  0.74161762542137244
  0.75202311955051471  0.76243576507074085  0.77284911268586709  0.78323358876242932
  0.79359756552380190  0.80396191408900364  0.81434726030319893  0.82475033982244583
  0.83515186931303154  0.84555252876683951  0.85595046558085142  0.86634963074183369
  0.87672597683185494  0.88709568677944206  0.89745795763572445  0.90785909339095072
  0.91827812151138477  0.92871566594013677  0.93912512756839461  0.94952068215154939
  0.95989464626492782  0.97025348066439199  0.98057198473276974  1.00000000000000000
  0.00964242708016184  0.01575019910977814  0.02492489039528562  0.03570284809933945
  0.04605378507965777  0.05644007495346132  0.06682735170261522  0.07721333769860725
  0.08760146046621209  0.09800749281817235  0.10841489581191159  0.11882211590831922
  0.12919774928466188  0.13956187326613462  0.14992633545526332  0.16031161642340502
  0.17070536888110810  0.18109677802324237  0.19147021433742845  0.20186844878190105
  0.21228135410612561  0.22272089726947394  0.23314001455344269  0.24353588390302708
  0.25392565463151867  0.26431341568397893  0.27470782705161234  0.28509475930944622
  0.29548697464801577  0.30588819517244192  0.31627692547979641  0.32667068359371376
  0.33705056194985522  0.34745035795697754  0.35783938937253307  0.36821151926667123
  0.37855574881007070  0.38890535495452266  0.39926169394301209  0.40962286531099212
  0.41996292775643934  0.43030527611648556  0.44066569525668509  0.45104581691654383
  0.46143966899114142  0.47182592212611502  0.48221272658932424  0.49258276755691777
  0.50293816334556263  0.51330011641650930  0.52367363644439080  0.53405748592884872
  0.54443848347505741  0.55482069128565836  0.56520264081114457  0.57558461298827190
  0.58596590970222262  0.59635866232599788  0.60675960033056431  0.61715659777836962
  0.62754927920252868  0.63793860034418970  0.64832668629617074  0.65871847629104097
  0.66911460298280545  0.67950212279738231  0.68988077418319771  0.70024937526763498
  0.71061817792973569  0.72099356503380985  0.73135588001746354  0.74171425584228179
  0.75205953918900770  0.76239603043419502  0.77275884261113392  0.78314450350314757
  0.79356359838756774  0.80398287017619863  0.81440456862241917  0.82480427020011793
  0.83517555246593289  0.84554545527345348  0.85592427053354780  0.86631614049433847
  0.87669735793087555  0.88707421421198795  0.89745793275313479  0.90783482557280692
  0.91821537708484002  0.92859167612834981  0.93898867485929516  0.94938910280375510
  0.95979683322710430  0.97016800609151732  0.98052932438985729  1.00000000000000000
 -0.00243341911323449  0.00957454604021541  0.01972399442401548  0.03024101679980525
  0.04077962236472172  0.05134716782111153  0.06192756268266616  0.07250337140204700
  0.08306363857553979  0.09360940554942337  0.10414942536565226  0.11466457531971046
  0.12516538263894622  0.13568538554790158  0.14621732725423339  0.15675716150679211
  0.16729387816061184  0.17781247860901495  0.18833396704461874  0.19884691949556416
  0.20938012464521544  0.21991463437593201  0.23047838578300128  0.24103716084121038
  0.25157903882418420  0.26206683775488243  0.27257354777361642  0.28310120475249823
  0.29367809474626599  0.30424425619523970  0.31479277373526571  0.32530534271749845
  0.33581939651228437  0.34634453279145760  0.35690416161337440  0.36743018050134341
  0.37796382503155362  0.38848831764730063  0.39904228548020282  0.40958947528638634
  0.42014133069931514  0.43067956531070478  0.44121162689314886  0.45172634089233188
  0.46225349518774689  0.47279766469560908  0.48332255548612058  0.49387162899602050
  0.50441694418281857  0.51500016211396837  0.52556346393122855  0.53610748136214381
  0.54665213062235851  0.55718487835873332  0.56772070491548687  0.57825894146018086
  0.58880117402144561  0.59933276005017189  0.60986226620171669  0.62039554872521141
  0.63095187685748222  0.64149765674352244  0.65206604421130154  0.66264509654728909
  0.67320323940132143  0.68374512772283702  0.69426508965884715  0.70480525890155599
  0.71535381290886246  0.72587767681390003  0.73641853275182578  0.74692514024705636
  0.75746945774361185  0.76800976127891707  0.77859379848101795  0.78915362747174322
  0.79967753209766201  0.81017763767888140  0.82070411808778965  0.83123671815345990
  0.84175753544463505  0.85227239049027537  0.86280414424518292  0.87335249871828913
  0.88389096432845327  0.89445630411600796  0.90500235543451391  0.91554957333001474
  0.92609370976414895  0.93667910320898773  0.94723004915773890  0.95778420004527798
  0.96830549604280569  0.97888102575416580  0.98943258321683858  1.00000000000000000
 -0.00233575704741590  0.00964042132467301  0.01982051613122929  0.03037220209342781
  0.04093844906560377  0.05148916675831691  0.06202479688043516  0.07255341677991775
  0.08310350538365971  0.09364787332576807  0.10416260074926589  0.11467828139139497
  0.12516514868721243  0.13568179085614226  0.14618121899618358  0.15669754668146221
  0.16720687711827723  0.17773805202401158  0.18826258677290209  0.19879794743350299
  0.20935672141299214  0.21994824139068508  0.23055455651470086  0.24112331577972454
  0.25168631058856927  0.26223625341535922  0.27280336500550606  0.28334267930120810
  0.29389681366869369  0.30442010260837604  0.31497255007051067  0.32549291965622196
  0.33605564778611985  0.34659846407494965  0.35714549727352168  0.36770661684630984
  0.37827853676918793  0.38888767848090378  0.39948481314945627  0.41009122833865030
  0.42068684198308121  0.43128537694928032  0.44185840988058794  0.45241479801348222
  0.46295477658416079  0.47351521744214414  0.48406197600931428  0.49458387812436261
  0.50509918847548418  0.51558954845461158  0.52610028039475298  0.53655196014626183
  0.54703151858205512  0.55751462513717487  0.56809567920726156  0.57867627160707447
  0.58924832912268277  0.59977896422360433  0.61030578518607070  0.62082759138906141
  0.63136331511002841  0.64190640207238947  0.65244153468335664  0.66297284112773458
  0.67349968506727365  0.68404405648830080  0.69458514501286961  0.70515874906496567
  0.71572986735851041  0.72626856852119703  0.73681371620033420  0.74733895282924689
  0.75791129217266495  0.76843573638978868  0.77898059805986963  0.78950295165543660
  0.80002592804722628  0.81051840449026469  0.82103321080979064  0.83153160224909628
  0.84205095971791888  0.85255375851972159  0.86309134107770724  0.87364978378465596
  0.88420295824173945  0.89477137428980613  0.90532689786161114  0.91587709763086034
  0.92641686291159597  0.93692570906952166  0.94744339455236692  0.95795024263292128
  0.96844820876202509  0.97896827928621910  0.98947411704742427  1.00000000000000000
 -0.00237952943451455  0.00948092310407187  0.01963296010063269  0.03016399846143712
  0.04071077246410687  0.05122873989450902  0.06172734847653652  0.07226856246190379
  0.08282585673845336  0.09340942184689636  0.10398888371028146  0.11455522978129684
  0.12512452618060516  0.13568973963662287  0.14625474195844262  0.15677894860736616
  0.16730293760722764  0.17783260425493463  0.18837335098639005  0.19891296759321303
  0.20945363170163506  0.22001238707791157  0.23058865966740449  0.24116512457442865
  0.25172020940200907  0.26223638284734285  0.27275856044049229  0.28332042195350582
  0.29387774719000748  0.30445565337977948  0.31500112780666883  0.32556148799961665
  0.33610982873569906  0.34667535061295035  0.35723568913295339  0.36779720956686385
  0.37834573831104201  0.38889791426006187  0.39943836190847898  0.40999386294216095
  0.42054570258831248  0.43109167541366761  0.44162931145430911  0.45218415339305018
  0.46275726377041487  0.47331559025864745  0.48382441123182213  0.49429251407629698
  0.50475897532606362  0.51524401844336498  0.52575874385152510  0.53629978767894337
  0.54686043957509356  0.55740924054686281  0.56791334250009096  0.57840392236388671
  0.58889902800486815  0.59942914849575624  0.60996320251244041  0.62048306979403178
  0.63102817167207770  0.64158705381231107  0.65217082708006235  0.66273595608722347
  0.67330246167307850  0.68386133508496316  0.69441576863879306  0.70493433136077255
  0.71546146696464430  0.72599875590531726  0.73654924093997376  0.74709441361183782
  0.75762229971478834  0.76816298824056517  0.77873641088686052  0.78928569499504697
  0.79981777592529368  0.81029173992563153  0.82082662518949934  0.83136096137659476
  0.84195416105314436  0.85253011596036954  0.86313259439497003  0.87369334752964289
  0.88422494470989765  0.89473161745649599  0.90523976048412147  0.91576301708929919
  0.92628644934800841  0.93682662735478184  0.94737889701176947  0.95794121046022762
  0.96849961640848736  0.97902957608546604  0.98952799223960375  1.00000000000000000
 -0.00254707262258040  0.00949205740473776  0.01966247146039463  0.03019023856425404
  0.04073533061891223  0.05126975857716540  0.06182032209785263  0.07236179579753060
  0.08291595072268218  0.09343560552945475  0.10394587288543500  0.11446129856579804
  0.12500310507594059  0.13555083969535828  0.14608853482581985  0.15663720801045058
  0.16716716763318706  0.17770533126841928  0.18824122895400841  0.19880093331475443
  0.20932918246310978  0.21984846167223848  0.23037271498729520  0.24091705804346156
  0.25146680627300516  0.26201046043398413  0.27255471995315644  0.28308449400515817
  0.29361112017778390  0.30416086434756878  0.31468041790526757  0.32521373493714628
  0.33570806243070400  0.34624648107534967  0.35679272111572702  0.36738541699252752
  0.37796419906365458  0.38851543711206582  0.39903759331028893  0.40957675833985985
  0.42014408376218249  0.43069884700343919  0.44124907487172377  0.45178180043787125
  0.46231841738070578  0.47284527581625685  0.48340184002110848  0.49394578364640090
  0.50453157067968357  0.51507370344586922  0.52565280590845287  0.53620842518778311
  0.54677678407766017  0.55731865682027348  0.56785675518190892  0.57836947474784939
  0.58888379300726956  0.59940049841899079  0.60994148199166898  0.62049774111502720
  0.63103675809294157  0.64156701247070558  0.65207404804506530  0.66258991203245665
  0.67313487869634814  0.68366976283741909  0.69420343178989485  0.70472035912033681
  0.71524383948845760  0.72578826354435755  0.73631983413846358  0.74684951974858582
  0.75735481190932252  0.76789664316766071  0.77843940836019443  0.78899433686625664
  0.79951849655537677  0.81004551435713590  0.82055467645797531  0.83110745883225978
  0.84170197350309262  0.85229472390744676  0.86286574170842389  0.87339783007454896
  0.88394361580385117  0.89448115189712163  0.90502965079313458  0.91558009631029014
  0.92612951993205084  0.93668421577490479  0.94725860952817487  0.95781457069036102
  0.96836774237063983  0.97891244903903096  0.98945755394662904  1.00000000000000000
 -0.00250480490899190  0.00952924804525374  0.01971249169518800  0.03024623725009932
  0.04079430322080663  0.05132578799329279  0.06181609335495467  0.07231389944939159
  0.08280475195420674  0.09334416950250422  0.10388062364228093  0.11440582237459254
  0.12493307000301618  0.13545353034682417  0.14598348072541431  0.15653267114387531
  0.16709864273439534  0.17766654173959259  0.18821899185581337  0.19878065913464518
  0.20934502668409652  0.21992091527616314  0.23048038055403536  0.24104041081003891
  0.25156595861304210  0.26206013327233096  0.27256661833902773  0.28305173818330553
  0.29356915093238911  0.30410487528623609  0.31467782894042678  0.32524310418648938
  0.33575489199850017  0.34626054137276885  0.35678340978353945  0.36732375540435797
  0.37787125146739042  0.38839893820586774  0.39893177048233563  0.40944904466001303
  0.41999042877052739  0.43051632366918652  0.44106880555461608  0.45160595612211468
  0.46217807286458690  0.47276057424320878  0.48334579585095555  0.49391227957234463
  0.50449231035203090  0.51506271153448147  0.52563182384409868  0.53616351522551331
  0.54668478423645228  0.55721270872493756  0.56772922991711416  0.57827270085259064
  0.58880350550161742  0.59934954645545635  0.60990202674835381  0.62044339400152748
  0.63098629135973594  0.64150447955915957  0.65204673054484419  0.66257732321561724
  0.67314142558067180  0.68370822322465807  0.69425991947686605  0.70479068371258924
  0.71531798628000709  0.72586273266709023  0.73641709700346825  0.74698135233966756
  0.75752972807823116  0.76808341144776382  0.77862083043925256  0.78917088503970534
  0.79969271256438157  0.81022174913837552  0.82075878753655240  0.83132590302098919
  0.84189964055303090  0.85246611221521773  0.86300200386941384  0.87356981241723475
  0.88414625504692990  0.89473068038864445  0.90525538351460111  0.91577735422709572
  0.92626931732701034  0.93677895059488869  0.94730698637864963  0.95786183468503472
  0.96839560899558785  0.97892778681648329  0.98945037587959905  1.00000000000000000
 -0.00252445733315948  0.00948586269196789  0.01965564715076712  0.03018132907689103
  0.04071527431239360  0.05124948159104220  0.06179379273229526  0.07235828568314871
  0.08290035489499438  0.09344643360696385  0.10398468413380965  0.11453020141957911
  0.12504227636412277  0.13553798885825305  0.14605331141134978  0.15661670907955200
  0.16722157994089226  0.17781696606956368  0.18839383561023790  0.19894697579696585
  0.20945943748606147  0.21995537117074893  0.23044402415336412  0.24098199834620213
  0.25152667154063352  0.26205908946028594  0.27258317022827699  0.28311682765175084
  0.29365216917271386  0.30417339018154826  0.31469511087176605  0.32522395569800860
  0.33578762577666638  0.34634146682905009  0.35687642757950477  0.36741525452391705
  0.37796404808350503  0.38855825380564768  0.39913128279802917  0.40967739028235478
  0.42020422450665135  0.43069756944160437  0.44120616375172717  0.45171158606105710
  0.46225330525410413  0.47279792076263172  0.48333431017579837  0.49385078295690410
  0.50441468657449096  0.51500262307973765  0.52557445551049242  0.53612009552098416
  0.54664285467571794  0.55717843609013096  0.56771220977693959  0.57826581196716942
  0.58883852767341849  0.59940672479155677  0.60997146993266305  0.62053871534077909
  0.63111338163085229  0.64167741807995937  0.65222248266868244  0.66275321033944568
  0.67329169814590040  0.68386304340601001  0.69441236183246813  0.70496268338432844
  0.71547665003639727  0.72600878924527124  0.73652152482420441  0.74702074251411210
  0.75751849019552064  0.76803459723760781  0.77857728740265364  0.78915214712707715
  0.79973373558880234  0.81031340829568266  0.82086171270543196  0.83140428536506150
  0.84193758780984662  0.85246879860589508  0.86301318974074137  0.87356514895162229
  0.88412312011677607  0.89469107662996072  0.90525576903154192  0.91580272686907072
  0.92633798201634687  0.93685559426820242  0.94739070496305788  0.95789089046190601
  0.96841405158112148  0.97891341383334296  0.98945865707635705  1.00000000000000000
   1.5456489100550778E-002  -1.0000000000000000     
 F F F F F F F F F F F F F F F F F F F F F F F F F F F F F F F F F F F F F F F F F F F F F F F F F F F F F F F F F F F F F F F F F F F F F F F F F F F F F F F F F F F F F F F F F F F F F F F F F F F F F F F F F F F F F F F F F F F F F F F F F F F F F F F F
  <DiscreteSampler_grid>
  grouped_processes
  1 # 1 for a reference and 2 for a running grid.
  10 # Attribute 'min_bin_probing_points' of the grid.
  1 # Attribute 'grid_mode' of the grid. 1=='default',2=='initialization'
  0.0000000000000000 # Attribute 'small_contrib_threshold' of the grid.
  0.5000000000000000 # Attribute 'damping_power' of the grid.
 # binID   n_entries weight   weight_sqr   abs_weight
    10   10   4.119551372131539E+013   3.542217242612489E+027   4.119551372131539E+013
    11   10   4.119551372131557E+013   3.542217242612527E+027   4.119551372131557E+013
  </DiscreteSampler_grid>
