  0.00958761227461018  0.01578133925733992  0.02507643746655070  0.03581648223405119
  0.04612088886698905  0.05651453072744745  0.06695617192774272  0.07739411364808080
  0.08776693870309865  0.09815413821973602  0.10858882922141447  0.11899068701869789
  0.12933191479440964  0.13970363895870011  0.15005179901394827  0.16049696064286467
  0.17080220052835293  0.18119271088499078  0.19150480815917004  0.20193458518217694
  0.21236250701535372  0.22287056747485412  0.23339004179809081  0.24381469515134768
  0.25415321632921795  0.26445692552174732  0.27479107950646825  0.28519172356518152
  0.29562124145965540  0.30606069192542312  0.31643570594191611  0.32681535149004864
  0.33716483126818225  0.34757242260007093  0.35793818468375649  0.36831376933367466
  0.37872303999209489  0.38906227906331808  0.39940606319434790  0.40980873450137878
  0.42024399354133929  0.43072728717161263  0.44110738709884095  0.45157351944981466
  0.46210996093762896  0.47267345776286179  0.48315348768406902  0.49356737775994086
  0.50393875527912890  0.51429062382740565  0.52461038956291162  0.53493541195573402
  0.54531574227275359  0.55569718910506238  0.56601919469460416  0.57630454353321015
  0.58658877060700165  0.59689036158530506  0.60718000206391398  0.61743811328016651
  0.62773662954020926  0.63807687065832031  0.64840913941169875  0.65869330986094576
  0.66892944588719638  0.67918768126745832  0.68947742094084719  0.69981460827356057
  0.71017809803094056  0.72061229827268147  0.73104581468930585  0.74155981276726846
  0.75206505038728388  0.76257365927191212  0.77304271901050992  0.78346943126219215
  0.79391862528571322  0.80430467253669158  0.81466597326908885  0.82497650735951311
  0.83529202481974840  0.84561303953485578  0.85590936693465725  0.86624616153225042
  0.87670897868273634  0.88708380039426638  0.89745543336536648  0.90765372810226397
  0.91805759689081157  0.92846396458235647  0.93887492102930725  0.94918094841862100
  0.95940848550582725  0.96974840853832145  0.98026085195287349  1.00000000000000000
  0.00953889388294817  0.01588325341444637  0.02492606641765831  0.03579547728632950
  0.04620021831432566  0.05660937358565610  0.06695226933319526  0.07726227314352396
  0.08756781682154156  0.09779069518377195  0.10809384540113069  0.11837036954125216
  0.12865410431066665  0.13898195564790883  0.14942312222865259  0.16008150852876285
  0.17063895364969509  0.18107272863973908  0.19140095131099272  0.20177401483213689
  0.21222131591547769  0.22263376832690129  0.23296311438094169  0.24320504060714224
  0.25345637376745161  0.26378525325283320  0.27417274692191862  0.28458218080304087
  0.29495278366427208  0.30542484074297249  0.31589687555336166  0.32634683717310531
  0.33673223255873502  0.34706143694820002  0.35736125547961151  0.36760262600795651
  0.37792946387789084  0.38831680506836075  0.39873828180429000  0.40911764783730870
  0.41952702942925513  0.42995375752046655  0.44036440549099332  0.45070616927036661
  0.46100316074375264  0.47135454971862012  0.48171271735162197  0.49208855746906738
  0.50247272367400042  0.51293913580101791  0.52348494339618268  0.53394433091652194
  0.54426635762187658  0.55456086105304414  0.56488308798821851  0.57524097886779202
  0.58560787655894475  0.59598522780959251  0.60642362567128660  0.61683384878457637
  0.62718847919149667  0.63755135782468420  0.64792596198474506  0.65836117887009793
  0.66880789188297207  0.67922647185573504  0.68962107637111580  0.70003783038935019
  0.71046459924916838  0.72083961854207290  0.73113157955115771  0.74141950132954038
  0.75181052173973684  0.76224311214030682  0.77264277410972493  0.78296062778251185
  0.79324268919856955  0.80355313697656050  0.81386941286778991  0.82417028990496699
  0.83453845134148652  0.84489979080018851  0.85532513158566503  0.86569999248660667
  0.87611023853129355  0.88645819329640674  0.89676835288569878  0.90708170586412840
  0.91743405408703105  0.92782249369348679  0.93822992064338717  0.94864981076531063
  0.95921626212977185  0.96980741361178746  0.98039296791191255  1.00000000000000000
  0.18255429100853524  0.18332576507786499  0.18399049177223292  0.18465799694294963
  0.18532895655343573  0.18600009972285239  0.18665642229690610  0.18762806984929925
  0.18890915461968413  0.19011214559099271  0.19132621533541139  0.19254494999498858
  0.19376711231239591  0.19499004745939266  0.19621513304196317  0.19744153095272954
  0.19867069677445123  0.19990755794695012  0.20116625077714895  0.20245798806491772
  0.20374755946109510  0.20504520422819802  0.20634406922726933  0.20764312344929137
  0.20894800431963714  0.21025763306301340  0.21157453964536008  0.21289313277109609
  0.21420867433888935  0.21554864910087665  0.21692683532263726  0.21830367117002480
  0.21968726492823987  0.22107372730988040  0.22245820085646945  0.22384581902577588
  0.22524096880921846  0.22664191295131655  0.22804407052299389  0.22944099730346915
  0.23087191973981194  0.23233899753912249  0.23381268035769345  0.23528600137006864
  0.23675979162795516  0.23823355270034530  0.23971175309347315  0.24119374663318249
  0.24267789789753269  0.24416584104477240  0.24565442413022162  0.24717246748605243
  0.24872576398813695  0.25029361588053894  0.25186752365170456  0.25344773536488929
  0.25503297951018711  0.25662609519101359  0.25822767149280901  0.25983460570694322
  0.26144636253241876  0.26305944220461036  0.26469044601885239  0.26635806314242599
  0.26804008856563283  0.26972394165622099  0.27141026585206046  0.27310371105156783
  0.27480292970417081  0.27651164964632480  0.27822640068339732  0.27995106767646272
  0.28168263895059176  0.28341984493894434  0.28521000444556988  0.28703228543251597
  0.28885952659954500  0.29068814970792323  0.29252187555671627  0.29436543432072382
  0.29621930202830338  0.29808157141436281  0.29994314461505694  0.30180447694260115
  0.30366512718349559  0.30558184262996918  0.30755448567116173  0.30952267125171234
  0.31149756719170901  0.31348734614221263  0.31549067833372918  0.31750275159487285
  0.31955235729414766  0.32138674513399473  0.32237166938184952  1.00000000000000000
 -0.00228728586866170  0.00967745397603985  0.01988115884819874  0.03049161318619994
  0.04099403417529877  0.05151767783513971  0.06197418355733916  0.07252127835835609
  0.08298384343122332  0.09351384187202298  0.10400053462043113  0.11459342122500249
  0.12516970009136533  0.13566559212546112  0.14607944568821460  0.15646910435979289
  0.16694650205467579  0.17739307024038489  0.18784455464212998  0.19837334475970794
  0.20905141809581754  0.21978622609563406  0.23040964002981795  0.24089228599323909
  0.25136896029305178  0.26187499390468716  0.27249409133322372  0.28308720090115780
  0.29365674091272093  0.30424578790324858  0.31482774611931669  0.32551030311754681
  0.33616809695930283  0.34681578130397767  0.35748861719596475  0.36809821740770809
  0.37868100026495211  0.38910928185422017  0.39951631312542335  0.40993252133464742
  0.42046627199716075  0.43109729303184818  0.44180137358403482  0.45238187883625025
  0.46294234361980657  0.47342870755312499  0.48397684938234931  0.49453973752626701
  0.50518401378806610  0.51586270030963011  0.52643968657642592  0.53695191327508884
  0.54740947273577290  0.55796598378491502  0.56861044320469067  0.57926873537940538
  0.58990120217714737  0.60045737148988876  0.61097507312905952  0.62141094764079818
  0.63180930414172942  0.64230097711040812  0.65287317357018726  0.66348030109218070
  0.67405031159427464  0.68461053906773495  0.69520540041617329  0.70575636905993411
  0.71621132011343414  0.72657311685050852  0.73692743051317877  0.74733041064943484
  0.75773378510634071  0.76813104937760279  0.77859914386063955  0.78929464657242854
  0.79993926468273091  0.81048120454459027  0.82085830794385661  0.83124064369418993
  0.84171274607709634  0.85216113623271728  0.86267665000609706  0.87314013688999503
  0.88369818281968349  0.89431122948087505  0.90497391008094319  0.91562107120206582
  0.92626582491954212  0.93687730481707088  0.94737976879900632  0.95787468274274445
  0.96839103107792313  0.97888388195704867  0.98944470455956690  1.00000000000000000
 -0.00245550676351276  0.00925628794209617  0.01929725456819747  0.02974478176252944
  0.04024485419098652  0.05072589452995314  0.06120662090356419  0.07170196724531186
  0.08231274509834667  0.09294840780590773  0.10367260385304390  0.11431667058721572
  0.12493847361611185  0.13540394624345511  0.14588097214393755  0.15632194528012050
  0.16683760172682752  0.17729745625241392  0.18779490708880306  0.19828519104708842
  0.20880099426417503  0.21922001348599873  0.22966640732901369  0.24002598839429246
  0.25037834755283983  0.26063537069810450  0.27102418384319843  0.28154591213908853
  0.29221357975621276  0.30274969546907532  0.31324607743252630  0.32361464157825848
  0.33408406804597551  0.34460688318980942  0.35517541382918927  0.36580373090765689
  0.37630720937142459  0.38681482076797868  0.39726938108081256  0.40773207579600101
  0.41818024742778764  0.42858500913660197  0.43904415732368463  0.44953459024376868
  0.46000807499264923  0.47054382576403098  0.48112956645780491  0.49168514816551112
  0.50218662806457615  0.51271045665507864  0.52342387995063555  0.53431742342978661
  0.54517488447386131  0.55595928737333555  0.56656824331208999  0.57715063688150847
  0.58757167754924167  0.59795872624973667  0.60837588716563684  0.61888685850886760
  0.62947891071626638  0.64001181212074265  0.65055667604586287  0.66112468135348235
  0.67173004943226489  0.68229129941669753  0.69287343179370642  0.70347440037576670
  0.71411793316019201  0.72475686389496718  0.73535091788285434  0.74599645281919058
  0.75658963379963329  0.76725490584700551  0.77785803606631565  0.78850572840302180
  0.79906594919802842  0.80972396425797855  0.82038081577148370  0.83104541283460798
  0.84159409888296766  0.85210331667222150  0.86264279237345232  0.87318501862580766
  0.88375366951413237  0.89422750990012845  0.90481978032594312  0.91545682589292865
  0.92625696399179691  0.93701327411653668  0.94755870608691273  0.95805804956766871
  0.96844580782856804  0.97891978834608617  0.98943796349680135  1.00000000000000000
 -0.00248408559499523  0.00962765339208115  0.01982951912916101  0.03029825504451378
  0.04080707752757524  0.05136444278907740  0.06190842583192204  0.07248510525155485
  0.08293990856922340  0.09334743450670618  0.10377808965827313  0.11429038057428895
  0.12482191487681710  0.13531785468586086  0.14590298131559773  0.15649258860041532
  0.16702796964331312  0.17746685743275925  0.18811514743572150  0.19884464137743676
  0.20951605399271006  0.22002995520063015  0.23058925154095178  0.24115718902695291
  0.25169157348458093  0.26206338407647928  0.27252640453640248  0.28289115184625985
  0.29341753511710228  0.30397261221037075  0.31468219474913539  0.32530248412459523
  0.33589693448507973  0.34647824295223562  0.35710048936609196  0.36759523644844366
  0.37807356463631836  0.38859169004366589  0.39925807980088834  0.40990968788375709
  0.42042457604649863  0.43089844675972555  0.44138074505134417  0.45185942365995735
  0.46231803570287661  0.47285594053577890  0.48336206329519099  0.49380070422662453
  0.50416685958811613  0.51460504064253709  0.52512077740680840  0.53575219593872536
  0.54645877849850200  0.55709478726587469  0.56760084582864712  0.57820816806234177
  0.58885849470169782  0.59946352086759092  0.60988020095130746  0.62032851550350099
  0.63081660485431257  0.64139788674758746  0.65194123099680334  0.66246206437531607
  0.67291791645223520  0.68342736275951499  0.69405822048690713  0.70474989204539218
  0.71540391065989650  0.72598102966908318  0.73661313648650495  0.74723632101450044
  0.75771727388073695  0.76808949434200990  0.77851420845973918  0.78909176167657491
  0.79964738561654813  0.81016335819626739  0.82075931887577991  0.83144369542970609
  0.84214108478668392  0.85274486654545401  0.86324735849489231  0.87363238925568165
  0.88396369724556756  0.89430247584992084  0.90478955802945615  0.91523788187147070
  0.92569441104204964  0.93616424375110974  0.94673133029538459  0.95739175792712961
  0.96794307914508093  0.97864373004470007  0.98926043299849553  1.00000000000000000
 -0.00238232661604902  0.00954755136377067  0.01968358749004818  0.03016116708441801
  0.04068466546091803  0.05116756129852978  0.06178441049906163  0.07245412294770782
  0.08319231287334813  0.09388041285422921  0.10444018907418319  0.11491822751987400
  0.12534180807853693  0.13573500204496269  0.14623944869561900  0.15681928128198944
  0.16744175076955989  0.17797593388173935  0.18839525439336877  0.19877079935110362
  0.20914255028829223  0.21951456127374799  0.23001183619981480  0.24049835934835226
  0.25098389256480652  0.26143761688391443  0.27198675882014345  0.28262595326410150
  0.29332420702454914  0.30404225585108352  0.31479059844819357  0.32545706174208722
  0.33605896276878500  0.34666129525843192  0.35717241564015750  0.36778367263630130
  0.37824143856112497  0.38889288118742482  0.39949263502964577  0.41020654774894239
  0.42086372205689460  0.43141269469405152  0.44186072664714149  0.45225163159047949
  0.46287801355026276  0.47367742064528856  0.48456377005854673  0.49516835785226410
  0.50569312683746925  0.51606599101162132  0.52656519401920254  0.53711420048981340
  0.54774098260229764  0.55841947432695416  0.56909940948757898  0.57971808293005145
  0.59022184249765319  0.60076017975591434  0.61127367071318295  0.62192280832321056
  0.63232255582110353  0.64279872339689503  0.65316593585860250  0.66367615743411057
  0.67422996411778235  0.68479605351378592  0.69536069058899197  0.70585016188149075
  0.71624162147597170  0.72672097350997400  0.73714322114164743  0.74778697597318355
  0.75834676986441174  0.76895596731038118  0.77940760405823706  0.78981050652121632
  0.80021606145446367  0.81063028152036432  0.82120623978287333  0.83174112724297133
  0.84225786664561764  0.85267931655229068  0.86319493035891892  0.87370032996413505
  0.88423707861344225  0.89473825959137299  0.90529448231642240  0.91581542924056314
  0.92642210270255676  0.93697793185751355  0.94762300112797815  0.95824342620465230
  0.96877134363593276  0.97921883217727634  0.98958263290820436  1.00000000000000000
 -0.00219770920610265  0.00965947349424007  0.01975673942176281  0.03033308870039315
  0.04088195942171853  0.05154482909115194  0.06214128782603515  0.07274416312630222
  0.08339834578566239  0.09400514453931293  0.10465990494433690  0.11525406175671343
  0.12576346236311681  0.13621416322784666  0.14671242247033459  0.15728527715113688
  0.16783049459853347  0.17828830270913110  0.18880041803688979  0.19942913873682483
  0.21002027721445793  0.22049628134832203  0.23083955205869330  0.24118211286865071
  0.25159125056168341  0.26206850681062205  0.27263488582673479  0.28322828714864484
  0.29387156647143498  0.30447345980246970  0.31501719941933559  0.32545453348666625
  0.33594911066149546  0.34646268660130036  0.35694460031796088  0.36735546785990542
  0.37773129360509217  0.38816402891252688  0.39861685823479348  0.40928921205595942
  0.41997491698258865  0.43073763453326985  0.44138460520347450  0.45210673592333239
  0.46274972984487950  0.47326073048913286  0.48375930154538654  0.49417519571743951
  0.50466129339360377  0.51496145374686542  0.52542617027226479  0.53579351581098678
  0.54626408657542969  0.55673917628734593  0.56734345064248493  0.57791538833234768
  0.58851197235952557  0.59898595865106696  0.60959475063960944  0.62012565410538933
  0.63077332574038170  0.64143403988596481  0.65205239012070126  0.66274076413707173
  0.67340271973755250  0.68404421709213714  0.69457445456434197  0.70512182993298056
  0.71564401510399756  0.72613832541208312  0.73659082247873930  0.74707383870548716
  0.75759827085742137  0.76810632916058186  0.77856387858265241  0.78909127148602276
  0.79957070521929807  0.81003387899613710  0.82037499041400253  0.83077710084712819
  0.84123701920955463  0.85180926427800341  0.86230817520554659  0.87289250124678330
  0.88343757821801028  0.89406555000649035  0.90474300914464967  0.91541957525453832
  0.92602805502084395  0.93661973799006804  0.94721973115336378  0.95782012626446988
  0.96835441576627179  0.97892655863316824  0.98947936860343255  1.00000000000000000
   3.8537294324964827E-012  -1.0000000000000000     
 F F F F F F F F F F F F F F F F F F F F F F F F F F F F F F F F F F F F F F F F F F F F F F F F F F F F F F F F F F F F F F F F F F F F F F F F F F F F F F F F F F F F F F F F F F F F F F F F F F F F F F F F F F F F F F F F F F F F F F F F F F F F F F F F
  <DiscreteSampler_grid>
  grouped_processes
  1 # 1 for a reference and 2 for a running grid.
  10 # Attribute 'min_bin_probing_points' of the grid.
  1 # Attribute 'grid_mode' of the grid. 1=='default',2=='initialization'
  0.0000000000000000 # Attribute 'small_contrib_threshold' of the grid.
  0.5000000000000000 # Attribute 'damping_power' of the grid.
 # binID   n_entries weight   weight_sqr   abs_weight
    10   10   6.215759302838229E+003   7.744787544197373E+007   6.215759302838229E+003
    11   10   6.215759302838240E+003   7.744787544197406E+007   6.215759302838240E+003
    16   10   6.215759302838227E+003   7.744787544197373E+007   6.215759302838227E+003
    17   10   6.215759302838242E+003   7.744787544197406E+007   6.215759302838242E+003
  </DiscreteSampler_grid>
