  0.00960655619805070  0.01612769233304837  0.02519011746623692  0.03586478437807158
  0.04608507738955817  0.05635265339185518  0.06662654787696901  0.07700622776054537
  0.08753862971051386  0.09808410232227410  0.10854294046647893  0.11891555574230282
  0.12931478031821120  0.13967232968567944  0.14996330615977294  0.16021350037028939
  0.17050429215847546  0.18088066031070474  0.19133958614004215  0.20184914406310286
  0.21228490783642084  0.22268043887413033  0.23306097039635718  0.24351962200213706
  0.25404648105396171  0.26444399384255479  0.27481930103752739  0.28510773237127135
  0.29545337949633121  0.30578197232049509  0.31617478314216885  0.32663449756783508
  0.33702853395337590  0.34741105245863946  0.35777175005853973  0.36810188396373167
  0.37841726483096094  0.38868839734460070  0.39899332686227196  0.40923330887388665
  0.41953028278179411  0.42984559337681782  0.44024163145360412  0.45077048554830873
  0.46132308188830767  0.47183488448099392  0.48219956229806671  0.49254176793287341
  0.50292689787227196  0.51332899821930966  0.52367012785820233  0.53402386747062336
  0.54439594743939479  0.55482517459751335  0.56527438003928987  0.57572434603486089
  0.58617251663165437  0.59658558489404923  0.60692695534838392  0.61725503548013161
  0.62755672255742045  0.63781620147143070  0.64806125427737049  0.65838755355704170
  0.66885984260275266  0.67946202329506988  0.69006482197755648  0.70052964805273865
  0.71089395162561320  0.72124605663076580  0.73165728358596971  0.74209269398543087
  0.75245765384438090  0.76283491018785465  0.77326004026554751  0.78369738035187830
  0.79407139951840788  0.80437048380550258  0.81468349667277096  0.82502391323897661
  0.83542163915787304  0.84580794682024762  0.85615965995075849  0.86649839475926971
  0.87685106834369109  0.88725275090884237  0.89760560861659655  0.90792928580960586
  0.91825788968530364  0.92853271829585982  0.93885058086578632  0.94919896197218134
  0.95970722879007264  0.97013208732650291  0.98053240804338981  1.00000000000000000
  0.00953837695317953  0.01648856436493992  0.02540629969470105  0.03615461520578633
  0.04645230118651372  0.05685229408004044  0.06724276988098787  0.07761414323189994
  0.08795222345690841  0.09840904435783711  0.10887126509086939  0.11936319100391049
  0.12970929388672517  0.14003271970465975  0.15036150733818399  0.16073574924547288
  0.17102327029016987  0.18123604507692601  0.19143156301013503  0.20176843110214895
  0.21217858845987392  0.22269442914120932  0.23319050550444262  0.24365068648735752
  0.25405698478949301  0.26441929961335797  0.27481024646199576  0.28517476123894603
  0.29552924771046635  0.30592672484937028  0.31637899664069125  0.32681461224280273
  0.33723718921763496  0.34760477417251856  0.35788532245338295  0.36812122218127380
  0.37845444299234127  0.38893385844660089  0.39939219571508955  0.40975621118959910
  0.42013738902222203  0.43059356094168555  0.44110793864025971  0.45155914111108386
  0.46194678299412756  0.47229024557405364  0.48261351684939530  0.49292542146913998
  0.50330576532551929  0.51377433843174547  0.52430078935334579  0.53475456969267343
  0.54510472836247181  0.55538333626294656  0.56567541507522878  0.57603330238305450
  0.58651438261849809  0.59714016908441470  0.60778636627705684  0.61834808329025925
  0.62874466482135050  0.63899542643095564  0.64923120557364777  0.65950562462902351
  0.66984573077982290  0.68016288442731843  0.69045740609647221  0.70075547763614432
  0.71107574727796985  0.72144802087863180  0.73182736524591885  0.74220014117375877
  0.75249544376359379  0.76278671219465122  0.77311649193484167  0.78358930377880165
  0.79401880962317539  0.80446488390578985  0.81484484656184708  0.82535054511513195
  0.83588158724191752  0.84642485240417253  0.85687156986408575  0.86726450143328493
  0.87758200389513163  0.88785135794445269  0.89816562238137487  0.90842309282520883
  0.91869107497467661  0.92887757975546326  0.93910148465963295  0.94929326602464059
  0.95954592345862411  0.96983148610016556  0.98030638955536209  1.00000000000000000
  0.18260132081983019  0.18341626501645317  0.18406800376817095  0.18472647465415873
  0.18538737939148617  0.18604599361341290  0.18670645903777838  0.18769193171400481
  0.18897272611241200  0.19017567041270583  0.19138951571220145  0.19260673419890423
  0.19382848134627295  0.19505637818835114  0.19629095186474690  0.19753049572896877
  0.19876730120393132  0.20000645762584804  0.20126582697903245  0.20255211303671269
  0.20383622083075498  0.20512558487038510  0.20642026345762488  0.20772332834838647
  0.20903093996076633  0.21034207813584760  0.21165511101708312  0.21297430725424671
  0.21429479657427103  0.21564632351503099  0.21702317660567533  0.21839188629230036
  0.21976783928592283  0.22114975187804306  0.22253764106451820  0.22392703185403345
  0.22532386959849343  0.22672379575735035  0.22812220700446015  0.22951377955625712
  0.23094377624353782  0.23240450948289063  0.23387018559643910  0.23533430199247538
  0.23680189021682857  0.23827590540375670  0.23975722405065777  0.24124399598130816
  0.24273549553867979  0.24423118025631521  0.24572542425771862  0.24724892924507524
  0.24880728140769487  0.25037919713547435  0.25195382706758607  0.25353316909141954
  0.25511977859174961  0.25671063054172838  0.25830692017029827  0.25990861669636534
  0.26151512034247687  0.26312430856438102  0.26474953717218763  0.26641829407747242
  0.26810792684221657  0.26979974117578037  0.27149556651018547  0.27319638756427933
  0.27490219736702171  0.27661003224316688  0.27832309081859391  0.28004310200120724
  0.28176841223578930  0.28349734049574660  0.28527554481577827  0.28709554655620551
  0.28892323149980281  0.29075399589082646  0.29259128477008561  0.29443750252505430
  0.29629252426768754  0.29815661320213338  0.30001949018495799  0.30188869997140116
  0.30375901976554132  0.30567848556863803  0.30764991765742761  0.30962056336633459
  0.31159616023736925  0.31357740222663999  0.31556359926901012  0.31755333099101579
  0.31958256467848667  0.32134423959443442  0.32225096884776155  1.00000000000000000
 -0.00245426204011697  0.00918368344020479  0.01919494362557941  0.02964589502757588
  0.04020133230881845  0.05076600438279862  0.06127716472315624  0.07189346911843530
  0.08255166297447453  0.09327492133269624  0.10392312670334486  0.11454733997645639
  0.12516030552999108  0.13579002280732497  0.14646431436594248  0.15696237267423224
  0.16738181396899646  0.17782245924957710  0.18835839211906577  0.19888628072053743
  0.20932146242080601  0.21968534416974245  0.23011402936016695  0.24060528838773115
  0.25111351542955174  0.26163283142675814  0.27210956018168436  0.28254161516371351
  0.29288635236972194  0.30326785738125422  0.31368335553548948  0.32420812219024003
  0.33478108951690422  0.34542730876202909  0.35597089379922020  0.36645615343270183
  0.37697348768700611  0.38761081391580882  0.39819795215610226  0.40871284114962775
  0.41916636874210600  0.42969692919223457  0.44026063833156426  0.45100476480299034
  0.46168764880112223  0.47239499922838163  0.48295228558871456  0.49359072407336052
  0.50412740027084169  0.51474126674449527  0.52540620177742603  0.53610398695172379
  0.54667685340089645  0.55718073699897464  0.56773090922591340  0.57833425712689324
  0.58897392485416555  0.59957108802485548  0.61010716164387235  0.62057726805611757
  0.63106586867037640  0.64159767294223324  0.65212786889951346  0.66268240961972447
  0.67318779266485851  0.68367782600429150  0.69404153700954341  0.70438456085348444
  0.71482881177912305  0.72536357747741698  0.73598277612227037  0.74652644212461972
  0.75708949982763529  0.76761315962953502  0.77814578109612997  0.78859217579063878
  0.79896365052005514  0.80939241038628074  0.81994015192954073  0.83055131583621800
  0.84110160344595009  0.85161600796112313  0.86223179746369016  0.87278509242225266
  0.88331762747119991  0.89388622952262242  0.90463059773653509  0.91531121337537091
  0.92591312502050072  0.93637566681816609  0.94706677533031702  0.95771076005141698
  0.96833645013786407  0.97877672822544126  0.98934373563208944  1.00000000000000000
 -0.00246791866084518  0.00932917687616930  0.01943921707958678  0.02999141192438292
  0.04061586024299473  0.05114945467464376  0.06164164201503692  0.07210245556888255
  0.08263199017505156  0.09312432575321626  0.10366162367042284  0.11427526082203326
  0.12489448157993815  0.13557595987690216  0.14619177655090138  0.15673696142335361
  0.16725922505846236  0.17775564847830641  0.18839790960863234  0.19904374302398564
  0.20971621206078256  0.22028885989926678  0.23081700419988588  0.24135007897809002
  0.25189106681503753  0.26239513915324325  0.27288460274101811  0.28341017969212334
  0.29398598630639894  0.30452087719290061  0.31493864385136178  0.32543398925846595
  0.33596791715905200  0.34653547759141512  0.35703266954411639  0.36750133170056892
  0.37795405075212757  0.38857432115132007  0.39918191248110235  0.40992080096587979
  0.42041835967527263  0.43095600527113326  0.44156826174484470  0.45218366704716589
  0.46273726224554579  0.47319942241918095  0.48379884649856675  0.49445034788024694
  0.50506057436911211  0.51556487677242113  0.52610139907884024  0.53663695247400378
  0.54709775293922114  0.55758048737220689  0.56798320817428116  0.57847698752424603
  0.58892323508931621  0.59948396419346439  0.61005729686758459  0.62067445715870728
  0.63117052170742993  0.64163551028883692  0.65197149673033283  0.66232864251682233
  0.67272439563050401  0.68317048370394029  0.69373276150416086  0.70426784292474998
  0.71480372433326977  0.72534219854532467  0.73594159928888159  0.74664763104531795
  0.75728048844578033  0.76788656092681074  0.77839983950840463  0.78889809500086816
  0.79953242880160669  0.81018201130562550  0.82094999361782828  0.83149205949070804
  0.84215441304388905  0.85263842803200696  0.86310221705261692  0.87340569644001154
  0.88383790678402641  0.89438863899694376  0.90505914275986288  0.91555597323037119
  0.92594380158371015  0.93638711766352267  0.94704966121773515  0.95777196219010396
  0.96841705725747496  0.97897022505170406  0.98951120915988000  1.00000000000000000
 -0.00238188398204994  0.01000606066518421  0.02031716073594021  0.03083588490231707
  0.04123530618746067  0.05162998136993675  0.06205662919701844  0.07265405452716631
  0.08330145087277971  0.09392931198278355  0.10440193127884247  0.11479201145282873
  0.12528746199887869  0.13584899862416916  0.14648579615313903  0.15709252086017872
  0.16770475150141201  0.17832925816098102  0.18891758358100380  0.19940327041269598
  0.20982632663617071  0.22026730437626135  0.23071507563270460  0.24116518995486161
  0.25159892433773406  0.26212074084826137  0.27271564535519643  0.28327977344418137
  0.29387863793809782  0.30437700198933615  0.31494612100790847  0.32542875582644687
  0.33597935587801409  0.34647869490574357  0.35698486801480572  0.36745365275964637
  0.37800976826729693  0.38856519452657245  0.39920590725342725  0.40968950894559791
  0.42033707852069613  0.43087697439883899  0.44140918034866861  0.45190767715529484
  0.46244680517149056  0.47312922181648370  0.48354034197186552  0.49407679805552335
  0.50459167107220038  0.51526273525946431  0.52571352714493114  0.53614115323051392
  0.54652237241424284  0.55704528949310905  0.56761102849165257  0.57839405569395430
  0.58914182140665794  0.59988484183273338  0.61040060016830444  0.62102732091833568
  0.63169285127726371  0.64240126039667356  0.65290138553186294  0.66329827212583692
  0.67375297682638524  0.68423912825414535  0.69485275906575683  0.70539086457570288
  0.71605936524207037  0.72666120458432504  0.73722773120950658  0.74765702428311698
  0.75801710280939161  0.76843958548644131  0.77894285727393298  0.78950400758639294
  0.79997982695914738  0.81049285870604559  0.82096110863861427  0.83159095483513867
  0.84217956988877074  0.85269305944581564  0.86319265188964478  0.87379590254620165
  0.88445385573219770  0.89503883706440246  0.90557007847306992  0.91609230169780065
  0.92660683586323478  0.93713263692934345  0.94769409583045372  0.95829466615686087
  0.96878737893646372  0.97922435872261981  0.98961144000367607  1.00000000000000000
 -0.00247111119305428  0.00952354548593619  0.01966926581443751  0.03019848042397733
  0.04081407958247029  0.05140103410867727  0.06191736529206256  0.07246487184707490
  0.08300172933119485  0.09349473496936501  0.10398893819960607  0.11449984515298137
  0.12503920690573855  0.13546088149029831  0.14597034935181077  0.15648698952636442
  0.16710597821146003  0.17772615589210267  0.18836565280363904  0.19897129030935537
  0.20952266537599909  0.21999977050573608  0.23045966136881849  0.24092367020579211
  0.25144223885960437  0.26195362635852182  0.27239122284013784  0.28285297318425373
  0.29326067924210886  0.30374963557965928  0.31424269209024214  0.32479365008790206
  0.33540540654406814  0.34597989414806418  0.35657935768924837  0.36711326817651069
  0.37771897418277667  0.38820146211295897  0.39864932301139405  0.40906707473994181
  0.41963807388455904  0.43029949668678924  0.44103234357407356  0.45168218542478572
  0.46223194438093390  0.47279165630920539  0.48334510055478680  0.49395268476640414
  0.50441569706530098  0.51491086257277840  0.52536428229610532  0.53591544513833000
  0.54643272552795508  0.55691241261612145  0.56724976927083692  0.57767787931385939
  0.58816313100464945  0.59879379299868130  0.60935313555500747  0.61989683933301121
  0.63045228958818200  0.64102121007650048  0.65157606052051198  0.66208948019877600
  0.67265224499483200  0.68327408735640294  0.69388770249483589  0.70449380960621588
  0.71505934993594855  0.72559364005596116  0.73608926811706343  0.74664313570396135
  0.75718271709220997  0.76769799129491911  0.77817851825793360  0.78871567113594065
  0.79928035513602025  0.80986965693702062  0.82053692083108876  0.83126984429863149
  0.84197268936168379  0.85245853520767834  0.86294216994470030  0.87333988998058654
  0.88377102046753431  0.89413882963292701  0.90458839509591249  0.91523201838590784
  0.92578006831437465  0.93636336808149445  0.94681070264134060  0.95746330126321177
  0.96817787165352620  0.97897429325160257  0.98958131620589396  1.00000000000000000
 -0.00210524529142460  0.00985442757191603  0.02013487132810156  0.03069267168214465
  0.04123158028348534  0.05178646674193651  0.06229280056549796  0.07282985575356704
  0.08331559749980356  0.09380948504660146  0.10420798201225016  0.11456693880378016
  0.12498865431533053  0.13538707516658194  0.14575957663355651  0.15618719958649643
  0.16670717001505822  0.17728457709037443  0.18784148592031083  0.19850263581325592
  0.20929059784622317  0.22013346536175923  0.23076469411311548  0.24140367526952633
  0.25205612768881225  0.26285844576506401  0.27361393156557462  0.28426463749732422
  0.29489328366117362  0.30553081062092896  0.31616460374816924  0.32684505643554107
  0.33755340741524076  0.34824669739052033  0.35880195588197794  0.36918927918243138
  0.37968927530142393  0.39018591996698521  0.40074508418325072  0.41110738462663265
  0.42149742186977762  0.43190173294017747  0.44234893005731740  0.45279892615703532
  0.46326614471508448  0.47374469984155609  0.48414673179223106  0.49450371895435663
  0.50495002361773678  0.51545255604074303  0.52604118426002899  0.53655374614166207
  0.54717150623189459  0.55779309806630106  0.56839549430150560  0.57895854079016407
  0.58953848579229051  0.60015134097081424  0.61069698156667040  0.62126725470185096
  0.63178779897110315  0.64236156200594363  0.65288114955048282  0.66341835685181560
  0.67390178583758642  0.68425964857513433  0.69463982160160831  0.70499854136152185
  0.71538813749479235  0.72576642834670313  0.73620784192405686  0.74675249487960371
  0.75739198512513173  0.76800015665188370  0.77868602542135501  0.78926198565113082
  0.79990967997573248  0.81044654913467518  0.82107158786172452  0.83161396989841319
  0.84214829341596831  0.85264568987062572  0.86315998208306055  0.87367091972212818
  0.88424131308823428  0.89485452984732095  0.90536051231608028  0.91584405460946650
  0.92631188253198782  0.93685571350389862  0.94740260812743560  0.95801260873093419
  0.96858849765476673  0.97913095613828482  0.98960152913675015  1.00000000000000000
   7.9923592142138283E-011  -1.0000000000000000     
 F F F F F F F F F F F F F F F F F F F F F F F F F F F F F F F F F F F F F F F F F F F F F F F F F F F F F F F F F F F F F F F F F F F F F F F F F F F F F F F F F F F F F F F F F F F F F F F F F F F F F F F F F F F F F F F F F F F F F F F F F F F F F F F F
  <DiscreteSampler_grid>
  grouped_processes
  1 # 1 for a reference and 2 for a running grid.
  10 # Attribute 'min_bin_probing_points' of the grid.
  1 # Attribute 'grid_mode' of the grid. 1=='default',2=='initialization'
  0.0000000000000000 # Attribute 'small_contrib_threshold' of the grid.
  0.5000000000000000 # Attribute 'damping_power' of the grid.
 # binID   n_entries weight   weight_sqr   abs_weight
    10   10   4.393923638762244E+005   2.875729466716108E+011   4.393923638762244E+005
    11   10   4.393923638762237E+005   2.875729466716101E+011   4.393923638762237E+005
  </DiscreteSampler_grid>
