 -0.00252755829035341  0.00947355913256726  0.01963330802147526  0.03015770876329626
  0.04071159214956387  0.05126263219171903  0.06181349561314207  0.07236047216168935
  0.08290221541974016  0.09344384566669116  0.10398985572305589  0.11454061632084464
  0.12509086514777656  0.13563714061980894  0.14618332620860686  0.15672936393263867
  0.16728059979549251  0.17781992079637404  0.18835941940944206  0.19889331857143300
  0.20944115603375277  0.21997817704485426  0.23051039419623390  0.24104169549400184
  0.25158562565239506  0.26212738950501757  0.27266896863653678  0.28320884702933818
  0.29376110764216695  0.30431255693445874  0.31486602706612327  0.32540690074427225
  0.33594850285637534  0.34648808278507609  0.35704091394859799  0.36758071564885303
  0.37811514135436031  0.38864972288077004  0.39918183777145905  0.40972141807123397
  0.42024764456154184  0.43078958021786001  0.44132969880435502  0.45188174611505588
  0.46242513239351829  0.47296975220065057  0.48349874895743983  0.49403593247095978
  0.50456530558801926  0.51510999178760364  0.52565565204026421  0.53619731653502278
  0.54673755508134092  0.55726616028893572  0.56780515223726824  0.57834116913912936
  0.58888850593769637  0.59941871015156245  0.60995466706937385  0.62048943048426586
  0.63104126586480458  0.64159212261449250  0.65214353741758735  0.66269474070853673
  0.67324621707523136  0.68379842350130571  0.69433675639471082  0.70487710763105726
  0.71539694965250022  0.72593178261853442  0.73646465363227853  0.74701127613801654
  0.75755672388137585  0.76810140204085653  0.77865377709657502  0.78919100359941896
  0.79972995034774397  0.81026671001609396  0.82081903422827363  0.83137116767625674
  0.84191046966556726  0.85244579595715975  0.86297967997306735  0.87352235081563978
  0.88405698075219308  0.89458752914103568  0.90512285452560648  0.91566577045299768
  0.92620920282408215  0.93675205601151001  0.94730037314861271  0.95783618309035612
  0.96836924301596417  0.97890123513682359  0.98944925274677897  1.00000000000000000
 -0.00235766678054994  0.00972377986406879  0.01994476200751588  0.03047735079218327
  0.04102259368004847  0.05156412978707435  0.06210841396688027  0.07265335515281850
  0.08319820976775107  0.09373886428333046  0.10427488087329313  0.11481089309883187
  0.12534829276356896  0.13588972512603179  0.14643138694403154  0.15697469714811038
  0.16750881300899742  0.17804261481352146  0.18858164528299620  0.19913051557344591
  0.20968001806386782  0.22022845133458771  0.23077714042561728  0.24132541371042016
  0.25187413190687746  0.26242211169967078  0.27297078466357938  0.28351871599994577
  0.29406728127813381  0.30461606830436161  0.31516608499188253  0.32571549074156925
  0.33626590278116597  0.34680225807054255  0.35732257154179675  0.36784301448431755
  0.37837641044805204  0.38892061811355316  0.39945746115000341  0.40998428827386291
  0.42051843332985500  0.43103929657352902  0.44156280117016089  0.45206592181528776
  0.46258883581461835  0.47311346304952245  0.48365632559585503  0.49419816062868405
  0.50474562697529490  0.51529307850048756  0.52583583469230188  0.53637827498096680
  0.54691453106581800  0.55745090995139668  0.56798821502406738  0.57853239562305636
  0.58907654058542525  0.59962166504203562  0.61015415215360014  0.62066694479350615
  0.63118165944059768  0.64169606646776278  0.65223697040227013  0.66277422932581798
  0.67331923842963393  0.68385574761046375  0.69438776827545701  0.70492013035180523
  0.71545828042891635  0.72600107210007825  0.73654912514184478  0.74709729438827777
  0.75764591161635164  0.76819352919831863  0.77874124838665293  0.78928380128728548
  0.79980625824090590  0.81033053884452055  0.82085338087751902  0.83139837634875968
  0.84191823944905952  0.85244064005209519  0.86296122133869779  0.87350787346180059
  0.88403922935064627  0.89456625864282158  0.90509043647209642  0.91562765877009078
  0.92616886442671009  0.93671115837214369  0.94725924688788332  0.95780732463117157
  0.96835509719850366  0.97890278252383078  0.98945158508353548  1.00000000000000000
   8.3378094068159756E-012  -1.0000000000000000     
 F F F F F F F F F F F F F F F F F F F F F F F F F F F F F F F F
  <DiscreteSampler_grid>
  grouped_processes
  1 # 1 for a reference and 2 for a running grid.
  10 # Attribute 'min_bin_probing_points' of the grid.
  1 # Attribute 'grid_mode' of the grid. 1=='default',2=='initialization'
  0.0000000000000000 # Attribute 'small_contrib_threshold' of the grid.
  0.5000000000000000 # Attribute 'damping_power' of the grid.
 # binID   n_entries weight   weight_sqr   abs_weight
    10   10   9.491100639792499E-001   9.008099135466958E-001   9.491100639792499E-001
  </DiscreteSampler_grid>
