  0.00966932272099443  0.01349491395862605  0.01661843989001638  0.02006137026849031
  0.02404436144486050  0.02846897462357289  0.03312259331112949  0.03783585093835776
  0.04283542946342384  0.04814141515862913  0.05367426924031758  0.05928404607858676
  0.06511073248131337  0.07117838249837462  0.07740227773915344  0.08377342847513025
  0.09027820116915891  0.09689393238228942  0.10364795997390412  0.11055306021003511
  0.11756976940371437  0.12462802919365421  0.13186455447568973  0.13920858407888251
  0.14664392323372663  0.15419432823512727  0.16183575034761938  0.16957573152757838
  0.17748449867994390  0.18549770085544429  0.19355073232641379  0.20159621818672871
  0.20982201564670797  0.21831998926797316  0.22690522700230373  0.23551226010904064
  0.24410318594413796  0.25280824800967278  0.26168458339767964  0.27068891391335764
  0.27977281566331214  0.28881714817593951  0.29778953596743629  0.30674931329591948
  0.31564215988764954  0.32446829371833569  0.33337860573301015  0.34253116976199693
  0.35195965510065180  0.36144036273843244  0.37087358483184607  0.38032072078779344
  0.38984752613520535  0.39945794095002773  0.40914731831565521  0.41896663694685660
  0.42873281517165490  0.43850194407681209  0.44825284242139146  0.45797113910461990
  0.46771026231011570  0.47750407855110893  0.48753714257132680  0.49769581960238446
  0.50807285687500914  0.51860612727229316  0.52925139907719632  0.53989781270342729
  0.55064859967421931  0.56158171534513901  0.57260253273772554  0.58346815397043694
  0.59447095833043817  0.60586946805502984  0.61766433886790029  0.62951461473175130
  0.64145022846950683  0.65352517242539421  0.66560612674455844  0.67780508545161444
  0.69041812367036570  0.70372289600652016  0.71729986255630340  0.73104059578838776
  0.74482938272538279  0.75907649241911157  0.77415981950465518  0.78987176887645927
  0.80612083320300310  0.82302190371129869  0.84127232179933087  0.86177853674100779
  0.88529588976273343  0.91308200098998304  0.94778079381657443  1.00000000000000000
  0.00979080760434935  0.01300323001291325  0.01855960372105530  0.02524474110683872
  0.03230228976990295  0.03962263629704432  0.04719368045062639  0.05499481567995942
  0.06302300307378556  0.07126838022196036  0.07962122819315684  0.08819643730475715
  0.09707875078028692  0.10619504649753522  0.11542413485515847  0.12468776333121818
  0.13402164804421027  0.14340521992547414  0.15276649902140027  0.16209760437212142
  0.17148219165593748  0.18101979885705688  0.19075581872028849  0.20064106695076220
  0.21063604134068831  0.22069315189648939  0.23078556647959947  0.24093097600222460
  0.25114837886859198  0.26141133806844480  0.27167695819242749  0.28174941272503901
  0.29175893860447705  0.30176132128839878  0.31178034531947818  0.32171559082044177
  0.33169131034953409  0.34179504082651557  0.35189510554127912  0.36191347204532426
  0.37196348845297589  0.38222853083228014  0.39266753281234834  0.40308201173967084
  0.41344631209577637  0.42386700820692086  0.43449342900145260  0.44539443224434361
  0.45644544881872817  0.46761329778254979  0.47879645008499844  0.49009629272026761
  0.50119248985902509  0.51210844050138804  0.52290886337761000  0.53396105457892673
  0.54505930330899488  0.55635680118710173  0.56757584061392674  0.57864049187769762
  0.58932390478354013  0.60045506007494254  0.61182907746467341  0.62336519028960868
  0.63461456562402352  0.64608166474401907  0.65754106115892741  0.66890500104356498
  0.68023598964192389  0.69171064507997881  0.70353858147663195  0.71581608772548488
  0.72827840346754835  0.74068104053125428  0.75292374016218666  0.76502774103424021
  0.77734100000025563  0.78958477628202883  0.80146880884716043  0.81300114150149949
  0.82480581551113707  0.83675365784814471  0.84922846748524006  0.86225104540776054
  0.87533922252283503  0.88925135893500007  0.90199737901262866  0.91369378984555039
  0.92461135429276986  0.93459026250640020  0.94349377368905152  0.95074008875593086
  0.96114811544128786  0.97959101215170019  0.98356196201798329  1.00000000000000000
 -0.00165457724024147  0.00980870891819618  0.01991874646378011  0.03045483495547654
  0.04115428806196068  0.05171245570913007  0.06238163090064172  0.07294639848630936
  0.08374051992897144  0.09405761376354292  0.10417811236718309  0.11454978604630570
  0.12510660346606531  0.13569660225031738  0.14606757408311616  0.15670506972211559
  0.16711024590133486  0.17754441266349671  0.18777872570766302  0.19840483680614865
  0.20917739597063470  0.21974272506108372  0.23038827296289760  0.24092083937963393
  0.25162485694735509  0.26215637681224013  0.27246235261823420  0.28293692624644734
  0.29334066660671776  0.30385282455262308  0.31438135675634460  0.32513675361513106
  0.33597832216589862  0.34680597118229528  0.35743036596005301  0.36802622648005373
  0.37829798355443495  0.38864182439048373  0.39891166959980223  0.40948418914362461
  0.41990855108479214  0.43029522037694756  0.44052560067873131  0.45074908237712080
  0.46089870716005010  0.47105761005041946  0.48125989043404027  0.49179346920508615
  0.50242307178483869  0.51335650865244031  0.52415156482380232  0.53480037113191947
  0.54543597536354882  0.55626930173327693  0.56697657437036575  0.57751689565983177
  0.58794938557340304  0.59855644404880715  0.60924212776079312  0.61967869039511614
  0.62990466988932381  0.63968395937991451  0.64964926368698694  0.65986853131415513
  0.67027928107156243  0.68089967784611072  0.69133855479635242  0.70171933030419587
  0.71197928582127112  0.72247175564184518  0.73304200159897048  0.74363451891376331
  0.75427035733639936  0.76505917763604248  0.77580668530555452  0.78633141475893975
  0.79694882220683783  0.80754491230793690  0.81831256599059909  0.82917576651976777
  0.84005654057144086  0.85091915471726220  0.86174941876636624  0.87248560639381745
  0.88324550472330354  0.89401644149829673  0.90474504836820646  0.91521914363475110
  0.92547818264612125  0.93568199613295988  0.94623385139061711  0.95700803482711971
  0.96785706041929265  0.97860372018321951  0.98934988622875697  1.00000000000000000
 -0.00162322427915110  0.00979045081195459  0.01983709464989700  0.03004157418329675
  0.04030611866619847  0.05060225595454573  0.06108248423971983  0.07160253909610112
  0.08195167276037109  0.09235865505525526  0.10257848449814090  0.11320924730624014
  0.12366640846486393  0.13436681114113089  0.14514710865647032  0.15566491329437931
  0.16618129115143931  0.17622342309845565  0.18653567131784721  0.19669913158846392
  0.20686416357061510  0.21732882670633585  0.22776554819840550  0.23845053494090745
  0.24888431956950965  0.25980217829277824  0.27051581794494750  0.28087703283278564
  0.29115858705992970  0.30169870023616319  0.31225242774284234  0.32243047988717033
  0.33253170369861412  0.34294504736727044  0.35342676991932359  0.36401972911478764
  0.37443005919319505  0.38494973473677785  0.39544961420368069  0.40594092062509302
  0.41597855813898654  0.42591763468064647  0.43600054312035391  0.44646130022220876
  0.45706981075340136  0.46769682044342664  0.47811303781097747  0.48852325596772278
  0.49904524507234399  0.50977425877841165  0.52030617433693649  0.53076865531514295
  0.54130790642193971  0.55214207741477350  0.56294124010517133  0.57368887975270677
  0.58431027591495743  0.59505186422137590  0.60560708764164561  0.61619719906571813
  0.62685780253093715  0.63761109199167731  0.64833234627888270  0.65878156326818849
  0.66935108554412814  0.68000018373965243  0.69053669827796393  0.70084152048221160
  0.71115766850675144  0.72170799881445902  0.73240730918300945  0.74314297343300295
  0.75381789695016754  0.76455986180544144  0.77509829358020588  0.78585577493023995
  0.79648469152554380  0.80742269607467809  0.81850251620118009  0.82957439897614949
  0.84055717879343872  0.85142096756147245  0.86210507694899963  0.87276506825750533
  0.88336487835338640  0.89409306331420690  0.90465826121223269  0.91533005619065722
  0.92575624887515262  0.93608648540009221  0.94657503212650074  0.95701613528790541
  0.96780577350885988  0.97835923802122382  0.98920483543441540  1.00000000000000000
 -0.00245903475859200  0.00945732180290451  0.01945583255751369  0.02979419604761617
  0.04030974030098995  0.05056626525473927  0.06083747630838108  0.07139501157033763
  0.08218814477773803  0.09284226614256934  0.10338471839357512  0.11379991786090964
  0.12422863439304405  0.13453989093083152  0.14501797000793923  0.15524704261797126
  0.16565580880619454  0.17609863525007760  0.18684517980628335  0.19763481738121050
  0.20841068690581649  0.21913581181699765  0.22970712485829656  0.24038538175918131
  0.25112100354190359  0.26181744407016849  0.27243495154279729  0.28286034154332362
  0.29323036468347063  0.30321752544460051  0.31309476460695246  0.32324507584403656
  0.33356830234429646  0.34421185673150806  0.35477946701043361  0.36546313055650087
  0.37614561975928645  0.38654164949986092  0.39701868106473898  0.40717832623410616
  0.41728742984697337  0.42738448567468967  0.43757729641782317  0.44798941602952347
  0.45846454223415606  0.46900051890552907  0.47960514664207904  0.49037696275213022
  0.50118140666176680  0.51206394061688454  0.52278688727905653  0.53369298153994138
  0.54459047371079805  0.55563625241852288  0.56637683834714336  0.57689631353808335
  0.58725334481132740  0.59751881872931278  0.60784508898024159  0.61813392461828309
  0.62842016895223152  0.63879797543266792  0.64922059680470023  0.65976494776880479
  0.67014607394620396  0.68037385903096392  0.69064978612003369  0.70107326799926128
  0.71160828529296727  0.72232223487862168  0.73305550846777023  0.74418146293824383
  0.75531118261463726  0.76618837547484753  0.77678929743871961  0.78742255608504530
  0.79827563035114679  0.80904270736990969  0.81968153080331518  0.83020773596388142
  0.84077217596211451  0.85118442979199782  0.86158565315637581  0.87192159184725004
  0.88242989804488114  0.89293182455570652  0.90347121489420890  0.91417668015727627
  0.92471872301151115  0.93535268319936937  0.94600892442423912  0.95691794373615102
  0.96763334170291426  0.97830128433496200  0.98906614049247787  1.00000000000000000
 -0.00234861626053660  0.00969962768548893  0.02012618326254115  0.03044613761419104
  0.04096535528184275  0.05135177093270141  0.06172104130644635  0.07176635486715341
  0.08185248575633851  0.09205514336801526  0.10220998104343747  0.11263723641434026
  0.12313603616467361  0.13436738114639774  0.14532454047926172  0.15635098390488733
  0.16723638423796447  0.17845333538436961  0.18967296648217724  0.20035647656553845
  0.21104356255216961  0.22148052495922924  0.23211684816532949  0.24248521536669526
  0.25285216154894047  0.26310261107419464  0.27342184159075311  0.28365979069448183
  0.29388114949690752  0.30439335025109387  0.31493481001015350  0.32564465235604523
  0.33629761944475300  0.34724740941925791  0.35800290626577741  0.36886985660268695
  0.38010786538541291  0.39171018041194189  0.40283037303458913  0.41341809175536143
  0.42381707155247694  0.43430333427893969  0.44479569815680786  0.45528734513283370
  0.46594671469329751  0.47639996906920457  0.48707347282686264  0.49759753508762400
  0.50811255297930524  0.51864887786149960  0.52941856599181369  0.54040186130281465
  0.55087453962230004  0.56122367646403359  0.57141199197005321  0.58159289137148074
  0.59171197657526986  0.60188829273206401  0.61234759301103303  0.62291519811143181
  0.63329491706640262  0.64345185279412787  0.65346666300860679  0.66377666770409238
  0.67413772886370771  0.68452563003496303  0.69495662857736584  0.70534685261740748
  0.71576707907911463  0.72630936113442357  0.73697617254580028  0.74753096823871601
  0.75771296272834010  0.76767889206348749  0.77819533461457846  0.78870667417027385
  0.79963774244147645  0.81050950068391836  0.82155638750190263  0.83266164036186086
  0.84315735597972874  0.85369576983274920  0.86412682337535873  0.87470943060878248
  0.88588302492267024  0.89698809229946852  0.90812455390417846  0.91885020969131104
  0.92954295619000649  0.93985969361659505  0.94986614921826240  0.95985738828888123
  0.96998873866722635  0.98012411503569319  0.99009888070247964  1.00000000000000000
 -0.00190232131834531  0.00960035045088692  0.01965666856964827  0.03021140544082201
  0.04104713926994446  0.05231361145587615  0.06349958939386031  0.07457085221673820
  0.08550250187413820  0.09604502358484762  0.10661939251550522  0.11724680942245680
  0.12779898792871949  0.13841536162898582  0.14909630236251756  0.16029113004454121
  0.17136985729690926  0.18220010416927424  0.19303046814589567  0.20340044803037691
  0.21358684957321866  0.22341191034212718  0.23372864740609206  0.24445767425517470
  0.25502133975819408  0.26545855915756372  0.27586632887949569  0.28634969694809820
  0.29704952368930809  0.30764141736424633  0.31813579105795470  0.32854633325399518
  0.33908401491945078  0.34980392432016044  0.36022665814521271  0.37045830773236710
  0.38064092246463432  0.39070523255480705  0.40099580494947257  0.41150091560805652
  0.42192516496281579  0.43231156641970625  0.44277724934588969  0.45367869889485124
  0.46453959599462563  0.47523294601284061  0.48602191614746443  0.49643998907803849
  0.50680082474106636  0.51674082298052570  0.52692314016248409  0.53729315462360727
  0.54784832324395338  0.55827275894157224  0.56871378548251461  0.57923457945138501
  0.58982248932185166  0.60044134210489253  0.61110084864063863  0.62178391067824734
  0.63235614777810456  0.64296457654908601  0.65364853581681870  0.66423984972944572
  0.67471279383994942  0.68560530529786501  0.69627731814896032  0.70714975943418212
  0.71711788453998648  0.72722760426470745  0.73718376903113170  0.74749128034632117
  0.75790218071762283  0.76823233596136642  0.77869072925912741  0.78910664824288201
  0.79972989943319461  0.81038642646655090  0.82116633289833507  0.83206673375424967
  0.84278518696027893  0.85331915228514155  0.86358467930743965  0.87416131320390578
  0.88472595859752889  0.89542799859912603  0.90544223150260983  0.91570805291646729
  0.92623485605104861  0.93689681100054678  0.94732862037638199  0.95757037268459966
  0.96803413789829418  0.97875299894772749  0.98935395055015518  1.00000000000000000
 -0.00214522182594981  0.01013709642607540  0.02070024323161644  0.03130673074037636
  0.04175750961415045  0.05165616800063440  0.06183144152618443  0.07212066066704452
  0.08254509554681558  0.09306454418336706  0.10350979362987425  0.11425426651050610
  0.12457690833039387  0.13502404760506925  0.14567316051202073  0.15640535860095037
  0.16698607936529483  0.17734451259960912  0.18756435101252819  0.19792926324260926
  0.20828050442758914  0.21879848721632814  0.22937120165458758  0.23974279927095293
  0.25005536650180121  0.26005656245863618  0.27022519820207636  0.28053512045021672
  0.29074616881627419  0.30068599941546281  0.31067103399024953  0.32092932283252068
  0.33140155467969251  0.34182698527502570  0.35248523254535780  0.36341011532905104
  0.37445313174370759  0.38540094133478570  0.39633942664345578  0.40708829614692155
  0.41769684743435576  0.42810446924203782  0.43853903946444028  0.44895074199320495
  0.45932875646150040  0.46961712002107325  0.47992052355628267  0.49030706474293434
  0.50074931447648641  0.51127424585330439  0.52179774229984432  0.53233944273114853
  0.54286998014422216  0.55340549765376967  0.56429489096036867  0.57547984921800110
  0.58690360602964620  0.59805516155832195  0.60904310942717088  0.61995040784428768
  0.63089480518632046  0.64176862568226822  0.65242434955830408  0.66316470009316242
  0.67397259336031745  0.68470148722215629  0.69529772989590111  0.70579209922540231
  0.71640432995192160  0.72671833760373861  0.73702805194663090  0.74732223732608705
  0.75773103219399995  0.76803853497650232  0.77842236017610023  0.78863247475980081
  0.79884542758663601  0.80905195220238058  0.81946225854374943  0.83004710293068640
  0.84047995415934296  0.85082961935282886  0.86138962896656412  0.87226238654632415
  0.88303303943264111  0.89393605106352869  0.90459217645536061  0.91549661848508967
  0.92590290770621886  0.93616084716960934  0.94679745412199889  0.95709729443955871
  0.96770142981794205  0.97812717030661667  0.98910003000727964  1.00000000000000000
   2.5034111843587667E-020  -1.0000000000000000     
 F F F F F F F F F F F F F F F F F F F F F F F F F F F F F F F F F F F F F F F F F F F F F F F F F F F F F F F F F F F F F F F F F F F F F F F F F F F F F F F F F F F F F F F F F F F F F F F F F F F F F F F F F F F F F F F F F F F F F F F F F F F F F F F F
  <DiscreteSampler_grid>
  grouped_processes
  1 # 1 for a reference and 2 for a running grid.
  10 # Attribute 'min_bin_probing_points' of the grid.
  1 # Attribute 'grid_mode' of the grid. 1=='default',2=='initialization'
  0.0000000000000000 # Attribute 'small_contrib_threshold' of the grid.
  0.5000000000000000 # Attribute 'damping_power' of the grid.
 # binID   n_entries weight   weight_sqr   abs_weight
    10   10   8.212323861379898E-010   1.221446328400544E-018   8.212323861379898E-010
    11   10   8.212323861379900E-010   1.221446328400544E-018   8.212323861379900E-010
  </DiscreteSampler_grid>
