  0.00958071382164931  0.01574875229582761  0.02495798229678524  0.03578011073583870
  0.04614382607598556  0.05651070830613527  0.06686053126551761  0.07722035878711381
  0.08757979836043006  0.09795630467529462  0.10832647194966682  0.11869437228966261
  0.12906800468853979  0.13944724689120089  0.14984234242113814  0.16022798112220540
  0.17060112794287327  0.18097443107182978  0.19134839823575678  0.20174602340933165
  0.21212388937195123  0.22250248084414884  0.23287276486902231  0.24326416366247747
  0.25364516516753072  0.26403660090592990  0.27443062152194125  0.28483075660646601
  0.29521585325693855  0.30560053449554592  0.31601645034566467  0.32643698291121498
  0.33682402434167602  0.34720788896294685  0.35759848462558297  0.36800162878746751
  0.37837920581704304  0.38874963926251421  0.39914881020830029  0.40956188542194444
  0.41996957224931575  0.43035211584803701  0.44072350321469350  0.45109976981044303
  0.46147992159050683  0.47187008853890655  0.48227336582851288  0.49268288229492907
  0.50309418432739794  0.51349853936168366  0.52388956861553693  0.53427352404708284
  0.54465440910792695  0.55504175862299665  0.56542423945635145  0.57580394514324795
  0.58619434663547143  0.59659461534880831  0.60698548389929763  0.61735506737381940
  0.62771633933800119  0.63807760837770000  0.64844473813728232  0.65881645652567677
  0.66919292202320702  0.67956287271146099  0.68991998597873183  0.70028254973652471
  0.71065872468228997  0.72106007195233002  0.73147365637214434  0.74188802637167395
  0.75228923717961360  0.76268552717285143  0.77307877407160208  0.78345593764447929
  0.79379533957020132  0.80413091312181195  0.81448272675202327  0.82485862680383648
  0.83524383052558604  0.84564237759255323  0.85605230442412350  0.86645886960951801
  0.87686076426482051  0.88725614025547683  0.89763887953103572  0.90799829190976045
  0.91835746360867188  0.92872294500730623  0.93910114866241312  0.94947615987521705
  0.95985872357889135  0.97021406241237906  0.98054853722485757  1.00000000000000000
  0.00959219815590636  0.01564017047984388  0.02491805183719984  0.03570952771625261
  0.04608603070678953  0.05645157379919791  0.06682202143979230  0.07719730783178304
  0.08758451707037147  0.09798571106873351  0.10837826237841039  0.11877956788979295
  0.12918185468289559  0.13958167014492015  0.14999893154275709  0.16040998305749329
  0.17081258092587817  0.18117603691686671  0.19154188347287526  0.20190558757382829
  0.21228060236912358  0.22264172968357279  0.23299673370660132  0.24336005330422816
  0.25371219028112652  0.26407572370213689  0.27444140881902590  0.28484629314956661
  0.29527680555076757  0.30571358401731147  0.31613283759068822  0.32653676032586543
  0.33691070217880381  0.34726625198486283  0.35762652392358357  0.36800358141807665
  0.37838226553455867  0.38875040634003466  0.39910616196609228  0.40947039674189828
  0.41983906885241173  0.43021202810613735  0.44058036859001964  0.45095448857871534
  0.46133245593163458  0.47171277150208890  0.48207688494153905  0.49244068052647361
  0.50281272362654195  0.51318847755991159  0.52355823296370707  0.53391851547512093
  0.54427860760466673  0.55465037929693606  0.56503383894151382  0.57544389376134941
  0.58586331311051310  0.59627999518862351  0.60667857511207668  0.61705655548457183
  0.62743352604896629  0.63781129377886503  0.64819527327790993  0.65858152936081193
  0.66896834371634339  0.67935860770510403  0.68975287043801481  0.70015972399167670
  0.71056955509716957  0.72097865621336532  0.73138747828486350  0.74179630262170615
  0.75220830674812145  0.76261212683050683  0.77300239263331905  0.78337782857929605
  0.79374943257235653  0.80413568319310236  0.81453005307845172  0.82491674533705639
  0.83529977701925995  0.84569477779175395  0.85608319953239487  0.86645321384166962
  0.87682107575104529  0.88720148659948106  0.89758356106167692  0.90794426533594497
  0.91829322043834793  0.92865575815416412  0.93902104598762381  0.94939896954499892
  0.95977828625187345  0.97014659712224105  0.98049155917867092  1.00000000000000000
 -0.00242496593184433  0.00948495154688133  0.01961686982356180  0.03011693832620262
  0.04064436402636754  0.05119786576586326  0.06175031435350996  0.07231570085151599
  0.08287876744203437  0.09345436544433039  0.10400630866291613  0.11455511703598950
  0.12508973372267002  0.13564258506612617  0.14618658764795961  0.15672357643685747
  0.16726557393162730  0.17781820320817504  0.18838104383510307  0.19893190085755819
  0.20946649013912674  0.21998278378844116  0.23050386279564969  0.24104041166371834
  0.25159222731069519  0.26216221547996932  0.27272199427116239  0.28328678226497361
  0.29382129838045684  0.30437072183614200  0.31492186193837490  0.32549086985660641
  0.33603031981779730  0.34657926708535208  0.35711558329901666  0.36766921814182563
  0.37822303181951539  0.38877225959428219  0.39931305570672454  0.40984581067162590
  0.42040655605711685  0.43097529964320902  0.44153077965508608  0.45206277665683475
  0.46258027304460597  0.47309734037473172  0.48361612686468858  0.49418277365985225
  0.50476682790390670  0.51533435114514448  0.52587663753606972  0.53636947281044656
  0.54689889721095286  0.55739643182145537  0.56790965350614142  0.57842561863213127
  0.58898922308449908  0.59960950690501746  0.61018529831755752  0.62072585617640152
  0.63124082412751048  0.64177475045944432  0.65231583476555621  0.66284921297419785
  0.67339943966716376  0.68393316686580286  0.69444441658504075  0.70493732268119758
  0.71546437273850672  0.72602651364783932  0.73658845432401598  0.74715794998838403
  0.75769814546501757  0.76824854907187534  0.77878454166680477  0.78931348874450846
  0.79986332750196043  0.81038582959096250  0.82093138673875521  0.83144565131720471
  0.84199709356227281  0.85255986957345331  0.86312016011736259  0.87364824629459692
  0.88414570354325039  0.89464671835524467  0.90515665005255164  0.91567839614262747
  0.92620947169799239  0.93675831524463704  0.94732501260263680  0.95789230289656679
  0.96845042138107817  0.97899776882361067  0.98950756789264349  1.00000000000000000
 -0.00250298767256758  0.00949918118856621  0.01967546882803528  0.03019523165255662
  0.04071808977637437  0.05122293631686008  0.06175024370717251  0.07228338852925650
  0.08280904737625659  0.09332256047786167  0.10387581056208012  0.11443425347808892
  0.12499687897497468  0.13551198586507482  0.14602788665475389  0.15655096800343923
  0.16710188509609353  0.17765601464180708  0.18819174208352052  0.19871779623862587
  0.20922275883911531  0.21974191035895788  0.23028618894997338  0.24086043914352540
  0.25142390872564802  0.26196927207875764  0.27250963710748038  0.28304829385901192
  0.29358776765679273  0.30412290654880320  0.31467340993925674  0.32521545252277440
  0.33576973132173960  0.34629963504116690  0.35685106332326000  0.36740564000397641
  0.37798690459903561  0.38854943177265533  0.39909375374570727  0.40962684624039247
  0.42018526594807093  0.43072569509466957  0.44123530126938948  0.45173517704389204
  0.46223847214427916  0.47278576700183728  0.48333827804519819  0.49387965988440680
  0.50439663615353925  0.51492350245226859  0.52546366097535979  0.53601597843502702
  0.54654655314879164  0.55711453931090316  0.56767911099952750  0.57825713429472525
  0.58882712050234809  0.59940354672078755  0.60996119064847965  0.62048207334977568
  0.63100744161335554  0.64153719830234879  0.65208990500729758  0.66265276834133591
  0.67322276547283022  0.68381591321680046  0.69439641955624898  0.70496643214414789
  0.71551885451582098  0.72606136328313053  0.73658110571174296  0.74708485155137005
  0.75759125547683015  0.76812683673735926  0.77867319663269263  0.78922268095374393
  0.79977194545614527  0.81031954425371511  0.82085343704896963  0.83139663636455052
  0.84194771260855150  0.85251714158357161  0.86305479540735863  0.87358121746133588
  0.88409488145873960  0.89462509509228227  0.90515819620208049  0.91568399706229009
  0.92621989409995353  0.93674450660285768  0.94728563676253352  0.95781741736498227
  0.96835986518805695  0.97891033692485940  0.98945192185383268  1.00000000000000000
 -0.00239869285366630  0.00951309436423424  0.01966271515414540  0.03015932322425332
  0.04067329244020078  0.05116989195953930  0.06167675145001678  0.07222309513189815
  0.08279192610014584  0.09333016269028742  0.10387376885354631  0.11445494065809157
  0.12508493344032881  0.13571518725276202  0.14630052702138771  0.15682211002190577
  0.16731221892082354  0.17782205369028106  0.18836595585584992  0.19891180522927684
  0.20944634863840739  0.21998310125140327  0.23052649677236214  0.24104957866715987
  0.25155107664422977  0.26204609165294301  0.27256904690371941  0.28310056767553593
  0.29364795937072674  0.30418565288712701  0.31473794483529532  0.32528868348858331
  0.33583978228906647  0.34638912059539007  0.35693901806946604  0.36748524690878792
  0.37804231891463402  0.38862792714234834  0.39924361709174161  0.40981654165055076
  0.42040201907064723  0.43095835402122123  0.44154271184652111  0.45207632763187489
  0.46262799363136153  0.47315455653592703  0.48367251641465236  0.49417077440596635
  0.50470257398810336  0.51526487302804658  0.52582809660069296  0.53636753720401964
  0.54686388828417487  0.55736876573535910  0.56789654685164148  0.57844654863299194
  0.58900391066801661  0.59953240382348738  0.61004802134344527  0.62058566152910066
  0.63113453313923140  0.64170124855344768  0.65223570529008468  0.66277330842895943
  0.67334109213397320  0.68390732566782630  0.69451383470511974  0.70507142733100558
  0.71561434796954138  0.72610576116295200  0.73661708491401712  0.74716804252843683
  0.75772189372330623  0.76827326440983068  0.77879919651502261  0.78933812038151152
  0.79988122473487810  0.81041113791024788  0.82093834806018884  0.83146916201683507
  0.84200504265838738  0.85255855439970918  0.86310619181289006  0.87366822880524653
  0.88418892955035266  0.89467548694663235  0.90514147333158779  0.91563180103608832
  0.92616735980114517  0.93670916889306866  0.94724686527452173  0.95778051360335070
  0.96833174464971228  0.97889327877006826  0.98944570681473232  1.00000000000000000
 -0.00248644763153370  0.00954957705117461  0.01969252699887526  0.03018307562765176
  0.04068780952062375  0.05120944999316138  0.06174177967514520  0.07229530582102978
  0.08283500202304893  0.09333973272572815  0.10384000478320977  0.11433555674156483
  0.12488029543717505  0.13543792742888044  0.14601769707843765  0.15659962669236913
  0.16716808070538092  0.17772014246819212  0.18826612109905849  0.19881789428427360
  0.20940007882636877  0.21997873071802129  0.23055100364951581  0.24108035363131888
  0.25161049623580867  0.26211534543940401  0.27264746202242174  0.28318561545200277
  0.29373533414912878  0.30427208665075528  0.31477527031320035  0.32530377843536068
  0.33583611245658096  0.34636834921697929  0.35689387606106193  0.36740939187270744
  0.37795698719879484  0.38849286712912851  0.39905697745340479  0.40959433576974491
  0.42014469273760191  0.43068370098124259  0.44121376995773393  0.45172404336099509
  0.46223289044779087  0.47273377975604775  0.48322431858280990  0.49371239936713235
  0.50424692075996946  0.51479833038739919  0.52535927777023483  0.53591298049545100
  0.54646349036723929  0.55701829082856280  0.56757905787048679  0.57815057242881585
  0.58871213959455571  0.59924887955481632  0.60980062921316669  0.62035698973168196
  0.63092037492188324  0.64145580030238458  0.65201537223715156  0.66255492001924299
  0.67310016967689912  0.68362079387804597  0.69415832351777518  0.70468923139641471
  0.71522143692793438  0.72572163228221309  0.73622701960117864  0.74673535496497390
  0.75729469730405885  0.76782487790732112  0.77834384164809112  0.78885711707695505
  0.79940837038061197  0.81000234627859158  0.82056595925280473  0.83112209292800932
  0.84166245901789183  0.85222253382114033  0.86280581067412609  0.87337642771255519
  0.88394478226802409  0.89449243770678355  0.90504842355739590  0.91561776431526265
  0.92618182308866526  0.93671525897815355  0.94724815247886562  0.95777239893447630
  0.96832546602388647  0.97887160356796643  0.98943917205456700  1.00000000000000000
 -0.00251350108487856  0.00946650920648434  0.01961695713826942  0.03012938814011185
  0.04067168406322978  0.05120604382380908  0.06173189657443368  0.07226729191958642
  0.08278663105588639  0.09333525326063978  0.10385718430258341  0.11438720969654403
  0.12491202190658925  0.13544661839531663  0.14599400672853383  0.15653331343514471
  0.16707015026588870  0.17762773493102738  0.18818378144219911  0.19877259400798092
  0.20935632412417907  0.21992335769959542  0.23048940045562816  0.24103461012612865
  0.25156712791916735  0.26209605011606735  0.27263253529251708  0.28321168658878437
  0.29375988004140535  0.30431444836831134  0.31487070356709740  0.32546065571759336
  0.33602723088278030  0.34658019569327203  0.35710430022497613  0.36760832161794915
  0.37808160554071629  0.38857802453008450  0.39910669751279210  0.40966259445551167
  0.42019774117733494  0.43076284115590996  0.44133122905754013  0.45190683722799974
  0.46246637392197776  0.47303693699923077  0.48360861103206487  0.49419707986643907
  0.50474847013877200  0.51528289581042019  0.52578487474724533  0.53630749587497906
  0.54686049214220256  0.55741855806594531  0.56799531944642878  0.57855783265792293
  0.58912758484733596  0.59967715343397210  0.61021207615763273  0.62075198753970739
  0.63130033574878019  0.64186389300649627  0.65238847683199608  0.66291239234250054
  0.67346858777951013  0.68404633388886915  0.69460166785145339  0.70510909843274705
  0.71562078402081297  0.72616647608103213  0.73671735167135066  0.74727050758338076
  0.75778133756112065  0.76828275262541479  0.77877637655645726  0.78929827426603327
  0.79982711091482084  0.81036225807907603  0.82089627123579934  0.83141380669120479
  0.84189805267813789  0.85238424567953031  0.86289754042895006  0.87342752328357121
  0.88397797181189541  0.89455889738862759  0.90514407424686960  0.91569039065155877
  0.92624080909994944  0.93676998524593713  0.94731010395643978  0.95780837166440247
  0.96835394535134534  0.97891121149479976  0.98946426315623437  1.00000000000000000
 -0.00252930096063481  0.00952456106686952  0.01971825004668564  0.03024056543594845
  0.04078686767248061  0.05131902377218374  0.06185935412626031  0.07242459433238646
  0.08298507475722697  0.09352369951999460  0.10403789496502926  0.11453835044833140
  0.12507390099230817  0.13561926313261807  0.14618740031847874  0.15676272685705514
  0.16732244244101749  0.17786822153221829  0.18840634928347871  0.19893940681347003
  0.20947751406682094  0.22000712620920895  0.23055021415748039  0.24108336237987765
  0.25162967655716484  0.26216823815522811  0.27271700714436975  0.28328984324215162
  0.29387764715358028  0.30446054431563191  0.31498939540157000  0.32550765141753030
  0.33603229297404152  0.34659097844524345  0.35714755667092962  0.36773572800778359
  0.37830369893677807  0.38887263446358167  0.39941187303552983  0.40993232340219926
  0.42042977708683571  0.43090052007096469  0.44137900262738844  0.45188471252727197
  0.46241276190603192  0.47294576906579727  0.48348198333060083  0.49400499142258536
  0.50455082721334610  0.51511540114525123  0.52570715043597094  0.53630102686843861
  0.54687105360117516  0.55739584255483798  0.56788380040557274  0.57838275527956995
  0.58888619379905383  0.59942770177326588  0.60995693957039099  0.62054376302559466
  0.63111435640749136  0.64166794444867403  0.65218981306004964  0.66271693304191770
  0.67325783767137182  0.68379845799320993  0.69433623176077197  0.70489391462706985
  0.71543338106262855  0.72598172243276038  0.73652153532253695  0.74708637139265310
  0.75764202110743484  0.76820396116165812  0.77874308144576510  0.78926695571350458
  0.79975221116946116  0.81027077411206871  0.82078604778941344  0.83130985905009769
  0.84180731367319561  0.85234578982140807  0.86288471937527322  0.87341931740293777
  0.88392168491818934  0.89445431095109507  0.90500018615490929  0.91556109538418562
  0.92611340544247889  0.93665640466926070  0.94721416798462021  0.95776013873929311
  0.96832668334872807  0.97886637757163875  0.98943677424219767  1.00000000000000000
   1.5490088272738721E-002  -1.0000000000000000     
 F F F F F F F F F F F F F F F F F F F F F F F F F F F F F F F F F F F F F F F F F F F F F F F F F F F F F F F F F F F F F F F F F F F F F F F F F F F F F F F F F F F F F F F F F F F F F F F F F F F F F F F F F F F F F F F F F F F F F F F F F F F F F F F F
  <DiscreteSampler_grid>
  grouped_processes
  1 # 1 for a reference and 2 for a running grid.
  10 # Attribute 'min_bin_probing_points' of the grid.
  1 # Attribute 'grid_mode' of the grid. 1=='default',2=='initialization'
  0.0000000000000000 # Attribute 'small_contrib_threshold' of the grid.
  0.5000000000000000 # Attribute 'damping_power' of the grid.
 # binID   n_entries weight   weight_sqr   abs_weight
    10   10   3.310648273972662E+013   2.352296919820784E+027   3.310648273972662E+013
    11   10   3.310648273972664E+013   2.352296919820786E+027   3.310648273972664E+013
  </DiscreteSampler_grid>
