  0.00952255335632467  0.01576993696951028  0.02489293475019836  0.03569458809231381
  0.04604417526618599  0.05642355534428700  0.06680110899962881  0.07718026002626613
  0.08752195033927619  0.09785272565359190  0.10818514260283366  0.11854830195066714
  0.12891867095162138  0.13929694018352085  0.14967726038093490  0.16006666211471171
  0.17045844320157008  0.18087203685452397  0.19125382064281735  0.20161737963536236
  0.21196398335280367  0.22233096599351143  0.23272515753124845  0.24311705039524092
  0.25351352773480923  0.26389226243785929  0.27426280249475515  0.28463572992242980
  0.29501263130091676  0.30539406020526477  0.31576875097821550  0.32615898515341474
  0.33655363403022009  0.34694022213418296  0.35730636257272125  0.36766787440247717
  0.37804238739466861  0.38842672094981123  0.39882532803649168  0.40923177707946123
  0.41961846639712436  0.42998746702169383  0.44035846606192408  0.45073946654463432
  0.46112609659265985  0.47149993365692094  0.48185708369685187  0.49221683937440908
  0.50258589111831675  0.51296124181151481  0.52335484663535292  0.53375877767324897
  0.54419259423992239  0.55462458077412213  0.56503455321587548  0.57543209734221368
  0.58580739167306362  0.59616149690072717  0.60649532431037900  0.61683565395764672
  0.62719417644186515  0.63756607359378981  0.64795343570499453  0.65836053864574817
  0.66878487760590621  0.67919601013016218  0.68959544383119054  0.69997918048590868
  0.71035983469975517  0.72075713059497892  0.73116518595774926  0.74157627393377290
  0.75196970356109061  0.76235368757704114  0.77274983854598767  0.78315653160580023
  0.79357467752425070  0.80399399731454191  0.81439802045810594  0.82476734901234305
  0.83513476737307990  0.84551022631044481  0.85591800198047041  0.86632865831631678
  0.87674575299170421  0.88716614421981421  0.89757604906663235  0.90797416467032532
  0.91834735487492691  0.92871479159840131  0.93907921599717759  0.94946231360155020
  0.95985263125875853  0.97020953475658755  0.98055135992235531  1.00000000000000000
  0.00956273399452605  0.01557633282824902  0.02483904709619895  0.03563832245114794
  0.04601243867733372  0.05639304731764232  0.06676789642811763  0.07714515228459791
  0.08752652429353820  0.09790211841537053  0.10826984945657533  0.11863167755921394
  0.12900033597241539  0.13937353417415457  0.14975173275336665  0.16011347788478850
  0.17049689606852345  0.18087400866348247  0.19128437966335143  0.20169492015042223
  0.21209454055210988  0.22246963582938728  0.23282964085769670  0.24320872514278533
  0.25359135711702052  0.26397256599351693  0.27436089866268076  0.28474808798349838
  0.29513243361519459  0.30550988625493702  0.31588717243629533  0.32627107581282561
  0.33665290822441818  0.34705136196470521  0.35745682637860005  0.36785714522230650
  0.37824183361787378  0.38861348652247335  0.39899748125064854  0.40939322677864598
  0.41980839706757356  0.43020470333829586  0.44059771379810564  0.45098294197463545
  0.46138384864431120  0.47177284822490001  0.48215464343753389  0.49252965453871173
  0.50289184440618306  0.51325069186410954  0.52360988789369467  0.53399003044128279
  0.54439078599466695  0.55479672106527200  0.56520334602778521  0.57560612627476160
  0.58600863252134705  0.59640995272183628  0.60680055864168314  0.61719527555267473
  0.62760747779010451  0.63802307959974858  0.64842607599726421  0.65880966176832179
  0.66918858069837850  0.67957271236321393  0.68996341001285577  0.70036403989078577
  0.71075409170705617  0.72112553543277036  0.73148947240781093  0.74186451056407343
  0.75225030612723565  0.76265196517384459  0.77305567463782754  0.78346250440835119
  0.79385530233354828  0.80423872109400563  0.81462867323272459  0.82500704639654909
  0.83537581934515559  0.84575731401620569  0.85614717834938059  0.86654552734366275
  0.87691740622344050  0.88724680514138510  0.89758497417126204  0.90792604649644293
  0.91831159360853132  0.92870346260617809  0.93909759652914149  0.94948075197718751
  0.95985986837551407  0.97020269806140569  0.98053921275476819  1.00000000000000000
 -0.00252527814624306  0.00947130667640194  0.01961876616366840  0.03016054657922555
  0.04069163272570113  0.05121946266001316  0.06174877564064021  0.07230245548806065
  0.08286044938271343  0.09340467589402873  0.10394970509781618  0.11450892240933529
  0.12507792532525500  0.13563758641244925  0.14619897013134012  0.15675334885251149
  0.16733502511630546  0.17789241394104346  0.18842918486942806  0.19893117468723528
  0.20942475908687436  0.21994724351550241  0.23049239729285612  0.24107142718045937
  0.25163265247878286  0.26219255156798488  0.27274606554156916  0.28331491151037008
  0.29389827596059376  0.30446131192071657  0.31498836638647898  0.32550256495017682
  0.33602973447451240  0.34656950064778747  0.35710736486252698  0.36765331271976931
  0.37821207812452162  0.38877432674231488  0.39931190680756734  0.40988360226309034
  0.42043809866355469  0.43100199104586701  0.44153093368466451  0.45207453062298708
  0.46265918654363303  0.47323124280638190  0.48377098705598875  0.49427380865488607
  0.50478975636568135  0.51533258450844155  0.52586787079330466  0.53640263939119093
  0.54693007656567361  0.55744967000642642  0.56796706371210570  0.57847034544309928
  0.58898711887415567  0.59950145889292006  0.61004040038672069  0.62058237067752842
  0.63113620854618224  0.64168976934080368  0.65226664674769297  0.66282863443840812
  0.67339567486908725  0.68393780597250897  0.69449970534076433  0.70505999276633624
  0.71561446851681676  0.72617860463861295  0.73672210466915633  0.74728548452892429
  0.75782557448619581  0.76839181216374186  0.77893737611878944  0.78946843442152959
  0.79995820490527647  0.81045116867930733  0.82098021833247536  0.83149654670501261
  0.84201734130514516  0.85253493364909816  0.86307532624297756  0.87362194983582497
  0.88415553840943517  0.89469205631123161  0.90521590422910780  0.91574640744580915
  0.92629627901638678  0.93682854632419665  0.94734796007847877  0.95786438045696576
  0.96842243546563400  0.97897449770278877  0.98950448439277716  1.00000000000000000
 -0.00250057522235720  0.00959392592117579  0.01979077062784922  0.03032776571627682
  0.04087405807877769  0.05139911992702636  0.06193528571528832  0.07245984816539797
  0.08297357623503658  0.09348438846785508  0.10401905664890952  0.11457675589495578
  0.12513131590972745  0.13567649800235659  0.14623617581985021  0.15678307934743591
  0.16731951531805614  0.17782232811157522  0.18832992926960815  0.19884110672569494
  0.20936153731934767  0.21989939461966909  0.23044119227979470  0.24098411384146481
  0.25152382707022863  0.26205471032700589  0.27259985923594499  0.28313635521697761
  0.29370668668618621  0.30427902963625147  0.31484375582105723  0.32535775032526820
  0.33588004777689862  0.34639432180364077  0.35691853827726294  0.36746821730512325
  0.37801896780119049  0.38859206657306727  0.39912718696701771  0.40968467441354472
  0.42025646354695373  0.43082060708719672  0.44136224744752328  0.45189841651626905
  0.46244203920836724  0.47297827502823808  0.48350728534548487  0.49403068271195927
  0.50460122890223047  0.51515981384318565  0.52570543321315633  0.53622639417021212
  0.54674892414011211  0.55729140818693568  0.56782739620329781  0.57833290687875982
  0.58883479158924601  0.59936179422862823  0.60991602572047487  0.62048363814569962
  0.63101790588613915  0.64159043454095410  0.65211143903745472  0.66267379133213722
  0.67315876452750500  0.68368534629332134  0.69419455771657324  0.70474853361622458
  0.71530016596852053  0.72582672422464323  0.73636952729509642  0.74691427622671580
  0.75747397035114938  0.76801697186414108  0.77853446908646229  0.78906636626368720
  0.79960467820776859  0.81016289689307419  0.82072407509186607  0.83128375564900658
  0.84185021149012951  0.85239639458286887  0.86292085633406990  0.87343792783656282
  0.88395751188445570  0.89448385166137467  0.90502747934820993  0.91557243140412581
  0.92614875882306702  0.93670494854156849  0.94723937810706282  0.95773676089658399
  0.96825794927085307  0.97882210488635457  0.98941303799189173  1.00000000000000000
 -0.00248084762283461  0.00943275094988013  0.01956064712846496  0.03004451796948944
  0.04056111836015176  0.05108389449399700  0.06162832158092242  0.07217069700692270
  0.08270848703833115  0.09325146045790114  0.10381818039135098  0.11439827683989495
  0.12492985840487801  0.13542477640085415  0.14594668102943323  0.15649067926450808
  0.16708525031936652  0.17767974765872355  0.18828580789527113  0.19886635127525257
  0.20938492762604566  0.21988741223926067  0.23039676103567011  0.24095158628737032
  0.25152813387362649  0.26210042403020073  0.27266731620447276  0.28323125056243714
  0.29382057304552789  0.30441011971393145  0.31498021594362147  0.32551449078037276
  0.33607038373117021  0.34664105751948004  0.35722599533657745  0.36775174375477127
  0.37828418748867892  0.38881900962497640  0.39938069670586568  0.40993659879880207
  0.42049549968274880  0.43103809802809667  0.44158090855558763  0.45209618389079975
  0.46262613924347779  0.47315713313579244  0.48370561816441271  0.49427184449844574
  0.50484696830595910  0.51541601376461998  0.52595566118906378  0.53648328722274097
  0.54702686703006753  0.55757769903729504  0.56813223549766978  0.57868750251838297
  0.58926121856556346  0.59979468780498646  0.61030546069431246  0.62080679580087317
  0.63134035992534754  0.64187352401356812  0.65238487826819502  0.66290626048833479
  0.67342884521928958  0.68400109423942335  0.69452995806982154  0.70507681153093082
  0.71559996135747062  0.72616348641155692  0.73671940312346729  0.74723937924614825
  0.75774490274041062  0.76822527028029597  0.77873843866956471  0.78926965963898710
  0.79980823294942571  0.81032502871170176  0.82084413487858610  0.83137315911349186
  0.84191029230314429  0.85243031467644026  0.86297168467211971  0.87348636874971530
  0.88400103639432426  0.89449896167152998  0.90501203336047242  0.91554055974622317
  0.92609052646265888  0.93668227052394271  0.94725733444727533  0.95780482935184030
  0.96831340116315712  0.97885058643025058  0.98940921702311668  1.00000000000000000
 -0.00244110889072817  0.00971346843544964  0.01993805477672569  0.03045288463982700
  0.04100239653131638  0.05156381577797370  0.06216389501495422  0.07271238748638152
  0.08324742827081805  0.09377956220093475  0.10433224587782212  0.11489257681906344
  0.12544937936248915  0.13598650552749234  0.14653770976076466  0.15707688182129803
  0.16762861924529621  0.17815486208836170  0.18867797017645135  0.19921034930996606
  0.20977244948259360  0.22032359327588710  0.23088978096679552  0.24141850001118972
  0.25195049842883055  0.26249130831684164  0.27306853708604895  0.28365154749506050
  0.29419667330434612  0.30471731665688540  0.31522566364742777  0.32575850760292574
  0.33627216147770500  0.34680643804950573  0.35734787927344047  0.36791568452748996
  0.37848790548873507  0.38903600015637962  0.39958422405930299  0.41013139224487710
  0.42070088598645250  0.43126869288427566  0.44180548318697205  0.45232119861324188
  0.46280924350394537  0.47331159326427480  0.48381773013100937  0.49434943697550526
  0.50491339913413757  0.51550962949022694  0.52610922443902453  0.53667210656128794
  0.54719751344529410  0.55771013911431588  0.56823783026811592  0.57879226763082836
  0.58934736897549733  0.59990588325354732  0.61044090552368713  0.62098994533844420
  0.63152068005059792  0.64205354451304864  0.65258914610601626  0.66311758721692748
  0.67363341398047805  0.68411880151348514  0.69460440824810687  0.70511978797733588
  0.71564101970117400  0.72619152725204839  0.73677403432003474  0.74734166072203001
  0.75790062409926451  0.76840459776048375  0.77892954308497375  0.78944168342691579
  0.79997231483116094  0.81047632405476200  0.82098535860227506  0.83148123765108051
  0.84201005688274178  0.85255953247840033  0.86309524245974234  0.87363305027462479
  0.88417658995915815  0.89474027578195148  0.90530525977752629  0.91584555113356347
  0.92637038335387878  0.93689303064345986  0.94741725071104244  0.95795723186324888
  0.96848532298404555  0.97899231663655373  0.98950036217055393  1.00000000000000000
 -0.00247110064123912  0.00954357648488183  0.01970874312138994  0.03022356589373539
  0.04078077094540247  0.05132443774814358  0.06188267332897091  0.07242950320214500
  0.08296336411306045  0.09350812875951971  0.10404198442067211  0.11460536950432139
  0.12513036525078602  0.13566487058713847  0.14619630683353041  0.15675296989009152
  0.16730336133633192  0.17785686510101922  0.18839152291077291  0.19894664577995347
  0.20949355579815171  0.22006564250341085  0.23061700842168112  0.24119819911066850
  0.25175723105649866  0.26232216777576517  0.27286955124385648  0.28344041058948116
  0.29401228994973566  0.30457173491092981  0.31512040300056565  0.32564540597794694
  0.33616846001803330  0.34668721891939730  0.35723531777407108  0.36776673870222459
  0.37831697803359271  0.38882740294389845  0.39933475810983066  0.40983393451278960
  0.42037256495008790  0.43093362260582141  0.44150387680919317  0.45204683939936108
  0.46258477001170828  0.47308104573975601  0.48357643018571506  0.49408732045975351
  0.50463267205621443  0.51519684270389310  0.52574023417021354  0.53628880326906536
  0.54685202335795513  0.55739904630289161  0.56794706334297962  0.57848509714121632
  0.58902511387563028  0.59953987800490627  0.61005402049797575  0.62058917938425584
  0.63115081172035647  0.64170710859443880  0.65227997942656590  0.66283792706092148
  0.67337216575234204  0.68388406270395374  0.69441057779527526  0.70497720694360166
  0.71554944364263751  0.72611376376619896  0.73666476836972838  0.74723260008357184
  0.75779739338689667  0.76836253222335404  0.77890413248743628  0.78942207479984305
  0.79993211202649150  0.81045465495846625  0.82100205558070027  0.83153673068542955
  0.84205689417181673  0.85258749156247937  0.86310929303971495  0.87365623195140785
  0.88416447964394052  0.89469281492770614  0.90519770754694950  0.91571255798112028
  0.92623599161599712  0.93678835081429923  0.94733354942012016  0.95786997541032692
  0.96839854245650758  0.97894692862743338  0.98948410224885153  1.00000000000000000
 -0.00237930316345667  0.00955549896686255  0.01973967352895649  0.03028313400750310
  0.04084094519822624  0.05138433118620292  0.06193391049967080  0.07247964323943606
  0.08304364401688191  0.09358346143296539  0.10411673474351715  0.11463010505021687
  0.12519191382994094  0.13579323070658680  0.14640437923122140  0.15699446809426398
  0.16753982709889084  0.17806255879604013  0.18856217986254076  0.19905931962118703
  0.20957667269153521  0.22011085083194307  0.23066774379075011  0.24122984836578146
  0.25178245935707999  0.26229586994031528  0.27277725609727149  0.28325298684961325
  0.29376712744841282  0.30429288455099346  0.31484334106007522  0.32538971900295605
  0.33595509761338477  0.34651632613024480  0.35709685466640101  0.36765667663361867
  0.37818711617668049  0.38869612284610905  0.39921969978766308  0.40976744501361129
  0.42029915368225601  0.43083411562438911  0.44137406997985623  0.45191710591806145
  0.46245818018262480  0.47298101605835036  0.48351201840106373  0.49404622406992610
  0.50457247122728643  0.51509457489670285  0.52561554183628889  0.53615054850596811
  0.54669908555251401  0.55726150564047183  0.56783878996251713  0.57840202826016229
  0.58895791566181466  0.59949835783500394  0.61003416812902089  0.62055271114888422
  0.63107755639407181  0.64160883523676893  0.65214378145812490  0.66268719464539005
  0.67322222540162957  0.68375931915983434  0.69426962077816667  0.70482101219762228
  0.71536626661727065  0.72595684463684740  0.73652960692952141  0.74711616717225482
  0.75764216711006771  0.76817279191822041  0.77868914943978107  0.78922474271229104
  0.79974347547980207  0.81027337624125251  0.82081858076996017  0.83137022149113815
  0.84190684567401475  0.85243677877086199  0.86294520899081228  0.87347495636069550
  0.88403061632660518  0.89459620639206139  0.90515669241233920  0.91570403010559354
  0.92625779402274278  0.93681995309550803  0.94736682022058361  0.95791212447756946
  0.96844167806976456  0.97897129789708348  0.98949078700037196  1.00000000000000000
   1.5455040412010540E-002  -1.0000000000000000     
 F F F F F F F F F F F F F F F F F F F F F F F F F F F F F F F F F F F F F F F F F F F F F F F F F F F F F F F F F F F F F F F F F F F F F F F F F F F F F F F F F F F F F F F F F F F F F F F F F F F F F F F F F F F F F F F F F F F F F F F F F F F F F F F F
  <DiscreteSampler_grid>
  grouped_processes
  1 # 1 for a reference and 2 for a running grid.
  10 # Attribute 'min_bin_probing_points' of the grid.
  1 # Attribute 'grid_mode' of the grid. 1=='default',2=='initialization'
  0.0000000000000000 # Attribute 'small_contrib_threshold' of the grid.
  0.5000000000000000 # Attribute 'damping_power' of the grid.
 # binID   n_entries weight   weight_sqr   abs_weight
    10   10   3.043254198515761E+013   2.532566840357722E+027   3.043254198515761E+013
    11   10   3.043254198515759E+013   2.532566840357719E+027   3.043254198515759E+013
  </DiscreteSampler_grid>
