  0.00952075065228392  0.01562890457419519  0.02484053997819511  0.03560595224546827
  0.04593488466973047  0.05627538702552409  0.06662850766360968  0.07701310358477137
  0.08740079893546096  0.09779807323132100  0.10817476467746767  0.11855683529233806
  0.12892445665783339  0.13929155020159642  0.14967102130659821  0.16006781432490769
  0.17046135939748622  0.18085215951595435  0.19122581152828860  0.20160982602794555
  0.21197971110510716  0.22234134473377823  0.23271028075660352  0.24308854917236331
  0.25346853152130705  0.26384488439538883  0.27421643068457896  0.28459440693262616
  0.29496571708767561  0.30535187277620057  0.31574756341647470  0.32614586557884462
  0.33652903118546862  0.34691333301792421  0.35731805576519521  0.36772514104165771
  0.37813886149333364  0.38853606863898688  0.39894379153586579  0.40933599564011824
  0.41973724049591926  0.43013742349335787  0.44054250836811865  0.45093831064483481
  0.46132407075452775  0.47170315045343408  0.48208201511970816  0.49246637024959194
  0.50286003237995247  0.51325823581053887  0.52365381486260976  0.53403820848785943
  0.54441552009099003  0.55479518969671204  0.56517033958540941  0.57553488092043747
  0.58589144494603840  0.59626083196457336  0.60665106589481321  0.61703835763130388
  0.62740808658070835  0.63777082878313274  0.64814273507543441  0.65852617906056787
  0.66890792692838363  0.67928091870955876  0.68966299956617116  0.70005389479676694
  0.71043816360301193  0.72080960657778814  0.73116466719447260  0.74153150882583552
  0.75191513320750425  0.76230728092720090  0.77268589417456046  0.78305859631067654
  0.79343392999424889  0.80382336131433796  0.81420902899648528  0.82459504831729835
  0.83498980025336711  0.84539164238038855  0.85578396616694985  0.86616252465434651
  0.87654071119250720  0.88693156040720689  0.89732983184755510  0.90772777100878832
  0.91812066393600877  0.92850744267247920  0.93889412128859806  0.94929961122247519
  0.95972408743509430  0.97014059750434545  0.98052416323960023  1.00000000000000000
  0.00957357708281768  0.01561487305482589  0.02489192979256422  0.03566945640196953
  0.04602466943845752  0.05641486994039153  0.06682176136436796  0.07722632861460565
  0.08760992669707149  0.09799695240784949  0.10838350479055653  0.11879651987092341
  0.12919542361040309  0.13957766691296231  0.14993480812023993  0.16029102809250531
  0.17068803539969343  0.18106685461160701  0.19145604104493055  0.20183943182958988
  0.21223996853087027  0.22263878801535725  0.23301372580222662  0.24340490426867908
  0.25380688899198983  0.26422623807387269  0.27464122591465456  0.28506455788851970
  0.29548963530482003  0.30591294558394377  0.31629924020205380  0.32665996013018139
  0.33700358081822196  0.34736026866907643  0.35772876600189507  0.36810710545893005
  0.37848127053378977  0.38885125315114161  0.39923002560619641  0.40961448536802486
  0.41999096804337377  0.43036576612390359  0.44073439304785295  0.45113169779894879
  0.46154767654511047  0.47195990080115202  0.48234518479651117  0.49269581646832689
  0.50303787498893826  0.51339080653672031  0.52375759745347206  0.53414791296393915
  0.54453885912542843  0.55492796728362970  0.56530513266602067  0.57567849108669622
  0.58605392274157608  0.59642453358218805  0.60679979612805146  0.61716981065909904
  0.62753681521440152  0.63790477032300941  0.64826582726433202  0.65862188719109471
  0.66896843588759702  0.67932159851925256  0.68970442382698072  0.70010947424900050
  0.71051603957913012  0.72091516865693506  0.73131083481693260  0.74169901296245555
  0.75207432908753225  0.76245134961576910  0.77285303316813614  0.78326700577302855
  0.79367653539409744  0.80406511567397476  0.81444811368786796  0.82482737353235436
  0.83520395417331605  0.84558220415897367  0.85596280260981228  0.86634920041386676
  0.87672782323065279  0.88709762734821573  0.89747101965065812  0.90786459930844898
  0.91825243103471954  0.92863535353303472  0.93900608901031835  0.94939530818835971
  0.95978370930090395  0.97015936476924158  0.98052219201243040  1.00000000000000000
 -0.00245160791765946  0.00959880201995883  0.01977503843917131  0.03030268753976147
  0.04084240226060321  0.05139254429006507  0.06191737045498698  0.07244948531166490
  0.08298911993583953  0.09353206319827552  0.10408626255801655  0.11461368341474844
  0.12516321131731187  0.13569768357107981  0.14623946870815652  0.15679852516602930
  0.16737752862114388  0.17798058361659530  0.18852757529574829  0.19906280093571088
  0.20957709938660718  0.22010849718448869  0.23064311782474600  0.24118817536066817
  0.25176465050711283  0.26234661815923482  0.27293515900612769  0.28347977045354839
  0.29401524396980644  0.30451425515912328  0.31502080659098208  0.32551609167494527
  0.33603288216810828  0.34655399313586488  0.35709696573604593  0.36763332192347148
  0.37816052277447809  0.38868786484184625  0.39920860253637108  0.40974490802495633
  0.42024343028775779  0.43073050236523663  0.44119967370907304  0.45169393225946797
  0.46220586409685221  0.47272073253771035  0.48327092842580960  0.49382296910394657
  0.50439357129370077  0.51493950717264159  0.52548296021151386  0.53601075615794380
  0.54653910095258351  0.55706380677530820  0.56761524715827649  0.57819001364622569
  0.58875500569194927  0.59930424514829939  0.60984060017816044  0.62038670778218574
  0.63093312258193257  0.64145257367610664  0.65197492717620009  0.66250561957308796
  0.67305456584386902  0.68358514824903127  0.69413110419984336  0.70466211850090621
  0.71522269627094193  0.72575946692645898  0.73631648333651045  0.74686377029305384
  0.75743686473060201  0.76800971605600266  0.77858953219106253  0.78912110946480973
  0.79965237985486171  0.81017507340969575  0.82072493692629611  0.83124308038982087
  0.84179962889206195  0.85234355737674450  0.86291100543884625  0.87347524026918777
  0.88403450757165680  0.89458655322377301  0.90510758099097666  0.91565130543151041
  0.92619037713751950  0.93677818316292705  0.94734502905053408  0.95791966077191304
  0.96843122614155919  0.97894839053586324  0.98946596582935131  1.00000000000000000
 -0.00230940625009015  0.00956879891057031  0.01974351645062568  0.03028297788535269
  0.04084031527350166  0.05138157376118908  0.06191553812681793  0.07246701696079901
  0.08302832843350305  0.09358782817763642  0.10414500304968916  0.11468655481766263
  0.12522838327246072  0.13576118635266773  0.14627636879209524  0.15677796079577211
  0.16728567146466680  0.17781984252766928  0.18836510102716994  0.19889999376853837
  0.20944623114203523  0.21999115678850817  0.23053366621552435  0.24108017725565023
  0.25161957183032990  0.26216499675023003  0.27268975370844251  0.28321291424882505
  0.29373568138236006  0.30428061446815091  0.31481376346946538  0.32535596838327296
  0.33589376446422309  0.34645374636440401  0.35700384934561519  0.36755185849461436
  0.37808567431321949  0.38863380578419793  0.39917769881404397  0.40972335605405963
  0.42026365053332226  0.43079358811072904  0.44133899157854017  0.45188264948093504
  0.46243138254283561  0.47298049093027000  0.48349868137135277  0.49400400376849268
  0.50450498683775691  0.51503674545864531  0.52557289547435715  0.53608400454437743
  0.54662588619835406  0.55715588954605122  0.56771109248017526  0.57823782442468064
  0.58877584776403780  0.59933641536804072  0.60991250913289574  0.62048572179385664
  0.63106601988089250  0.64157953605630758  0.65209140396056708  0.66257685339140260
  0.67311668061803420  0.68367916294965603  0.69424650511071007  0.70481597518173833
  0.71539812238649358  0.72596675189866466  0.73653138855618649  0.74707860896966882
  0.75763295507811756  0.76817351970531589  0.77873215482362168  0.78928104111323594
  0.79983025446523359  0.81034743588999369  0.82089469807436943  0.83142781802113597
  0.84196798286953300  0.85244981064090963  0.86296057595879194  0.87348785684155961
  0.88405574146474175  0.89462773960600628  0.90519211958927592  0.91574889399762860
  0.92630401702966658  0.93684709783294717  0.94740710631675662  0.95794293082862647
  0.96847036489847116  0.97897767296508442  0.98948440747968991  1.00000000000000000
 -0.00253245171724296  0.00959679076102351  0.01980755509540302  0.03036736167530271
  0.04093643704211914  0.05150755561311154  0.06208132882978265  0.07265119836914324
  0.08320280054176124  0.09373589421841887  0.10427614189771303  0.11481365762484028
  0.12536800055565445  0.13591239849957643  0.14643497503526856  0.15695013654366358
  0.16746253608666131  0.17800399423676083  0.18854616357728210  0.19908608326098826
  0.20962391670382483  0.22016747475145723  0.23073117346009656  0.24127452576610717
  0.25182945430698433  0.26237017940054291  0.27291688303368328  0.28346498088103905
  0.29399793941441776  0.30455763100160493  0.31511477972908303  0.32570546057965449
  0.33625013878519877  0.34678318696108534  0.35731097730498235  0.36785651256165125
  0.37839494044392985  0.38890595245488485  0.39942470777951217  0.40994227894349172
  0.42044228397538097  0.43094869062052266  0.44148142459716566  0.45203605618857551
  0.46256771066965691  0.47308986272090658  0.48364376254214692  0.49420867827410980
  0.50478110510222662  0.51531184241129302  0.52582368128319723  0.53632569112259665
  0.54685039971886207  0.55737991522289054  0.56792085786045965  0.57846987689031004
  0.58901961968681127  0.59957175561461584  0.61009318444128713  0.62062612691215746
  0.63115631271122774  0.64170159289003603  0.65226356847918943  0.66280532667430869
  0.67332678680637292  0.68383390678398970  0.69433145786547923  0.70485806752386537
  0.71538666177655907  0.72591112885896214  0.73640598837567783  0.74690339390755256
  0.75743854692614121  0.76797081615789742  0.77848982606995687  0.78898973573822617
  0.79952268344425947  0.81007375238411905  0.82063981589941581  0.83116887673833362
  0.84173027367439512  0.85229135900922559  0.86289025396764862  0.87345155396698015
  0.88400256247250375  0.89454407157966265  0.90508089536448388  0.91562292041355076
  0.92617994636512924  0.93674307112956456  0.94730398734996757  0.95783240848499285
  0.96835155524018790  0.97886314122335527  0.98942046130473904  1.00000000000000000
 -0.00232272341030567  0.00961264427953852  0.01979638177936404  0.03031908233642185
  0.04082520874978938  0.05132190401750664  0.06183478974612375  0.07234571268310509
  0.08286028776919312  0.09337592267057007  0.10391342232161949  0.11443725985139568
  0.12495673302505310  0.13548709374212148  0.14603265434758630  0.15658954523031185
  0.16713372526179568  0.17765736506732807  0.18817956057450591  0.19872809314043402
  0.20926485739580575  0.21981796162731401  0.23035095678997150  0.24091566791116933
  0.25143745468802053  0.26198049520211525  0.27253269924850637  0.28312158139973764
  0.29368741682619109  0.30422114960976165  0.31476525665109900  0.32530284583215074
  0.33586989438455811  0.34639932448402588  0.35692435309078857  0.36744394941011077
  0.37799384673133885  0.38855365441141243  0.39908157562027086  0.40963635985510005
  0.42019759895487663  0.43078406537128905  0.44132309367688599  0.45186186566583669
  0.46239960028748345  0.47296361576610962  0.48352347951231522  0.49407565400222470
  0.50460368754850449  0.51511316345864133  0.52562448972509779  0.53614677232865182
  0.54670478385141463  0.55724200131048851  0.56775597997069105  0.57826437521793894
  0.58880090783491901  0.59936200736061962  0.60989030309202730  0.62039780665909150
  0.63090479967249569  0.64144288186446663  0.65201691806522855  0.66255844310652345
  0.67310413924190504  0.68363078549732992  0.69418356361389866  0.70473723535678623
  0.71529323297955449  0.72584397682222701  0.73639975132798352  0.74695005760226496
  0.75751046770394825  0.76806015185719456  0.77860090100539348  0.78912867772963580
  0.79965858875422036  0.81021309007314501  0.82076653558340185  0.83131706511319270
  0.84186546131533557  0.85242420504567429  0.86296137696231012  0.87349246405877190
  0.88400748631111625  0.89453153908784311  0.90506101033857145  0.91560578944093884
  0.92614694455149216  0.93668718483974756  0.94722988596005553  0.95778074712851857
  0.96834443893777633  0.97890631313911258  0.98946387653656387  1.00000000000000000
 -0.00249408586684480  0.00980251490307250  0.02004629820531827  0.03058043234056543
  0.04110119901335712  0.05164311534554300  0.06216717113911728  0.07270679453870767
  0.08321842627596178  0.09373410410168820  0.10425087760692570  0.11477996250953439
  0.12532891000080409  0.13589299687830650  0.14645472685033620  0.15698116615518518
  0.16748225667441119  0.17797626844662509  0.18849905361767147  0.19902269579169327
  0.20955928934412321  0.22009616741285001  0.23063907889341165  0.24118146856067232
  0.25170636078714731  0.26228285519062083  0.27287243210326673  0.28349190437158150
  0.29402811630712972  0.30457498268704752  0.31508137672312381  0.32562518692545195
  0.33615283538269375  0.34666655643544975  0.35718189011767748  0.36768591939314565
  0.37822797243858675  0.38879423053470213  0.39937910503180563  0.40996807020935938
  0.42052584103759677  0.43108195366162610  0.44162287206231554  0.45215606937180342
  0.46268165460338134  0.47320198638554362  0.48372469742017898  0.49426403580080441
  0.50482709010132731  0.51541154834825542  0.52594942078390905  0.53647000989567184
  0.54700230480885559  0.55756039621135567  0.56809885772456692  0.57860225092868611
  0.58911321523658811  0.59963234363512297  0.61017210154769208  0.62072940262428278
  0.63128500630489226  0.64184088765946390  0.65235503448390819  0.66288315333670023
  0.67342491474156296  0.68398014838949994  0.69454823261772447  0.70510347737667034
  0.71566179544479580  0.72622384892032887  0.73677377267057109  0.74732015164999610
  0.75783364209138782  0.76835074593094510  0.77888887720441979  0.78944188859929432
  0.79997881014300221  0.81050064605286409  0.82101222448102951  0.83154568900773362
  0.84207607818633790  0.85260534612500327  0.86313182740130612  0.87365019915197606
  0.88420322583430266  0.89476237573974315  0.90533124079357030  0.91585174651817458
  0.92635417998364933  0.93687061688379580  0.94740378846157025  0.95794573744536271
  0.96847149249511599  0.97899022526916479  0.98949841742731437  1.00000000000000000
 -0.00252348578417553  0.00947821730135251  0.01961649368295754  0.03009156080231102
  0.04060388934506627  0.05113957822819318  0.06169121164144835  0.07224047750489168
  0.08277428990337186  0.09329485123347329  0.10379761902826792  0.11431138346933745
  0.12484679444256502  0.13541206905728395  0.14598197778498326  0.15655179356294710
  0.16710082956199274  0.17763004329411786  0.18813840873162718  0.19866141019591646
  0.20920251854814831  0.21973471076490969  0.23025300223590681  0.24074781480656601
  0.25127098864782899  0.26180096048924584  0.27234413061543511  0.28289728313779910
  0.29345738378011360  0.30404614229583060  0.31461517276220957  0.32518058240570924
  0.33572584692509155  0.34628620646891278  0.35684584443284800  0.36740181795497001
  0.37792798670963201  0.38845345924317681  0.39896662670529504  0.40949929084538522
  0.42002694059613732  0.43056895812427864  0.44107694885543286  0.45157553673333378
  0.46206295631392597  0.47257481663207607  0.48311216284442565  0.49365882941330586
  0.50421127415996891  0.51475685155113393  0.52530588986275262  0.53585748410738876
  0.54642211288533360  0.55697821192936636  0.56753749033384815  0.57809917928051713
  0.58865113803966373  0.59920575685180122  0.60975072359092120  0.62030879324752530
  0.63087085129568143  0.64141560777025375  0.65195632951568394  0.66247414659075787
  0.67300894673062572  0.68356829454550505  0.69412854717644301  0.70467257976829734
  0.71520552659578873  0.72573388026438135  0.73627505224021983  0.74681373238309756
  0.75735834099530941  0.76790388834846890  0.77846818339732826  0.78902102467912938
  0.79957944440217277  0.81011581509192432  0.82063326110770296  0.83115815732562315
  0.84167192764401311  0.85222242140560411  0.86278851962504999  0.87335061158185767
  0.88390204681374696  0.89442985740417058  0.90496290910517108  0.91554904841844298
  0.92611409418329960  0.93669402452465111  0.94724914863849397  0.95780463555724804
  0.96834036312460259  0.97885687996204207  0.98941301140282145  1.00000000000000000
   1.5438047355069796E-002  -1.0000000000000000     
 F F F F F F F F F F F F F F F F F F F F F F F F F F F F F F F F F F F F F F F F F F F F F F F F F F F F F F F F F F F F F F F F F F F F F F F F F F F F F F F F F F F F F F F F F F F F F F F F F F F F F F F F F F F F F F F F F F F F F F F F F F F F F F F F
  <DiscreteSampler_grid>
  grouped_processes
  1 # 1 for a reference and 2 for a running grid.
  10 # Attribute 'min_bin_probing_points' of the grid.
  1 # Attribute 'grid_mode' of the grid. 1=='default',2=='initialization'
  0.0000000000000000 # Attribute 'small_contrib_threshold' of the grid.
  0.5000000000000000 # Attribute 'damping_power' of the grid.
 # binID   n_entries weight   weight_sqr   abs_weight
    10   10   5.394430526550055E+013   4.648084663635285E+027   5.394430526550055E+013
    11   10   5.394430526550055E+013   4.648084663635281E+027   5.394430526550055E+013
  </DiscreteSampler_grid>
