  0.00924348700080885  0.01714399778237142  0.02576457972012902  0.03669911645905309
  0.04705878432110439  0.05744788986676554  0.06785227086993446  0.07825907143213388
  0.08865652367109611  0.09904760747503594  0.10941794389979689  0.11979803602469115
  0.13015931862510194  0.14052372694801527  0.15087842700012835  0.16122028088470430
  0.17157326293715042  0.18191618796423928  0.19226444120402428  0.20260067081678271
  0.21295328218446086  0.22334668068779906  0.23375462200222527  0.24417949245193549
  0.25457699562073693  0.26495598793523684  0.27533020899858812  0.28571021103627847
  0.29610721380634364  0.30650577034699478  0.31690794082995172  0.32730813878025311
  0.33768576714946191  0.34806079968703940  0.35843522569097008  0.36883648172032890
  0.37922425096611512  0.38959348035719987  0.39996573530427937  0.41032865252799861
  0.42070275603067853  0.43104343114019361  0.44138444768173879  0.45172100906429091
  0.46207975389373518  0.47245710089486720  0.48284548629028939  0.49322211314753744
  0.50359739668469594  0.51397635859282009  0.52436747001784534  0.53476484936732294
  0.54516636079447245  0.55556273902607001  0.56594464823796742  0.57630999334389432
  0.58665048991417656  0.59696466439881646  0.60726889877556967  0.61760135736469957
  0.62795854002185902  0.63832577733066165  0.64869525177714182  0.65906438069363260
  0.66943364820492213  0.67978678101281109  0.69015909895913918  0.70054412486889939
  0.71092903876508284  0.72130550871379517  0.73165621937850556  0.74200268497652977
  0.75234826356395978  0.76272803183100268  0.77314332242697947  0.78355517389083085
  0.79394841826026152  0.80432196700288028  0.81469296770420818  0.82505853148184272
  0.83545043293504528  0.84583561842070987  0.85622164344766283  0.86656702729927337
  0.87692137522357405  0.88728848860203746  0.89769658588967272  0.90808223036544022
  0.91845783304952178  0.92881981455301699  0.93921815582313151  0.94964275975267753
  0.96006168220152877  0.97037609133708824  0.98067929771599482  1.00000000000000000
  0.00948315481944898  0.01560055336951689  0.02489017422963703  0.03569846072207770
  0.04607763018341073  0.05646143384978707  0.06684051029334087  0.07719383916672602
  0.08755071427884059  0.09792371950821817  0.10833692867360568  0.11877578105020051
  0.12922211875832659  0.13970324435878576  0.15015325162464921  0.16057221095326135
  0.17092122449652541  0.18129054176963078  0.19164734179161308  0.20201026393224938
  0.21234212233294633  0.22270016710569732  0.23304739775113031  0.24337406304928419
  0.25368512734664828  0.26402344386378129  0.27441961351451483  0.28482219721704372
  0.29519853504975402  0.30556487102400254  0.31596014187322602  0.32636330939431502
  0.33674439503279480  0.34712188882624773  0.35751757843640924  0.36793769748985872
  0.37832657275966192  0.38872085101666914  0.39914429440874005  0.40959944478786597
  0.42003330713489306  0.43042606844259823  0.44081232044868801  0.45121357696470343
  0.46161977079530697  0.47200603917592604  0.48237192807332524  0.49275143527436932
  0.50317125464261292  0.51361809597731889  0.52404664411915791  0.53442969227219783
  0.54478715355695584  0.55515374145452701  0.56551736245652706  0.57585335158585660
  0.58616007453607277  0.59647877004703942  0.60682276174655081  0.61718151510511576
  0.62755384027417260  0.63794332706916579  0.64836334676875806  0.65878594649920386
  0.66919564261631370  0.67958176888399413  0.68993130182747398  0.70027398476173652
  0.71063178501923763  0.72102740822536637  0.73143865537172181  0.74186415863184707
  0.75229793967233294  0.76272802683060126  0.77311862949917542  0.78348298181627585
  0.79383351051280282  0.80418779107826699  0.81453914351191592  0.82489360368372966
  0.83525711194543650  0.84559721072909722  0.85592917566016957  0.86625978426184735
  0.87662551866861260  0.88702382447673611  0.89742558233667091  0.90783663823365079
  0.91823511200405472  0.92863643348275249  0.93902788097920198  0.94943037809760678
  0.95982763378211911  0.97020114622679821  0.98053992705253035  1.00000000000000000
 -0.00241885239700175  0.00966201250380714  0.01984932349178186  0.03038600600299873
  0.04093779581794665  0.05150382256815648  0.06204533987000405  0.07259771105047412
  0.08313365180774517  0.09369081573883614  0.10426782591062611  0.11482540717649832
  0.12538456167958703  0.13593014250799232  0.14650850817994263  0.15706176795911539
  0.16758391272280709  0.17806221060475916  0.18852175914826505  0.19900219967299704
  0.20955234712150572  0.22017107898304511  0.23077289771586670  0.24130722023378620
  0.25184203056334309  0.26242461358894431  0.27303780783411724  0.28353816036102203
  0.29403417284283911  0.30454262920113517  0.31510433047277170  0.32565206958120485
  0.33618471294737751  0.34674480106664463  0.35725069410796939  0.36778984708871565
  0.37832729031446638  0.38889180902991538  0.39941301116054256  0.40994340765456005
  0.42045323176638061  0.43097812915430167  0.44146857451036503  0.45200666242855353
  0.46257803162160321  0.47318577506062354  0.48373112596068069  0.49431586924846399
  0.50488139994491643  0.51548381724632997  0.52598267357868789  0.53649926662004022
  0.54703146618785559  0.55761996563843430  0.56821423637082946  0.57879451366437629
  0.58933390636160488  0.59986406271432258  0.61038739687997545  0.62091335769242473
  0.63144076888153700  0.64196347947045085  0.65244263260670254  0.66291131731797270
  0.67336391325365064  0.68385814795126787  0.69435184011487983  0.70486085802797149
  0.71539450461445364  0.72599980265569464  0.73661272939881983  0.74717703705879712
  0.75764617510642296  0.76814163481963360  0.77868184645726402  0.78922003930071982
  0.79977441525127801  0.81030375331178761  0.82089395488503580  0.83147602925045139
  0.84205421465540931  0.85263206996253549  0.86313715230797827  0.87366590369568653
  0.88418036763595109  0.89477252303265675  0.90533343710099845  0.91588260332237581
  0.92638768753350031  0.93691655539280161  0.94739569273926805  0.95791134465933658
  0.96846132770680837  0.97902443108254722  0.98953893443897178  1.00000000000000000
 -0.00251496437108323  0.00948703896894766  0.01962863217356484  0.03013221401305316
  0.04066740582271934  0.05127169739703508  0.06189312897661481  0.07246632106571997
  0.08296758793200912  0.09347235070390873  0.10396272588451086  0.11451914399457830
  0.12506914629308316  0.13562968900264674  0.14617567209337748  0.15672167008157281
  0.16729749906169436  0.17783589594391797  0.18835516140774911  0.19888351301625609
  0.20940196437577907  0.21991211074406153  0.23044246100481455  0.24100611882161133
  0.25160791292805451  0.26219118032431316  0.27274063947811178  0.28327367657250169
  0.29380787850453410  0.30433151027441463  0.31485406314079989  0.32538306021085955
  0.33596949466424864  0.34657346418523854  0.35713011890743657  0.36767428246336048
  0.37821723667678880  0.38883071611472070  0.39942627690404109  0.41001292809173479
  0.42055182511671846  0.43111223822874262  0.44168653622385634  0.45228050213043952
  0.46284264798433267  0.47340413875488147  0.48396386314236972  0.49452088189512472
  0.50509003066882430  0.51565597057429824  0.52621965039633134  0.53678630356645607
  0.54732133751473810  0.55788933911664629  0.56840848238709030  0.57897516383362024
  0.58951795119406925  0.60005754837981073  0.61056964850694073  0.62105685452459058
  0.63155251351715247  0.64206581449293065  0.65258882619903991  0.66312731449108386
  0.67368220589934769  0.68427234797518532  0.69485589180702356  0.70541058484027286
  0.71595104276242838  0.72650818166590092  0.73704689456462813  0.74762439174015105
  0.75817258364231621  0.76872462722268753  0.77923874546099225  0.78978290218132896
  0.80032823854742363  0.81089676696335955  0.82144246843936441  0.83202485703624074
  0.84253764133141551  0.85304894442923385  0.86353575703346686  0.87406210918064453
  0.88459145816380036  0.89513316021084544  0.90565581694183461  0.91615947823876143
  0.92664341698375641  0.93715026752358876  0.94766719088022300  0.95818339672401054
  0.96865793829443614  0.97913082903261850  0.98956156675218843  1.00000000000000000
 -0.00238773614316614  0.00960867581932095  0.01977009675026873  0.03034138890176573
  0.04089044788714431  0.05146485739892886  0.06198388973909026  0.07250891651047153
  0.08302290109256202  0.09352818412503290  0.10404881094999147  0.11458225142424452
  0.12511789534331053  0.13560928646425438  0.14610958377445421  0.15658475492220475
  0.16711307801767761  0.17762733146164947  0.18814272811326144  0.19868547374816414
  0.20923726203800880  0.21985750681908356  0.23038836302840593  0.24096383998673268
  0.25149368762552982  0.26204611598884620  0.27258193305991435  0.28316959552868515
  0.29376877548126662  0.30432338471963255  0.31489104402985452  0.32546238275984651
  0.33603408171675941  0.34665684089060461  0.35728879208332753  0.36791031629288995
  0.37842594118216044  0.38896119148757330  0.39954338215529772  0.41010389687380316
  0.42065509292929065  0.43115779578556951  0.44169793680235220  0.45221994154841455
  0.46275411649214060  0.47325945065303526  0.48377688549328390  0.49430360111038324
  0.50485155722080988  0.51539206474224941  0.52591257435287997  0.53643409120571373
  0.54696705936273438  0.55750239986791583  0.56803931906704963  0.57855058595963882
  0.58907878937398606  0.59957556841356108  0.61010006007997508  0.62059259537826905
  0.63106549748420182  0.64152215705542748  0.65198237269523918  0.66249043847079891
  0.67299096400018033  0.68353126776894724  0.69409259803979084  0.70464299528544805
  0.71521116529634188  0.72573173978750549  0.73628430800235722  0.74680666042742416
  0.75734618750077376  0.76790505675075760  0.77848798773042416  0.78911180288403460
  0.79974800837704507  0.81031359597656927  0.82086149599967440  0.83137550619078049
  0.84188530053588539  0.85233606117029348  0.86282791320002417  0.87337740051300572
  0.88400266229556423  0.89454426325000347  0.90508696488841955  0.91560379224505883
  0.92619238168804630  0.93677525112298377  0.94731697329296738  0.95786708841360613
  0.96842563540493987  0.97901898612625871  0.98952873706371303  1.00000000000000000
 -0.00247605114306536  0.00959455035373569  0.01978460292394832  0.03028235034714312
  0.04077763500041996  0.05125872033532263  0.06176835747171218  0.07235010843889197
  0.08295027702295903  0.09351069889995904  0.10409426072361341  0.11467094158952124
  0.12528298197408552  0.13584206281131597  0.14640501949273727  0.15690343644972843
  0.16739545599038907  0.17792730131533810  0.18850796818987170  0.19907494510862267
  0.20952545318606094  0.21995988569583322  0.23036927173242039  0.24087671392170762
  0.25141266387918992  0.26202494731716863  0.27261029327754105  0.28317114402142768
  0.29369930924345289  0.30423271991454032  0.31473908133805129  0.32526280938427710
  0.33577264530611772  0.34633932668106088  0.35686964889166822  0.36746537308897137
  0.37802289727710836  0.38859922354556492  0.39911139198423390  0.40966696620383075
  0.42019820304597999  0.43075207296887658  0.44130096842249644  0.45186893378745890
  0.46243810658445816  0.47299595542398304  0.48359232835087868  0.49420749934448549
  0.50480482934177406  0.51536134135449818  0.52587142306053070  0.53638157950323917
  0.54687316238003691  0.55737651040846181  0.56787825647642631  0.57839533144286492
  0.58890277569918215  0.59943384305746439  0.60998196990539733  0.62052495875188962
  0.63108601142591958  0.64162886223454485  0.65218113948509693  0.66271315530725627
  0.67325021660371054  0.68382985442416011  0.69439345115571616  0.70495379988299767
  0.71548447013930705  0.72601113755370705  0.73655224490423055  0.74708533995931936
  0.75762434081503482  0.76811227965878426  0.77860124002372844  0.78912375606798280
  0.79968755658151836  0.81026408389277127  0.82081615186789170  0.83137200182467252
  0.84191120185009549  0.85249284955214866  0.86304218631758878  0.87362513533698094
  0.88410666769718194  0.89460351563708929  0.90504771564835462  0.91555442648811125
  0.92610347582519059  0.93664495720166119  0.94713149615676684  0.95760125703393928
  0.96814827724621100  0.97873643921788711  0.98937806124685290  1.00000000000000000
 -0.00224027779734343  0.00982072454191659  0.02002275322431913  0.03056592053350195
  0.04112271931065258  0.05170108077570760  0.06225214340810239  0.07275302611283309
  0.08319218445261468  0.09367229521084146  0.10418298424061855  0.11476882000110544
  0.12532528097524309  0.13585967872417065  0.14637959493072070  0.15691746174515955
  0.16745827155795734  0.17801941486471012  0.18855559259764151  0.19911621131701970
  0.20963744653938102  0.22016993926396722  0.23072597771193706  0.24128924233105919
  0.25191216216010226  0.26252839348092188  0.27314531788457119  0.28368556718350896
  0.29417743177541222  0.30468903260697511  0.31525794551426867  0.32590670285612527
  0.33649862945172682  0.34702381011395911  0.35750149891013200  0.36798601218513949
  0.37850504061354201  0.38906109636723635  0.39965094370943871  0.41025650760390059
  0.42086998185516900  0.43148281191786020  0.44199984249407337  0.45248337469424765
  0.46299756985012519  0.47358451979059579  0.48416549362724293  0.49470461803753490
  0.50524389981659490  0.51577823720103855  0.52629950658355273  0.53672837635557291
  0.54715224493362435  0.55757934954767485  0.56811038244215184  0.57862616998616123
  0.58914524641812760  0.59964833746228086  0.61017086798883791  0.62071623707044787
  0.63125457678172103  0.64183323968767547  0.65237652743280350  0.66292835527525129
  0.67345296020301093  0.68397250998703352  0.69455414346903099  0.70510681120939622
  0.71568372911829115  0.72618846103302925  0.73677565047879345  0.74736567337891857
  0.75795300732925264  0.76851196899082386  0.77906133226318719  0.78961322091438579
  0.80015503347847661  0.81070829480648765  0.82125872306371750  0.83177411171370275
  0.84224015530480767  0.85272819779341136  0.86326491744784362  0.87385585949490541
  0.88439735231118821  0.89496457299902776  0.90551509573116429  0.91608188696576309
  0.92655521815005581  0.93705050289871461  0.94754063651105813  0.95805500454433867
  0.96856655868272179  0.97904471915170865  0.98954333748492518  1.00000000000000000
 -0.00204307060222695  0.00972198445216698  0.01990086162186146  0.03039788211839189
  0.04096464488287244  0.05155187308372201  0.06216720194339757  0.07276655672490569
  0.08332105680184912  0.09378136044897040  0.10428962188222418  0.11482731750388543
  0.12542109687215286  0.13596197646043456  0.14653214339302592  0.15707431287804421
  0.16762318831543846  0.17813900294651031  0.18873746569904745  0.19929373697741989
  0.20983473349774479  0.22034701147568703  0.23092565573737700  0.24149820495405983
  0.25203149928137830  0.26255736246702677  0.27307790726171177  0.28358578050891597
  0.29410575344780943  0.30469195849541852  0.31530210997730246  0.32587915084664876
  0.33643427271456755  0.34702633975232111  0.35766354714146747  0.36823649777879514
  0.37875997685808060  0.38924446753676223  0.39977223720814348  0.41033279317413474
  0.42090703793239309  0.43149305855117409  0.44205861138493352  0.45261319906231562
  0.46314041576494297  0.47365217606192900  0.48414388387783652  0.49469587140819504
  0.50524321821942841  0.51579450913929448  0.52627795525752441  0.53677217951006706
  0.54724263040218424  0.55772815488130856  0.56821873927571298  0.57872462247714473
  0.58919078401714053  0.59965983853240057  0.61016788213632767  0.62072194224175170
  0.63128988072672265  0.64183857251412824  0.65236215858973590  0.66287055900130898
  0.67339021005421840  0.68391091652772362  0.69445370189308409  0.70499105948611851
  0.71555786084474293  0.72613436871394221  0.73677052786559116  0.74733708072044314
  0.75784118643767906  0.76827184141425864  0.77878009174076190  0.78935047983578399
  0.79992248960530432  0.81048112096619562  0.82099274427275692  0.83148255637038593
  0.84196599331807076  0.85247455531639316  0.86300105188135368  0.87352941695920883
  0.88405512967694455  0.89459537019586743  0.90512631802440990  0.91563940450629799
  0.92618413051836679  0.93672212836771884  0.94730981694950867  0.95788368615705555
  0.96846030923793691  0.97902076572251817  0.98952548516801253  1.00000000000000000
   2.4782281766558815E-019  -1.0000000000000000     
 F F F F F F F F F F F F F F F F F F F F F F F F F F F F F F F F F F F F F F F F F F F F F F F F F F F F F F F F F F F F F F F F F F F F F F F F F F F F F F F F F F F F F F F F F F F F F F F F F F F F F F F F F F F F F F F F F F F F F F F F F F F F F F F F
  <DiscreteSampler_grid>
  grouped_processes
  1 # 1 for a reference and 2 for a running grid.
  10 # Attribute 'min_bin_probing_points' of the grid.
  1 # Attribute 'grid_mode' of the grid. 1=='default',2=='initialization'
  0.0000000000000000 # Attribute 'small_contrib_threshold' of the grid.
  0.5000000000000000 # Attribute 'damping_power' of the grid.
 # binID   n_entries weight   weight_sqr   abs_weight
    10   10   2.750848415254285E-008   1.211224652847988E-015   2.750848415254285E-008
    11   10   2.750848415254288E-008   1.211224652847990E-015   2.750848415254288E-008
  </DiscreteSampler_grid>
