  0.00953026165353164  0.01547902007463705  0.02477630541674585  0.03559781376708911
  0.04601094185583410  0.05640125641604573  0.06683016436377888  0.07724907978286362
  0.08767771901008853  0.09808214569016394  0.10848735535619033  0.11892465534749884
  0.12934094131404203  0.13977137252454480  0.15014362779027027  0.16053084397701786
  0.17092652046324089  0.18134799011714717  0.19173146472324920  0.20210997305178435
  0.21247318790033806  0.22287454382522573  0.23325647033946476  0.24365109535346569
  0.25400791360523306  0.26438097673004313  0.27474191215995375  0.28513954549392234
  0.29549362615588703  0.30584756130619956  0.31618809487289390  0.32650017036900808
  0.33686156225215969  0.34722835706995825  0.35767151598334607  0.36808038808760851
  0.37841589380438989  0.38870403291163202  0.39898709390336357  0.40932480101360808
  0.41965590101296868  0.42999728989183961  0.44034566844159628  0.45072142783641261
  0.46110297326794403  0.47148089869605669  0.48186194018453077  0.49221260547917123
  0.50256024493470774  0.51290576436040214  0.52324598398056266  0.53358709380293656
  0.54393772412230934  0.55430610008167647  0.56466335946703183  0.57500788858711660
  0.58537409768543802  0.59577769655512691  0.60625736312122558  0.61676935771957608
  0.62726664655806708  0.63773083145861464  0.64813167952579886  0.65850540649198186
  0.66886092966475030  0.67923839918530049  0.68964693450906933  0.70004397543847774
  0.71042039581737526  0.72078371277363440  0.73115587707763829  0.74154961859452651
  0.75195847403779281  0.76237559516202857  0.77282532297873519  0.78325770934301142
  0.79363504458475231  0.80396142671686710  0.81425555237566349  0.82458103870790134
  0.83494084573011451  0.84534016497064857  0.85571832938100334  0.86605965372336258
  0.87639942953396566  0.88678106794961575  0.89719556562399716  0.90761380472592568
  0.91809588331833747  0.92856938881185791  0.93908423540712715  0.94950427710758567
  0.95989978749314109  0.97022436103301601  0.98052793589753029  1.00000000000000000
  0.00964830040702831  0.01584766139338003  0.02511519499551292  0.03595669926949835
  0.04638276912716457  0.05677436514495601  0.06713019877361744  0.07745911299974438
  0.08777966516017845  0.09815006186212927  0.10854921533642528  0.11895669589223787
  0.12936396488201013  0.13974808474990794  0.15012328569191308  0.16046414784987437
  0.17082237808462344  0.18115743146759733  0.19151577850736823  0.20188349833854430
  0.21228385587260451  0.22266276022260634  0.23302918094237537  0.24339050928087433
  0.25373626428298496  0.26407224295640008  0.27441884095965019  0.28478828450707983
  0.29516026648797294  0.30553074368403643  0.31591826534798328  0.32631047991911794
  0.33669059069484880  0.34707170166528800  0.35747038556380151  0.36788792474243076
  0.37830389461330677  0.38867998169352402  0.39904876615170715  0.40941761728911719
  0.41979001802396188  0.43016144068040746  0.44052702818768341  0.45087984995468117
  0.46122169597335549  0.47156768532453963  0.48192823854624717  0.49231138421197651
  0.50270890672055213  0.51311844958333341  0.52353208314914657  0.53393680749948369
  0.54433006269944750  0.55471242891868355  0.56507731019221097  0.57543376294876203
  0.58581069240613570  0.59621457467872263  0.60663615061808640  0.61704261320000731
  0.62743245987785656  0.63782311441762107  0.64823371393666473  0.65866169269046482
  0.66908589207744062  0.67948322331370004  0.68985208212345872  0.70021840482480235
  0.71059901835467243  0.72100836914951905  0.73142956804948978  0.74181522005854095
  0.75215780124740605  0.76250226593200854  0.77287073551427055  0.78327161543621748
  0.79366809504333524  0.80406916380969262  0.81448376474751205  0.82490322328329202
  0.83532912759058331  0.84573435403306574  0.85613387938808783  0.86654052652748115
  0.87691537036362954  0.88730446923539730  0.89768449744580026  0.90808510386040608
  0.91844651376510933  0.92876114814624888  0.93907042092817572  0.94938755387320495
  0.95973197166027691  0.97012396570149451  0.98050654369747525  1.00000000000000000
  0.16573956996284611  0.16641334968158319  0.16745544670150170  0.16846898674278907
  0.16948737451535198  0.17060082374881066  0.17173846648798155  0.17287179162001995
  0.17400262731544680  0.17513767832354984  0.17628058581318062  0.17743470966700600
  0.17859965242968243  0.17977018045039422  0.18094066454723870  0.18211691430772212
  0.18329721978239305  0.18447570154419479  0.18566206849299943  0.18687920299587613
  0.18809742692106277  0.18931418188783400  0.19052846438033938  0.19174196600895244
  0.19295833416072744  0.19419013615641123  0.19544094594775077  0.19669968027809376
  0.19796101635136923  0.19923055833347678  0.20050631946975889  0.20178857745931603
  0.20307782592255211  0.20439267419603138  0.20570722914887773  0.20703196130757981
  0.20836187778941700  0.20969006698661302  0.21101497565523708  0.21235467814177642
  0.21371951114227972  0.21509009804315637  0.21646521310358632  0.21784481728445687
  0.21922702872459102  0.22060988210797555  0.22200851750010467  0.22343098544750042
  0.22485533816747469  0.22628339471961376  0.22771452466447528  0.22915080701330567
  0.23058997005799314  0.23205003421854817  0.23354088340154538  0.23503226844534025
  0.23652436360892048  0.23801795926879879  0.23951021420891633  0.24101145694747778
  0.24254631701926779  0.24410698078609555  0.24566993393962056  0.24723296488524993
  0.24880457586270127  0.25037856895891519  0.25196004551551981  0.25355957220902259
  0.25519474021848781  0.25683084325612016  0.25846603339073182  0.26010927462955230
  0.26175618309369536  0.26340068985739634  0.26508405366905513  0.26678499212700418
  0.26849233161025104  0.27020220718265719  0.27191492673882495  0.27363240040606873
  0.27536091258872653  0.27711561839648596  0.27890468064977852  0.28069854178400150
  0.28250208489327489  0.28431914480249165  0.28614372495026791  0.28795426610818775
  0.28980639855671320  0.29167097511491008  0.29354416639052078  0.29542503895846883
  0.29735069970446887  0.29907471049885048  0.29998255640751054  1.00000000000000000
 -0.00232217951334841  0.00946248610115758  0.01958849473078654  0.03003690965049160
  0.04055644655768148  0.05109508017623499  0.06168740457882062  0.07227595530645808
  0.08285221179749905  0.09337657367411439  0.10388984609322255  0.11443340090983950
  0.12497302937607938  0.13550865981379701  0.14602017862972411  0.15656324228493115
  0.16712285067896843  0.17770231414774529  0.18830677303191054  0.19889981888302008
  0.20945514677224469  0.21998403775528025  0.23054535159633099  0.24106787216496967
  0.25158137874367237  0.26207429658506165  0.27260843996443840  0.28315954820249267
  0.29375066685563428  0.30430841642468892  0.31484335758890775  0.32533980839250676
  0.33594226593311743  0.34654339823199104  0.35715847833255221  0.36770024250805766
  0.37821779701848923  0.38874513400442812  0.39928356041044261  0.40983810793935416
  0.42033762993972251  0.43078300568040451  0.44126880940671787  0.45174917915770174
  0.46228465258095669  0.47275264683542145  0.48325001980208387  0.49375676783691719
  0.50429934057449166  0.51484490275848616  0.52541791885408218  0.53597877236849090
  0.54655194378527028  0.55711361839133844  0.56767343322927877  0.57825640409852819
  0.58884147116811203  0.59944823716325635  0.61003646261776512  0.62054804200304203
  0.63105439419342524  0.64157424537919050  0.65214522985849022  0.66273602817841515
  0.67324928854239319  0.68376872282234991  0.69423295185052747  0.70473130062771594
  0.71522989345820265  0.72573274597381054  0.73623368623281338  0.74671374215538289
  0.75721586644519168  0.76774470825775754  0.77828042502430694  0.78886317644215209
  0.79939825947239107  0.80993341189213752  0.82038803971359786  0.83090432451683316
  0.84143302145562893  0.85201935293703124  0.86259793051476930  0.87315690055949435
  0.88370101460014205  0.89427314354229015  0.90482881909642965  0.91541162879353755
  0.92593888057564022  0.93649863175533099  0.94701072024928867  0.95753843761436619
  0.96811642739858295  0.97874746517486499  0.98938905061880267  1.00000000000000000
 -0.00246688101028876  0.00963216853083947  0.01985411909625293  0.03036248056296720
  0.04093073706734156  0.05151219747441250  0.06214949654518449  0.07278594107948376
  0.08341346275137881  0.09402865156713437  0.10470582453261262  0.11537338777828396
  0.12601219715920442  0.13655781519829016  0.14708098701703801  0.15756836554416598
  0.16807870898857583  0.17864601875811190  0.18917752850933908  0.19970111884869640
  0.21018244848656029  0.22079860496039574  0.23137684052463309  0.24198626686027774
  0.25250224006913524  0.26305511078295984  0.27355784722225318  0.28405304802547598
  0.29456546670181927  0.30507369417572883  0.31560116628164997  0.32611042392474948
  0.33665222616169527  0.34719023576609925  0.35770666292990172  0.36814729304397370
  0.37861758786768179  0.38909520937523756  0.39959531781298296  0.41006347665350101
  0.42054756555336326  0.43109825801786922  0.44165021467395943  0.45220170791928443
  0.46270706138770362  0.47322123071295913  0.48375843568482663  0.49433656314349439
  0.50492684156860268  0.51547742422452536  0.52601503033151897  0.53651662324962435
  0.54705261797249161  0.55754400982528129  0.56806136199921853  0.57852371897852428
  0.58901228819219031  0.59953690120103342  0.61012715128754125  0.62073148831350722
  0.63133306593504279  0.64190050541994781  0.65244791641829802  0.66293132274965239
  0.67341887220492713  0.68389523385763273  0.69438391747005301  0.70488314572110666
  0.71545109188550482  0.72601966641595006  0.73658682442900014  0.74710804875803205
  0.75766984492337452  0.76827385647834878  0.77893584453836906  0.78956997223695768
  0.80019384156574203  0.81072630686152813  0.82129995319836013  0.83180724555534014
  0.84232807665300613  0.85281199014924902  0.86329017758991167  0.87380985759002983
  0.88431355014480229  0.89482129085775086  0.90531254247002435  0.91578841797496391
  0.92628084475535633  0.93680360590603651  0.94731053894821837  0.95783864191147927
  0.96834896707280793  0.97893551580810279  0.98947638587741016  1.00000000000000000
 -0.00248069406075170  0.00969222596206500  0.01989655934914087  0.03041851388799439
  0.04092297411284889  0.05143951968340169  0.06200773785540219  0.07256147722166224
  0.08313277321715187  0.09364776060849132  0.10421640679416522  0.11479201373056666
  0.12536782174093894  0.13591778104487148  0.14644467010207715  0.15701822404521376
  0.16759751933945150  0.17817360373399327  0.18870477125220411  0.19925873451930162
  0.20985325901856522  0.22044753681595070  0.23102995435170773  0.24158789678608322
  0.25213379296342597  0.26265441784439025  0.27316678645256787  0.28366523828428769
  0.29415600166010536  0.30458702519024200  0.31508590403180714  0.32561513710437479
  0.33620316625016528  0.34674769459099425  0.35728136156829693  0.36781987546174627
  0.37829519753819413  0.38876624951338035  0.39925848941830816  0.40983011828995153
  0.42037275978527627  0.43087597853879056  0.44140151552338919  0.45192726155690305
  0.46250753495512437  0.47309446780557696  0.48368563379700508  0.49425307919191253
  0.50476193170863681  0.51528504812245179  0.52578194831582248  0.53633182395649037
  0.54687919893772086  0.55745290522430213  0.56795826503567792  0.57847328629190153
  0.58895434600872620  0.59944797394977256  0.60992477556915914  0.62038954234478105
  0.63086622728227193  0.64136028720866778  0.65186327211829054  0.66237568341254827
  0.67291053032278070  0.68347408808218313  0.69402006572687303  0.70453233095311418
  0.71506190488087862  0.72561134856059917  0.73621890246422195  0.74683587857596834
  0.75744642185791811  0.76799307275583539  0.77849763507096392  0.78900824995315888
  0.79957922255700109  0.81015217737646317  0.82070506315269010  0.83120398880345148
  0.84171810295524740  0.85227016012327561  0.86281749712279454  0.87333833318851295
  0.88384721696490764  0.89437634584413184  0.90487306744252494  0.91537988593382380
  0.92590285595151356  0.93649353347066100  0.94709448041632605  0.95764885117312515
  0.96818038282091290  0.97871560423076109  0.98933352150607190  1.00000000000000000
 -0.00250769310099016  0.00944040426894737  0.01959874127969391  0.03014162017438912
  0.04068228059490759  0.05120896751791429  0.06173169585788178  0.07224713957771389
  0.08275289866902591  0.09320928151392416  0.10373806553950217  0.11427063250813584
  0.12484158996609328  0.13536229005721107  0.14589084031446564  0.15646914272234597
  0.16702555677164191  0.17756766118392853  0.18809818209951679  0.19869359807278503
  0.20926960996842178  0.21982864755891976  0.23030405948084984  0.24080326826129392
  0.25129727595783213  0.26183151002336419  0.27237479037775925  0.28291648653055174
  0.29346521735874670  0.30397901192290472  0.31445517109630877  0.32492693715064108
  0.33545864005355602  0.34598989292316973  0.35651880194322699  0.36700922847974660
  0.37752415614962259  0.38805802234450404  0.39861035278647944  0.40919756996526369
  0.41979683114120647  0.43036999524819614  0.44091821796733227  0.45140608715557806
  0.46192326304158859  0.47243094130298779  0.48298259992824416  0.49348425014693992
  0.50400831091845877  0.51455534321639962  0.52513005617316588  0.53575996980422846
  0.54636807932187259  0.55699374570828308  0.56750787165462879  0.57802859519275751
  0.58852289745008834  0.59906026962387116  0.60961009058952287  0.62015943957635022
  0.63069562320045736  0.64120232183805381  0.65173919364000732  0.66228638720756516
  0.67284967411668617  0.68343437446047706  0.69406384492497508  0.70468118031021287
  0.71528241957792049  0.72580952433772161  0.73634481256114892  0.74684852095441023
  0.75733988103613503  0.76785907181251156  0.77835437381115313  0.78887418776610108
  0.79941049909015149  0.81004353027497777  0.82070419586665710  0.83134584362750730
  0.84188701659396992  0.85246595748449061  0.86304087792760575  0.87364691375695747
  0.88419154786952348  0.89467132992054688  0.90512733229383613  0.91562699276412152
  0.92611703816309165  0.93661479627323041  0.94709900404230485  0.95759227848316986
  0.96811660493779972  0.97868839277499886  0.98932572380846817  1.00000000000000000
 -0.00245634443793840  0.00979282313510841  0.02004868922421591  0.03062435954278320
  0.04123069522219763  0.05181749450667967  0.06238909406020682  0.07296964071470478
  0.08356589979587521  0.09411053651519542  0.10461311289915660  0.11504329831224851
  0.12550143678137857  0.13596802539335293  0.14641231619615450  0.15685061832708233
  0.16726877454056110  0.17777764174482469  0.18832011777727817  0.19890263103144232
  0.20950585246925305  0.22005313797493875  0.23058186357524540  0.24107956641313727
  0.25162664016732456  0.26214584646227024  0.27268361968319749  0.28320803765571345
  0.29374804309668517  0.30426383980913169  0.31479274758177483  0.32534519267972800
  0.33588746980241202  0.34643698807353818  0.35693366773275059  0.36747565373709284
  0.37804523581037497  0.38864291004298362  0.39921027631983586  0.40979914564862607
  0.42038647612045099  0.43095886866443800  0.44146453411760972  0.45197960968403111
  0.46248119979571661  0.47302202721636111  0.48358404027466861  0.49421912570320392
  0.50480866206594510  0.51537533289710680  0.52592356866350765  0.53650665357089034
  0.54713807576966167  0.55773919752602441  0.56830597090648338  0.57884306982386358
  0.58939241345665327  0.59995055394619923  0.61049861752795598  0.62102179699690918
  0.63154960827061279  0.64207660623979257  0.65261949339553715  0.66319722173826401
  0.67376638958641344  0.68432163654685696  0.69481198475009542  0.70531707284950274
  0.71582014768799951  0.72632891800060673  0.73684699891148220  0.74735373558887097
  0.75789919007257667  0.76842875770355346  0.77903888601164406  0.78960206801201471
  0.80016258515207228  0.81068721835110613  0.82125584908510940  0.83183075063266310
  0.84239420500381712  0.85293082446797253  0.86342379712525985  0.87389279091715055
  0.88439980303821608  0.89493850534834685  0.90547339762572909  0.91601871113251443
  0.92659411212920273  0.93715216828179682  0.94766154538589442  0.95812183209103008
  0.96857427613872882  0.97900534268317463  0.98948801832905331  1.00000000000000000
   2.1404165493511025E-016  -1.0000000000000000     
 F F F F F F F F F F F F F F F F F F F F F F F F F F F F F F F F F F F F F F F F F F F F F F F F F F F F F F F F F F F F F F F F F F F F F F F F F F F F F F F F F F F F F F F F F F F F F F F F F F F F F F F F F F F F F F F F F F F F F F F F F F F F F F F F
  <DiscreteSampler_grid>
  grouped_processes
  1 # 1 for a reference and 2 for a running grid.
  10 # Attribute 'min_bin_probing_points' of the grid.
  1 # Attribute 'grid_mode' of the grid. 1=='default',2=='initialization'
  0.0000000000000000 # Attribute 'small_contrib_threshold' of the grid.
  0.5000000000000000 # Attribute 'damping_power' of the grid.
 # binID   n_entries weight   weight_sqr   abs_weight
    10   10   2.856166323479126E-002   1.774955676639356E-003   2.856166323479126E-002
    11   10   2.856166323479121E-002   1.774955676639345E-003   2.856166323479121E-002
  </DiscreteSampler_grid>
