  0.00955880430418865  0.01551578123837571  0.02475152224997589  0.03554046956297727
  0.04592859835564005  0.05633220886309053  0.06672595882184343  0.07710736240195261
  0.08749777813164680  0.09788519524577632  0.10826226305929537  0.11861846485799259
  0.12899894138283585  0.13937702282346170  0.14975843868991739  0.16013489822762955
  0.17050931103573902  0.18088096888881211  0.19124792118586553  0.20161214946606484
  0.21198725206803326  0.22236094952146820  0.23273968593368455  0.24312521747430302
  0.25351492949087551  0.26389189730882290  0.27426572662288484  0.28463024568335948
  0.29500510952730008  0.30538689630896804  0.31577685641643938  0.32616118211600420
  0.33654016374446721  0.34693371335692141  0.35732818838113356  0.36773225696294154
  0.37812375996278130  0.38853767857417776  0.39895132390232196  0.40936303318938155
  0.41976510324283506  0.43015936824048978  0.44056094362583975  0.45095763792540255
  0.46135757834116425  0.47174991010821071  0.48213597233118166  0.49250718532038784
  0.50287227771876464  0.51323285354050174  0.52359628109074430  0.53395926630755763
  0.54433389665290799  0.55471994664477520  0.56511838821102012  0.57552349805538683
  0.58592532890996629  0.59632340892776370  0.60672288818814901  0.61711935699539000
  0.62750743660374220  0.63789491790705877  0.64828889861817163  0.65868315597801164
  0.66906457656011042  0.67943600823540373  0.68980497124144768  0.70018052329372971
  0.71057490514240229  0.72098703463958991  0.73140331028807515  0.74179807170457379
  0.75216771215480160  0.76252306290596772  0.77289575766486140  0.78328891373998699
  0.79369032763983849  0.80406867731415610  0.81442970619281208  0.82478913298023149
  0.83516562409905304  0.84555459736812977  0.85595458432850802  0.86634300298317446
  0.87673892996182812  0.88713385364426667  0.89754772683544159  0.90796003219997057
  0.91836291209149534  0.92874564532873183  0.93911380075702255  0.94948159228093787
  0.95985997071601470  0.97021573456993182  0.98055816756592218  1.00000000000000000
  0.00953779679262342  0.01555936638747037  0.02481491122215283  0.03558497017786177
  0.04593542998166137  0.05631560325937147  0.06671427565354891  0.07710023764849061
  0.08748250089179543  0.09785768915025661  0.10824390184405978  0.11863048625724297
  0.12899329255248537  0.13935318811407627  0.14972486925562481  0.16011471544341754
  0.17051669441330453  0.18091147261998242  0.19129852109191831  0.20166486547661377
  0.21202249333295023  0.22240598561457495  0.23279351616280630  0.24319096511175237
  0.25356702052970043  0.26396257943250112  0.27435239008007123  0.28473708196793934
  0.29512657914436607  0.30551936188008655  0.31592296586294644  0.32631962946110182
  0.33671843237212418  0.34712688555551979  0.35752812879537610  0.36791579429287546
  0.37829002854968574  0.38866259859472579  0.39905502665495318  0.40946029208126400
  0.41986192671991185  0.43023757636498139  0.44060667339660625  0.45098629533393192
  0.46138764375237590  0.47178044412379122  0.48216159045493789  0.49253705374193157
  0.50291874672603565  0.51329919626104481  0.52367082911668716  0.53403968719612027
  0.54441523386748436  0.55479867321459764  0.56518716945466418  0.57558251236850533
  0.58599132028706735  0.59640764058505458  0.60682672572570662  0.61725005977289016
  0.62766755235413874  0.63807331886068308  0.64845051327548020  0.65880214544580951
  0.66915337640182060  0.67952316538516311  0.68991922251663806  0.70030818407985485
  0.71067357064411296  0.72101663188056520  0.73134777533191075  0.74168556576309863
  0.75203950937849140  0.76240981916985628  0.77279478451797479  0.78317905908294427
  0.79355922555430813  0.80393249357550156  0.81431515619718786  0.82471498775733387
  0.83511438760031764  0.84550862857684905  0.85590201505770125  0.86630199262523111
  0.87669130497681624  0.88707780308338935  0.89745855039424316  0.90784530319489054
  0.91822829612690415  0.92861705788568016  0.93899748906846825  0.94938614860927584
  0.95977490391705578  0.97015902197368409  0.98053006853882185  1.00000000000000000
 -0.00229333955691793  0.00997220557689085  0.02026044710605346  0.03082966303288178
  0.04137820391424627  0.05194844169967597  0.06248129111479991  0.07301451162804007
  0.08352270562654204  0.09406453888378283  0.10458894438015734  0.11510540137584326
  0.12562282073870049  0.13615580339406838  0.14670283039668491  0.15723700223892886
  0.16775518307695184  0.17826572947838762  0.18878712548878390  0.19934600611523726
  0.20991201582236393  0.22046753148163137  0.23103509540754791  0.24158160848319910
  0.25212127007429608  0.26262644946090102  0.27313739331373305  0.28367380192229508
  0.29423575249928180  0.30481484352210669  0.31536465784491469  0.32589797141687837
  0.33642485588408799  0.34695408274747069  0.35747254671517786  0.36797011005228186
  0.37846590614782072  0.38898338200237886  0.39952831657731364  0.41007605601278169
  0.42061748270137500  0.43114382282782543  0.44168137184463535  0.45221913924136636
  0.46278169938633390  0.47332515830835997  0.48386951298536757  0.49440771928058208
  0.50495226133591087  0.51547785297060078  0.52601885709690466  0.53658871578803347
  0.54717056182458690  0.55770275388424118  0.56818482250178615  0.57867741471484169
  0.58919667208582438  0.59974651180564054  0.61026213939263085  0.62077073272637640
  0.63128510387673675  0.64183890505464480  0.65239192144618396  0.66292885298219395
  0.67343243269928466  0.68394463987949661  0.69448889148113435  0.70505020230072757
  0.71558529845639518  0.72609850745122484  0.73660288211152036  0.74713741102828068
  0.75766090300612354  0.76822121199649140  0.77874509099436817  0.78928788711321063
  0.79981824931124612  0.81039957141589170  0.82094777873976632  0.83149176179026341
  0.84201067539402352  0.85255227016308055  0.86307184792189362  0.87359328341945286
  0.88412990457823670  0.89468389285331362  0.90524643556758855  0.91577430268526727
  0.92628643528672505  0.93679232863270501  0.94730840255957971  0.95783118107862864
  0.96835084156182583  0.97889552099160493  0.98944527774476909  1.00000000000000000
 -0.00241653855509220  0.00969326120455746  0.01989581466261203  0.03042714504106972
  0.04097715725763852  0.05153306824304618  0.06209289269119898  0.07263541672039175
  0.08315815975849994  0.09368268352859817  0.10421451767641086  0.11476172344232036
  0.12529744652772079  0.13583132328482855  0.14635859829704942  0.15691527130881758
  0.16746344448271003  0.17800404751259774  0.18852722673872022  0.19903920847932108
  0.20954649147738610  0.22005991556256099  0.23057062311726087  0.24108139186968977
  0.25158495722208629  0.26210743149181015  0.27263691425347275  0.28317383204003371
  0.29371337661568642  0.30422729888285194  0.31475417890050966  0.32529897632382809
  0.33587473684195002  0.34642999236095218  0.35696357785090244  0.36747413950950558
  0.37798044219486782  0.38848943574012923  0.39901006553068097  0.40950677864901774
  0.42001528089203566  0.43053896765080291  0.44110642778824338  0.45166597156901389
  0.46222725056512026  0.47279653740978861  0.48337374374688197  0.49395772072345145
  0.50450615207873784  0.51505225768482521  0.52557644175298213  0.53610607728251458
  0.54663412164591862  0.55718070473577397  0.56773783524103916  0.57826786468361380
  0.58879212836272765  0.59934900665503066  0.60993271420251294  0.62052407110545038
  0.63109764102109911  0.64166551237568736  0.65221694508448391  0.66274634853945635
  0.67327934619171992  0.68382304288287643  0.69437705803043637  0.70493143560815896
  0.71548012632180880  0.72603568086217662  0.73657955194999958  0.74714562559687392
  0.75770901831783188  0.76828175965020717  0.77883976944279254  0.78938220562150008
  0.79993241974247231  0.81046623263186035  0.82102538134998526  0.83157557445393815
  0.84213034050291224  0.85266234501727178  0.86317501139195330  0.87369116828274063
  0.88421810243467147  0.89476452495754100  0.90530467654987234  0.91581929518558669
  0.92634958639647214  0.93687173464665940  0.94741515755907435  0.95792499988678248
  0.96845040136103222  0.97895987923852379  0.98948431444800822  1.00000000000000000
 -0.00242809266103479  0.00957505526148907  0.01977209746162420  0.03033477907380607
  0.04090117278355834  0.05145761514626020  0.06202230928127165  0.07260279945509797
  0.08317954725271444  0.09374241421461006  0.10431552483026600  0.11488816712516361
  0.12543845684773519  0.13595404840367309  0.14645345750594263  0.15697249788517800
  0.16750768137003527  0.17805736486195844  0.18857701892745346  0.19911894450973810
  0.20963701068008858  0.22018387758394042  0.23072468745959471  0.24128008584859417
  0.25182966052817468  0.26235439944543804  0.27288682535631481  0.28343549602424389
  0.29400166540440353  0.30455617969647525  0.31508469783053800  0.32561109553415218
  0.33611871935808724  0.34665163674902377  0.35719041420429037  0.36776696909017964
  0.37834992341017687  0.38891669512449240  0.39948748916803806  0.41002601674246575
  0.42058535704293093  0.43110311550784430  0.44163147190248037  0.45213654397015451
  0.46266971000189361  0.47319577221726683  0.48371444740194602  0.49423417591838631
  0.50473862931794433  0.51527850926294105  0.52581696035295145  0.53637667972225200
  0.54693529759684245  0.55747061965051081  0.56800048754247456  0.57851695090426714
  0.58908224278451748  0.59964021782450261  0.61021280725579485  0.62074882303319778
  0.63129163706185931  0.64182530197244902  0.65235565945360496  0.66287628579276348
  0.67337305849468110  0.68388826137281045  0.69442897992528740  0.70500869753451045
  0.71552732292605181  0.72605085464500951  0.73653932544748490  0.74710126956322209
  0.75765297430357692  0.76820868838495271  0.77873904075450406  0.78927410390464958
  0.79981452769732153  0.81034415483364097  0.82085700273675810  0.83135945155780488
  0.84184410280970379  0.85233932767455145  0.86285046084795047  0.87340587682441295
  0.88395165619447902  0.89449520008962025  0.90505542901623970  0.91563229509919730
  0.92620520787413851  0.93673892257506175  0.94726363515643031  0.95778993987302541
  0.96833168731018304  0.97887745746956789  0.98943605081497399  1.00000000000000000
 -0.00240111562083523  0.00972563704381253  0.01994067339230938  0.03048999244854938
  0.04105157875076688  0.05160944550774069  0.06213682471107144  0.07266281004783220
  0.08319857333384885  0.09377129613196188  0.10431639423720601  0.11484983078419635
  0.12539180843385433  0.13595476769259257  0.14651059014103915  0.15704384942018340
  0.16755539375729298  0.17808665751747871  0.18860404107526960  0.19913131561905603
  0.20965964006029006  0.22018223307821386  0.23071998070769911  0.24123541397645484
  0.25176309209612097  0.26230833737475662  0.27287296468793848  0.28345851295442887
  0.29404038168589486  0.30460820752084278  0.31516131605461767  0.32570921144398896
  0.33623820120738740  0.34676765872299981  0.35728009659800003  0.36780980812249148
  0.37833320026270295  0.38886548976659996  0.39939898743742330  0.40992441854632899
  0.42044546423642992  0.43097089151978507  0.44151052197544316  0.45203504043698273
  0.46254727074241286  0.47303465520205595  0.48355025259190915  0.49408387825528910
  0.50464700671220741  0.51520444719149849  0.52574676838289691  0.53629578557926971
  0.54683843881758876  0.55740246105173064  0.56793175571849563  0.57843756066232432
  0.58896544507414261  0.59950273219168093  0.61005191140929371  0.62058260644380359
  0.63113972976303545  0.64170369781495706  0.65223733449404775  0.66275500640656870
  0.67326669471959233  0.68379955324568320  0.69432719721782044  0.70484480041882014
  0.71533566366611612  0.72584333332846640  0.73636450754516669  0.74692446086763564
  0.75747552740407786  0.76804421407426227  0.77858864905190384  0.78915133798642889
  0.79969830100201755  0.81025202743452207  0.82076583910028644  0.83127493519159368
  0.84177746925660069  0.85229388972465081  0.86281772200923967  0.87334794010083461
  0.88390531962577690  0.89445792095711762  0.90503812251792393  0.91559654829623160
  0.92616520489178855  0.93670660740046530  0.94726533367897370  0.95782581066917349
  0.96841434554204475  0.97896791705303876  0.98950246826748467  1.00000000000000000
 -0.00228311403741752  0.00959659737513509  0.01974728611437385  0.03024463892399891
  0.04078886864574177  0.05135812233713857  0.06193123383749503  0.07246485439542692
  0.08299266865207577  0.09354312881685016  0.10411047972818131  0.11467116535742738
  0.12520509652473327  0.13574184351786700  0.14628115219464846  0.15679520722738877
  0.16732348862534208  0.17784689057156602  0.18837222153375244  0.19890255315704569
  0.20945200201636952  0.22003200235396247  0.23059195834793833  0.24113527682663882
  0.25167781644349441  0.26221777450353329  0.27276229123948198  0.28328140536577046
  0.29380800937643875  0.30433179896211993  0.31486897700537908  0.32540489195830730
  0.33594687472382889  0.34649254620003433  0.35705315590326853  0.36760515309527975
  0.37816404257948349  0.38872138342579926  0.39927323938457854  0.40981729145116269
  0.42034808479794056  0.43089264815140760  0.44142667116323597  0.45197197631642272
  0.46252318788219476  0.47307056280154086  0.48361754443909727  0.49414731253270577
  0.50468808730541248  0.51521139049535536  0.52573216284651414  0.53624708933160126
  0.54676805775562909  0.55731721189615124  0.56787430471353562  0.57843915550286695
  0.58897852138211437  0.59952084379276116  0.61007376856181295  0.62062794830770474
  0.63117054388060312  0.64168839710447312  0.65222046548815960  0.66272979451498304
  0.67323853675548029  0.68374458607002031  0.69430067306668042  0.70485364008507445
  0.71538667013111423  0.72589681362674330  0.73641803380122894  0.74695308174073105
  0.75747544978479797  0.76798720243762375  0.77850978896684508  0.78904944748588257
  0.79959394834307485  0.81012685806857021  0.82064001032058898  0.83117461918144220
  0.84173148113091145  0.85231458354386103  0.86285550376567233  0.87336626910395188
  0.88388041511782134  0.89441987707612602  0.90499958129397373  0.91559614313419924
  0.92621303663841947  0.93679838084721723  0.94734927665779123  0.95786747334235878
  0.96838115901065558  0.97891029177493016  0.98945055726234854  1.00000000000000000
 -0.00243160437763318  0.00961986828844434  0.01981118817049644  0.03033253169285176
  0.04086870233280489  0.05137601533669298  0.06190760547007505  0.07244826404595582
  0.08304569184269199  0.09363707546897715  0.10421621785167491  0.11476684378798709
  0.12529322388520894  0.13583597132994990  0.14638156974221897  0.15693107662579314
  0.16747204935149596  0.17798368443261403  0.18849279363193447  0.19900196596643246
  0.20954026443965229  0.22007744728518627  0.23061752790148554  0.24115382569046331
  0.25169037120949228  0.26222988729471969  0.27274356529764271  0.28324071098867487
  0.29374425141821753  0.30427999916795456  0.31483546040851995  0.32538647330607706
  0.33594913677559474  0.34651457442868705  0.35708300657013270  0.36765900421154607
  0.37825164557041629  0.38883665479443663  0.39939247914155512  0.40993523970459977
  0.42047507145733126  0.43100859355788751  0.44153188027141937  0.45204850794099027
  0.46256325065356951  0.47307898852482977  0.48361335011932999  0.49414519436450594
  0.50469527647024870  0.51523194161227115  0.52577593968422209  0.53629242033546853
  0.54678534614937369  0.55730658427718049  0.56781902523415850  0.57837073450605814
  0.58888539956428720  0.59942847930612253  0.60993467606948903  0.62047243675607522
  0.63101464114669781  0.64158797012450952  0.65214225593740116  0.66267308076455789
  0.67320267166170200  0.68374397617216576  0.69426996590882095  0.70478369496897775
  0.71529748696750051  0.72585841955785813  0.73642275962472814  0.74699993606856430
  0.75756717887484459  0.76813280657614091  0.77868022633479950  0.78921786437537766
  0.79975156267659886  0.81028965320653001  0.82082346611858059  0.83138868969757196
  0.84194641923147462  0.85251265126904419  0.86305916264217830  0.87359736360789997
  0.88413771665306484  0.89466550681570678  0.90521105199040641  0.91574611171120690
  0.92629388627633469  0.93680890372977155  0.94734780760323656  0.95786023635483919
  0.96839498617301256  0.97891555661554819  0.98945695339346984  1.00000000000000000
   1.5446832672522079E-002  -1.0000000000000000     
 F F F F F F F F F F F F F F F F F F F F F F F F F F F F F F F F F F F F F F F F F F F F F F F F F F F F F F F F F F F F F F F F F F F F F F F F F F F F F F F F F F F F F F F F F F F F F F F F F F F F F F F F F F F F F F F F F F F F F F F F F F F F F F F F
  <DiscreteSampler_grid>
  grouped_processes
  1 # 1 for a reference and 2 for a running grid.
  10 # Attribute 'min_bin_probing_points' of the grid.
  1 # Attribute 'grid_mode' of the grid. 1=='default',2=='initialization'
  0.0000000000000000 # Attribute 'small_contrib_threshold' of the grid.
  0.5000000000000000 # Attribute 'damping_power' of the grid.
 # binID   n_entries weight   weight_sqr   abs_weight
    10   10   2.961465143736111E+013   1.613495522856016E+027   2.961465143736111E+013
    11   10   2.961465143736110E+013   1.613495522856015E+027   2.961465143736110E+013
  </DiscreteSampler_grid>
