  0.00952919189228932  0.01579369847727153  0.02494629116209018  0.03573925257953069
  0.04609408008633838  0.05646820537134595  0.06684925248539692  0.07723449123597417
  0.08762615289233738  0.09802980248770959  0.10841512060384530  0.11879907637130663
  0.12919467031060031  0.13959858155214383  0.14999700827398008  0.16037532596104098
  0.17074957336006749  0.18113833073760344  0.19153063597075540  0.20193764273466200
  0.21232884045760950  0.22273318531058164  0.23311898217253330  0.24351433956377194
  0.25389403194505605  0.26428951575820292  0.27467546761040440  0.28505241306263285
  0.29542315518663564  0.30578399040714627  0.31614456540477770  0.32648925550903707
  0.33685059505476328  0.34722739926881296  0.35763786252020152  0.36804343321092609
  0.37842801210882576  0.38879911609119028  0.39917298840918675  0.40955507208440761
  0.41993047723902432  0.43030156217790905  0.44068760273658109  0.45107895201271031
  0.46146819998722699  0.47184958685002543  0.48222776560904762  0.49261752566473016
  0.50300534881792658  0.51339853111410694  0.52379155493822327  0.53419519415970684
  0.54460863423303429  0.55502484611077341  0.56543034732040720  0.57582085485302514
  0.58620917862189204  0.59661075268189157  0.60701904406635643  0.61741283483686848
  0.62778316518811206  0.63814157624454138  0.64850958615842813  0.65889022440998568
  0.66927767469188459  0.67966607237030874  0.69005272200997747  0.70044011119893623
  0.71082580309012944  0.72120710072953109  0.73157276618004963  0.74192442009024129
  0.75226325508677072  0.76260069083829063  0.77294869539716982  0.78331431082018055
  0.79369256367046437  0.80407757967948401  0.81446904612387527  0.82486142456218270
  0.83523347263817749  0.84558753208620596  0.85594657785491990  0.86633375510930322
  0.87672130051424457  0.88709628925138584  0.89745793730964285  0.90783318899369081
  0.91821540203238572  0.92861141513346090  0.93901994525448262  0.94942098881710679
  0.95983054573645221  0.97019138576040520  0.98057013093810375  1.00000000000000000
  0.00955703574678092  0.01551684869617211  0.02474067437460554  0.03553626307451422
  0.04591086191025219  0.05630762064044578  0.06670880857998199  0.07709332645333644
  0.08748465627395702  0.09785938980622851  0.10822660275856788  0.11858737867238194
  0.12894914270182756  0.13934192270594301  0.14974688221369384  0.16015301062450843
  0.17056039164259443  0.18097173068012989  0.19136443990124224  0.20172679008504174
  0.21206658503432352  0.22241066011028657  0.23276077126641928  0.24313239513143184
  0.25352511362301222  0.26392282329808325  0.27432968176906464  0.28472184742152323
  0.29511462979233288  0.30548423597127083  0.31585334647595276  0.32624173386976191
  0.33664987825264531  0.34707738279285105  0.35748684982334844  0.36789969382322718
  0.37831109671021262  0.38871528928744464  0.39909733233470274  0.40946761633200618
  0.41985027120609170  0.43023758958673936  0.44062786298475654  0.45100299294877028
  0.46137549700005992  0.47174445960471290  0.48213622457184502  0.49253231946306292
  0.50293230533428301  0.51331515454341925  0.52370835063175425  0.53410584509868075
  0.54448204204204553  0.55482983425779908  0.56516412898626922  0.57551838518780085
  0.58588407806492071  0.59625503097392973  0.60662674199960587  0.61699158873648841
  0.62735079734865307  0.63772058742783788  0.64811996846517739  0.65854039276877185
  0.66895715268584688  0.67935876870453316  0.68975360180287115  0.70013666607589231
  0.71051634750547077  0.72090045030201733  0.73128729332530829  0.74167200811134493
  0.75204406599542239  0.76241638204021500  0.77279990995711556  0.78318427126263057
  0.79355961500906869  0.80393849710947585  0.81431117227320349  0.82470401682364669
  0.83508901191452778  0.84547916941489976  0.85586062318417233  0.86623734832512589
  0.87662164382955576  0.88701570054792545  0.89743556723092566  0.90787106787111260
  0.91828396778208299  0.92866216665205847  0.93901110476941452  0.94939268147444378
  0.95979011589450147  0.97017914074320755  0.98053603197220340  1.00000000000000000
 -0.00243259198394085  0.00946553442315854  0.01959877801091025  0.03009817925906658
  0.04062135654012373  0.05114150910453723  0.06167484474775858  0.07221647951633756
  0.08276188505197909  0.09328996347301621  0.10383111618410766  0.11437743464833700
  0.12494116856557087  0.13551678775230003  0.14607522514615806  0.15661789325939177
  0.16715374921105894  0.17769792802395096  0.18823315837128143  0.19874112106054634
  0.20923580641011102  0.21976909453867047  0.23032902126455698  0.24091957123870253
  0.25148562608600156  0.26204540771310486  0.27258996139011110  0.28312347553176831
  0.29366883903947094  0.30420162125544165  0.31474270739498422  0.32525026601647089
  0.33578260759979228  0.34631517074761237  0.35686919855300192  0.36742019839354795
  0.37797830438258506  0.38853852725959653  0.39912199494091799  0.40968596602247481
  0.42026324985128877  0.43083199666645156  0.44137181650095725  0.45190471486446077
  0.46241786179154903  0.47294452622993954  0.48346833500361985  0.49396846077773443
  0.50450092150926740  0.51502653333716941  0.52560691331564968  0.53619643562242603
  0.54678233715896152  0.55732208284104301  0.56783020341278112  0.57836247329614687
  0.58890389012699496  0.59946346482818547  0.61000748314491282  0.62057691454721775
  0.63112832866969815  0.64168094606933634  0.65222330775187476  0.66276466581524318
  0.67330302566599520  0.68383002897754874  0.69438008758818415  0.70492309758880367
  0.71550162807475359  0.72605411829930211  0.73660097276056002  0.74708019283042548
  0.75759159255037778  0.76810328931012650  0.77865848106823254  0.78917902084776448
  0.79972899577927314  0.81026447229878340  0.82081624649579654  0.83133649354121664
  0.84187020688101355  0.85240570352274392  0.86294382718254070  0.87348972750581011
  0.88404454349582662  0.89461197153168348  0.90516627071853251  0.91569606799693026
  0.92623236033507372  0.93675830780527758  0.94730633977688816  0.95784171448744870
  0.96838694307045392  0.97891926163659670  0.98945942448409019  1.00000000000000000
 -0.00248413157876306  0.00949648252866307  0.01963983326129647  0.03013876609636985
  0.04066321074150601  0.05120855616060489  0.06178770973244751  0.07236653369221402
  0.08293339174450874  0.09347255531177817  0.10400007288495243  0.11454969130581433
  0.12512078176953725  0.13570955989009109  0.14625321412376044  0.15677076021723910
  0.16727244130306876  0.17780723404604923  0.18832136465855290  0.19885189983360621
  0.20938640852662721  0.21994005010835591  0.23047874735988966  0.24102603894010893
  0.25157655549002866  0.26210615562887518  0.27260787427466965  0.28309953197438059
  0.29360542644938109  0.30411020360618318  0.31463031142254066  0.32516811603960183
  0.33569755393177259  0.34623824667482023  0.35679716535360362  0.36738987930125222
  0.37798087887820775  0.38854386005230473  0.39909681565953364  0.40963959526756399
  0.42017601080191913  0.43070950564220262  0.44123877051189159  0.45177340418603817
  0.46230725999467642  0.47284592918234158  0.48338243246144791  0.49392381294742760
  0.50448225332748120  0.51504765422950738  0.52560088937501648  0.53613060149081948
  0.54666101607677020  0.55720747820723571  0.56775954703740816  0.57829972901436733
  0.58882318819000357  0.59935965032452132  0.60986778670305075  0.62040737087667053
  0.63093875611696904  0.64151701793400795  0.65207987652256794  0.66264062089181963
  0.67319262706309990  0.68374024196372318  0.69427818751917370  0.70481117212175670
  0.71531886745018369  0.72582429040380769  0.73630441417749448  0.74682043107926621
  0.75735560598633855  0.76792452387528654  0.77848841478284014  0.78904736937498920
  0.79963477379308012  0.81022341686067068  0.82081936532573097  0.83137147826031821
  0.84190077545483066  0.85245507941878862  0.86301286164345448  0.87358633893946480
  0.88411869368285978  0.89464897239379571  0.90516628376626451  0.91567674851229786
  0.92620300742749762  0.93672480432256156  0.94723294437165395  0.95775686522026182
  0.96831958486084235  0.97889636220247145  0.98946119562973400  1.00000000000000000
 -0.00216142423661733  0.00965520140947556  0.01984515037712222  0.03038399817249925
  0.04092674520746472  0.05144036897788648  0.06194726215491776  0.07247151050265468
  0.08301329374661548  0.09357712171789850  0.10414028892289562  0.11470636111046002
  0.12525790323019778  0.13581134273215481  0.14636960078100208  0.15691429985666108
  0.16744753321865555  0.17795053967022698  0.18846002121033500  0.19898790049115433
  0.20954096546966244  0.22008217576713907  0.23061211960668007  0.24113412559461234
  0.25168772532298173  0.26224336055093267  0.27280324044044191  0.28335415456822982
  0.29390965472123731  0.30447673424596444  0.31502577744815052  0.32557556541374028
  0.33608311182073086  0.34660886566074339  0.35712065231985168  0.36767632311143761
  0.37821047861034590  0.38874696551512744  0.39929687628620153  0.40984455466804132
  0.42039010044859815  0.43092145751897121  0.44148458035966182  0.45204779247132348
  0.46258738858705245  0.47311417416190382  0.48366052276557853  0.49421297658662111
  0.50478632192375417  0.51532048791690555  0.52587261779536254  0.53640563274267716
  0.54693960636531147  0.55749772598233860  0.56805230460170519  0.57862452681814114
  0.58914386905792338  0.59967021883605576  0.61020142158750601  0.62074859380890002
  0.63127820250904321  0.64178659190378395  0.65228888506491478  0.66278801414696742
  0.67331035149515339  0.68385511118425435  0.69440435634673137  0.70494575905668244
  0.71547929755393014  0.72601888299382067  0.73657391619305257  0.74711404645905333
  0.75767110679614735  0.76821450658894708  0.77876691553333210  0.78929135003458151
  0.79981912781999309  0.81033520641647239  0.82085905495186273  0.83140124385382719
  0.84195657006656832  0.85252184761416849  0.86309324693653156  0.87365923180375460
  0.88421716885699964  0.89474944910542420  0.90526349867613010  0.91575338137297624
  0.92625881369455787  0.93679720965364077  0.94736872955443774  0.95791433186890196
  0.96843117049802496  0.97895499545461784  0.98947671128153536  1.00000000000000000
 -0.00245952595134756  0.00958235517555201  0.01977115445473287  0.03029545127588648
  0.04086640132275501  0.05141212581440931  0.06194735865663408  0.07245153833760577
  0.08297271296267306  0.09349035148369629  0.10401099998048105  0.11451899279443729
  0.12506505956754158  0.13562649245570954  0.14620103311805427  0.15674103808989448
  0.16728107941856660  0.17782503448207204  0.18838982488457970  0.19896403070490060
  0.20953880261410721  0.22010217031809354  0.23063487846847300  0.24115837704497434
  0.25167499966038825  0.26219023014535420  0.27270641206462981  0.28319958794118116
  0.29369559701050552  0.30419887090989572  0.31474495487083787  0.32528709420530200
  0.33583428607305787  0.34638590660357887  0.35697710385882353  0.36756207823723397
  0.37814317939473158  0.38871591729411348  0.39926614840143609  0.40980735552932773
  0.42032664665097774  0.43086819860016934  0.44138783393760517  0.45193912586556251
  0.46248560003390321  0.47304430034367501  0.48357206627634264  0.49409567678420840
  0.50460523818191483  0.51513185756087587  0.52568117366668354  0.53625326933565765
  0.54680681804137543  0.55733889785600521  0.56787806505158400  0.57840002076284436
  0.58893775500968382  0.59947649574103457  0.61006131805049324  0.62063802392534295
  0.63120360718431134  0.64174429095959939  0.65227291462240466  0.66279238916931982
  0.67332106235743727  0.68386757118557973  0.69440862485694066  0.70494517837905069
  0.71545755209411577  0.72598822466658541  0.73652139371586567  0.74708510187487109
  0.75764962602063357  0.76818923511166470  0.77871170772324338  0.78921477537512286
  0.79975579554828302  0.81028228036560312  0.82081393763197075  0.83131393034364920
  0.84183227588666931  0.85235149196468940  0.86288468115228867  0.87341872526315667
  0.88394971207460926  0.89451428750309347  0.90507610318155018  0.91563868499808410
  0.92616623801280262  0.93670335173990882  0.94726774365486999  0.95782450177895384
  0.96838351373130838  0.97893519502287107  0.98947531960611690  1.00000000000000000
 -0.00254309257941907  0.00946131813542188  0.01961157090949862  0.03009399233790247
  0.04063921140009059  0.05119912703885224  0.06174619333916156  0.07228554085645227
  0.08281322192949413  0.09337541180209974  0.10392919955053485  0.11450305945326655
  0.12503455728951757  0.13558248516434213  0.14611072699556113  0.15666835027523629
  0.16722171019599574  0.17777722464137155  0.18831091368988950  0.19885019975151202
  0.20939188340636744  0.21994836628021577  0.23051251112718035  0.24106207080135891
  0.25161211293991570  0.26213572148377934  0.27268542916933158  0.28326267759331686
  0.29385984211052635  0.30443828257118882  0.31496849100725144  0.32548176260747985
  0.33598851467032115  0.34650402850914330  0.35703361475755413  0.36756410476491719
  0.37811979987297611  0.38864942649071721  0.39917651472905208  0.40969552768478923
  0.42022276628395056  0.43075239006338323  0.44128083815952923  0.45181153893187215
  0.46237477298064006  0.47292095226174974  0.48347763677251848  0.49400891612541736
  0.50454040765391683  0.51505810837111210  0.52556510217477570  0.53607595788948448
  0.54658591319530381  0.55710118657861385  0.56762212594926575  0.57816302785325147
  0.58868626436695193  0.59922469176079896  0.60976021263291136  0.62032798115694276
  0.63087956043952165  0.64143982948451883  0.65197026013412973  0.66249854172864919
  0.67301430266992845  0.68354091142872531  0.69408411808235526  0.70461659776415109
  0.71515399929546297  0.72569045976893265  0.73625318167961629  0.74682866899277045
  0.75739222818881879  0.76797211887562844  0.77854116524568040  0.78913227591516333
  0.79968101257691138  0.81022903822142645  0.82075784306097910  0.83129949095275835
  0.84182013082501717  0.85237232167116550  0.86289215141481734  0.87345988024189403
  0.88403430800447669  0.89464011424349688  0.90522988277983008  0.91574883587796940
  0.92626639214478190  0.93680283743692250  0.94736404383060713  0.95791102510667681
  0.96842636094031953  0.97893935605078664  0.98946742142299948  1.00000000000000000
 -0.00241607984915224  0.00946403990226786  0.01958586516464772  0.03005388007909397
  0.04055411006002126  0.05105462378233139  0.06156577875262104  0.07211092250533090
  0.08267439725740948  0.09324958302271594  0.10380937955423780  0.11434930384739739
  0.12487023358348195  0.13539850920936281  0.14593779670205229  0.15648479858200068
  0.16704090430578977  0.17760073074559085  0.18814865169026507  0.19868624672499338
  0.20922719228882988  0.21979281252753635  0.23037873283559809  0.24097188323310331
  0.25155666521631520  0.26211268429711965  0.27267133790418324  0.28324347858251797
  0.29382684437895140  0.30439861661595535  0.31494057757467492  0.32548281536479157
  0.33601372952439984  0.34655795257893246  0.35708756514550360  0.36762832939708961
  0.37816256062430087  0.38870809959217334  0.39923697129427521  0.40977603496659587
  0.42029370881634248  0.43082716908342572  0.44136772683873277  0.45191607836953906
  0.46244963304749531  0.47297667717842445  0.48350855300533230  0.49405102147987856
  0.50457964179409931  0.51511968854886669  0.52566853429726434  0.53622315744394800
  0.54677043659838287  0.55729095404016771  0.56782466036952772  0.57833033515976051
  0.58885830332527123  0.59936899245657804  0.60989642622958795  0.62042228164988711
  0.63095356948044101  0.64149307750940965  0.65200829351549972  0.66251750770389084
  0.67300898506910634  0.68354096142066323  0.69405052638979281  0.70458812982477148
  0.71508505611211803  0.72561009754568262  0.73613015074529586  0.74667858984886548
  0.75725450913522641  0.76782484675482665  0.77836633031730273  0.78889026118688066
  0.79942474843884404  0.81000390215392137  0.82057550683443747  0.83116975468046150
  0.84173040014303024  0.85231715756892912  0.86285589231036930  0.87342092049767395
  0.88395805482945322  0.89450743291555268  0.90507023709690215  0.91563147922820065
  0.92620217498478630  0.93673964184143699  0.94728846022681090  0.95784546466596898
  0.96840245537648317  0.97893752114987076  0.98946662394712726  1.00000000000000000
   1.5525267955889696E-002  -1.0000000000000000     
 F F F F F F F F F F F F F F F F F F F F F F F F F F F F F F F F F F F F F F F F F F F F F F F F F F F F F F F F F F F F F F F F F F F F F F F F F F F F F F F F F F F F F F F F F F F F F F F F F F F F F F F F F F F F F F F F F F F F F F F F F F F F F F F F
  <DiscreteSampler_grid>
  grouped_processes
  1 # 1 for a reference and 2 for a running grid.
  10 # Attribute 'min_bin_probing_points' of the grid.
  1 # Attribute 'grid_mode' of the grid. 1=='default',2=='initialization'
  0.0000000000000000 # Attribute 'small_contrib_threshold' of the grid.
  0.5000000000000000 # Attribute 'damping_power' of the grid.
 # binID   n_entries weight   weight_sqr   abs_weight
    10   10   4.745991770318855E+013   3.759804560683959E+027   4.745991770318855E+013
    11   10   4.745991770319821E+013   3.759804560684875E+027   4.745991770319821E+013
  </DiscreteSampler_grid>
