  0.00934628478245300  0.01676466149181715  0.02662682015453536  0.03752143538486985
  0.04796859326622357  0.05848602382671721  0.06900593316348422  0.07952818043949554
  0.09004428426407637  0.10054714035981407  0.11103944036166813  0.12154994751313561
  0.13205998353132592  0.14256018930337580  0.15304491615290094  0.16352580899139965
  0.17402036236367102  0.18452252308173608  0.19503410378249061  0.20553749750904976
  0.21603611611336054  0.22653164174688073  0.23702840195778138  0.24752639318300479
  0.25802130677017981  0.26852473876982724  0.27903718485311435  0.28955093217677652
  0.30005486148521371  0.31055030537692591  0.32104438987419986  0.33153373830710381
  0.34202824047587660  0.35252212935225546  0.36300897617184841  0.37349685190705384
  0.38399287170382679  0.39449731594682247  0.40500216857981447  0.41551609420845897
  0.42604431564940354  0.43657180655806405  0.44707290037824504  0.45755492100152267
  0.46803403624501405  0.47851746905604187  0.48899815917295614  0.49947870504621333
  0.50996945406252714  0.52048050472837892  0.53099214933206018  0.54150515336907323
  0.55201169042039799  0.56252912496520491  0.57305009275573515  0.58356880706700054
  0.59408091167430355  0.60458838038126150  0.61510406072652091  0.62560978536613565
  0.63611191449466920  0.64659896183367560  0.65708144718303907  0.66756541178524353
  0.67806399341134826  0.68858677708676330  0.69912920315629323  0.70964973985125834
  0.72015689634136093  0.73064504026088006  0.74115130412652763  0.75165967063638428
  0.76217453543967872  0.77268902712014464  0.78320936130944385  0.79373395920395517
  0.80424341581563485  0.81474615619681756  0.82523028570530721  0.83570304038943666
  0.84617405687379865  0.85666353255444816  0.86716602396804243  0.87767250620701487
  0.88814655456424074  0.89861491073357402  0.90908335973675225  0.91957424153596323
  0.93007205016907324  0.94057080610017652  0.95106354081002220  0.96157841689396506
  0.97192883057867541  0.98162276737284260  0.99146064671564427  1.00000000000000000
  0.00930650806978381  0.01690386619978244  0.02674900550870502  0.03766856478166318
  0.04809606424764281  0.05858481605348238  0.06907352115620496  0.07957362033118309
  0.09007853529133135  0.10058037419216220  0.11106493733191836  0.12153266506503979
  0.13200268505780144  0.14248681637080657  0.15297713196910406  0.16346078681084106
  0.17395004634027222  0.18445652194696194  0.19497422173272214  0.20549579504776122
  0.21600786866431784  0.22651815842702236  0.23702253477861940  0.24753191212979908
  0.25804504953359775  0.26856790707516681  0.27909722403431669  0.28962247976193201
  0.30013946876108560  0.31064899282760527  0.32115670667081947  0.33166427898466561
  0.34216961232666260  0.35267429174253917  0.36316849527368494  0.37365159165437972
  0.38413112411035194  0.39460942259608289  0.40509685321954325  0.41559457527051702
  0.42610661022618945  0.43662476994779814  0.44712643592501000  0.45760743820289029
  0.46807354699399545  0.47855459951316631  0.48905335660998006  0.49956673132010015
  0.51006753862917709  0.52056979805038894  0.53108007045311068  0.54159199741894481
  0.55209326512960821  0.56257652816022119  0.57307509091345754  0.58358721443036932
  0.59410232892977577  0.60460360480947339  0.61508539121552475  0.62557187703198813
  0.63606996625472667  0.64657964015184766  0.65708652600584116  0.66756529451189994
  0.67803048006368916  0.68849427108530648  0.69899184870305275  0.70949503403343739
  0.71998700357033829  0.73046410087245905  0.74095819035875488  0.75147464771811701
  0.76200916633958615  0.77254163958657296  0.78307635612113480  0.79358767558562660
  0.80407739699261149  0.81455927950183071  0.82504418895389953  0.83552498793704222
  0.84599423174343324  0.85646038907823741  0.86696352301650637  0.87749823652152992
  0.88803537181782088  0.89855684562390237  0.90905250467761234  0.91955439483605528
  0.93005489377940542  0.94055783980651042  0.95105211619995633  0.96155251336986847
  0.97188738965773835  0.98156293260494532  0.99146086007501577  1.00000000000000000
 -0.00237412099660337  0.00944171760232332  0.01956394019166934  0.03011830548167595
  0.04065891933498134  0.05115581682167392  0.06166805411296551  0.07219955741411949
  0.08275513481871315  0.09328722919832926  0.10383979101309765  0.11440746407976950
  0.12500470838068295  0.13555513874996356  0.14608700818399620  0.15660314880740700
  0.16713874447791829  0.17764548413946196  0.18813300704705022  0.19866000629465386
  0.20921203199158200  0.21977905208801815  0.23031706316421779  0.24085996900693982
  0.25141372037008625  0.26195269041772640  0.27249161754955759  0.28304616652696590
  0.29362463868985117  0.30420198454891945  0.31476079570295928  0.32532973106291396
  0.33592473864798278  0.34651518591430108  0.35711738143473021  0.36765627798873574
  0.37817947683137271  0.38866300306211660  0.39920443896610203  0.40974451143477109
  0.42030988065112662  0.43084820482210007  0.44140523419642225  0.45195913819721589
  0.46250315586377494  0.47305420440162332  0.48357275332906346  0.49411261093954112
  0.50462117983279553  0.51514958036050673  0.52565836478751560  0.53617393270879987
  0.54670896129765989  0.55727694970691299  0.56783862132388319  0.57833694876452268
  0.58884012074874181  0.59936233843308029  0.60991571178804049  0.62044416092170473
  0.63098684454220966  0.64155679787612341  0.65210958293717014  0.66264747488761910
  0.67318886005048595  0.68371585627266329  0.69425206388268501  0.70477822736513440
  0.71531545380062200  0.72585232891364193  0.73637340627315906  0.74690263545485136
  0.75740486078811298  0.76791263991469527  0.77845262100710444  0.78900061140139688
  0.79956516481607920  0.81010091902331061  0.82064534288402335  0.83118749695838967
  0.84175648984474671  0.85232636891665425  0.86287798640529401  0.87339946469696661
  0.88391402652641038  0.89445277551858626  0.90499422999082324  0.91554004638835917
  0.92611532764171189  0.93669645628683729  0.94730462806549742  0.95788459645918655
  0.96845278658042955  0.97898884648456785  0.98949566154373303  1.00000000000000000
 -0.00240727322420471  0.00937247894009270  0.01947404124865997  0.03003105041885653
  0.04056723704781687  0.05111627737858215  0.06165174238398227  0.07221267300738689
  0.08276273386579357  0.09333083063243321  0.10387384791405407  0.11441803996134776
  0.12495133181729517  0.13551714797098419  0.14606711924635923  0.15659408899001440
  0.16708317658901539  0.17757624019599488  0.18810935979497809  0.19865204023638136
  0.20920147425348037  0.21974399023415989  0.23028935534295220  0.24082863305514762
  0.25135226946685174  0.26189636939752009  0.27240963222805692  0.28294913821871664
  0.29347712817885713  0.30403512383110465  0.31458680155487256  0.32516352111566704
  0.33573311938709272  0.34631499080792355  0.35687948516145201  0.36746187490358445
  0.37803538691663535  0.38860142247464341  0.39917151868377926  0.40974756964735015
  0.42029757059718587  0.43078387564928045  0.44127821750148633  0.45178245935150901
  0.46231718271474942  0.47285940519098768  0.48340952731070369  0.49396084950829805
  0.50444979590552652  0.51497029008417139  0.52552041728522914  0.53609976940449655
  0.54664230844266803  0.55715517114161517  0.56768842892941784  0.57822487233850051
  0.58874831665147287  0.59928898295463395  0.60982181003194225  0.62038594875640152
  0.63093739460094933  0.64150701012987177  0.65209633985458360  0.66266650671206040
  0.67324056447666325  0.68377564634559695  0.69430653076595916  0.70483113545310672
  0.71536515405390755  0.72589991247417451  0.73642200253265067  0.74694538026777069
  0.75746483672623643  0.76799198378703593  0.77855389924968810  0.78914505033986537
  0.79971360716358497  0.81025976803682831  0.82079344256195386  0.83132188479574753
  0.84186259899449878  0.85238215368993964  0.86291592575677845  0.87343107486725613
  0.88398158252705372  0.89452934237954473  0.90507913118339456  0.91562697759817435
  0.92619292366849126  0.93675068059727085  0.94728996033090029  0.95783052407863489
  0.96839395939759088  0.97893781312644323  0.98948066130536538  1.00000000000000000
 -0.00238657360315670  0.00946743154744539  0.01957722930752014  0.03012497293530798
  0.04064275662746098  0.05117970154061072  0.06167608134462941  0.07219529113671896
  0.08267209243169618  0.09320714707762023  0.10373451363869873  0.11428758869343164
  0.12482695698200655  0.13535465873925354  0.14585395191342376  0.15638229141818458
  0.16692574848615499  0.17749080810831144  0.18803576152395504  0.19860428053648094
  0.20917193349094729  0.21975271438299918  0.23033140769864296  0.24090839123428881
  0.25148089294993436  0.26201501590111365  0.27257530194248619  0.28311010040317541
  0.29363907209635204  0.30414782303105764  0.31466830294785114  0.32518615947840224
  0.33570993552004635  0.34626064848557020  0.35683785478892555  0.36740628544323206
  0.37794532920841856  0.38848809770803377  0.39900032705508220  0.40951404435042643
  0.42003714351699106  0.43059243515296991  0.44117223684638157  0.45172908569139447
  0.46228811176030421  0.47282351865120625  0.48335531571153056  0.49389391784492853
  0.50439824792406718  0.51493423696373541  0.52543785572519630  0.53599779841494977
  0.54652858155604600  0.55708533189829001  0.56763891399198729  0.57817866349332026
  0.58874139893571276  0.59926673460739199  0.60979760372162994  0.62032065303097406
  0.63084486464728606  0.64139329888750807  0.65191743228890753  0.66244807606723399
  0.67298427881740208  0.68353785275732526  0.69410224615280514  0.70464880983175604
  0.71519754321839013  0.72574978204132989  0.73629221192150252  0.74683819407240526
  0.75738050678117430  0.76793930668948196  0.77846526553455142  0.78901498371250467
  0.79957395132704656  0.81014806497176828  0.82070587897485248  0.83125027263917961
  0.84178940552979720  0.85233588269027361  0.86289638317250261  0.87349516457247289
  0.88405596789624019  0.89462375495768931  0.90513893598055883  0.91569735787358486
  0.92624780398053697  0.93683007682862574  0.94736426977255273  0.95788545323400165
  0.96839229990326792  0.97893873060139880  0.98946730854156129  1.00000000000000000
 -0.00237767102481539  0.00928391021706215  0.01934790058608693  0.02983862004374111
  0.04030380260326868  0.05077449690094447  0.06129203775532258  0.07182958815632438
  0.08237747676483916  0.09290298296085651  0.10347026162871309  0.11403783590803598
  0.12460473998548195  0.13513647669224821  0.14566674133881349  0.15621639476889213
  0.16677458578772736  0.17734010399603919  0.18788487712248295  0.19843262567512651
  0.20895634684285191  0.21950228341351391  0.23003652040383527  0.24056772328724751
  0.25108568512753421  0.26162762920590416  0.27220762010473348  0.28278787206461770
  0.29338141313607652  0.30394109400759223  0.31450045293643097  0.32501889030279557
  0.33556186430876261  0.34610494911089401  0.35668730896903938  0.36723702739938452
  0.37778739203263945  0.38831722091036830  0.39885505808926863  0.40941132501684513
  0.41994893551050766  0.43047980647399536  0.44099214583839680  0.45152177823201994
  0.46205709850051335  0.47258863773024146  0.48312185170864869  0.49364178574635759
  0.50413935406591925  0.51467380957150000  0.52522910209473528  0.53578940240757011
  0.54634506402846150  0.55689055079242400  0.56744918056978200  0.57799264636243586
  0.58853979306133430  0.59908826075401589  0.60963261916063094  0.62019311541324573
  0.63074639275595401  0.64129207133214183  0.65184745505435338  0.66239909329737112
  0.67294923665778361  0.68348203255048556  0.69405458461213365  0.70460827819761951
  0.71513037461493845  0.72564092100040711  0.73617678755836091  0.74673896791023064
  0.75728633169154547  0.76780098031813293  0.77835165437598897  0.78890682499246600
  0.79947778696840488  0.81002766695497763  0.82059487595898961  0.83118763678750773
  0.84175777996329271  0.85232093832165956  0.86284600255624155  0.87340159521924943
  0.88392620428901414  0.89446626893365255  0.90499709202303602  0.91551559767353008
  0.92606221771667985  0.93661628680945619  0.94720746891342622  0.95778720314861676
  0.96832756023724109  0.97886132561328343  0.98941266386848536  1.00000000000000000
 -0.00234619182429285  0.00939730059405404  0.01950944212044768  0.03007606662388903
  0.04062063421577557  0.05116954062697124  0.06171898808430243  0.07229635291274439
  0.08286514606232474  0.09344029864352717  0.10399543696330325  0.11452511796515707
  0.12506936504227331  0.13560865335632585  0.14617267879379164  0.15670633858687197
  0.16723105478517256  0.17775433762587967  0.18831203971008786  0.19888142825878072
  0.20943172411807806  0.21999992201560439  0.23054202887389880  0.24110776426151950
  0.25164128218350668  0.26220110302240401  0.27273029413560768  0.28327288810006368
  0.29382767001985555  0.30437049296387414  0.31492814755822646  0.32543521775236744
  0.33599126299109972  0.34655062411359228  0.35715510007896911  0.36776713221452439
  0.37833262899660269  0.38887877919707381  0.39936228025789677  0.40987572995254878
  0.42039897823527805  0.43096035975524410  0.44150630435402333  0.45205604119611786
  0.46262667005959207  0.47316945046751263  0.48369956006254738  0.49419789457260899
  0.50471725510298826  0.51524850660306265  0.52578738870601627  0.53635292674192991
  0.54687758215954341  0.55742022315372497  0.56795114656306633  0.57851716629466310
  0.58906373542773238  0.59959032278290403  0.61010402986092660  0.62062952874373178
  0.63115947149288965  0.64170406008731096  0.65226754558250666  0.66281684509657257
  0.67335382255033227  0.68387587615297674  0.69440811978900829  0.70496130664754830
  0.71548227227082506  0.72598151822108392  0.73646883596381840  0.74696515295541954
  0.75751176011089194  0.76807732122239170  0.77862156059152410  0.78916642352017519
  0.79967457818505394  0.81022737404213252  0.82075219627440998  0.83128458301790453
  0.84181861858503026  0.85232250620391481  0.86284800668554518  0.87336484789373869
  0.88392351457812490  0.89445821762987154  0.90501138878197940  0.91555911347807273
  0.92615659217713930  0.93670321146932500  0.94724901114506155  0.95778071226163386
  0.96831290709695916  0.97886346036815253  0.98940891454887414  1.00000000000000000
 -0.00235594457065430  0.00928265188226179  0.01938454866159035  0.02998829297250002
  0.04056792235689734  0.05111254320607761  0.06161680359852056  0.07215779732745220
  0.08270838140900715  0.09327564397895850  0.10383609595401889  0.11439325217392100
  0.12494695553551111  0.13548960575022545  0.14603235253083924  0.15659067617895200
  0.16719049092094909  0.17775699446736637  0.18831123225305604  0.19884080813022587
  0.20939392717388947  0.21992275606781753  0.23046040321901334  0.24099387014014470
  0.25153259961551833  0.26203400307519653  0.27253494075788215  0.28305539051260786
  0.29358535960344395  0.30413966079572186  0.31470400626578882  0.32526710477543858
  0.33579362470963392  0.34631586554387961  0.35683451656108955  0.36735459462296177
  0.37785557006902515  0.38838075696479013  0.39892866477909883  0.40946572096031647
  0.41998278980852549  0.43048998194265958  0.44100502207063424  0.45149361009615097
  0.46199472287653792  0.47250484560402334  0.48305031747749749  0.49360271842471526
  0.50417434976426567  0.51474966070411576  0.52529664530605447  0.53584071999290228
  0.54636386848202900  0.55689610564909131  0.56740005088697187  0.57792644344344712
  0.58847839193495499  0.59904831067798603  0.60962138513273334  0.62017857227672857
  0.63074104508141926  0.64129844226911958  0.65186529884280087  0.66242897895800945
  0.67295437977966921  0.68348650197975858  0.69403498663140351  0.70460556924842843
  0.71515360782632076  0.72569091162900634  0.73624095835324210  0.74679375251721247
  0.75732889439986262  0.76786346629698599  0.77838858914370823  0.78893507135995444
  0.79949080974268405  0.81005646617998628  0.82060429265781198  0.83115416828016009
  0.84171114187166107  0.85226592939734580  0.86283070973596565  0.87338886104828961
  0.88396757678016680  0.89451630378001190  0.90508845970238339  0.91565341248143595
  0.92622757291718327  0.93678842631563797  0.94733571398395655  0.95787851935309343
  0.96838210199772190  0.97892034687012353  0.98945079373195222  1.00000000000000000
   7.7330582171509215E-003  -1.0000000000000000     
 F F F F F F F F F F F F F F F F F F F F F F F F F F F F F F F F F F F F F F F F F F F F F F F F F F F F F F F F F F F F F F F F F F F F F F F F F F F F F F F F F F F F F F F F F F F F F F F F F F F F F F F F F F F F F F F F F F F F F F F F F F F F F F F F
  <DiscreteSampler_grid>
  grouped_processes
  1 # 1 for a reference and 2 for a running grid.
  10 # Attribute 'min_bin_probing_points' of the grid.
  1 # Attribute 'grid_mode' of the grid. 1=='default',2=='initialization'
  0.0000000000000000 # Attribute 'small_contrib_threshold' of the grid.
  0.5000000000000000 # Attribute 'damping_power' of the grid.
 # binID   n_entries weight   weight_sqr   abs_weight
    10   10   4.197566361396798E+013   3.648297842781858E+027   4.197566361396798E+013
    11   10   4.197566361396799E+013   3.648297842781860E+027   4.197566361396799E+013
  </DiscreteSampler_grid>
