  0.00950225188754682  0.01588324117934881  0.02502958145152409  0.03586623231932991
  0.04625342910753305  0.05666522821786360  0.06705698157790849  0.07743967305186139
  0.08781682894767531  0.09819276300745129  0.10858747889007100  0.11899657122503920
  0.12942865436137366  0.13984994700121484  0.15028136799246999  0.16068103907779985
  0.17110207638016933  0.18151212913319942  0.19192174569875986  0.20230917862359335
  0.21267893811199737  0.22305464220330642  0.23342908193555365  0.24378784035707401
  0.25415828861396927  0.26452415664349233  0.27491517793044107  0.28530171456635434
  0.29567924183197880  0.30605256519014168  0.31643463943204464  0.32683102415479864
  0.33722980708358208  0.34761931536711238  0.35801203255574193  0.36840944453717617
  0.37880752722091848  0.38919902200502049  0.39959454189410820  0.40999326495341842
  0.42038726067933435  0.43077346994307519  0.44115803547973642  0.45152932656838030
  0.46189379287909182  0.47225179303647269  0.48262382093932948  0.49300313117542166
  0.50338164134901764  0.51375706690397349  0.52413124780676057  0.53450401759462141
  0.54487723629261797  0.55524833922327466  0.56561205004915571  0.57597520290905113
  0.58633856006294383  0.59670650320961338  0.60707414452401176  0.61744327596772786
  0.62782211594897464  0.63821086727788645  0.64859857305115853  0.65897745674942121
  0.66935884556234693  0.67974345423164029  0.69012479484016398  0.70050256642740671
  0.71088587050387542  0.72127539018674802  0.73166204272269242  0.74203965523023685
  0.75240945549850169  0.76277280633187605  0.77314361935292597  0.78352619304085591
  0.79391289492613182  0.80431385342186767  0.81470993889140575  0.82510327641673664
  0.83546219660469889  0.84582126789914880  0.85617459805187490  0.86652340332286948
  0.87687008820774137  0.88724417745377782  0.89763147030530932  0.90801281374673448
  0.91836041934451518  0.92870620561601336  0.93907655050069971  0.94947381971898526
  0.95987137606400430  0.97022185099554803  0.98054675953964587  1.00000000000000000
  0.00956125084404604  0.01582594113370909  0.02500236613633270  0.03577744427330957
  0.04611532225491629  0.05648373429166983  0.06687963676041009  0.07726686290589395
  0.08764238314697177  0.09798355977358740  0.10832846508016328  0.11868667471527368
  0.12906280107664136  0.13943459297789157  0.14978815639973464  0.16014784335993254
  0.17051646103805940  0.18091592091337785  0.19131526129182588  0.20172497966513644
  0.21212836015850153  0.22251410729059320  0.23289547048503140  0.24327194092867127
  0.25366734593779694  0.26406477969462205  0.27447368520070409  0.28486249095023214
  0.29525171904994080  0.30563436417838324  0.31602966007484662  0.32641605428839277
  0.33680855607910798  0.34720644146827245  0.35761385071764873  0.36799242846158725
  0.37836064809992997  0.38874505154874223  0.39915531623324774  0.40957644659381071
  0.41999644922369916  0.43041459055266168  0.44081172889141479  0.45119200715441660
  0.46157120040263866  0.47195958514756675  0.48234892230577220  0.49273306771699832
  0.50311405836070033  0.51348912129965896  0.52386101390938877  0.53423629389785099
  0.54463843177883187  0.55503580209821712  0.56541348592700202  0.57576285149223749
  0.58613013522416424  0.59652636494251177  0.60692745312176588  0.61731205657243282
  0.62768715929565022  0.63807213564841936  0.64846587259201149  0.65886364927393104
  0.66926052516326340  0.67965409506286589  0.69004979989297532  0.70044948678686447
  0.71084118721357870  0.72122064131492469  0.73159047709570924  0.74195531104033030
  0.75231006871857609  0.76266030685964303  0.77303035008429288  0.78343041298563865
  0.79385869430117939  0.80427942194899016  0.81467678557110579  0.82505314979848954
  0.83543609877853553  0.84584790081377925  0.85626413792732448  0.86665845718905499
  0.87703057857357014  0.88739216476933813  0.89776020813512214  0.90812713636398079
  0.91849857739425689  0.92886514181696611  0.93922559911039405  0.94956148786427508
  0.95991870737335083  0.97026021810721497  0.98058945872673464  1.00000000000000000
 -0.00249506029233238  0.00947526209256857  0.01963325304949031  0.03014055186872931
  0.04070816705850380  0.05125745209379723  0.06179951498948139  0.07234237615304641
  0.08288862222249366  0.09342881215264812  0.10391848617992717  0.11442283963865957
  0.12494063332907993  0.13549434360824034  0.14601380718179222  0.15654208693520777
  0.16706055685885404  0.17760212782515758  0.18814299887887123  0.19868830025255987
  0.20924176937747271  0.21979431375544964  0.23033486580012419  0.24087124095202803
  0.25139535777440281  0.26193151735404296  0.27247040433678882  0.28301098130536817
  0.29356703546720742  0.30410540320864193  0.31465125196202454  0.32518611538031589
  0.33570268007616011  0.34624281477759344  0.35678599787877618  0.36736032966270815
  0.37791986887603274  0.38845657994926741  0.39899252621355452  0.40953279105889079
  0.42008965478852173  0.43066000961188844  0.44121844683333322  0.45179905337972748
  0.46233651037475004  0.47289497363758587  0.48341846999937382  0.49397282155133243
  0.50448845539088638  0.51501400357872440  0.52551668331836310  0.53604210094197369
  0.54657804860717629  0.55712865154489422  0.56767921051532999  0.57823522629069168
  0.58878984407128432  0.59934030560978013  0.60984896841602765  0.62034749641919507
  0.63087014341611336  0.64141279408543306  0.65195760096130462  0.66249919374891664
  0.67304441933825665  0.68362272948442759  0.69418895065337827  0.70476523220454423
  0.71532367563109034  0.72586937862791534  0.73640843320469263  0.74695770275943596
  0.75749419589363620  0.76802913614140333  0.77855276322786071  0.78910617554953277
  0.79968193170685309  0.81025226635665981  0.82082259486821063  0.83139501208966138
  0.84196631349518736  0.85254148733799784  0.86309788028074341  0.87366848534420827
  0.88421934562604820  0.89476217892795384  0.90530655908160185  0.91583757748303063
  0.92634822536633521  0.93686148521352697  0.94738653310407694  0.95791148624992906
  0.96842714731285473  0.97896177017502373  0.98948670964698271  1.00000000000000000
 -0.00252349589066961  0.00967481615965978  0.01989518382290371  0.03046301468423555
  0.04102136708706382  0.05157579532398118  0.06211814892966807  0.07266572537320168
  0.08321815026850575  0.09379746606786132  0.10436699079511824  0.11493811473929721
  0.12548715144177025  0.13601656761264411  0.14655277029274635  0.15704656520425406
  0.16755639613534443  0.17805554162334059  0.18858685727074842  0.19910080561069596
  0.20962070437713351  0.22015597394532552  0.23071601069441836  0.24127049422228861
  0.25178788527289148  0.26232080440812650  0.27283145136449855  0.28339011880190890
  0.29391623410554180  0.30445336977802057  0.31500785508525253  0.32556792116504590
  0.33612754886972296  0.34666315929116620  0.35721437909362808  0.36776961787017598
  0.37833620601862555  0.38886470630080666  0.39940136391160364  0.40990703731366934
  0.42045211867605758  0.43099141839580962  0.44155970309987608  0.45211461413445492
  0.46268480291559416  0.47324828818811104  0.48381347137240449  0.49431640396844390
  0.50481617282523616  0.51531001035064661  0.52585750333872860  0.53638744480248235
  0.54691328082629986  0.55742916088420147  0.56795699487081086  0.57852139025430438
  0.58908044965541351  0.59963673344824031  0.61016614614694664  0.62069683322894398
  0.63122819921492346  0.64179222734157149  0.65236284207506279  0.66292367467238900
  0.67342059388359232  0.68391644485144987  0.69442545317305893  0.70495658416134888
  0.71550689090066388  0.72602128436333191  0.73656945853252309  0.74710882586451255
  0.75765301209503377  0.76817885388069385  0.77868934463453809  0.78922028999221372
  0.79977896832221229  0.81033108987009550  0.82087726249091020  0.83138460341543063
  0.84191239364010262  0.85245900881612924  0.86303201251906247  0.87359579598972203
  0.88414969821371692  0.89468927826552114  0.90523505212109823  0.91576273959047638
  0.92629221702383713  0.93682977137940648  0.94737465469308513  0.95789907145998154
  0.96839555921504283  0.97891617329620262  0.98944735176224741  1.00000000000000000
 -0.00252241682348309  0.00945623385784175  0.01959422154785131  0.03009340931012557
  0.04062308783846656  0.05115220282224690  0.06169218911306514  0.07220847942551874
  0.08273974703929317  0.09326664102468112  0.10382944041376771  0.11440876721086039
  0.12497983719474255  0.13555624233608404  0.14610477728649382  0.15668665402494031
  0.16726648835136695  0.17785650485009924  0.18843575464231765  0.19900459537663806
  0.20958273185576665  0.22014449735449401  0.23067888042040233  0.24116995700812757
  0.25165334962966535  0.26214425122446344  0.27268371272650815  0.28323035496912252
  0.29379061484710262  0.30430243739209006  0.31480702737898497  0.32531415486798659
  0.33581945434155602  0.34632828782308844  0.35685735677716901  0.36741578218602222
  0.37796551453847060  0.38850508800580730  0.39906091432840507  0.40960849800469501
  0.42012132688218273  0.43061351903768719  0.44112630430409183  0.45166181118079723
  0.46217906883320631  0.47269139229099866  0.48319072418977049  0.49368254068114370
  0.50418962382815413  0.51473040543780813  0.52532413321871929  0.53591993861193077
  0.54650251778630210  0.55707420304846367  0.56763609189495290  0.57818108464670692
  0.58868415044362643  0.59915404426302865  0.60962375104493205  0.62012049463315944
  0.63063338183061957  0.64117192799006695  0.65172171511314891  0.66227163564676450
  0.67279554059097568  0.68331454260356994  0.69383654704570008  0.70439324223582389
  0.71496945792257716  0.72554462946144671  0.73608746502940803  0.74662041038246429
  0.75716801953083712  0.76772858762934004  0.77830856553611805  0.78888710169432730
  0.79946968654256334  0.81001937432814963  0.82056612912382809  0.83110817339342002
  0.84165351425049084  0.85222554242953485  0.86281224372365761  0.87337848075489266
  0.88391701760365116  0.89443875643728821  0.90501298008180231  0.91559891916945690
  0.92618673490488457  0.93674732422108142  0.94727805274530963  0.95783021875734409
  0.96834741667180524  0.97890233277105465  0.98943448182152494  1.00000000000000000
 -0.00247275812658869  0.00955414636924953  0.01974132658534601  0.03027168739400042
  0.04080041084762072  0.05131378331088239  0.06183984284034388  0.07236634586326030
  0.08290875318881598  0.09347453993709236  0.10403764215626833  0.11456168444661853
  0.12506018612206851  0.13558715228165696  0.14614585040770156  0.15671346838644848
  0.16726373200999076  0.17779560021114474  0.18832328844755303  0.19885005373352591
  0.20938240551244255  0.21990060275765350  0.23041950366813502  0.24095005364967795
  0.25148863633053170  0.26201012574152566  0.27252927815615391  0.28304478219436707
  0.29355212317047402  0.30405653221882151  0.31459317931931641  0.32514268624322684
  0.33571186937358122  0.34625781441009562  0.35679802854855797  0.36732612957035848
  0.37787286644518508  0.38845415095988012  0.39902262406795280  0.40957773851287194
  0.42009941832669556  0.43060556670974304  0.44112107576047854  0.45166361867024624
  0.46221417703367673  0.47277542520441423  0.48333013879643194  0.49389140391109065
  0.50445549534273315  0.51502741586134793  0.52561173577428144  0.53619558435724091
  0.54674770776745207  0.55730894414626797  0.56784957956648308  0.57839502258213027
  0.58890834310615703  0.59943041049311740  0.60996065807904432  0.62053935244948888
  0.63111735692696314  0.64169863140677408  0.65224647058467078  0.66275817574651719
  0.67328166969318815  0.68379086555114121  0.69433246493972833  0.70485751013206399
  0.71537938750724250  0.72590167180678900  0.73642497553729269  0.74698496971231609
  0.75753090979104309  0.76807874846703050  0.77862834761433886  0.78916522173976533
  0.79971736391104853  0.81024628654768105  0.82080383819932590  0.83134891548231693
  0.84191055971909290  0.85247302001543146  0.86304398729999798  0.87362249707154704
  0.88419404737261087  0.89475718778075619  0.90528275536679004  0.91579601788659870
  0.92631156611898902  0.93681405029443621  0.94731961705971657  0.95781170548044969
  0.96833922079722867  0.97889071331531896  0.98944621004383171  1.00000000000000000
 -0.00229315520864994  0.00956760785206903  0.01971019801792382  0.03021919571577413
  0.04073513047918356  0.05129879321392179  0.06185903948727199  0.07242165289721098
  0.08296788310837727  0.09352444170943418  0.10409848934068308  0.11466068769680750
  0.12522338516865003  0.13578966329763489  0.14634263409968915  0.15686396500654204
  0.16737300980083908  0.17789338003871646  0.18840527305742336  0.19893293941473486
  0.20948254272231234  0.22005283286969507  0.23058304298382218  0.24107656558313781
  0.25156138758757624  0.26208583974687683  0.27263167042439174  0.28315071165083278
  0.29363882384545659  0.30414320598936551  0.31465781935266801  0.32518837813507717
  0.33571918595753575  0.34627307435510302  0.35684610445505904  0.36740273006029156
  0.37796269304070862  0.38850296003259460  0.39906749209320685  0.40966049703767643
  0.42025919787647698  0.43084076728731779  0.44139582109912684  0.45192348691235812
  0.46245106661822277  0.47298635221836255  0.48354810144770910  0.49410615936548274
  0.50467407113108698  0.51524286401578290  0.52578737853054469  0.53633587809358396
  0.54689454596943332  0.55745873759761222  0.56799032859282439  0.57848084248315668
  0.58897581678434330  0.59946700209274240  0.60998816748080609  0.62050776261970264
  0.63102916000035869  0.64151982219816384  0.65204660416518578  0.66258224180367609
  0.67314035796485328  0.68369201829748105  0.69424042077432424  0.70478431138026043
  0.71532681986170221  0.72589905486520812  0.73643447429726483  0.74696414623387553
  0.75748595829575682  0.76804357860048622  0.77859692887834497  0.78913966106755495
  0.79967739001619287  0.81022685288506613  0.82074834363966231  0.83126395474505455
  0.84176136107422739  0.85229103966145525  0.86284144589680567  0.87340668269659205
  0.88397102289570562  0.89453386307274418  0.90509077560477957  0.91564561120818821
  0.92619188814970244  0.93676903649991694  0.94732961026116014  0.95788647580422559
  0.96840924400812378  0.97894461219051099  0.98947782510986937  1.00000000000000000
 -0.00244607984980403  0.00945306405747687  0.01958378228175828  0.03007558541712874
  0.04058980843633703  0.05110398929235027  0.06162591781215635  0.07217428502585328
  0.08273120678209632  0.09330289942151314  0.10386058895761031  0.11441893335460657
  0.12497563825320028  0.13551613223474651  0.14602472794199631  0.15651943719470507
  0.16704592791733378  0.17757389865202167  0.18811952327105436  0.19862696327127877
  0.20913984904252328  0.21963245699103609  0.23017136473795119  0.24072175529458073
  0.25127885274689699  0.26182447981436685  0.27236354478922276  0.28291646833245404
  0.29344727312945346  0.30398084705921857  0.31451067973913432  0.32504023323953035
  0.33557125659890202  0.34607679395643876  0.35654924946156297  0.36706708240200736
  0.37762433113842037  0.38822220505077615  0.39877808769649953  0.40931676139567752
  0.41983872862671362  0.43039412962760570  0.44093758759816370  0.45148796702002775
  0.46200698690600633  0.47254850489752298  0.48309322063264143  0.49364121199223510
  0.50419897484012932  0.51475262494393581  0.52530243508758367  0.53583432861138114
  0.54636705892280857  0.55687674590680369  0.56738675586208509  0.57787962031798212
  0.58839236865411915  0.59889768703469626  0.60946088628604733  0.62003719295925352
  0.63063639294348561  0.64122121505435947  0.65181651489128722  0.66241102052745626
  0.67300431208616829  0.68358150809031504  0.69414138757520361  0.70469480253846672
  0.71527193303911840  0.72583432143394189  0.73638120195312928  0.74690479548070821
  0.75744748921488025  0.76798511782621115  0.77852722708855082  0.78908696157443070
  0.79964966451021513  0.81021299154278681  0.82074897621427112  0.83129227840668274
  0.84185062948323230  0.85240485287866441  0.86296008223345821  0.87348504350857026
  0.88399277077657246  0.89449209237679783  0.90501932046358469  0.91556424335661801
  0.92611127000413074  0.93667900135056603  0.94722169635207187  0.95776595779776919
  0.96827326100746791  0.97882823156831134  0.98940473885558566  1.00000000000000000
   1.5522661510459583E-002  -1.0000000000000000     
 F F F F F F F F F F F F F F F F F F F F F F F F F F F F F F F F F F F F F F F F F F F F F F F F F F F F F F F F F F F F F F F F F F F F F F F F F F F F F F F F F F F F F F F F F F F F F F F F F F F F F F F F F F F F F F F F F F F F F F F F F F F F F F F F
  <DiscreteSampler_grid>
  grouped_processes
  1 # 1 for a reference and 2 for a running grid.
  10 # Attribute 'min_bin_probing_points' of the grid.
  1 # Attribute 'grid_mode' of the grid. 1=='default',2=='initialization'
  0.0000000000000000 # Attribute 'small_contrib_threshold' of the grid.
  0.5000000000000000 # Attribute 'damping_power' of the grid.
 # binID   n_entries weight   weight_sqr   abs_weight
    10   10   2.678467430651205E+013   1.387106939906254E+027   2.678467430651205E+013
    11   10   2.678467430651205E+013   1.387106939906253E+027   2.678467430651205E+013
  </DiscreteSampler_grid>
