  0.00958813589425922  0.01576763896304598  0.02483683370928661  0.03561464392540885
  0.04598174924042082  0.05635784113630363  0.06674478502155841  0.07711816751524034
  0.08753257995589801  0.09794966337420542  0.10835721260982446  0.11877131255714407
  0.12916016926522675  0.13953147149064254  0.14989566581306257  0.16026070366007156
  0.17060453806341122  0.18095649860056001  0.19128224466053431  0.20166197259297591
  0.21201610590707481  0.22239066279334685  0.23275895276473094  0.24314861712227415
  0.25356797315451945  0.26399178547064639  0.27439731762690639  0.28477248121570359
  0.29513828169306550  0.30551869041999580  0.31593464186376302  0.32635229547770683
  0.33675993720708097  0.34707891694885212  0.35740103465681117  0.36771003629987631
  0.37809041310729669  0.38846785079330348  0.39887489578443430  0.40925634650878517
  0.41962926394916467  0.42996774570650947  0.44030285470939479  0.45065145557056840
  0.46103995444046375  0.47146071733248501  0.48187660086754786  0.49224867151887802
  0.50259245774144601  0.51293891494245025  0.52328868854870647  0.53363179635884994
  0.54397425453662718  0.55435715436120903  0.56478432368452514  0.57523278937535438
  0.58565411481689589  0.59603454116098264  0.60638470293331992  0.61672252734399169
  0.62707141762611740  0.63742886582879199  0.64779474411581983  0.65817091941047468
  0.66856929999126735  0.67899831866967153  0.68944524304449506  0.69988763505510543
  0.71029909922624490  0.72069869691707000  0.73109940534108209  0.74151148833913993
  0.75193959125399734  0.76233512645507129  0.77269842527003962  0.78305049327089327
  0.79342847261153793  0.80385535855723089  0.81428568352037711  0.82469498848459499
  0.83509252863876493  0.84546373271944941  0.85583958461805498  0.86621125928431586
  0.87654723474517426  0.88690142544217754  0.89725383339143450  0.90767745369756425
  0.91809910726505595  0.92853110898401470  0.93896155316646102  0.94940292738405896
  0.95980526361554530  0.97018833034560692  0.98053094729391854  1.00000000000000000
  0.00945658439276793  0.01609648260135663  0.02511569024216677  0.03593877933760321
  0.04626198063263855  0.05663424566932287  0.06701368574196724  0.07740668822647720
  0.08778344618157313  0.09816590358871075  0.10854335836192049  0.11890785334860061
  0.12926517497462411  0.13964916665163246  0.15004320926218287  0.16045967793164545
  0.17088182594906437  0.18129824585412641  0.19171576107216473  0.20209765956353395
  0.21248887517885592  0.22285623150430206  0.23323629672373467  0.24358509367293976
  0.25395135887958425  0.26430262180986652  0.27466653886269132  0.28503672631009613
  0.29545464666444898  0.30590906313460853  0.31636035573817817  0.32678026923563469
  0.33717974795169786  0.34756986179732335  0.35798509006028634  0.36842124036531282
  0.37886597276664929  0.38928107041903293  0.39967135264074483  0.41004348006459823
  0.42042502208895649  0.43081212245320433  0.44118866252069305  0.45151782636749455
  0.46184079909768450  0.47220524409929121  0.48263481080469767  0.49307548136827961
  0.50351314995654184  0.51393651965784293  0.52433939757908732  0.53470780662833961
  0.54507954269777348  0.55546900728460213  0.56584129099350589  0.57617792145675262
  0.58651323075562789  0.59687800496352561  0.60726209142823162  0.61764080237667962
  0.62802936806432108  0.63844177850167738  0.64885037377757104  0.65922978887053529
  0.66958133513981000  0.67993839025523573  0.69029986696618284  0.70065122748616970
  0.71098993861182058  0.72132269236012614  0.73166601752794991  0.74199477559025029
  0.75230703250573894  0.76262667409726503  0.77295648306624731  0.78331091416485954
  0.79367794022743243  0.80404223358147819  0.81440301881822985  0.82477334476272857
  0.83516768566333566  0.84554882062522063  0.85589154556080371  0.86622924712089455
  0.87659246925876788  0.88698067676234937  0.89738135726293466  0.90781130163688128
  0.91822714587607279  0.92863254670306228  0.93901647668647736  0.94939825507739561
  0.95978367154551669  0.97015873318565771  0.98049455951789566  1.00000000000000000
 -0.00226615507756867  0.00952744416349126  0.01968389654428350  0.03018728980678840
  0.04070185151152159  0.05120044246139668  0.06172026264804115  0.07227282336610992
  0.08281518207218833  0.09333996349755237  0.10386339733059315  0.11440059245524152
  0.12489318007128151  0.13534918007203028  0.14580440496598804  0.15634075423477356
  0.16695284376174310  0.17754494097007859  0.18808059504028932  0.19851283407898007
  0.20897651650567536  0.21945930816371922  0.23002576116454881  0.24061510632911356
  0.25121634293825851  0.26183012030672748  0.27243226977896340  0.28303946330269597
  0.29357175416342357  0.30410792465210656  0.31463526409367004  0.32516455028734792
  0.33568611237776597  0.34618385126103873  0.35668732560517358  0.36715808235521580
  0.37761694733920242  0.38813593338070901  0.39869710276971815  0.40932644115068650
  0.41995867673225640  0.43056981388354809  0.44114976959968483  0.45171470900256228
  0.46231410026175085  0.47293556794053643  0.48352677594347288  0.49409444133279135
  0.50465386609647167  0.51517430033540690  0.52570966398773211  0.53621666756946185
  0.54678200262484156  0.55731578587716923  0.56787050873745204  0.57842794548560328
  0.58897109520054802  0.59950563589287353  0.60999449189600674  0.62050217447567813
  0.63096628187302961  0.64149438972827366  0.65203749942615230  0.66261552006105062
  0.67317914227470455  0.68372347000252320  0.69427640728382589  0.70481343540824937
  0.71535042273060068  0.72583180614142073  0.73633377313546400  0.74684963377328839
  0.75738750542734379  0.76791320991894962  0.77841522314991729  0.78895282748824147
  0.79949032811698495  0.81007495783170991  0.82063011958649379  0.83117758852164780
  0.84172577781523550  0.85227942500503406  0.86283197797780842  0.87338414042032653
  0.88397547625994510  0.89460956835742178  0.90518226438824789  0.91577116629745392
  0.92629671995676388  0.93683115596205946  0.94731269855447475  0.95783011982399791
  0.96838600023160692  0.97897102697248728  0.98950015043338246  1.00000000000000000
 -0.00253886756548517  0.00945881440580413  0.01961964057210781  0.03011745585713383
  0.04066699167085783  0.05121545784753157  0.06181722868917364  0.07242679451911907
  0.08303753644230007  0.09364592697983430  0.10427382465640640  0.11491720442444914
  0.12553277956902245  0.13608622790942834  0.14658900800913824  0.15706125092489495
  0.16757382119302808  0.17810255236577471  0.18863356793970562  0.19914658386038814
  0.20967711388489127  0.22021523537439816  0.23075403948421885  0.24128538057998775
  0.25183492613670538  0.26234302330043519  0.27282002156259516  0.28328312297310582
  0.29377945547652196  0.30430375726818532  0.31486071766542861  0.32542444518315766
  0.33601546176030039  0.34655045347360058  0.35707560877621691  0.36760216748468033
  0.37814106695938099  0.38866700482016153  0.39913935548722423  0.40965031014653330
  0.42010301940358075  0.43061423500534973  0.44115196698021369  0.45179629162456036
  0.46240870091892899  0.47294441751402894  0.48345472988711280  0.49393625458265761
  0.50444036295983907  0.51495157855055296  0.52544389730779828  0.53593422172346017
  0.54640243993010129  0.55689191171874597  0.56742807402842077  0.57797504687829893
  0.58854835989494214  0.59909083033621535  0.60964785822980327  0.62020745715087144
  0.63077984795808151  0.64137682553878117  0.65195656720122497  0.66253419641498723
  0.67305465378604035  0.68357929625269731  0.69408909795595242  0.70462356854560304
  0.71514705560161040  0.72567592331293473  0.73620904049887648  0.74673459132260034
  0.75728679876391813  0.76782079228417655  0.77838060456490576  0.78894807831999181
  0.79952412705314024  0.81014025982549964  0.82068475082824455  0.83125692419526465
  0.84174816149199727  0.85225343214237614  0.86276354073616368  0.87334310948663019
  0.88395360853853455  0.89450818693431822  0.90504219839852995  0.91557024408379839
  0.92610554088952768  0.93663630961314281  0.94715893409647856  0.95773123638434787
  0.96828969889257854  0.97888192477166003  0.98943102076985801  1.00000000000000000
 -0.00239641135416342  0.00969479456609006  0.01986250312918813  0.03039604506382726
  0.04092604263726744  0.05150319672874053  0.06208575304623171  0.07270570109936786
  0.08332313236009170  0.09392381149043093  0.10451472347754757  0.11506668370491092
  0.12560766967307879  0.13612205678999070  0.14663614992326240  0.15720025294853254
  0.16777598968606347  0.17836276104998000  0.18892726572060786  0.19950021760401745
  0.21005398921457968  0.22058999697270990  0.23111964614037159  0.24166081804344935
  0.25223998788752450  0.26276562770227335  0.27330599961822971  0.28379045181821921
  0.29437595841956959  0.30493152775508481  0.31552316479032277  0.32598352447538881
  0.33647969301761138  0.34696923947431119  0.35755024102918292  0.36812217590490282
  0.37870004094228188  0.38928090701262097  0.39988386695234679  0.41043617939790633
  0.42099186815034717  0.43146632721188682  0.44195417404320370  0.45244126812176405
  0.46297230906636722  0.47357627461731855  0.48414213800264988  0.49468603679065837
  0.50514381618752524  0.51560672022097298  0.52611463483128540  0.53666446948771906
  0.54727731788472955  0.55786521182294624  0.56843014392687374  0.57896663681318339
  0.58950630012116279  0.60006812121669906  0.61055695266346866  0.62106894557504155
  0.63156889779075154  0.64210828591214308  0.65263743838720401  0.66315915428675787
  0.67367654468800975  0.68417203937200177  0.69467811489577247  0.70520887511048114
  0.71573340408883768  0.72623395541110891  0.73674929438755854  0.74727884490256491
  0.75782022792456472  0.76831241943701112  0.77878610714391849  0.78923623183208502
  0.79971016060867128  0.81024862018221122  0.82080717397594460  0.83134446312821642
  0.84184965302324910  0.85237212919061756  0.86289548616192602  0.87339264952321738
  0.88390890692326429  0.89445186405826760  0.90503123735703017  0.91560868469765233
  0.92617760932364368  0.93671113789215954  0.94724852534905601  0.95781985275556503
  0.96841042470615024  0.97897212010488266  0.98949250537949440  1.00000000000000000
 -0.00222247371084789  0.00959805799786796  0.01976881740975938  0.03031509880757708
  0.04088570332166935  0.05145880201686394  0.06202434130209949  0.07262247923384854
  0.08319507941905023  0.09372154792264628  0.10421507517136550  0.11474452570523104
  0.12531397243516176  0.13591136829005893  0.14650736762624478  0.15701952387336429
  0.16751840884498875  0.17799819938171393  0.18852738312985320  0.19905405576269217
  0.20968004008946672  0.22033278284140650  0.23096076021899142  0.24146233115708052
  0.25194025090912392  0.26247890464865176  0.27302338806303245  0.28355349759754012
  0.29404318532868706  0.30455161356909205  0.31509579152296302  0.32564097862254693
  0.33620379710889547  0.34674645730208176  0.35733139266035613  0.36788473943331113
  0.37848487702496159  0.38905052210154800  0.39962995057379208  0.41015223688031144
  0.42070140012730212  0.43123800603576706  0.44178938914736665  0.45233327527862505
  0.46290198722873549  0.47350642161165302  0.48406831176072340  0.49463027293536854
  0.50514675642700202  0.51565444456425213  0.52614746464144879  0.53663324221265296
  0.54721207787741355  0.55776507736392511  0.56835023209520319  0.57885548095613015
  0.58939330189874906  0.59991928270733241  0.61044680913668758  0.62093500780323763
  0.63141056833449116  0.64192986867799051  0.65248801370952636  0.66301221071791261
  0.67349913257285976  0.68397673156746985  0.69449658638144540  0.70503211392325948
  0.71555576664291720  0.72607353382437345  0.73655852460215510  0.74705978699367448
  0.75759113799503508  0.76811864005594777  0.77865392601260508  0.78922917524011305
  0.79983052052774906  0.81040910326661142  0.82089790230694271  0.83140318950562975
  0.84189339264326701  0.85242848471447008  0.86293916463673226  0.87348370121988361
  0.88404320817854920  0.89466759829264253  0.90528189278955795  0.91585341215530125
  0.92632066450229489  0.93677082287953328  0.94727565349957299  0.95784514127039844
  0.96845665836379080  0.97900784525122997  0.98952442599973212  1.00000000000000000
 -0.00249136223047898  0.00946314739272012  0.01959404747043141  0.03006046899138739
  0.04055823037861177  0.05106649896919220  0.06159362320683794  0.07215111252689475
  0.08270848862678516  0.09324770923947028  0.10377129469496872  0.11422645975348038
  0.12469454874840964  0.13515267010954099  0.14571055498708566  0.15627514615000282
  0.16682652228178463  0.17735724556404747  0.18788530328449168  0.19844399999214982
  0.20897052334127472  0.21949665713400593  0.23003659018485398  0.24059768814738777
  0.25115426430997961  0.26167524941828851  0.27217740424755898  0.28267201563044453
  0.29317014987749063  0.30367528083663309  0.31421228205276891  0.32476753922616236
  0.33534807953349094  0.34590051988536685  0.35645334618142033  0.36699709000283492
  0.37751393536625977  0.38802343642291365  0.39850462873791159  0.40903231958002811
  0.41951364151923459  0.43001672951593317  0.44048972233182415  0.45103131702848714
  0.46159331608614168  0.47214807235933304  0.48266878188146378  0.49319433326308770
  0.50376055298435629  0.51432672821172820  0.52492616093468591  0.53549830252198560
  0.54606388150122964  0.55658944040985581  0.56710962583642177  0.57765465655686887
  0.58818002554706983  0.59869088160816109  0.60927212278333598  0.61986915729177383
  0.63053366308690462  0.64112805566847253  0.65171532957181166  0.66227024271191970
  0.67280840378687412  0.68334016780378526  0.69386904494483848  0.70438684478822200
  0.71490251225269341  0.72541669132011533  0.73590239841536409  0.74643988770692005
  0.75699636989961927  0.76759182908831380  0.77819122612695468  0.78876588111964963
  0.79934275372561414  0.80988438939554497  0.82040117424323200  0.83095161369510695
  0.84151076661248458  0.85210147367181588  0.86267781076188843  0.87321942367530780
  0.88374398356626305  0.89430021224567791  0.90487485974060233  0.91547117526062782
  0.92601531086215383  0.93655667548701460  0.94708652285858985  0.95765659588092600
  0.96821210626879872  0.97880829289019966  0.98938326727213755  1.00000000000000000
 -0.00248491791720887  0.00952418883474520  0.01967219218085439  0.03018018774445600
  0.04072845359512979  0.05130387251604708  0.06187652453405824  0.07241977923540265
  0.08295119217590489  0.09349970658351098  0.10408311395684050  0.11467647386492172
  0.12523105162213713  0.13580012088783874  0.14635027467941908  0.15691422810093864
  0.16743765557812673  0.17797233756191022  0.18850369082376042  0.19898341163155603
  0.20950004650365828  0.22002536296406766  0.23058967965693428  0.24112285806169931
  0.25164874004763960  0.26220662169739645  0.27275641321127542  0.28331171012561657
  0.29383902776665333  0.30436023823991581  0.31486007205080929  0.32534038284557193
  0.33585799021207902  0.34636640967065063  0.35691560619184576  0.36741896427447374
  0.37794499993638969  0.38846362803113155  0.39896650170019055  0.40946481847206123
  0.41994229368886765  0.43049113422603574  0.44107484702214544  0.45167247048207138
  0.46222782668935558  0.47276156762210286  0.48331541005181472  0.49387585026284009
  0.50442074367053069  0.51497754664563744  0.52551600897414319  0.53604823025439929
  0.54657366750406289  0.55710317144274202  0.56769262999691805  0.57822068176564378
  0.58876718785240734  0.59930622639392161  0.60986096392088474  0.62041350278005614
  0.63093899682714849  0.64143262970223092  0.65191582102590229  0.66239434643284112
  0.67289453833902568  0.68344313467087026  0.69401038939966353  0.70456983065035039
  0.71509463125974426  0.72559013188853350  0.73615765900171060  0.74679950080972146
  0.75746712245273706  0.76812349833905968  0.77870021554350366  0.78929156701305891
  0.79984986719114526  0.81038476357937062  0.82093639953600561  0.83147218397981237
  0.84201579157238071  0.85250541958930215  0.86304363387627914  0.87357303693815180
  0.88413417521825233  0.89469554381724448  0.90532699340836820  0.91589335293555818
  0.92641585475384269  0.93689365901245159  0.94738439498301408  0.95791217867908052
  0.96844230126436970  0.97898602150264247  0.98949991952654492  1.00000000000000000
   1.2538116538576646E-007  -1.0000000000000000     
 F F F F F F F F F F F F F F F F F F F F F F F F F F F F F F F F F F F F F F F F F F F F F F F F F F F F F F F F F F F F F F F F F F F F F F F F F F F F F F F F F F F F F F F F F F F F F F F F F F F F F F F F F F F F F F F F F F F F F F F F F F F F F F F F
  <DiscreteSampler_grid>
  grouped_processes
  1 # 1 for a reference and 2 for a running grid.
  10 # Attribute 'min_bin_probing_points' of the grid.
  1 # Attribute 'grid_mode' of the grid. 1=='default',2=='initialization'
  0.0000000000000000 # Attribute 'small_contrib_threshold' of the grid.
  0.5000000000000000 # Attribute 'damping_power' of the grid.
 # binID   n_entries weight   weight_sqr   abs_weight
    10   10   8.693528286278637E+007   9.955053897811554E+015   8.693528286278637E+007
    11   10   8.693528286278637E+007   9.955053897811558E+015   8.693528286278637E+007
  </DiscreteSampler_grid>
