  0.00996917939954938  0.01341140092476081  0.01958805701501913  0.02717382149246825
  0.03542073979878905  0.04386064598140388  0.05266246936408561  0.06161930733474773
  0.07075499850704911  0.07994937087203305  0.08924390819706117  0.09862268961307927
  0.10811735526492493  0.11768263100937759  0.12730365814170336  0.13696362497114406
  0.14663317307994325  0.15632984428135180  0.16607721992734553  0.17587959946920051
  0.18572814666111617  0.19561641072762284  0.20554897671512248  0.21550872892412323
  0.22547101109324702  0.23542064194790929  0.24537802279477480  0.25537152716074968
  0.26540482933465048  0.27548666452550213  0.28558106672151723  0.29569451331684365
  0.30583713792464678  0.31596831108014978  0.32610230458319023  0.33623462860927211
  0.34639331779758215  0.35657044299111473  0.36673388402504004  0.37691139721566219
  0.38710547589492317  0.39731366834190379  0.40753279645847079  0.41776483154841904
  0.42800934778780420  0.43826064942778520  0.44850207150313282  0.45873732326746441
  0.46895605901145510  0.47919061559740511  0.48948126894903476  0.49978383511553792
  0.51013914375637581  0.52057916595708309  0.53103213662829996  0.54140726605424117
  0.55168232637930392  0.56197786420795037  0.57235147653264740  0.58276597594489843
  0.59319791679288991  0.60359304747693854  0.61396745331602487  0.62434433318804339
  0.63475573856755430  0.64520517861883009  0.65567999454605219  0.66621009199291015
  0.67677501469236123  0.68732814383420648  0.69788688481324412  0.70845529356345061
  0.71903893019561627  0.72960180682489051  0.74013436811315170  0.75067785359538308
  0.76124005956730179  0.77183604906034542  0.78245905137416505  0.79309822943418229
  0.80379695737899404  0.81456367329487067  0.82538969617195646  0.83627565870006038
  0.84721787302148666  0.85824168929954536  0.86933367219356861  0.88050723362091265
  0.89173202165783672  0.90305061917843132  0.91455975246573418  0.92642884830535988
  0.93879729311875615  0.95210196956302873  0.96994382643231392  1.00000000000000000
  0.00987806905480930  0.01393491863652438  0.02116396557556759  0.02977665579278758
  0.03849833985149598  0.04742894280233841  0.05657567265157860  0.06599137329649989
  0.07557675327374441  0.08520280164925732  0.09487058519546102  0.10454048507714261
  0.11425509951669771  0.12399684194662802  0.13381892714512067  0.14366169316638230
  0.15350924328106841  0.16340153302346325  0.17329414595537990  0.18319269894447854
  0.19316078171134773  0.20324536038840263  0.21342865154117538  0.22361590971846479
  0.23374980840203846  0.24390107822151055  0.25405770856652082  0.26421734368052308
  0.27437215143381366  0.28448458458119730  0.29460488612090752  0.30473772603840432
  0.31492618924061333  0.32517241293650750  0.33545815683166624  0.34578099786920624
  0.35609071895490690  0.36638361373430606  0.37667173906213969  0.38697338038841067
  0.39728335217307481  0.40757949271197536  0.41785882741408714  0.42813797490928224
  0.43843687996407177  0.44876038829533171  0.45911281981245428  0.46947441897379411
  0.47984476758697131  0.49023815306403118  0.50064048494796765  0.51103549762498235
  0.52142888468307214  0.53186599676799662  0.54235868177187652  0.55286378864982932
  0.56334516534277090  0.57378448665501591  0.58419108549726595  0.59458342121907215
  0.60504143482040573  0.61558452107266748  0.62615655791367897  0.63674157290448641
  0.64731911093527128  0.65794819567190266  0.66861366680051681  0.67934841150134540
  0.69010864444003173  0.70086847832759192  0.71163838646907218  0.72240004574728700
  0.73310454027389638  0.74373533671483560  0.75441164531756844  0.76512076250637129
  0.77584172608688184  0.78659199080080910  0.79742471848064300  0.80834594585408348
  0.81926098315683105  0.83023504006930893  0.84123870922048394  0.85228294608299349
  0.86337205856875632  0.87456631642237181  0.88588102172037131  0.89729910831864179
  0.90886259171355421  0.92065749658720264  0.93279824889487162  0.94554562370678064
  0.95956546835021050  0.97496559331321708  0.98268327319138737  1.00000000000000000
 -0.00226431985090281  0.00972781263998641  0.01993962939145790  0.03050851632903345
  0.04103315364134261  0.05156683100443109  0.06212229390422352  0.07269865690877335
  0.08320973668226372  0.09376909994280687  0.10421296001894721  0.11471770725005292
  0.12518857953279178  0.13568928186112578  0.14617698423093503  0.15661577147357977
  0.16707428719411421  0.17752642174105593  0.18800610747412222  0.19851787502998239
  0.20898154872409477  0.21943816889987741  0.22996723309248135  0.24061551488535193
  0.25134545613884796  0.26192704418144303  0.27254195972281170  0.28305922488570057
  0.29365379716774798  0.30415705319255842  0.31475460706855946  0.32529622568732275
  0.33576156922586953  0.34621741528200001  0.35669478005407590  0.36717652393897371
  0.37761245542645305  0.38808967760235547  0.39855865194404083  0.40905525265042397
  0.41955674129450338  0.43010769013192485  0.44064732300045767  0.45108784302750665
  0.46156298414900532  0.47208589827153868  0.48271929732248409  0.49335508780156473
  0.50398651115176829  0.51457267788214933  0.52518271422975460  0.53566996058421301
  0.54623173609361797  0.55674145064994640  0.56727758147064222  0.57775999574275194
  0.58830598184729233  0.59895688790626955  0.60958011816278745  0.62013692968395095
  0.63065059478741914  0.64115740675914645  0.65170199383186700  0.66228438960741010
  0.67293302318534753  0.68358902202500382  0.69414149810370074  0.70469240888890716
  0.71518123209138473  0.72573861443780785  0.73625785479280548  0.74686794721733329
  0.75749186244325650  0.76810636250038822  0.77867574268545403  0.78923514051868526
  0.79986686037515820  0.81052176938047149  0.82117260243246981  0.83176697118037002
  0.84232635855751381  0.85284200251268538  0.86345594176949036  0.87404415284033099
  0.88459331398200380  0.89505643480666086  0.90557110323994483  0.91608588735605478
  0.92651508933299298  0.93696388355588878  0.94748654638842988  0.95800068988970977
  0.96842654907778647  0.97888598715971609  0.98942407748528449  1.00000000000000000
 -0.00209321858902727  0.00951849771121967  0.01958827395972140  0.03000038525861714
  0.04038671784871409  0.05075712368203303  0.06108830488548693  0.07163506357375625
  0.08216675797492740  0.09271234317999398  0.10326941493987463  0.11390606730216477
  0.12448560417670021  0.13494913112355295  0.14538386456635086  0.15589140882147001
  0.16638531550661517  0.17683463958253082  0.18729583540631217  0.19783750599179967
  0.20844474680124148  0.21897848106664689  0.22942051133385752  0.23986828891931472
  0.25032590618639144  0.26094074158864894  0.27154451563512694  0.28221129906502179
  0.29271502317475606  0.30323256905902141  0.31368487154720565  0.32417682212280208
  0.33469494665613198  0.34527914635960782  0.35581781889816944  0.36634043769745850
  0.37691030715938312  0.38754523769173299  0.39817315795569636  0.40880775708460054
  0.41938537217658484  0.42994256295256417  0.44045281869150288  0.45097897999260889
  0.46150432883099879  0.47199022088460085  0.48254316141594322  0.49308024580655280
  0.50365354526705786  0.51413124218757456  0.52467491801725763  0.53519891701373135
  0.54576162483964619  0.55632932966136728  0.56698036669894381  0.57756001747849339
  0.58815798098892325  0.59865131604869459  0.60921009824514283  0.61976861512245995
  0.63037334904504760  0.64101826060418987  0.65161037159106971  0.66222978723566572
  0.67277146105193641  0.68324129288538926  0.69365569184171161  0.70410217151759624
  0.71458277967929595  0.72507347427891056  0.73555862609440303  0.74612176719165546
  0.75665461322350802  0.76719350321139745  0.77771094408682728  0.78821287382222704
  0.79860540863984808  0.80902572966547892  0.81963695189611452  0.83028970908074895
  0.84087737925728523  0.85140223276023086  0.86198086370758176  0.87261567704743159
  0.88319909287936260  0.89385659030829534  0.90439927183857693  0.91496719819226180
  0.92550873687127022  0.93606708635709379  0.94656581783847538  0.95711715934342478
  0.96785996748066461  0.97860448446840687  0.98930178684773096  1.00000000000000000
 -0.00225426952435098  0.00972486549974962  0.01986072791633537  0.03040104466118126
  0.04095104006303551  0.05156978112256241  0.06213258600844819  0.07278198371477262
  0.08343966299707416  0.09401969558907707  0.10455209988822042  0.11500638651961066
  0.12547994857585718  0.13593180151134154  0.14639704294974426  0.15696755405097179
  0.16750867049677157  0.17814251886248361  0.18874650799442599  0.19933586893296007
  0.20992978553979486  0.22047545187352752  0.23100330500248978  0.24149866072055648
  0.25204728183423603  0.26264030759092255  0.27321671569965167  0.28372831507906610
  0.29422623690964711  0.30468166684057513  0.31516376176462024  0.32566847107315161
  0.33629661550991219  0.34698684033497024  0.35773280924431122  0.36832268518127204
  0.37881773452564727  0.38928633730572670  0.39967202674337471  0.41006773804068969
  0.42051154065572249  0.43097571864068018  0.44143160576103330  0.45182033233511798
  0.46228374114518317  0.47276493530750352  0.48326248326425564  0.49377914652326343
  0.50430235684624469  0.51483599604876018  0.52535099289801468  0.53574030146492069
  0.54608102674870951  0.55646847725726467  0.56699596684387510  0.57757729786434542
  0.58817662912188651  0.59871393676894602  0.60927575311872584  0.61988063506174196
  0.63049058708474304  0.64113559009331955  0.65170418294113552  0.66224754218025983
  0.67271978013307487  0.68322479834690819  0.69373025271166588  0.70430801569958901
  0.71491687497052359  0.72552930449169428  0.73610776621802798  0.74658978917774710
  0.75712406855686609  0.76762949768675970  0.77820350897988277  0.78878989242269748
  0.79933232458998971  0.80981184486546676  0.82029497798025774  0.83076125924781907
  0.84123277525229290  0.85175116351057156  0.86237355403290339  0.87303712804989964
  0.88363948351095212  0.89418286341361930  0.90482999938710940  0.91538434995730977
  0.92606169679797101  0.93674052181959322  0.94737726046915449  0.95797812495349999
  0.96848728848824250  0.97904825435486142  0.98951917486898922  1.00000000000000000
 -0.00245478829626047  0.00984558266283521  0.02022757865040907  0.03079448810345777
  0.04134361376238610  0.05191903602650255  0.06249377812983773  0.07305590532906095
  0.08353016803328962  0.09407599612987889  0.10466087806435058  0.11520191802689708
  0.12573269371482967  0.13620653107729319  0.14672191436490500  0.15729130674537078
  0.16794262394747192  0.17856579078410609  0.18915640036090134  0.19963417533226241
  0.21016720010206869  0.22078633235550627  0.23139370225631276  0.24196500882740990
  0.25246849416933398  0.26300349610656354  0.27345849735765365  0.28389454809497799
  0.29437134126241754  0.30501372438805069  0.31562809740956904  0.32620702343637609
  0.33682464482654001  0.34753637213268923  0.35819404472816491  0.36873897458697275
  0.37919696951088550  0.38971835964973461  0.40015740196436583  0.41059286403270401
  0.42104946420172989  0.43158257730771010  0.44223276301034103  0.45283494095757926
  0.46339147276348652  0.47386120954032918  0.48433703853898197  0.49478452928048633
  0.50524721551108598  0.51565535853741051  0.52604252514085237  0.53639254291398519
  0.54685941907416202  0.55738794256479463  0.56798720453552121  0.57851740844615795
  0.58908810788722843  0.59960828991730586  0.61014627460427284  0.62070834834622479
  0.63130228851055747  0.64186466056223379  0.65241745070485813  0.66287075941250140
  0.67335184152900096  0.68382183381242823  0.69436447127694956  0.70495348703555749
  0.71549169746821517  0.72601178595125682  0.73654611564590911  0.74715689883267344
  0.75771299734345443  0.76820328006271099  0.77868164547253826  0.78916420344919969
  0.79963133873235204  0.81003495727046393  0.82051516030713234  0.83100425617222207
  0.84151289022359266  0.85202483687172592  0.86254457431516129  0.87313965621130751
  0.88368857455679106  0.89419086500843592  0.90476744310241497  0.91546097446794483
  0.92613756877729503  0.93671416912858596  0.94731649360686643  0.95795103881458776
  0.96844768193609387  0.97892174289347278  0.98946431315339833  1.00000000000000000
 -0.00247509200004394  0.00953246895848493  0.01965634138783037  0.03021614999744943
  0.04081900672847683  0.05146935977857379  0.06208343946958603  0.07257017240593711
  0.08309857172952193  0.09356471455363027  0.10404710148520839  0.11455808718749114
  0.12512262261033655  0.13580361594058549  0.14644460223167516  0.15708748442513099
  0.16770210750644235  0.17847670094367168  0.18910468864956725  0.19966035458040207
  0.21015237887890068  0.22064450856204809  0.23110775860451926  0.24165322279363233
  0.25227836864109437  0.26288434432953289  0.27337798287889165  0.28393476067182105
  0.29455938759570222  0.30525420368975403  0.31583880155582300  0.32634889098412506
  0.33676732790068609  0.34724966049329736  0.35779979490115177  0.36846636980136160
  0.37922515224385961  0.39007383798209666  0.40081897672740374  0.41148131744296840
  0.42202659787902713  0.43259126675119197  0.44316125959749864  0.45378190435198767
  0.46439805929322719  0.47497956207622311  0.48557786604181663  0.49615759355742323
  0.50675787327134181  0.51731363664220043  0.52780250504096649  0.53826035882478018
  0.54871383974499055  0.55923207834947186  0.56975539012421228  0.58024953258021261
  0.59076607154315386  0.60129714977349724  0.61183425415496873  0.62230540561453895
  0.63279492837880202  0.64328182754920638  0.65379509582694939  0.66430171327337917
  0.67484331453294832  0.68541503488811828  0.69599744617511894  0.70656863012343751
  0.71707676992397806  0.72751156746603807  0.73788053265758013  0.74825916448330709
  0.75864810624238810  0.76906462900534855  0.77958344214743658  0.79008922652827007
  0.80057536394474427  0.81106715618628467  0.82152867955757991  0.83209405267204584
  0.84254585110595182  0.85303166499090288  0.86344950423885136  0.87386995437245552
  0.88437891988870909  0.89488447995853104  0.90534390841289303  0.91572282243743386
  0.92608199995486551  0.93659519463065588  0.94713746498765217  0.95772246073554701
  0.96827906609194392  0.97883305887286942  0.98940632261063299  1.00000000000000000
 -0.00218304257702870  0.00960456989068010  0.01973444604778265  0.03027737765863598
  0.04084233379613510  0.05141837952835563  0.06195119579967621  0.07260666011292510
  0.08330435609051291  0.09396642636412045  0.10455495060122502  0.11511610272422484
  0.12559332587938823  0.13601004477636977  0.14643002045428791  0.15689618462809382
  0.16737718935940066  0.17785964800672291  0.18832757426500035  0.19889028257059729
  0.20947389054245974  0.22004069741628884  0.23056465618605557  0.24108207656848396
  0.25159363356872844  0.26208394135574248  0.27262739846786077  0.28333425346911290
  0.29407513123609463  0.30471406364170500  0.31524939323246959  0.32583390824105085
  0.33636375438336319  0.34684865376607665  0.35729158392277438  0.36773128352141016
  0.37817700161084733  0.38858861152138241  0.39908748585418985  0.40963860887572823
  0.42028243017257028  0.43098356027752377  0.44163766765613260  0.45223882880474070
  0.46283201193872991  0.47351725045304016  0.48411491424911990  0.49458821428779931
  0.50500792706921038  0.51542255694822958  0.52593624906196490  0.53649873061688180
  0.54714178004760350  0.55776334969038655  0.56845760653249477  0.57905416795341125
  0.58962910913227684  0.60013412497070495  0.61073429605374263  0.62129355533831720
  0.63180580144543741  0.64230695922160908  0.65279592439447665  0.66333194981199883
  0.67383107604496295  0.68445206508442979  0.69502553944094836  0.70563464725746905
  0.71619633679214567  0.72673327245323593  0.73722877365856454  0.74777351652714585
  0.75837550614107685  0.76912185997095350  0.77978329483272002  0.79043225965856379
  0.80097691197794707  0.81148404712757405  0.82199619114561417  0.83246167871274113
  0.84295595822359470  0.85343448573090241  0.86387733421225066  0.87430813702713195
  0.88475452242143993  0.89524028639159148  0.90576784139429845  0.91632051416684834
  0.92683839443441662  0.93734268221444361  0.94782236199868353  0.95839701365494268
  0.96882098837499475  0.97921521296360337  0.98957723371151829  1.00000000000000000
   2.3305433656831382E-023  -1.0000000000000000     
 F F F F F F F F F F F F F F F F F F F F F F F F F F F F F F F F F F F F F F F F F F F F F F F F F F F F F F F F F F F F F F F F F F F F F F F F F F F F F F F F F F F F F F F F F F F F F F F F F F F F F F F F F F F F F F F F F F F F F F F F F F F F F F F F
  <DiscreteSampler_grid>
  grouped_processes
  1 # 1 for a reference and 2 for a running grid.
  10 # Attribute 'min_bin_probing_points' of the grid.
  1 # Attribute 'grid_mode' of the grid. 1=='default',2=='initialization'
  0.0000000000000000 # Attribute 'small_contrib_threshold' of the grid.
  0.5000000000000000 # Attribute 'damping_power' of the grid.
 # binID   n_entries weight   weight_sqr   abs_weight
    10   10   5.815661775698348E-011   8.096145587236431E-021   5.815661775698348E-011
    11   10   5.815661775698349E-011   8.096145587236431E-021   5.815661775698349E-011
  </DiscreteSampler_grid>
