  0.00957432737269811  0.01606531907024598  0.02510528847491698  0.03591656123520505
  0.04625444357447059  0.05663735043109674  0.06701277893176394  0.07739504686162856
  0.08776313809978495  0.09811645708883018  0.10846100509894752  0.11881777206878150
  0.12920360411070200  0.13958617523639716  0.14995194514093188  0.16026864590222040
  0.17060968408422730  0.18095881684760046  0.19137435704569547  0.20182717743131076
  0.21227283470410205  0.22269920543372843  0.23311415577478450  0.24353777270729257
  0.25396343193291593  0.26436958862342186  0.27477984792988980  0.28517875284047156
  0.29554942363507858  0.30592969685934840  0.31632289817348924  0.32672881408756499
  0.33714738627721891  0.34755066770942850  0.35798164168892543  0.36837507842827877
  0.37877468523711028  0.38916350842681008  0.39955841328821390  0.40993855420065278
  0.42030345273289876  0.43064832393693553  0.44099577342774215  0.45136557453383619
  0.46177348263746143  0.47221412155399661  0.48262620717076954  0.49300717004091299
  0.50336233827301635  0.51373821006792686  0.52411666039584492  0.53448778192628432
  0.54485803412155720  0.55523015681828025  0.56563025610513573  0.57605099880572741
  0.58647916817200019  0.59689105527598163  0.60727239658917320  0.61763036220181511
  0.62796624630715370  0.63829961802159096  0.64866222952443453  0.65906019614780109
  0.66945942794875746  0.67985203342093137  0.69024736959610955  0.70064690273870667
  0.71104488622659034  0.72141610599514405  0.73178561386659069  0.74214899732925621
  0.75250876180567394  0.76285662071983018  0.77320526394486755  0.78356314418593875
  0.79392353012295691  0.80428022489423756  0.81462806455647507  0.82497124029910185
  0.83533619472946763  0.84570669340189375  0.85609622716198375  0.86647813728297918
  0.87687385722990008  0.88726628516569883  0.89765876491344454  0.90805570214917519
  0.91845586511315491  0.92883551228428840  0.93918056627654889  0.94951529105098043
  0.95985312431519720  0.97020916479927644  0.98053449918286362  1.00000000000000000
  0.00951223697742506  0.01606696978487105  0.02505241590685525  0.03582900428416187
  0.04615206445794118  0.05653146689569929  0.06693232589596632  0.07731854868193405
  0.08768644129546625  0.09806821008813375  0.10846014375453798  0.11886152737657608
  0.12925897425996610  0.13967786034254795  0.15009892016174053  0.16052597248380726
  0.17094655508917617  0.18136099203201900  0.19178853940357871  0.20219128953273469
  0.21257768956125128  0.22292499780464506  0.23326077742038248  0.24362956717393863
  0.25401438460471715  0.26442444966977674  0.27483238738309340  0.28522350223680815
  0.29562268424850174  0.30603089333620748  0.31642232632447592  0.32679573391579303
  0.33715433156446928  0.34755171073776359  0.35795419169565101  0.36837341251970612
  0.37876977057035111  0.38915130488584698  0.39950928655112816  0.40986593298548291
  0.42024302589294005  0.43062919583897952  0.44099990965228508  0.45136467226572197
  0.46173769570516227  0.47211612627608357  0.48249366660796383  0.49286630100990658
  0.50325095524838104  0.51363439395126853  0.52401497879197578  0.53436710141946708
  0.54471288915262472  0.55506053575103775  0.56543699589362229  0.57582891760023680
  0.58621912070472382  0.59660656852002913  0.60698901150904594  0.61736604675884055
  0.62773099750235029  0.63808035073326996  0.64842517393795385  0.65879307176757740
  0.66918866613626538  0.67959330332386048  0.68998075757771948  0.70035223860977314
  0.71073269078046397  0.72111208364138268  0.73148438243989711  0.74184448845077067
  0.75220684915680291  0.76259038283970426  0.77298924115768508  0.78335889628763933
  0.79365532528422389  0.80392541028409681  0.81420800724375930  0.82456464035454824
  0.83494438781066227  0.84534455929039487  0.85576055089364667  0.86615793067130686
  0.87654129588988339  0.88688038360409438  0.89722537310025319  0.90755591805321578
  0.91790609556834835  0.92829423534436273  0.93870900679961389  0.94917838163192536
  0.95961723844361013  0.97003306671226164  0.98039853628189366  1.00000000000000000
 -0.00236525582502916  0.00961745429745659  0.01980539302296296  0.03027892977602577
  0.04081805534386612  0.05137741102750001  0.06194824261878708  0.07253109502168842
  0.08309229953274813  0.09368143473533339  0.10424196089730210  0.11478805933126912
  0.12530544713049088  0.13578604554166496  0.14625739988451114  0.15671692745279070
  0.16718183558643288  0.17765866298493493  0.18810173344533709  0.19857917387998403
  0.20908714009626633  0.21962158278736529  0.23016377504759572  0.24072412510736529
  0.25132833046645325  0.26191210253577579  0.27246520737132740  0.28298242666580325
  0.29355443587922236  0.30416966295460890  0.31481133673123951  0.32542446580515549
  0.33600237223427465  0.34652970258647431  0.35707636552934596  0.36762608070814529
  0.37824721276052709  0.38890535184925146  0.39953430978966514  0.41009230046600037
  0.42063646240158120  0.43117214692765521  0.44176236674994340  0.45229761503412852
  0.46281685305423403  0.47330340591641501  0.48382269454051369  0.49440694609789743
  0.50505877224894080  0.51565947656319222  0.52619714632768178  0.53670363261301934
  0.54722985695327464  0.55780395479280720  0.56836099124120987  0.57889922624635515
  0.58940032349039351  0.59988928753828841  0.61037428759086654  0.62087890855237005
  0.63135930042167498  0.64187223535051197  0.65237314501288390  0.66289296029986566
  0.67338226584366201  0.68385418149279953  0.69431832737201948  0.70478979123224816
  0.71534078094569742  0.72590598847491483  0.73649495148718613  0.74703039868534016
  0.75752722476026990  0.76800202600312439  0.77851924304575804  0.78910961878842156
  0.79972537972337299  0.81028812911768233  0.82080949721735508  0.83131908589624481
  0.84184058063765765  0.85240883460795613  0.86298877737106783  0.87355201239102820
  0.88406580376229138  0.89459783268410686  0.90515199044585259  0.91575023406389311
  0.92626956221019419  0.93680907781719525  0.94731471055647842  0.95788492809103731
  0.96843066074404882  0.97896850001618407  0.98948817653551768  1.00000000000000000
 -0.00245392874292594  0.00949299962782222  0.01965439683572642  0.03015684695510381
  0.04069772440856585  0.05119418815906924  0.06167945580159626  0.07219730315898649
  0.08276778252830316  0.09334041503128623  0.10387957464824271  0.11439279272241991
  0.12493299198340892  0.13550184071335145  0.14609135238489943  0.15663317211449168
  0.16718867148776947  0.17770501174029332  0.18821799640364636  0.19873017952150049
  0.20925888771756854  0.21985822813432351  0.23047097175647058  0.24106627212847612
  0.25167841660462775  0.26225796566540882  0.27284392669304519  0.28337148246837041
  0.29390172115644869  0.30442280566678148  0.31494859106131923  0.32545498986370375
  0.33598720391948600  0.34653522990089269  0.35709775115854947  0.36769930827792396
  0.37826944844915977  0.38882804885773381  0.39933028721719532  0.40983092208762140
  0.42036885004781760  0.43091722340536509  0.44147641017322692  0.45201777078216754
  0.46255488875814038  0.47307144496080789  0.48361664851994984  0.49416330123402158
  0.50476817273283758  0.51531802465853793  0.52588218962676170  0.53641847404246568
  0.54694422894431627  0.55746344258984581  0.56794936938602703  0.57846310498203579
  0.58897328406823291  0.59948697586874322  0.61003067941255096  0.62057147708234839
  0.63118302973746332  0.64178634947046942  0.65235755312370525  0.66286348596731026
  0.67333217730764838  0.68381375557274082  0.69429266856489724  0.70476877487134337
  0.71529321566819370  0.72583667292528531  0.73641541440080227  0.74699438134749263
  0.75756818546377702  0.76815427423449290  0.77873348545394172  0.78932783359918601
  0.79988790626580508  0.81045136006607765  0.82097946088134699  0.83151952765504411
  0.84204107057719191  0.85259488956271245  0.86318612265897732  0.87373666605618039
  0.88427095526040489  0.89474196798922112  0.90525798988446671  0.91577272942701149
  0.92638832639007229  0.93698565161717784  0.94760771643306052  0.95811861153181854
  0.96857810456449356  0.97902158259924865  0.98950031529658444  1.00000000000000000
 -0.00229653469717957  0.00973922762314493  0.01995766914515086  0.03052527512764172
  0.04109654903197915  0.05165095003216254  0.06217312443642551  0.07268551491627435
  0.08318151736324074  0.09371491848452286  0.10424951660239404  0.11477946303870289
  0.12532392924501892  0.13584771851798444  0.14635241182827324  0.15687323813013315
  0.16742276893082281  0.17799898148943730  0.18849488291330826  0.19898012948354715
  0.20947527526636017  0.22001933967358103  0.23060011380511483  0.24117820612507884
  0.25171249772043025  0.26217881853190428  0.27263605735216984  0.28314156053756478
  0.29368851639449800  0.30427752649972162  0.31488613265231935  0.32551990823634197
  0.33614839819644088  0.34678689656304129  0.35737745106698215  0.36795514411603636
  0.37853002743463221  0.38909794516056528  0.39962851238542829  0.41013785233948186
  0.42066433149912064  0.43120032241381290  0.44175405629268433  0.45232510879794663
  0.46290515735589621  0.47343599215877002  0.48396409386038092  0.49444405330300423
  0.50491174054252097  0.51536838406662588  0.52584213663448165  0.53636247765626821
  0.54688024147925685  0.55741759450174144  0.56792693757814694  0.57844105747986962
  0.58894906121198165  0.59946121767679628  0.60996269568631534  0.62045514151753589
  0.63097302146197110  0.64149414052846587  0.65202426849303907  0.66252505270755635
  0.67302302094121869  0.68354160513308126  0.69406231070092084  0.70464057432236504
  0.71521299660758664  0.72580791135436218  0.73633876247414931  0.74687835691314186
  0.75734187710168688  0.76783841873521419  0.77836111435175792  0.78897678756199141
  0.79958715587991358  0.81019400690410459  0.82084793768252895  0.83151819116610215
  0.84216214824147140  0.85271945653018810  0.86325319599142880  0.87377045127958197
  0.88427813591794013  0.89478321372787184  0.90531130038873175  0.91587377016676896
  0.92644561034999762  0.93699190028236046  0.94750191951963236  0.95799412448520427
  0.96849024372534465  0.97897585570484913  0.98948623750073328  1.00000000000000000
 -0.00243212376803162  0.00988523151413165  0.02015336588705194  0.03075062496986328
  0.04130704611827350  0.05184256688294863  0.06236768373664837  0.07289414080120947
  0.08338407485507762  0.09386778259276542  0.10430237282492109  0.11484011885233314
  0.12540391814086740  0.13599644111282491  0.14654801150972313  0.15705531470839443
  0.16758922138841850  0.17811346534306793  0.18870442619966976  0.19925861476938583
  0.20978496350492135  0.22024527624507292  0.23073584948067405  0.24124081744105302
  0.25175763919253757  0.26224311192097977  0.27277349221068348  0.28332989201360614
  0.29393229179213370  0.30450612733080873  0.31504775624294007  0.32565442635786601
  0.33622989926048574  0.34682071468839709  0.35735438722835194  0.36792475864317709
  0.37850661858777401  0.38905241732457418  0.39958616958276294  0.41011551538161845
  0.42062072718049776  0.43112295997803274  0.44162788697655680  0.45217372994759164
  0.46273668249731009  0.47328180280587867  0.48383912317632066  0.49439233394132143
  0.50495342709732638  0.51549866623687102  0.52603781627384971  0.53660451834533562
  0.54717458655417506  0.55771948645950076  0.56828787715176488  0.57883604949549528
  0.58938310451710629  0.59987940542764850  0.61041522700268913  0.62096322019137151
  0.63152502911960617  0.64207378460812581  0.65262134321417964  0.66316233736646035
  0.67369577090886468  0.68422174448159101  0.69473568110296802  0.70529333658871352
  0.71586331185144403  0.72640733023651949  0.73687170061196550  0.74734936815346908
  0.75783081282709652  0.76841013141502168  0.77893927839241817  0.78954607865258986
  0.80003861364342654  0.81057816580891517  0.82106999636113875  0.83160046743727445
  0.84211632466326591  0.85261399595243803  0.86311460694441544  0.87361766595099399
  0.88413978379172153  0.89471290609464871  0.90527315975570666  0.91583199006245208
  0.92632308047456668  0.93685572981414711  0.94735698796941137  0.95789815723186689
  0.96839503883936850  0.97890347635501096  0.98943543333075112  1.00000000000000000
 -0.00193777406230434  0.00989290287529745  0.02010290392638696  0.03056065381271784
  0.04101358200493348  0.05149951837698592  0.06196541982463491  0.07242860182698921
  0.08291667714456938  0.09344406420299639  0.10398171733312229  0.11449340952087714
  0.12497612494136176  0.13545248827080136  0.14595516021964575  0.15646272819506804
  0.16699611480542945  0.17745146100925008  0.18791699947799256  0.19835317945068925
  0.20890539877906680  0.21948420844452218  0.23010676157268917  0.24063912921680136
  0.25122299206454712  0.26179122574213209  0.27237963170178769  0.28288911498017494
  0.29338576540842132  0.30387745189370524  0.31442890623126052  0.32497853166684454
  0.33554728352888741  0.34609009431863735  0.35658787145004711  0.36710263162710660
  0.37761397091612126  0.38818823136460701  0.39875788625903108  0.40937373126583754
  0.41997648134836812  0.43058265603476270  0.44116974761814309  0.45175670912480903
  0.46226728380655246  0.47273817186073153  0.48323362379812801  0.49389503637989002
  0.50451857953918267  0.51509786425880244  0.52556535467447740  0.53608408695115117
  0.54665524659626219  0.55724778540958642  0.56792127317336094  0.57856434663090339
  0.58915094745185737  0.59964612951780194  0.61016371758031940  0.62075117831833915
  0.63135294854983837  0.64194397140183612  0.65248279348464533  0.66301890307854094
  0.67353860374882812  0.68406796628496347  0.69459240622966112  0.70512495675910458
  0.71562947046326919  0.72606849328572065  0.73648092401612875  0.74693372881608000
  0.75744646782402891  0.76801533189355908  0.77855268760107521  0.78910102716062058
  0.79961239752515334  0.81017731809776261  0.82077227324571422  0.83140160623199832
  0.84200361513409461  0.85256599664438970  0.86305385935933110  0.87355244764574425
  0.88405623951308376  0.89462375420168527  0.90520417343952575  0.91577346109710456
  0.92630375196287396  0.93684212509178311  0.94737953139042708  0.95794625524782806
  0.96849561537390094  0.97901903108730959  0.98953083288144217  1.00000000000000000
 -0.00240642458765558  0.00956543356088881  0.01974310830489184  0.03027538682327830
  0.04084246454663627  0.05140545913296520  0.06199078336384915  0.07260025882264388
  0.08318185356998972  0.09374645333813038  0.10425868837759270  0.11475957705272820
  0.12526760896366568  0.13578804392602037  0.14637251910778637  0.15690530952903442
  0.16748283587430499  0.17796932036024660  0.18850477262760884  0.19899918254228549
  0.20954737289996514  0.22010090310624764  0.23064970016142136  0.24120899781395289
  0.25173308852093407  0.26231775994462803  0.27289652977089351  0.28350398015960238
  0.29408723527265851  0.30465610116027819  0.31519634101434235  0.32570064006403510
  0.33620785374874279  0.34672668472257634  0.35725111265306797  0.36777158756845851
  0.37826727661790294  0.38880053340798731  0.39932554936270520  0.40991184637774536
  0.42046078405388249  0.43101380370119041  0.44154875575113783  0.45208242928318065
  0.46260280874087922  0.47308703210585201  0.48357044156017215  0.49411895967666009
  0.50467148854977328  0.51523886952819509  0.52576450286399068  0.53632063919970052
  0.54685780002743578  0.55740047875095267  0.56795541503145386  0.57851399547755777
  0.58908456877755622  0.59961186290623236  0.61016938691523659  0.62072434933354703
  0.63132311346258996  0.64189943383997472  0.65243864272969132  0.66292360222513824
  0.67339071494367475  0.68391614094459707  0.69446392636160315  0.70504097579555847
  0.71554413099581893  0.72606255376558448  0.73654425647325372  0.74705350474662213
  0.75753149535236253  0.76803097271068632  0.77854066594987170  0.78909083756382792
  0.79964861292639244  0.81019705437075007  0.82079539892220421  0.83136348214767131
  0.84199166285703919  0.85250265988816709  0.86306096228260165  0.87356468698450251
  0.88412578065669334  0.89466077703026825  0.90520568472142371  0.91574665150491363
  0.92631549598076435  0.93691414284263330  0.94748024769810657  0.95799989239743200
  0.96847605006257620  0.97895251203157618  0.98947306664825641  1.00000000000000000
   8.0739848887831024E-016  -1.0000000000000000     
 F F F F F F F F F F F F F F F F F F F F F F F F F F F F F F F F F F F F F F F F F F F F F F F F F F F F F F F F F F F F F F F F F F F F F F F F F F F F F F F F F F F F F F F F F F F F F F F F F F F F F F F F F F F F F F F F F F F F F F F F F F F F F F F F
  <DiscreteSampler_grid>
  grouped_processes
  1 # 1 for a reference and 2 for a running grid.
  10 # Attribute 'min_bin_probing_points' of the grid.
  1 # Attribute 'grid_mode' of the grid. 1=='default',2=='initialization'
  0.0000000000000000 # Attribute 'small_contrib_threshold' of the grid.
  0.5000000000000000 # Attribute 'damping_power' of the grid.
 # binID   n_entries weight   weight_sqr   abs_weight
    10   10   6.411294813715948E-002   1.141558059804251E-002   6.411294813715948E-002
    11   10   6.411294813715945E-002   1.141558059804250E-002   6.411294813715945E-002
  </DiscreteSampler_grid>
