  0.00966892888315753  0.01608738313083380  0.02527397977512407  0.03606861765841996
  0.04640308567807323  0.05676502934710211  0.06713973040701748  0.07751580933811941
  0.08788113415964083  0.09824197627205047  0.10862039966350724  0.11900495887920925
  0.12937623738167833  0.13974174532333999  0.15009701703125167  0.16047642690940314
  0.17086059770368658  0.18124433139998006  0.19158530657767583  0.20192601780566380
  0.21225415031963402  0.22261321241301762  0.23298875355189488  0.24337406062790792
  0.25376425875788988  0.26415449308445677  0.27455438092157336  0.28497436439828272
  0.29537913080562783  0.30575643140248338  0.31612492076297138  0.32649253567729614
  0.33689801095266775  0.34729689778161965  0.35768845953040679  0.36805434347102151
  0.37842191911099748  0.38878851063844350  0.39916793711590748  0.40954137341283103
  0.41989232009395300  0.43022718020415979  0.44056165408964132  0.45092888899173267
  0.46133436340017075  0.47175372046125513  0.48218039902985121  0.49260217062235861
  0.50301671556591232  0.51343623345168998  0.52385638184721217  0.53426943012212424
  0.54465924744707983  0.55503144489886835  0.56540299007758110  0.57578176401050185
  0.58615855475866430  0.59653864842525162  0.60692613424145181  0.61731573286923180
  0.62769858590321681  0.63807507126065399  0.64845777700909712  0.65884497307095491
  0.66923987958097142  0.67964039016553590  0.69005911861535774  0.70049961080040679
  0.71092342895789840  0.72131680603585169  0.73167362554905557  0.74202557432155469
  0.75238844400612503  0.76274229965601592  0.77309959528644867  0.78344856312219158
  0.79379732865857344  0.80415250020629070  0.81451737138181501  0.82488612638728731
  0.83521888337653327  0.84556738751085869  0.85592376027482231  0.86631671332030380
  0.87669486448440370  0.88710357779472127  0.89750974034612996  0.90792546493132276
  0.91832015797507049  0.92871967395445587  0.93910870269313562  0.94947859726195927
  0.95983730479922791  0.97016586041011299  0.98051957884478336  1.00000000000000000
  0.00949195456138131  0.01585153206146497  0.02497116873435255  0.03580592697768092
  0.04617879943236405  0.05659036572498970  0.06695922817698943  0.07730988548547275
  0.08764642815011774  0.09799220295084200  0.10837130610216217  0.11872412121804726
  0.12907203202312884  0.13941300419119521  0.14977836551715618  0.16017725315050949
  0.17057796547764323  0.18096660703406048  0.19133376889154904  0.20167313700194714
  0.21204043424407323  0.22240732011585118  0.23280717332285286  0.24315282706715449
  0.25348367006343853  0.26379799699837159  0.27415153439320306  0.28453965866668818
  0.29493378002746173  0.30532637478678659  0.31574008056802932  0.32617729290357528
  0.33664710347203847  0.34709856489827234  0.35752381633307828  0.36791863671803632
  0.37828986037155482  0.38865848488455912  0.39901709032074473  0.40936915337037699
  0.41974087203665172  0.43014241432479311  0.44055906873413297  0.45097107122401003
  0.46134955110369313  0.47171835037697724  0.48207861072836694  0.49244956517405147
  0.50283563969104073  0.51322488098651364  0.52359863910586701  0.53395239437706676
  0.54429732221206228  0.55466851420579955  0.56507809191710057  0.57552406721671534
  0.58597600453263421  0.59639014638216370  0.60677628380337933  0.61715493183483994
  0.62754649513195937  0.63795533379210423  0.64837632576478477  0.65879688184475804
  0.66920250719393115  0.67960033696320665  0.68998924205838841  0.70036810601463151
  0.71072969250327134  0.72109549825799790  0.73148043680252839  0.74186694968958999
  0.75226213176202605  0.76265170283302397  0.77303456796453840  0.78341368764559560
  0.79380720110636216  0.80419500522160337  0.81459021604922532  0.82498281421942854
  0.83539146653094698  0.84579749010621397  0.85618574893879817  0.86657156604236263
  0.87693766902247006  0.88730260602062605  0.89767224026925752  0.90804086468044309
  0.91839855509047952  0.92873619289138976  0.93906903536231379  0.94942680057078810
  0.95979455480708586  0.97016612937009628  0.98051999149426516  1.00000000000000000
 -0.00245040278843836  0.00998406020024052  0.02026484460240253  0.03079043479176249
  0.04129558859226677  0.05180137856599924  0.06233296288542411  0.07289361474962736
  0.08344571732521856  0.09398960687410174  0.10454476807888648  0.11514187619472331
  0.12569645077609842  0.13621383413156199  0.14669068642184777  0.15718303001701855
  0.16770033658212671  0.17825487770404691  0.18882452561276369  0.19936691063501616
  0.20987521195863332  0.22037482555071122  0.23088114276315835  0.24139662332542366
  0.25190662250723639  0.26241896262290587  0.27293597410833653  0.28348256209160416
  0.29401178605869710  0.30455145951171414  0.31508009536369247  0.32562616787233750
  0.33618747573725349  0.34676404565773994  0.35733810963196733  0.36787567477269667
  0.37838482861305900  0.38888117152448537  0.39938001686527080  0.40990076132492725
  0.42044294607870253  0.43101151939776816  0.44154872952220420  0.45210893749921027
  0.46259722573530737  0.47311960552301646  0.48362020390057403  0.49419144002449422
  0.50475871822860363  0.51529582657759931  0.52586784392713959  0.53645035788639028
  0.54710020444108687  0.55768609927293511  0.56825535133182048  0.57879088000231249
  0.58936514689249164  0.59994088763879050  0.61050455811526438  0.62101761774687114
  0.63150551333720395  0.64197521027426241  0.65246113205184009  0.66297617856337454
  0.67351764805161074  0.68407405588622228  0.69467029725309659  0.70525198023934499
  0.71582681189682595  0.72633130660370726  0.73682451201878185  0.74731017631458141
  0.75779286971956417  0.76831240774759824  0.77877543349589318  0.78925320859642123
  0.79969079939694809  0.81017982326612015  0.82066525613478269  0.83118848091800979
  0.84173040955053346  0.85231266720312460  0.86287070738037064  0.87343776085195590
  0.88400573562726747  0.89459157047742588  0.90517466076847486  0.91572832985967634
  0.92627398701401420  0.93680919224070280  0.94733078926480241  0.95786192483383270
  0.96836844439532677  0.97889752695418764  0.98942988926261799  1.00000000000000000
 -0.00232265153655953  0.00998023964112969  0.02025799126650732  0.03079289232278678
  0.04130822362038555  0.05184747536690049  0.06238992331505128  0.07291182990934914
  0.08341237151594608  0.09391433755220774  0.10441732065962653  0.11492622925329139
  0.12546713522631156  0.13606474459287199  0.14662859860240965  0.15716198384408181
  0.16762840402074919  0.17814664721994830  0.18868044241359111  0.19922991790079830
  0.20975953545399934  0.22028015820140051  0.23079520691232905  0.24129721994563766
  0.25179147465367691  0.26232950966457075  0.27291304345398654  0.28348351236209951
  0.29400475992000630  0.30452595046298936  0.31507701322170034  0.32566492191503854
  0.33625742471207848  0.34678797279022361  0.35734892421063646  0.36787089788622207
  0.37844057239836026  0.38895139998891237  0.39948352153893829  0.41000760094590283
  0.42052985534876453  0.43106255928001813  0.44161838320421970  0.45219728935357101
  0.46274355142272439  0.47326054047591432  0.48378463877252875  0.49434605024622269
  0.50494427802842190  0.51550369112403627  0.52601492789540572  0.53648953147069567
  0.54695722510803391  0.55748025279863445  0.56802676360360305  0.57859783969970924
  0.58914697145898720  0.59970108897563579  0.61025634880511004  0.62080528778063060
  0.63135545062522513  0.64189757462521002  0.65240021885994814  0.66287028817276572
  0.67334327243048464  0.68383739614626571  0.69438472277751873  0.70496011098300204
  0.71558407520673817  0.72621099214440810  0.73681079989532372  0.74737957109984388
  0.75789192403635552  0.76840897936549035  0.77889858208411111  0.78941162034901868
  0.79989910827478505  0.81037833646445967  0.82088338260517790  0.83139976039329644
  0.84194654779222911  0.85241336235789833  0.86295528736022553  0.87351484547544156
  0.88415670974588112  0.89472080295096601  0.90529273788144471  0.91586376506768563
  0.92644350667259023  0.93701029553983062  0.94753833412234389  0.95806577647062796
  0.96852399257950850  0.97899979131998549  0.98950143584338224  1.00000000000000000
 -0.00241605767530603  0.00950324831533476  0.01965054987386481  0.03009538005204220
  0.04061686805520425  0.05114736938297650  0.06171093900935026  0.07227885605782768
  0.08288178327721565  0.09347059749022467  0.10406006783576241  0.11461292980236330
  0.12517079982692395  0.13571883381078204  0.14628007071184798  0.15685807793917164
  0.16741501612854176  0.17795212845177838  0.18847430003230775  0.19901403941265552
  0.20956097933384044  0.22008998622844020  0.23066678578398317  0.24121635138982234
  0.25181856933204588  0.26238965773196915  0.27300095939786162  0.28357717692561990
  0.29409570629785792  0.30462122746209319  0.31513219762925315  0.32567733943190591
  0.33618229015427520  0.34668918916528241  0.35717898329529790  0.36769925723991159
  0.37825583694490128  0.38884270326375675  0.39944782864681055  0.41000039726899284
  0.42053038917269742  0.43105138249959685  0.44159264698254636  0.45211872795225244
  0.46261376300652618  0.47315426483233591  0.48368406818362730  0.49424008623854893
  0.50476947322718690  0.51532489297909267  0.52588791792384360  0.53640969192387489
  0.54697114569034233  0.55751574371020751  0.56807132174280639  0.57859276547182670
  0.58913522580755073  0.59966475183767021  0.61018182276233079  0.62067233288147416
  0.63118510849121157  0.64170214638955880  0.65224861972943926  0.66279331180370971
  0.67335503005410546  0.68390630380452611  0.69447467624156300  0.70497996098227578
  0.71547946936768836  0.72597669693144817  0.73655241560927187  0.74711440253600592
  0.75767190493041603  0.76818123642888814  0.77873101848276227  0.78926596505323943
  0.79979692968960325  0.81029484619687719  0.82082246100464451  0.83135633453705648
  0.84188743910010699  0.85239892496147440  0.86294109576641342  0.87348619452522791
  0.88398717436944496  0.89448225451025065  0.90498662729375756  0.91553965404835824
  0.92609063418842497  0.93667707631251462  0.94727237293571454  0.95784596151238188
  0.96839314513850294  0.97890079182192602  0.98945874462079442  1.00000000000000000
 -0.00223093745849169  0.00985774528060639  0.02008259348604831  0.03060223460460586
  0.04114718104636348  0.05165168220328627  0.06218250952586291  0.07267722513293594
  0.08319276590092296  0.09367488950080716  0.10418970403916128  0.11473252959699173
  0.12529824601615250  0.13586237588892566  0.14639237266451738  0.15688628699034626
  0.16741017342310180  0.17794605221539703  0.18846340568889805  0.19894885650209537
  0.20946845721681920  0.21999927579444534  0.23054864276127815  0.24105949751548486
  0.25160792854220054  0.26211673543048369  0.27262828420971930  0.28313505913392079
  0.29365365078426520  0.30414974801378736  0.31464312321415366  0.32513627404767659
  0.33566410040585432  0.34617844784742580  0.35669696960101555  0.36720349446783312
  0.37770867008637865  0.38821727805678913  0.39878851076218097  0.40937547479883846
  0.41997958445787192  0.43055884526985261  0.44118449076970390  0.45177117205711392
  0.46236977981895205  0.47293705962106730  0.48354003139975527  0.49412554555311877
  0.50465529559458089  0.51517534194016112  0.52569936968803699  0.53627089615983692
  0.54683758428687868  0.55736588564747014  0.56788458802374109  0.57841063508919743
  0.58898814867622318  0.59957828698116888  0.61016467270897323  0.62071665066859383
  0.63123073212364511  0.64172593028371094  0.65220185848863610  0.66271796360707735
  0.67325469019609985  0.68382156967283925  0.69443710873339193  0.70504299877915122
  0.71564386139768332  0.72616839355301477  0.73669984578357417  0.74722612252218434
  0.75777741498603435  0.76831282696231507  0.77882798256848507  0.78932209203492421
  0.79980079314920693  0.81030085508587901  0.82080993468608476  0.83134730893867337
  0.84187159528121358  0.85239247689037334  0.86290608674140934  0.87342088778815108
  0.88395945868868964  0.89447975090403298  0.90501648145733915  0.91549078860121524
  0.92599622358750577  0.93650415975149859  0.94706881056365000  0.95765765170291739
  0.96823197083316326  0.97881071073615322  0.98939453391434595  1.00000000000000000
 -0.00247474484570069  0.00979612389680858  0.02005324631476686  0.03057019264862483
  0.04110379056435324  0.05162864542161800  0.06219779244609022  0.07276016464702439
  0.08334108626432123  0.09391232544382064  0.10448290313002342  0.11507019290202640
  0.12563399083953669  0.13618644363410037  0.14668794024475984  0.15721277499843264
  0.16773511343313785  0.17825350103749113  0.18874649190099291  0.19924599269539736
  0.20976512748011517  0.22031023423339233  0.23086272372100825  0.24144243999138484
  0.25200935489392468  0.26256059254054043  0.27307837216230052  0.28361181060741036
  0.29416440472947131  0.30473708494453006  0.31534559025177528  0.32593952577285296
  0.33650867012899011  0.34701144415499208  0.35751793132893062  0.36801515707876864
  0.37856021109607413  0.38909815717530782  0.39964689860574887  0.41013696221850371
  0.42064815836365699  0.43113016025750484  0.44167978100874622  0.45219247531522455
  0.46276077330576809  0.47327914078543726  0.48384920465818504  0.49441767923200175
  0.50497536845306845  0.51552440597428684  0.52606723672480848  0.53659615532383853
  0.54709947056685482  0.55761062548992280  0.56817813839462261  0.57874451462138443
  0.58931159907513508  0.59985535591354855  0.61037109651955357  0.62086821927878988
  0.63134488987510917  0.64186049179353699  0.65236699842865165  0.66290555076755442
  0.67343800397600773  0.68396003271354600  0.69448302431986320  0.70499504993740392
  0.71553112927859552  0.72606262753940576  0.73659460385640840  0.74712758539953816
  0.75766636171687085  0.76823032102727262  0.77878890547395530  0.78936104988333933
  0.79992584257306798  0.81046370367719367  0.82095940450286053  0.83144567928925939
  0.84194703258592751  0.85246602635648250  0.86298010195161123  0.87352729837377530
  0.88407335547082322  0.89465373669003201  0.90518519138499864  0.91572423848117812
  0.92627803573980194  0.93684259893605870  0.94736802193505343  0.95785487551496262
  0.96836862695725678  0.97889147025901557  0.98944861644434001  1.00000000000000000
 -0.00219818332849138  0.00953429834724676  0.01967112987028669  0.03018209509627636
  0.04072898343100836  0.05133255161567971  0.06195968715743125  0.07259224974246724
  0.08315687558603602  0.09366098401001452  0.10417190990301879  0.11470823977746017
  0.12525774211830901  0.13577633161836378  0.14629145939744387  0.15683303904758084
  0.16739137430956164  0.17792602743694075  0.18844225330140521  0.19896490308224921
  0.20951585853245186  0.22007392512511217  0.23068276793596984  0.24126344432778121
  0.25186335634689455  0.26239218620528959  0.27295667837835524  0.28353857047953485
  0.29411729703902401  0.30468877711735814  0.31522878956751449  0.32575725307315795
  0.33627180324066736  0.34680035374899804  0.35731414165755027  0.36789578133219802
  0.37843751109002122  0.38905697345697671  0.39958774304279554  0.41013803385884617
  0.42066247295563780  0.43119403679336354  0.44173386993770830  0.45225955625794473
  0.46281060324995665  0.47334661763281866  0.48389079984593808  0.49439328897196927
  0.50489706618906727  0.51541757917823017  0.52596513341737516  0.53651940973939671
  0.54705672403332062  0.55758159261820472  0.56809713000026896  0.57861023289727032
  0.58915594909175273  0.59971607894963963  0.61029148542822165  0.62083165413934072
  0.63140489057335036  0.64197286839363299  0.65256442173090612  0.66310670101532332
  0.67360595908224974  0.68409329959091136  0.69460434668446069  0.70512197756611317
  0.71564307566893148  0.72617040208440964  0.73676819135406135  0.74738371632705203
  0.75799997925295026  0.76856771947420299  0.77910964007572059  0.78961299753495739
  0.80012137873005529  0.81063182609596707  0.82113510031024783  0.83161377819406468
  0.84211305222458566  0.85264321435407842  0.86319011075678265  0.87372468549673732
  0.88427212075385941  0.89481025913945045  0.90532555991563934  0.91580668774211549
  0.92629714401631624  0.93680868385911797  0.94730141897703901  0.95778379910381839
  0.96830634247075931  0.97886740219195456  0.98945259905073457  1.00000000000000000
   1.6287455780282449E-007  -1.0000000000000000     
 F F F F F F F F F F F F F F F F F F F F F F F F F F F F F F F F F F F F F F F F F F F F F F F F F F F F F F F F F F F F F F F F F F F F F F F F F F F F F F F F F F F F F F F F F F F F F F F F F F F F F F F F F F F F F F F F F F F F F F F F F F F F F F F F
  <DiscreteSampler_grid>
  grouped_processes
  1 # 1 for a reference and 2 for a running grid.
  10 # Attribute 'min_bin_probing_points' of the grid.
  1 # Attribute 'grid_mode' of the grid. 1=='default',2=='initialization'
  0.0000000000000000 # Attribute 'small_contrib_threshold' of the grid.
  0.5000000000000000 # Attribute 'damping_power' of the grid.
 # binID   n_entries weight   weight_sqr   abs_weight
    10   10   8.450370411112271E+007   1.240989650128818E+016   8.450370411112271E+007
    11   10   8.450370411112276E+007   1.240989650128819E+016   8.450370411112276E+007
  </DiscreteSampler_grid>
