  0.00952321804835078  0.01587894088041514  0.02511281067194432  0.03595686586292209
  0.04633965924905398  0.05672475712068209  0.06709124467042432  0.07746034022114109
  0.08781963195959432  0.09821289963968000  0.10860333699188425  0.11903309024048607
  0.12943005210239103  0.13980864577712485  0.15018884363535026  0.16053957849872905
  0.17091986107153126  0.18129361523736942  0.19170395245600741  0.20211529966164316
  0.21254591352649624  0.22296552175479023  0.23341285840543949  0.24382848738547333
  0.25424741147050539  0.26463425799627094  0.27498647226301859  0.28534655518334001
  0.29570400416614245  0.30607097305470687  0.31643335756953939  0.32680352661543727
  0.33718982551264037  0.34754534052773084  0.35789935460688954  0.36826235152386033
  0.37865475181482194  0.38905353498827827  0.39944224667195810  0.40983401813285675
  0.42022336128072912  0.43060786165284043  0.44099606717422829  0.45137817690606136
  0.46176945189012547  0.47214587823323834  0.48250730752380927  0.49283844560715206
  0.50316858524412345  0.51350633748433949  0.52388439794899944  0.53428893325230464
  0.54469317286781815  0.55508174367338026  0.56545323655885793  0.57581383314047119
  0.58617435281169039  0.59652436699805156  0.60687348630552251  0.61723149846353143
  0.62759635074774056  0.63795981198569707  0.64830502162583714  0.65866395240925635
  0.66906285438571678  0.67948416220154761  0.68989646215023626  0.70027018411915842
  0.71061984448427518  0.72096277385378471  0.73131083000468600  0.74170031447177764
  0.75211908113523096  0.76254093246864396  0.77295156149223243  0.78333691134871963
  0.79373301306649646  0.80411120965102489  0.81446599438179024  0.82482636540254206
  0.83522216040761588  0.84564638602099607  0.85606275465446990  0.86647653916050749
  0.87690278044171388  0.88732694865857975  0.89772900788274135  0.90809481408789083
  0.91847606388086267  0.92883905594908633  0.93923316158805925  0.94961257089288398
  0.95999247552536759  0.97028286518067397  0.98055217946669371  1.00000000000000000
  0.00971600539878943  0.01588576252101116  0.02513576894700234  0.03594670240053511
  0.04633439716662861  0.05675630116970554  0.06717951766879478  0.07757466975218033
  0.08796167406937437  0.09831147177366156  0.10868913939940415  0.11909622968959206
  0.12949258598193394  0.13984846832452522  0.15020022129924085  0.16058352734784104
  0.17098446398063460  0.18135485192842277  0.19169458761527633  0.20203969011101708
  0.21238824863087361  0.22277166375705607  0.23314508568886233  0.24350735694219044
  0.25387174247881034  0.26422392221148694  0.27458103220836516  0.28494291006236627
  0.29533527576893814  0.30571048545641560  0.31607833986927031  0.32644591073754387
  0.33682842149487136  0.34720757973294164  0.35757392753320028  0.36794905483734347
  0.37831636178977779  0.38869293630779256  0.39906275971382860  0.40945693404517047
  0.41984275323746961  0.43023945658787033  0.44064110841160053  0.45107635675226071
  0.46152896187976050  0.47197585097822414  0.48239738242792402  0.49281217458967785
  0.50321438672559682  0.51359219997597383  0.52396459711725252  0.53435764105592964
  0.54479893641919031  0.55523086441191294  0.56562663035489891  0.57599102795847346
  0.58635804054399110  0.59674793708925911  0.60713493278571240  0.61753294541058512
  0.62793216679435149  0.63832116632612079  0.64869473900512686  0.65905139183162420
  0.66941566562916022  0.67978333860832352  0.69015803245310814  0.70054412012953071
  0.71093266306828418  0.72133068175040660  0.73172928187975228  0.74211320339074593
  0.75249918215402090  0.76289124748949022  0.77330664521686121  0.78372122986662318
  0.79413376234955568  0.80452268855410902  0.81486876445623002  0.82518130716058746
  0.83551372233885568  0.84588114349974630  0.85626083155754074  0.86661370243798463
  0.87694515948274188  0.88728708220400776  0.89765834085287022  0.90804354176020197
  0.91836970448733091  0.92869233053356071  0.93898828216208963  0.94934623550581632
  0.95971023518643916  0.97010018463250036  0.98048102944931037  1.00000000000000000
 -0.00228170094915110  0.00958759147875845  0.01974690349012057  0.03028306911209756
  0.04085898130964746  0.05144682088376929  0.06200117609424597  0.07256162813214559
  0.08309861888336133  0.09361980906088439  0.10413003350151756  0.11464910579256660
  0.12517799554577713  0.13568967301031853  0.14620148779540690  0.15672479535875705
  0.16723850022087383  0.17776017769986560  0.18827834765602008  0.19876018536269432
  0.20924077889741347  0.21974794579609019  0.23031691832395337  0.24091858531904278
  0.25148448610683505  0.26207809946154370  0.27262548320997204  0.28318947383858484
  0.29368494635598807  0.30421903635901099  0.31473188938149399  0.32527348696574937
  0.33581362584297814  0.34640637083000525  0.35700880796286510  0.36757413148742019
  0.37807644944367808  0.38856941144441570  0.39906527944261760  0.40958338244535847
  0.42010848433210385  0.43065280358797930  0.44121984243220702  0.45177605763761752
  0.46237002603163530  0.47293295639917721  0.48352349828302993  0.49406687007886152
  0.50461262304659160  0.51512589163514422  0.52562762263862206  0.53614387621547144
  0.54668849502538441  0.55725338629090482  0.56782380697778290  0.57836268613520225
  0.58886886107262570  0.59935849331668878  0.60991795105524305  0.62049557473834260
  0.63111001510679543  0.64167225892617652  0.65223038023909785  0.66273147600416626
  0.67323121360233074  0.68378991161460090  0.69438882841491312  0.70498300579230655
  0.71554270002905651  0.72608404074487343  0.73662435963241513  0.74717129033695151
  0.75775442210607702  0.76830183759755100  0.77885342576084748  0.78935622579034748
  0.79990426036317164  0.81045100092227229  0.82103932778085464  0.83158132808622631
  0.84210811731523294  0.85258822456795180  0.86315819576375330  0.87371061763436442
  0.88426886829365703  0.89474454070438669  0.90520290392587610  0.91568299541679499
  0.92616564523888611  0.93668889843128289  0.94721206233035149  0.95777950569133785
  0.96835294477373757  0.97891668583023939  0.98946505472209134  1.00000000000000000
 -0.00235571855995349  0.00967664447848797  0.01988230987490346  0.03038729976677519
  0.04095917914972925  0.05151019052825487  0.06201662920258473  0.07256779157921998
  0.08311122659500955  0.09366658625655870  0.10417641336392180  0.11468406899737986
  0.12520865968435108  0.13573347310454578  0.14628454581721592  0.15686085275227804
  0.16737963900159800  0.17789788216221600  0.18838990227447178  0.19895983607282380
  0.20951102074295921  0.22006028177873743  0.23062026929683224  0.24116901920646230
  0.25171261723929617  0.26220646666227221  0.27267634094864052  0.28316191506809169
  0.29365541077650981  0.30418732191703718  0.31472764207234921  0.32525832726228598
  0.33582918142576185  0.34638080624204104  0.35695358179720610  0.36749490541295532
  0.37803888294813409  0.38858669464636342  0.39914904380456240  0.40970103835487176
  0.42025117903695408  0.43077089865072227  0.44130921564621800  0.45183216051520797
  0.46238735629588756  0.47287034564191310  0.48342634088823477  0.49389684254536675
  0.50439220659677841  0.51485815544714819  0.52543553294297096  0.53605406863506033
  0.54664145600974401  0.55716412124503378  0.56765243447503932  0.57815464350176426
  0.58867094690020061  0.59921744057702164  0.60975161944391609  0.62028489018237465
  0.63081155281168366  0.64132796997769326  0.65187071665193552  0.66242897341700069
  0.67299388898085666  0.68353606908737830  0.69406747845200001  0.70460002702132918
  0.71516927016050269  0.72571524975187918  0.73629513417697157  0.74681182414196023
  0.75738522343717862  0.76793428340891179  0.77854093101437072  0.78910661234943957
  0.79961274535141647  0.81009497853180235  0.82062351249166021  0.83123006925550258
  0.84179476932654296  0.85230306193951644  0.86277595216457614  0.87325178909789125
  0.88378521075608785  0.89433492284324201  0.90491998335031132  0.91549959944776316
  0.92606463459976518  0.93663954610618416  0.94717003664805666  0.95771864042870825
  0.96827086908208160  0.97883219174302627  0.98941683765090194  1.00000000000000000
 -0.00230320575094451  0.00960058013732626  0.01978616220291725  0.03033413041988672
  0.04089197743529537  0.05145182759450826  0.06203837726564457  0.07257828227726290
  0.08310992619482643  0.09362318687825767  0.10416913693229711  0.11469558152444008
  0.12522206842225772  0.13572263549801716  0.14622361944653231  0.15672858435028056
  0.16728432514703567  0.17784113866816256  0.18841788849793356  0.19895186925748387
  0.20950998267029555  0.22006538595493930  0.23060890833915082  0.24113550984941631
  0.25163551755498931  0.26214844318751496  0.27266555986079266  0.28322442686933119
  0.29370655489185693  0.30420866550457548  0.31466867997133224  0.32522108777379277
  0.33576272643792116  0.34633745783885844  0.35690839266462276  0.36744700088527560
  0.37797371385733675  0.38849359960979785  0.39902765605243284  0.40955251645920204
  0.42008428308260565  0.43067063028553804  0.44127311170698447  0.45186672778556575
  0.46240096101319933  0.47295291996366845  0.48348446207862827  0.49403749781198214
  0.50458079865189431  0.51511132696089446  0.52564177190737671  0.53614979279525299
  0.54665988880671157  0.55716019593426369  0.56765479282122344  0.57816819574706835
  0.58868023481597553  0.59919634389526266  0.60971256711105037  0.62028262448458293
  0.63088489163118688  0.64152951229132238  0.65211554264474236  0.66266374926288940
  0.67318667890077899  0.68375271654127390  0.69434287994334754  0.70487701227647792
  0.71536562842043061  0.72585042594504134  0.73642282477897003  0.74699423393828823
  0.75758864416016780  0.76814001335266036  0.77871260815774168  0.78926694331320957
  0.79978728107321495  0.81034183264918069  0.82086698991237306  0.83142636278100179
  0.84195022326434743  0.85246769663276512  0.86298559978490874  0.87350402808432581
  0.88405751728017978  0.89458196100661191  0.90512091600277245  0.91562082383486121
  0.92619218041777673  0.93673428833180206  0.94732889161264511  0.95787354942937775
  0.96841951590095487  0.97894137768067102  0.98946582715479459  1.00000000000000000
 -0.00180181119180276  0.01007155589061570  0.02039232174356270  0.03092656615472403
  0.04150189439214501  0.05205130748265110  0.06260957878069030  0.07317088459798833
  0.08373127583943203  0.09429663755207683  0.10484488469407131  0.11538596675376527
  0.12592447968827550  0.13645895005506650  0.14700406492482074  0.15756686419753924
  0.16811583715567893  0.17865502413846851  0.18914073260452813  0.19964317377939647
  0.21015534149528123  0.22070963585992406  0.23129485486956483  0.24185548614297553
  0.25242836913615813  0.26294340085300327  0.27345282781799218  0.28393664736559232
  0.29443933604198136  0.30497273977568173  0.31548705541061389  0.32599213150973871
  0.33648241591956041  0.34696828622446974  0.35745217730740003  0.36793072063192078
  0.37845128169509773  0.38897850213307950  0.39947267877620390  0.40995336441894781
  0.42042764934029081  0.43095470343434017  0.44148620580180453  0.45206537634371968
  0.46261291477381911  0.47315859783470487  0.48368727552131918  0.49420965096471231
  0.50473399221793169  0.51530745525969068  0.52591744743255864  0.53642704320530998
  0.54687807687289536  0.55733989945088336  0.56793870766258414  0.57855755219992744
  0.58910511715903957  0.59962392113075169  0.61010923493471947  0.62062972995484267
  0.63115702414848351  0.64170972546506377  0.65231753423788796  0.66288961824109061
  0.67343340828177300  0.68392857072574409  0.69445802929974598  0.70499369882412111
  0.71552972048541819  0.72606808903020759  0.73664759151965509  0.74720178508763757
  0.75773282165820177  0.76822596683187172  0.77874366070295675  0.78928663062564086
  0.79981825226167591  0.81034193740404492  0.82089916026157073  0.83142641352809554
  0.84202167540396189  0.85258439589450252  0.86313794251493081  0.87361322965058741
  0.88408796483494412  0.89463664296358991  0.90525013721023273  0.91580223204853228
  0.92631829607335614  0.93682244369698731  0.94736697395216163  0.95795602600399909
  0.96848041944711016  0.97903120762868712  0.98951431713053339  1.00000000000000000
 -0.00228281870419587  0.00987707147337524  0.02008717260049793  0.03056949655866496
  0.04105135730884232  0.05154496931849637  0.06207902422935632  0.07265358809199769
  0.08322582253402229  0.09381837893192992  0.10438306832498714  0.11496716261173992
  0.12548218464795646  0.13600990119291934  0.14652422430637471  0.15708294034333434
  0.16765805522871516  0.17825080736019688  0.18881031760541345  0.19933328922480981
  0.20981020459662880  0.22030202353708137  0.23086741540502936  0.24146965038905568
  0.25203626927397871  0.26256559017218006  0.27308007267064210  0.28364051748925334
  0.29418045631821749  0.30471761419568827  0.31524362272346840  0.32578135626134747
  0.33631133561360332  0.34681809644947786  0.35732152003646511  0.36786537550321058
  0.37846324217804439  0.38904248970520372  0.39959315846363763  0.41008705916410504
  0.42057681253579859  0.43107060397598934  0.44153096503407319  0.45201565879255040
  0.46249159127260414  0.47301175120737143  0.48353050396578656  0.49407361666532473
  0.50464404188200385  0.51520469229680754  0.52573309149586056  0.53624565957973891
  0.54678740824135874  0.55734497859150034  0.56789742577753710  0.57840207166175273
  0.58890068504451065  0.59942462824533982  0.60995951598472464  0.62046724351756488
  0.63095235006197725  0.64145359025424287  0.65202315047122139  0.66259617177012664
  0.67318485742600775  0.68373478696688106  0.69427674714433163  0.70478356943807741
  0.71532064752051983  0.72585500291298832  0.73643775158227232  0.74701509639510899
  0.75758879041598826  0.76814631513387222  0.77871177714860196  0.78932383066413514
  0.79989910300066214  0.81044965425489435  0.82098987047720340  0.83154334947959685
  0.84206537036068285  0.85256830819087481  0.86305351272981945  0.87358093317180097
  0.88410823929089222  0.89470766780926625  0.90526995892409223  0.91582130188707345
  0.92633488700876454  0.93686536163107592  0.94742074705516699  0.95795205829672669
  0.96846457758438398  0.97896128845352048  0.98946973803724847  1.00000000000000000
 -0.00222287102814520  0.00960925029734406  0.01978700910556391  0.03030454037831486
  0.04081407615426606  0.05131211545608565  0.06181587720009752  0.07237627699281650
  0.08299958221228391  0.09362632760834320  0.10419298834510786  0.11471434180036015
  0.12524015434040051  0.13581081771026926  0.14639218459053085  0.15696971207177074
  0.16755450107105543  0.17813602457839317  0.18876301921868954  0.19933766304096567
  0.20988992747615626  0.22043094751186645  0.23095825705484133  0.24146550406930228
  0.25195720274843486  0.26246081719321190  0.27296320944055957  0.28342787898874772
  0.29390111240889633  0.30437015197895684  0.31489467208025262  0.32541667793039580
  0.33598026296740524  0.34652589496990205  0.35708366585839263  0.36761134874841017
  0.37816234021121542  0.38870593927632757  0.39927562389874871  0.40983809530788512
  0.42039186102337256  0.43092349795852641  0.44142567424084406  0.45193988333403101
  0.46241759529855964  0.47292906105552146  0.48343775833894620  0.49400923765988214
  0.50455492046943073  0.51507822626559896  0.52557853036388402  0.53611309700850840
  0.54668990961598318  0.55724996895216561  0.56777467885150645  0.57828786454759973
  0.58884187929856679  0.59935820947201812  0.60989377075643181  0.62039601834466473
  0.63094586187609247  0.64147955871926587  0.65202466785372304  0.66256581955271565
  0.67310360754481213  0.68364390540227649  0.69416562042802588  0.70471021930989830
  0.71523844290882943  0.72578176229074287  0.73630478517430209  0.74681939610712966
  0.75735118110363386  0.76788091411317583  0.77845717169391271  0.78901416607743691
  0.79956320562135075  0.81008356175377516  0.82063751704914190  0.83122395796779014
  0.84182357771359240  0.85239567520192561  0.86301265917180803  0.87360104683123252
  0.88418201495464488  0.89470473846796816  0.90525314834101245  0.91577978632743207
  0.92630877400212308  0.93683112220088760  0.94740063636172478  0.95796254312050511
  0.96849718037312793  0.97902424571788749  0.98951932296656853  1.00000000000000000
   6.9287172049933326E-015  -1.0000000000000000     
 F F F F F F F F F F F F F F F F F F F F F F F F F F F F F F F F F F F F F F F F F F F F F F F F F F F F F F F F F F F F F F F F F F F F F F F F F F F F F F F F F F F F F F F F F F F F F F F F F F F F F F F F F F F F F F F F F F F F F F F F F F F F F F F F
  <DiscreteSampler_grid>
  grouped_processes
  1 # 1 for a reference and 2 for a running grid.
  10 # Attribute 'min_bin_probing_points' of the grid.
  1 # Attribute 'grid_mode' of the grid. 1=='default',2=='initialization'
  0.0000000000000000 # Attribute 'small_contrib_threshold' of the grid.
  0.5000000000000000 # Attribute 'damping_power' of the grid.
 # binID   n_entries weight   weight_sqr   abs_weight
    10   10   2.920299071603269E+000   1.582858417002580E+001   2.920299071603269E+000
    11   10   2.920299071603270E+000   1.582858417002582E+001   2.920299071603270E+000
  </DiscreteSampler_grid>
