  0.00986536805924628  0.01608966830287279  0.02525009132870870  0.03604096262437895
  0.04638447728598151  0.05674782100555189  0.06713532655874840  0.07752944200380095
  0.08793444887150688  0.09834032587601800  0.10871972403588631  0.11909427415820810
  0.12947679404215129  0.13990086851182959  0.15030791588470047  0.16070472717664636
  0.17108568291827281  0.18147386030954435  0.19184483194039070  0.20218872102082136
  0.21253815851425215  0.22288288504342296  0.23323404931048453  0.24360160508789297
  0.25399439335708740  0.26439248144906680  0.27474623124571301  0.28509036179218855
  0.29548164110346953  0.30589013946390392  0.31633283447392102  0.32675094643737401
  0.33719400329674731  0.34760766540690069  0.35801425177053658  0.36840502033432854
  0.37878086886761664  0.38915135516704230  0.39952386302364468  0.40989582281969683
  0.42028069138865859  0.43068908024503527  0.44112865528289436  0.45156685922167861
  0.46195631854913094  0.47230431098381437  0.48265149663418966  0.49302267558991009
  0.50339677548928474  0.51374821859110775  0.52410639338956722  0.53448252733925050
  0.54486392349394652  0.55521674685838307  0.56555564657202273  0.57591420790983983
  0.58630565843850491  0.59671793138558815  0.60711283811507344  0.61748440470736488
  0.62782042803198168  0.63813187705682872  0.64845046544542484  0.65880270047453027
  0.66920446290860514  0.67961886410430161  0.69003177207099986  0.70043168239292342
  0.71082855946933077  0.72124680737644542  0.73167776640780846  0.74211074309881508
  0.75252979568640654  0.76294188756019088  0.77334323023888651  0.78372982245257383
  0.79410001995338164  0.80448511346423912  0.81487992284756683  0.82530954170027615
  0.83571669430677975  0.84608846603142429  0.85645049376634352  0.86682326403570753
  0.87723491495698847  0.88764735090127866  0.89804173297256973  0.90842798942477343
  0.91877780782959673  0.92913321289840589  0.93951554810313420  0.94989190743127161
  0.96028493068615306  0.97052813484468259  0.98081863186553486  1.00000000000000000
  0.00951921236273103  0.01628303678659393  0.02520762748150041  0.03598474926656964
  0.04628643971314667  0.05660170935922017  0.06691214263004661  0.07723021454956937
  0.08757155743606970  0.09795835884735310  0.10836465762593733  0.11877549259559296
  0.12918909095512798  0.13959097211259716  0.15000070926007045  0.16044282260570103
  0.17087164404879626  0.18130350762920486  0.19170676198429079  0.20213060052722831
  0.21255560655053696  0.22295321918859745  0.23336771666102790  0.24381169236036268
  0.25425585035159193  0.26469094713980451  0.27504782399234917  0.28538748334074338
  0.29568098426167772  0.30600306361508167  0.31634528774390286  0.32669738302934892
  0.33706325877857224  0.34745130366984794  0.35787797024315249  0.36832465901726907
  0.37878408154486626  0.38925496623812733  0.39969599187154098  0.41007074827533152
  0.42040746239758059  0.43074221762273529  0.44110842861233851  0.45147369468539500
  0.46183589161569577  0.47221395446514308  0.48263048776604567  0.49306417821157661
  0.50348495536949600  0.51385598685628509  0.52420589509228799  0.53455925575418206
  0.54489583476364389  0.55523050904387794  0.56555993569818053  0.57590041743773679
  0.58623227052585869  0.59655818273434735  0.60691209424497328  0.61729369796146571
  0.62767941668987748  0.63808472654224269  0.64849832101085159  0.65888494451728774
  0.66926047767306351  0.67964139928144951  0.69006165521649332  0.70050366088409755
  0.71092690269669723  0.72132646825097801  0.73168281284040682  0.74201943915544122
  0.75236653281738908  0.76271238642695571  0.77305924141729032  0.78340693275585283
  0.79376962562211251  0.80414967858816899  0.81455161097508244  0.82493720754708511
  0.83533202995257494  0.84571695725588936  0.85609012705779897  0.86644743511543654
  0.87679134126043623  0.88714947091283669  0.89751226465973688  0.90787650279425602
  0.91826260848866970  0.92864528143164959  0.93902862877291726  0.94939564997730930
  0.95977457471629379  0.97014151814965888  0.98051600617871348  1.00000000000000000
 -0.00239769056211948  0.00956616014585836  0.01974603732316990  0.03030870955678604
  0.04087328677996254  0.05144891367156882  0.06203441145485129  0.07259285468116147
  0.08310696804443560  0.09362627645699365  0.10416916924176535  0.11473586516612704
  0.12523380321988284  0.13572941241911016  0.14624268409887467  0.15676128617675436
  0.16730142752837049  0.17781740954417966  0.18836158362364339  0.19887699588007660
  0.20943085023970198  0.21996654832418797  0.23047618536442663  0.24096258484685359
  0.25147055910377231  0.26200669719142811  0.27257471915481940  0.28309954995237063
  0.29364893449112783  0.30415598614817857  0.31472309469250148  0.32529445278595276
  0.33585404186908363  0.34641556032799642  0.35695058933028317  0.36754299788437289
  0.37812084084516240  0.38865691154860732  0.39915349310601095  0.40969999320217215
  0.42028477343583209  0.43083172848013263  0.44132464158688250  0.45178924382415581
  0.46230585617989889  0.47283175594361060  0.48336554236396884  0.49389037925975554
  0.50441740723837569  0.51499985288156036  0.52559282008729469  0.53616722316819754
  0.54668622616458507  0.55717073473165202  0.56771444142247018  0.57825867369931594
  0.58885593288906668  0.59944084954113031  0.61003578467100394  0.62060881043967675
  0.63114227347191731  0.64169472783735337  0.65220678474917981  0.66273896245274655
  0.67326325545485988  0.68375919903539184  0.69425433544231208  0.70474592014240112
  0.71528680253755339  0.72578910183729295  0.73635035879229471  0.74690325812415259
  0.75750488176066488  0.76805526219186993  0.77863960653848807  0.78918944023927928
  0.79974121371453533  0.81024399226810240  0.82078740401031702  0.83129757498054313
  0.84182584568538066  0.85236201342792073  0.86287578493857986  0.87342935688488832
  0.88395079556512601  0.89454834481266510  0.90509935487583915  0.91565232659866058
  0.92616759620657751  0.93671601190183729  0.94730998309676839  0.95795457947143925
  0.96848570991261551  0.97899384068570361  0.98946589485371217  1.00000000000000000
 -0.00224332766297377  0.00971298035298200  0.01992756717393435  0.03047727564133858
  0.04105419338042417  0.05160588138379706  0.06220011824221319  0.07277405304826789
  0.08339976343605260  0.09396919817919636  0.10451180582207886  0.11503213990586239
  0.12556218833404847  0.13603653969387244  0.14650636507028636  0.15695535746907613
  0.16749477118824643  0.17803348474397410  0.18862825299669242  0.19918624794089407
  0.20974882380099374  0.22024523506047228  0.23081216722809170  0.24137866427313848
  0.25196699497040537  0.26249343502827915  0.27298480160052180  0.28347944220132992
  0.29397071602395952  0.30450643206173739  0.31508615422349923  0.32568154940100680
  0.33623459704248365  0.34673980350385536  0.35722447488448739  0.36775988675000798
  0.37827135682819579  0.38880473375550750  0.39929522299506048  0.40983913510382697
  0.42037000025629973  0.43091024427750940  0.44139800767610904  0.45190515858828145
  0.46239216376772457  0.47291714153510572  0.48340881308120132  0.49396845238698245
  0.50453589593636050  0.51516592929565008  0.52573338078693832  0.53626055210576273
  0.54673691959180248  0.55725821966332090  0.56779740666870060  0.57834537879826620
  0.58885999783419196  0.59942215004181421  0.60995522270382518  0.62050844288534279
  0.63102703641595492  0.64156806814718592  0.65208626796211477  0.66261744736317763
  0.67313024404105792  0.68368041035473914  0.69424188381582419  0.70485327132189801
  0.71541308333283649  0.72591809551745567  0.73643465024237798  0.74696358969864918
  0.75752444346754455  0.76803640846340338  0.77864066535181353  0.78927310766715453
  0.79988905114300557  0.81039804831897189  0.82089996177723679  0.83144827654982323
  0.84203219832962095  0.85258801234206794  0.86310607447137255  0.87360387674342799
  0.88414397730381600  0.89468042974790707  0.90525386429219523  0.91579064211029304
  0.92639389088391633  0.93696081314308255  0.94751222350257835  0.95799854896410663
  0.96846354227593168  0.97894079598849593  0.98945190092455781  1.00000000000000000
 -0.00228942826851531  0.01060500774968513  0.02083913975472391  0.03138532172011280
  0.04189346921839421  0.05239635355336990  0.06288787627441754  0.07343518615039069
  0.08395137809001817  0.09447144922864287  0.10497648320966216  0.11549810640683790
  0.12599174125636131  0.13646946518256250  0.14701594424988829  0.15757115796569501
  0.16813497333327837  0.17870206275131870  0.18924522490247669  0.19973884237083622
  0.21022343069851143  0.22072545905444979  0.23128355457174066  0.24178910052303901
  0.25230337634763500  0.26284836121438659  0.27333272074307952  0.28383195509293391
  0.29432907018298460  0.30489908328103948  0.31546159222237058  0.32602465578560130
  0.33657952432337568  0.34713090289793225  0.35766021850570706  0.36813682225544225
  0.37863030265647640  0.38911346648182177  0.39959303148635983  0.41007198021218405
  0.42054914084118672  0.43108556096606260  0.44160502130921075  0.45213634025163241
  0.46266987017389127  0.47323172319175660  0.48382046449225125  0.49442792303330463
  0.50505552947692789  0.51564479476923331  0.52620883645843874  0.53670308146479540
  0.54718867479721145  0.55766106721579478  0.56819470129584770  0.57871656449783171
  0.58922688551897462  0.59975319242061254  0.61031479157656110  0.62089807577368694
  0.63141464549318660  0.64189870212382316  0.65240745023517455  0.66296212376873120
  0.67354385538460737  0.68409846687174802  0.69464189939203980  0.70519621402540067
  0.71572301349950351  0.72625884328286139  0.73674910276737315  0.74726183251495093
  0.75775795220672526  0.76827758196439222  0.77878568601535370  0.78928826789807582
  0.79976590500416089  0.81030457188016769  0.82084628663686621  0.83139548367361249
  0.84189530736150930  0.85241318723366077  0.86294944786935102  0.87352208327451986
  0.88406127754030417  0.89458218891529218  0.90513503799626416  0.91571623741869401
  0.92631355785687219  0.93685036569898861  0.94737111567915566  0.95787817221091021
  0.96838748235369543  0.97891871929499896  0.98945507391084475  1.00000000000000000
 -0.00230880648941566  0.00974462947437368  0.01995886187671425  0.03048844180185736
  0.04099073296794593  0.05149236017581565  0.06199450502970394  0.07252417132235668
  0.08306557385865543  0.09357931430806966  0.10406715399018680  0.11460648381262975
  0.12513826133108871  0.13571573127926803  0.14623615031698414  0.15676190087382311
  0.16727422944788428  0.17774591209577315  0.18826119885280485  0.19878140079369283
  0.20934172027336823  0.21989889746349012  0.23042259036581883  0.24099004587316966
  0.25154464881003125  0.26209340951263765  0.27263137156360751  0.28317563570782628
  0.29370025386219634  0.30419538051459633  0.31468364097747537  0.32522236938422783
  0.33574163087525133  0.34626032827140940  0.35679895061788497  0.36737623925346857
  0.37796570164347015  0.38854845637500635  0.39908965267640673  0.40961483288985429
  0.42014730231881581  0.43075010569288497  0.44136259949114287  0.45197097444416701
  0.46249266237270509  0.47303045763378898  0.48358877495738484  0.49419075702547488
  0.50480770981178114  0.51534102175281771  0.52585863018694667  0.53634823450587299
  0.54691036562124040  0.55749919131914860  0.56809287246662588  0.57861931839896708
  0.58908110943580849  0.59950737697815737  0.60993806789829175  0.62039401704477759
  0.63088901237240680  0.64140405240568799  0.65191887676537996  0.66241433652861681
  0.67290921964479011  0.68342164118220605  0.69392176950616957  0.70443960748381851
  0.71494378658274527  0.72542871121926089  0.73593518090007759  0.74644237714824402
  0.75698747758132412  0.76748967423176495  0.77804028985857199  0.78858770676436996
  0.79916653469011456  0.80968943630549606  0.82022914683719683  0.83071243865680400
  0.84123076609033109  0.85177744651377973  0.86238406165630965  0.87299971441957391
  0.88358519902858446  0.89413729457983993  0.90468436751454118  0.91520431252644208
  0.92574738539035906  0.93633684694141728  0.94699087402267867  0.95768057499674353
  0.96832933758840400  0.97890046451057078  0.98945776818481046  1.00000000000000000
 -0.00205235528188780  0.00965493769959273  0.01981974540168600  0.03027153083677808
  0.04077885138001356  0.05124789609984258  0.06172630838475812  0.07214296350557682
  0.08261986876984855  0.09310323650133889  0.10368748153042176  0.11428015746708800
  0.12482467293093868  0.13537955935323592  0.14593780152117755  0.15654293527369495
  0.16712733538432442  0.17768771478081605  0.18829740524095243  0.19886393186419196
  0.20941986816356067  0.21994652212522206  0.23048296783999417  0.24102940039361045
  0.25151545095931344  0.26202303316718417  0.27254335631721810  0.28306376051926374
  0.29364494439548244  0.30422692300244247  0.31487202242192519  0.32543434167359553
  0.33596326815243044  0.34650316966633143  0.35707797763854210  0.36766859464089635
  0.37819826065236117  0.38869201132962750  0.39920244439534791  0.40969056748097027
  0.42023990938186434  0.43081858898239284  0.44145248288077632  0.45204250282409458
  0.46259038080349707  0.47312696975253588  0.48359024494438280  0.49410913702076820
  0.50462169536978929  0.51526290157609356  0.52585505729771531  0.53649192530703316
  0.54707547394526646  0.55767518463467369  0.56819576838786912  0.57870757083702340
  0.58917715369617218  0.59967515643331737  0.61021385568047781  0.62078412207688272
  0.63137489300111216  0.64188086627571694  0.65239962942120333  0.66287517741310253
  0.67341480523260833  0.68393466965954253  0.69451418047633540  0.70509903560107257
  0.71568867923077839  0.72633207300602465  0.73695806324101365  0.74756746801327911
  0.75811559465249290  0.76868168512594959  0.77924938546740019  0.78980185082505028
  0.80032719510308525  0.81085162172338754  0.82138410430371600  0.83190628966436375
  0.84243400385557998  0.85291879502565604  0.86343646814775266  0.87395710642183433
  0.88452241776933127  0.89505026436301349  0.90558532971029027  0.91606114343425826
  0.92655409146317147  0.93702706161408789  0.94754898822076450  0.95805536224823540
  0.96855198734712300  0.97902654629984742  0.98951433025357427  1.00000000000000000
 -0.00243004089282346  0.00959817170568076  0.01981753553729533  0.03036615510540745
  0.04097103696802513  0.05147925416276528  0.06201394812271389  0.07254182287132797
  0.08308897748071147  0.09361487197449360  0.10413626965178491  0.11465141446097984
  0.12517021558426081  0.13569474199282627  0.14622708195912149  0.15673833339411553
  0.16724741469360965  0.17774973751467502  0.18826093460612456  0.19875616682763472
  0.20925126645616510  0.21975081365736676  0.23029262366194478  0.24083849683371880
  0.25131339429212818  0.26176469658272045  0.27222981684507674  0.28278377400467419
  0.29332150927061929  0.30386077977527826  0.31438182511686569  0.32489369144812169
  0.33540216249093535  0.34592916486861169  0.35647900879238648  0.36707009671347274
  0.37764344621644935  0.38823858471043182  0.39882853648232697  0.40943273940782032
  0.41998714501096451  0.43050323038758509  0.44098968162942431  0.45152564022961139
  0.46207574117327105  0.47260220329365282  0.48310757038919389  0.49361051543571149
  0.50413638222346002  0.51466516123254091  0.52521302253035484  0.53581445729906929
  0.54643479312235166  0.55702944161956758  0.56755456387341752  0.57805704946398240
  0.58859232211170809  0.59912275137846627  0.60965582927523176  0.62014808054404136
  0.63067845312022475  0.64124507759834715  0.65185689375736144  0.66244697675186270
  0.67298395572481917  0.68347888449223360  0.69401280635605567  0.70456944092581097
  0.71513214432217787  0.72564836714400405  0.73616527287387723  0.74666274122798992
  0.75722028132170205  0.76774855860400060  0.77829089096853787  0.78879748830392393
  0.79932810095316154  0.80986074009716358  0.82039836115609210  0.83094187159343780
  0.84150041380964635  0.85206533411105356  0.86266153691380598  0.87323389297703591
  0.88382009674828810  0.89439034679480189  0.90494490801886951  0.91548611600981811
  0.92599914284902274  0.93656095681815310  0.94712786653107628  0.95771568640823601
  0.96828793333905716  0.97885889157187134  0.98942396438513136  1.00000000000000000
   2.6690916883208606E-017  -1.0000000000000000     
 F F F F F F F F F F F F F F F F F F F F F F F F F F F F F F F F F F F F F F F F F F F F F F F F F F F F F F F F F F F F F F F F F F F F F F F F F F F F F F F F F F F F F F F F F F F F F F F F F F F F F F F F F F F F F F F F F F F F F F F F F F F F F F F F
  <DiscreteSampler_grid>
  grouped_processes
  1 # 1 for a reference and 2 for a running grid.
  10 # Attribute 'min_bin_probing_points' of the grid.
  1 # Attribute 'grid_mode' of the grid. 1=='default',2=='initialization'
  0.0000000000000000 # Attribute 'small_contrib_threshold' of the grid.
  0.5000000000000000 # Attribute 'damping_power' of the grid.
 # binID   n_entries weight   weight_sqr   abs_weight
    10   10   9.332749602393071E-002   1.684447082477143E-002   9.332749602393071E-002
    11   10   9.332749602393070E-002   1.684447082477141E-002   9.332749602393070E-002
  </DiscreteSampler_grid>
