  0.00959901945760326  0.01562951995799662  0.02486079769450283  0.03561877886897998
  0.04596609556613535  0.05633088551334200  0.06669715612265342  0.07706122264230053
  0.08743003705132743  0.09781516876683018  0.10819978985058398  0.11859961225177501
  0.12898330180080328  0.13936345956901125  0.14974127678219998  0.16011784862149031
  0.17050482764359343  0.18088400557690329  0.19128380174259033  0.20169063309776397
  0.21211427883424727  0.22253338304211476  0.23294879000862501  0.24336497761409556
  0.25377492803105361  0.26417189607301178  0.27453731548507054  0.28489753537222567
  0.29524772493542395  0.30561196465491552  0.31596505519463064  0.32632652516300259
  0.33669093087223256  0.34705751067810608  0.35742582326813055  0.36779950991537513
  0.37818820968485695  0.38857623579318551  0.39896780418413125  0.40935839424157089
  0.41974509225904627  0.43013543204811439  0.44052173793109450  0.45091327785515811
  0.46127848687177775  0.47162707660251346  0.48197400767223603  0.49233534716301247
  0.50271437509543970  0.51309807468967294  0.52348325351431613  0.53386320698875056
  0.54423601583218661  0.55460543281840269  0.56498606940341067  0.57537963328577746
  0.58578609556139016  0.59619518823915973  0.60660187851339564  0.61699803059340630
  0.62737258964290632  0.63773178761997973  0.64809403535965449  0.65846741545513110
  0.66885725437614130  0.67925878091623915  0.68965839378248328  0.70003982175029733
  0.71038365098911671  0.72071770002630386  0.73105746136798011  0.74142544725754933
  0.75182062440350328  0.76223879264491423  0.77265652135385487  0.78305926970142226
  0.79344833308088558  0.80383853722759269  0.81422308195276538  0.82460219387098499
  0.83498725490409154  0.84537801984215832  0.85577915453944131  0.86616885897287321
  0.87655698129812809  0.88693619789038558  0.89731062528934546  0.90770167848872618
  0.91810732397069295  0.92853700252270344  0.93896539017975611  0.94937993998872527
  0.95978495354853122  0.97016582888606795  0.98053978338251702  1.00000000000000000
  0.00957320975229281  0.01554617854627530  0.02481250026731601  0.03559863345952070
  0.04596515572694528  0.05635229287504627  0.06675571738063971  0.07716772417476681
  0.08757652536094675  0.09799646506120288  0.10840875527671641  0.11879739091923701
  0.12914700793479794  0.13950768439349573  0.14987503484951153  0.16026689243874509
  0.17065061503835521  0.18104015450915606  0.19141825318567141  0.20177998204451017
  0.21215932547734259  0.22255127998368274  0.23295903356499378  0.24335006365204565
  0.25372011099882547  0.26408239014429835  0.27446353054954070  0.28485574687237036
  0.29526339153765663  0.30565629729987731  0.31604767641929077  0.32643028210010955
  0.33681443504764386  0.34720180209047391  0.35757025014496013  0.36793088663588297
  0.37829986129329912  0.38867957749817406  0.39906660276227335  0.40943877507201504
  0.41980786917275875  0.43017073404280959  0.44054007545640739  0.45091727360700223
  0.46131177521884986  0.47171331932410238  0.48211580493503492  0.49250518979377461
  0.50288492762668024  0.51327139776707897  0.52367009491625627  0.53406360448146839
  0.54444656942676040  0.55482986770629161  0.56522469996619895  0.57562165483834582
  0.58601176909512420  0.59638807624485124  0.60675743879232724  0.61712018570050831
  0.62747315292174943  0.63781826122112151  0.64816202054836192  0.65851845385779295
  0.66888936088747541  0.67927142585581646  0.68965290219204378  0.70002647042285060
  0.71039494017733529  0.72077920655376848  0.73118383965611766  0.74157581147057550
  0.75196256004803375  0.76233528179441135  0.77271295664602202  0.78307368262371202
  0.79344241321805531  0.80381548252580459  0.81419655286557191  0.82457707041768258
  0.83495818174795233  0.84534428308163079  0.85570967625529082  0.86607949212210966
  0.87645763564461199  0.88685192905444798  0.89725865285580531  0.90766967038512225
  0.91808838926093683  0.92850029986127380  0.93888277425837074  0.94926513403797375
  0.95967887875633084  0.97010171694405123  0.98051752111446722  1.00000000000000000
 -0.00252499079843447  0.00958722728614293  0.01977263611734121  0.03031064230019524
  0.04085850569271856  0.05141465532375650  0.06197618871088255  0.07253245654735821
  0.08307627750235154  0.09358645570478877  0.10410637015157144  0.11463245083699537
  0.12520135645507582  0.13575996842831131  0.14632549364986069  0.15685636007085998
  0.16739582033480663  0.17792715054611882  0.18847192107878549  0.19898119958457372
  0.20950988260915426  0.22001736434489538  0.23055265760090385  0.24106790109342810
  0.25163039059449327  0.26218333898728396  0.27273526386361019  0.28325594749617733
  0.29378164336712792  0.30430010231164994  0.31481519195713864  0.32534198414100923
  0.33587330889736411  0.34640870097228971  0.35691599067680996  0.36743737502242219
  0.37797953912343862  0.38855743245369251  0.39913116950950422  0.40970830218691240
  0.42027187128638160  0.43085879957879075  0.44142030378912889  0.45198753899048100
  0.46252604478499015  0.47307620385901988  0.48361882812009516  0.49415464073796139
  0.50470973861665858  0.51522992506468746  0.52575007507972160  0.53625542128491444
  0.54676526231184319  0.55729230093427418  0.56782089053057583  0.57838544452433571
  0.58893208169677169  0.59947613324115279  0.61001300112548928  0.62055695250775522
  0.63107299789239935  0.64161616183295256  0.65215225727818238  0.66269941241966646
  0.67322952545028891  0.68376213077423309  0.69427939385537141  0.70480306940513848
  0.71532517421370623  0.72586866429923702  0.73640589218075236  0.74695085236236070
  0.75749496382256365  0.76802401465304360  0.77854962788240500  0.78905559958892380
  0.79956510034383999  0.81008770124005514  0.82063223198087765  0.83118770934099850
  0.84173914785535409  0.85228523706946746  0.86284536987053551  0.87341496202470736
  0.88399207189278206  0.89454562278333027  0.90509114458229012  0.91561948955753081
  0.92615550067905594  0.93669430062702319  0.94722799119751722  0.95773997142208367
  0.96828639857485777  0.97886637483871086  0.98945378686770180  1.00000000000000000
 -0.00235062349858993  0.00957097282970059  0.01974875641390365  0.03027896593970773
  0.04085547406163875  0.05143074281337553  0.06199650597434450  0.07253151016171261
  0.08307144458443894  0.09360705001204281  0.10416177250208530  0.11470571330124098
  0.12527115777365089  0.13582699852780625  0.14635784902667229  0.15688218556747482
  0.16740247695063676  0.17795377927392139  0.18849108683445709  0.19905100781818422
  0.20959435814748287  0.22012330500021313  0.23065957344431320  0.24120420557838682
  0.25177680062303331  0.26234737327501628  0.27292965315605738  0.28349457478936713
  0.29405283377370423  0.30459485272626580  0.31514165058858168  0.32565697870286364
  0.33615730373795794  0.34665993353982183  0.35718091393801893  0.36770345249332037
  0.37821608236305088  0.38874402759292559  0.39929220995494324  0.40984327318717223
  0.42035414804814369  0.43083648971430577  0.44133965185469110  0.45188314967559073
  0.46244574402666766  0.47300187258566878  0.48353557398811342  0.49406746565497406
  0.50458588412231054  0.51512097826712122  0.52568234319327389  0.53624652098431558
  0.54681049633821976  0.55737390457527081  0.56791261318939046  0.57844148810272222
  0.58896764741333130  0.59950757578810376  0.61003116563397541  0.62057305724060441
  0.63112158905055360  0.64167424418513519  0.65222690445461806  0.66277840212537542
  0.67334730323083536  0.68389496327165755  0.69444000321541033  0.70498736511316362
  0.71552129098877637  0.72607563583418067  0.73660251281464451  0.74716241775765413
  0.75770895344951206  0.76827742591675918  0.77882907496209919  0.78936926087045101
  0.79990415965388539  0.81043333218750324  0.82096598585157321  0.83148864992598981
  0.84201520069375413  0.85254332305345404  0.86308034502140085  0.87362013603720556
  0.88414913789656513  0.89468162460506684  0.90518817474872881  0.91569847367890422
  0.92619957685578658  0.93671027294601317  0.94720334339971979  0.95773053897426308
  0.96828780310797968  0.97887930266083012  0.98945164745076952  1.00000000000000000
 -0.00232592654142268  0.00967784549157117  0.01989093009067730  0.03043370312940436
  0.04095518603980298  0.05147694503707537  0.06200006306283570  0.07257711044659100
  0.08313692389543312  0.09371251170798091  0.10423668902377593  0.11478103458089951
  0.12534583115057282  0.13593003727820066  0.14650171433269116  0.15704952779287282
  0.16760244816442463  0.17814313695249478  0.18866257565362624  0.19918070318991879
  0.20971960837179199  0.22027300114943504  0.23083713358208197  0.24138850638059259
  0.25193377910566961  0.26245866072513419  0.27297205107429401  0.28350780007447057
  0.29405751295245075  0.30461144585700989  0.31514516897212175  0.32569076229417565
  0.33623181614372161  0.34677829239964020  0.35728379488029616  0.36778134087036712
  0.37827605339636100  0.38880675591973307  0.39936264214326295  0.40990281262187916
  0.42043630951943411  0.43097861386333647  0.44152134854366470  0.45205825884512124
  0.46254908120215693  0.47306485222249783  0.48358793830804264  0.49414383126437861
  0.50468161405754175  0.51520559061247162  0.52572308088225661  0.53626190993849976
  0.54679541938253373  0.55732216875010809  0.56782631916629878  0.57834010477797149
  0.58886056342300863  0.59941900348995281  0.60997689497890073  0.62055007844536825
  0.63108491454373383  0.64159792541759841  0.65211362123722649  0.66263652022848041
  0.67319574993357567  0.68374670824081174  0.69431143312671983  0.70490044955454534
  0.71548935655012968  0.72608075965938901  0.73664301248956876  0.74720634530930707
  0.75773617165798590  0.76825554253188688  0.77877007238102691  0.78928904897800911
  0.79980760606865609  0.81030250116836600  0.82081296874600029  0.83130236079692676
  0.84182412570415266  0.85237716767612837  0.86295972898456741  0.87353817066974471
  0.88408861625137380  0.89462954427714803  0.90515907476042523  0.91570124309655465
  0.92625147146535580  0.93680976058257504  0.94737095549975237  0.95789575923615400
  0.96842505026153458  0.97893495389888752  0.98947197660745345  1.00000000000000000
 -0.00240333136109826  0.00978247816483150  0.02000534628674661  0.03054182286981090
  0.04109297233935306  0.05163843113154617  0.06220467894229531  0.07276012422092833
  0.08329849003508157  0.09381359341749987  0.10433902356374657  0.11489345059646598
  0.12544908891064360  0.13601222305861740  0.14656131452182283  0.15714058317139795
  0.16768711931621832  0.17823995814907750  0.18876211913175273  0.19929620498889222
  0.20980973817235635  0.22031168866924775  0.23083477123753965  0.24136790430845989
  0.25192616448432770  0.26247213601517710  0.27302761183500696  0.28356155176787895
  0.29408624653850607  0.30461083766506758  0.31514343037520259  0.32565903918406036
  0.33619696833061818  0.34671796706317626  0.35727017410816819  0.36779205620734967
  0.37832998232457404  0.38885064616627779  0.39934377347212280  0.40986209297399540
  0.42038814663910717  0.43094251807791750  0.44148946645327036  0.45205281722272606
  0.46260077154018059  0.47314758131490825  0.48367681395414469  0.49422393798541997
  0.50475870962307889  0.51530047090160203  0.52583175022003037  0.53635795453314450
  0.54688589523448883  0.55743328720464624  0.56797913704879843  0.57850371562102165
  0.58899870155541512  0.59952050484544206  0.61006121985303163  0.62062610887977010
  0.63116039969113091  0.64169557800501753  0.65221052835236104  0.66274145433624465
  0.67330878653682402  0.68389956727675927  0.69449884045741161  0.70504395247355911
  0.71558682097200055  0.72612476740148135  0.73665888607054664  0.74718203673599026
  0.75771679341060749  0.76826598324791340  0.77879812082064670  0.78929611549862344
  0.79978785756318171  0.81029824575629195  0.82082667036060764  0.83136120264510616
  0.84190866253975227  0.85245552387697521  0.86299517594581177  0.87353289277142510
  0.88406651421138027  0.89458438966817311  0.90510656395780198  0.91563785940045495
  0.92619177046423373  0.93673883341216546  0.94727875952411011  0.95784832001923126
  0.96838767072649834  0.97892920871089839  0.98944876150123617  1.00000000000000000
 -0.00237399580062444  0.00968418913517373  0.01987963536703826  0.03038445720501811
  0.04087700194960977  0.05137254063153362  0.06185912688279019  0.07235786028785683
  0.08288258474726153  0.09343050848758087  0.10401005897371972  0.11457441415205878
  0.12512398645419712  0.13566709497614118  0.14620026620766305  0.15672954525343563
  0.16725308717430448  0.17775530112112789  0.18824173737170521  0.19873938803327779
  0.20924993944505424  0.21978591709324674  0.23030183930996267  0.24085010177606400
  0.25139645852676151  0.26195756094861128  0.27250306688397874  0.28304538810609980
  0.29356533768971610  0.30409962539514213  0.31461835602026400  0.32516170087077417
  0.33570990431937114  0.34626778399863367  0.35680542941510202  0.36732245627136512
  0.37784126321684897  0.38838919645647929  0.39893753762504047  0.40947345606608626
  0.42003134050263052  0.43057897212557616  0.44114052080997834  0.45165479685385790
  0.46219768018525870  0.47276171956966534  0.48333017206292467  0.49387751963725973
  0.50438717155499524  0.51492792536869814  0.52546618910149401  0.53602584529830677
  0.54656867886865668  0.55711854301617569  0.56767435066608585  0.57820770324250059
  0.58874495074851063  0.59926776839772466  0.60981618226821055  0.62035876065250062
  0.63091355563555784  0.64145212221554859  0.65199241081502357  0.66254060022255179
  0.67309582186313766  0.68365932715368949  0.69419339958575066  0.70472788773918016
  0.71526767240862232  0.72581704930513469  0.73638701398950390  0.74694891493111859
  0.75750717399792544  0.76803596957126985  0.77855951625500142  0.78911370756975852
  0.79966724938331912  0.81024439022824513  0.82079775878385242  0.83134440511541219
  0.84188605913650738  0.85239560779359669  0.86290061376979310  0.87340122661223385
  0.88394235851207725  0.89451369250955215  0.90507722612587627  0.91561965544538448
  0.92615931204822488  0.93668637568014257  0.94725831589042819  0.95783529811816770
  0.96843863853243428  0.97898935499822692  0.98951161209691141  1.00000000000000000
 -0.00244407551839534  0.00951798656118926  0.01967991971317283  0.03018006940526593
  0.04071253093196033  0.05127474363415771  0.06187636586202303  0.07247482835101371
  0.08306561332714188  0.09361966763525023  0.10418667460079230  0.11471211097772906
  0.12522188047756869  0.13574500011348362  0.14628347846631673  0.15686813670009456
  0.16744359714291956  0.17801847320007377  0.18855237202616357  0.19905475469063777
  0.20956240396694220  0.22010242535153091  0.23064426671750032  0.24119321437747135
  0.25171260932260403  0.26225258191357392  0.27277572616448570  0.28331535848760053
  0.29386285563462056  0.30442526111297030  0.31499104325266497  0.32554426600535558
  0.33607590244827340  0.34659247725423165  0.35712231923528154  0.36767532327187674
  0.37822714497770415  0.38877365497891964  0.39931051250894500  0.40983625817341296
  0.42035970851170856  0.43087776229515795  0.44142888277810471  0.45197732501967819
  0.46251093987306674  0.47301620594228772  0.48355055904515304  0.49411443982712044
  0.50467152160516493  0.51521171138104793  0.52575202486527184  0.53632269461289250
  0.54686624419938112  0.55739449898215376  0.56791280361047158  0.57844660856307839
  0.58899790091062643  0.59955146119059655  0.61011802928154180  0.62069826593737543
  0.63126681824970765  0.64182159672949013  0.65236227177246464  0.66292273206395291
  0.67350264370554336  0.68408536113225149  0.69466789536136164  0.70523218734832915
  0.71578833731099145  0.72634755120191974  0.73689192817747706  0.74741505777075801
  0.75790069940537874  0.76840671280095363  0.77891844035740809  0.78947277954506012
  0.80001033573557112  0.81057547996474411  0.82110897867278676  0.83161288776074860
  0.84210244107019250  0.85260578798787967  0.86314962795173900  0.87367215174704804
  0.88419433621600918  0.89471313737398317  0.90527046277749090  0.91581771222855923
  0.92635513218925980  0.93687457149462516  0.94738810091474124  0.95792285008399247
  0.96844274216138448  0.97897012836160613  0.98948130278313706  1.00000000000000000
   1.5427846816975293E-002  -1.0000000000000000     
 F F F F F F F F F F F F F F F F F F F F F F F F F F F F F F F F F F F F F F F F F F F F F F F F F F F F F F F F F F F F F F F F F F F F F F F F F F F F F F F F F F F F F F F F F F F F F F F F F F F F F F F F F F F F F F F F F F F F F F F F F F F F F F F F
  <DiscreteSampler_grid>
  grouped_processes
  1 # 1 for a reference and 2 for a running grid.
  10 # Attribute 'min_bin_probing_points' of the grid.
  1 # Attribute 'grid_mode' of the grid. 1=='default',2=='initialization'
  0.0000000000000000 # Attribute 'small_contrib_threshold' of the grid.
  0.5000000000000000 # Attribute 'damping_power' of the grid.
 # binID   n_entries weight   weight_sqr   abs_weight
    10   10   4.105711064474180E+013   3.207116831229922E+027   4.105711064474180E+013
    11   10   4.105711064474180E+013   3.207116831229926E+027   4.105711064474180E+013
  </DiscreteSampler_grid>
