  0.00952590096315944  0.01561976037339244  0.02486245887367700  0.03565599994672837
  0.04601518447715069  0.05640563028865097  0.06677677199144466  0.07714521715416654
  0.08751037898408244  0.09788041844082619  0.10824901454965036  0.11863948588423238
  0.12905859222726668  0.13949322848145479  0.14989118011946870  0.16026777386482144
  0.17064155294650799  0.18105064598201395  0.19147931169606922  0.20189872532950989
  0.21227975881630773  0.22266455055530660  0.23304714846104593  0.24344289288874987
  0.25384101648669172  0.26424373772180126  0.27463528000618653  0.28500132195772920
  0.29538109743470176  0.30576639657325505  0.31616504614726249  0.32655172797777215
  0.33693082564007254  0.34731691106760754  0.35769226499506213  0.36807580622648445
  0.37845854499535719  0.38886419221884327  0.39924501226076847  0.40963255344122601
  0.42000713657066646  0.43039948269165268  0.44078019863170270  0.45118202051516293
  0.46161113528071912  0.47204364121367970  0.48245210407423533  0.49282691079163810
  0.50318415133918926  0.51352647160307263  0.52388052407056995  0.53425142936671877
  0.54463047593155822  0.55501370989388876  0.56539232369900927  0.57578428588972552
  0.58617961396923202  0.59657527224357509  0.60697375639878226  0.61737316317044699
  0.62777106962521223  0.63815139531957765  0.64850640429947826  0.65885797093212883
  0.66923381370556168  0.67964198242570495  0.69005363263790587  0.70044272367053784
  0.71081572395016634  0.72116692666387905  0.73150320014542936  0.74183936948081963
  0.75219685345685816  0.76257189860346986  0.77295661581480501  0.78332737098188343
  0.79370060514264129  0.80406485865657207  0.81444210728383770  0.82482371233767371
  0.83521099522086339  0.84559944745372351  0.85598777912329638  0.86636464435553706
  0.87673360264002465  0.88709077298943217  0.89746397938444755  0.90784719827061533
  0.91824974343465438  0.92864535891434186  0.93905386958496706  0.94944721380926822
  0.95985262901752766  0.97020410081504338  0.98055844145007232  1.00000000000000000
  0.00952462032214620  0.01555042578680579  0.02482810387236887  0.03556830021810480
  0.04587916805430946  0.05623389171154718  0.06659331703204067  0.07696186614292506
  0.08733742517958808  0.09772154422209697  0.10813846096873239  0.11853201709384635
  0.12891031442903528  0.13925365893923153  0.14962236107271787  0.16001770489743691
  0.17041803730901062  0.18082368563108903  0.19121422470726671  0.20163080643279990
  0.21202326999380844  0.22241033295953472  0.23279690619097013  0.24318283013167338
  0.25356157433549065  0.26392644316553909  0.27429044400429070  0.28467905041643227
  0.29506027947087105  0.30544797408540214  0.31584643896217629  0.32626353908444822
  0.33665905878951530  0.34703746483417952  0.35740110253773000  0.36775888362949738
  0.37810502075069957  0.38845372884942075  0.39881539643568076  0.40918908668605464
  0.41955719450938833  0.42991928166456223  0.44026847351587645  0.45063535385308917
  0.46100937666316921  0.47139596022183206  0.48177198281023681  0.49215338380758528
  0.50254105427576901  0.51292400346586964  0.52330722215659975  0.53368368921466325
  0.54407715787465027  0.55447628850605446  0.56487067181566830  0.57525049674778306
  0.58563538783572577  0.59603784466224075  0.60644996216580282  0.61686033331017331
  0.62725648061152295  0.63764197029484393  0.64802009143076789  0.65840021514825620
  0.66879623835061097  0.67919203044785326  0.68957811194719476  0.69995827725434456
  0.71034073180998758  0.72073971285977600  0.73113487181411907  0.74153463448354295
  0.75193942465196428  0.76234414796885908  0.77274130620821313  0.78312871028777908
  0.79351208640410542  0.80390422172944720  0.81430035316679572  0.82470629977471699
  0.83510134067404185  0.84550314445465191  0.85590094527133997  0.86631741808552143
  0.87674096641708432  0.88716939551557794  0.89757347065772142  0.90793105189706091
  0.91828458075853925  0.92863667043896481  0.93900843517392452  0.94938679689197614
  0.95976582788037657  0.97014073966791037  0.98049795027842490  1.00000000000000000
 -0.00216858477363337  0.00959985433490162  0.01977425095765059  0.03030721993008888
  0.04089362678851557  0.05143839252383076  0.06195657759989402  0.07244616632574499
  0.08296323718158986  0.09350303453888542  0.10402785403273625  0.11455425304306641
  0.12510416101203561  0.13568821389270738  0.14626065893187459  0.15681243847688672
  0.16730400093097475  0.17781832470926007  0.18832272747114998  0.19886446542922259
  0.20938270596176026  0.21991305591734642  0.23043690974375061  0.24099033749346119
  0.25154785489609860  0.26211054023458114  0.27265858900221801  0.28318639628499087
  0.29371338325760976  0.30425508713221022  0.31481578549319222  0.32537897234387936
  0.33594308949192520  0.34652342695180072  0.35710114735884041  0.36769028228802197
  0.37826397012381568  0.38884025757513990  0.39939176611014104  0.40993343335002969
  0.42047657492112939  0.43099889134742120  0.44152246293113018  0.45203684629081714
  0.46257448151045244  0.47311729461319568  0.48367288878610448  0.49421552822135273
  0.50472460402088903  0.51522895162976345  0.52572382504172566  0.53625815187430648
  0.54677649604728606  0.55731509047159555  0.56786235584979661  0.57844558695578296
  0.58902309093959204  0.59958448194808367  0.61010214480322589  0.62060889191018820
  0.63111910629930468  0.64162950608041813  0.65214721272429055  0.66265643945157704
  0.67319548395425122  0.68376094262788878  0.69431712371130727  0.70486289542427838
  0.71541126168254188  0.72598831388808904  0.73656631524253646  0.74713034239180465
  0.75767907313376648  0.76822064759227249  0.77875652059999068  0.78930428614805825
  0.79984827280959769  0.81038693519871530  0.82092850647592408  0.83149312039928558
  0.84203198497813891  0.85255788846377256  0.86306169339292493  0.87356674475020912
  0.88406359418675051  0.89460478504118557  0.90517096556273569  0.91575310300551627
  0.92629881017984550  0.93685391603425316  0.94736650463259442  0.95787414823029027
  0.96836542922904256  0.97890096553220696  0.98944280308017651  1.00000000000000000
 -0.00238875225730937  0.00961056184768642  0.01976685773630508  0.03027905944825859
  0.04083394954287710  0.05139659301667578  0.06191951136245055  0.07244113391352855
  0.08295675359498500  0.09348678276528487  0.10401641313039359  0.11454557503878331
  0.12508842676958432  0.13559677764312369  0.14608948350180140  0.15657535197436376
  0.16711508249099991  0.17766854209217769  0.18823685867924164  0.19874901267217071
  0.20927496550148275  0.21979932033774302  0.23035059782386466  0.24087070797194227
  0.25140206293681949  0.26195377876778742  0.27253053825033047  0.28308612304818398
  0.29360674660005237  0.30411965870740715  0.31463688362762343  0.32517057742894634
  0.33570088316387298  0.34625085520224846  0.35679078823953048  0.36736212166426735
  0.37789651987098866  0.38848613604613319  0.39906123939400001  0.40966234714443761
  0.42023607894022669  0.43079386549464654  0.44136108680338437  0.45191837304165178
  0.46247911027250271  0.47301516518622666  0.48355042648066676  0.49408560277477148
  0.50464421978540441  0.51517661641352963  0.52573368194882564  0.53628719054949059
  0.54689460647672938  0.55746423870926298  0.56801131582000819  0.57853273669899985
  0.58905625867048417  0.59957534549369407  0.61009318088580489  0.62061297501710200
  0.63113006838387553  0.64162122498770890  0.65213773883403836  0.66267831098376340
  0.67324670359450256  0.68382708478428900  0.69437943579083194  0.70493329591585263
  0.71547014179322277  0.72603790341983077  0.73661649085808911  0.74719640312248736
  0.75776361724579644  0.76828752855074955  0.77878936437998991  0.78928627491866354
  0.79980610839747401  0.81033889022326855  0.82087720663317221  0.83143281805387459
  0.84200514060468479  0.85258754288497907  0.86315749965021749  0.87373455857084481
  0.88428963449813702  0.89481075630509521  0.90531806857203723  0.91581110886275441
  0.92635634613767859  0.93687007120100552  0.94742236846400307  0.95793503438746841
  0.96845388832780321  0.97895476076179233  0.98947284771388555  1.00000000000000000
 -0.00244723557423510  0.00944578665210199  0.01957086018460144  0.03005527732135001
  0.04057960623813017  0.05109957397931508  0.06161675132859501  0.07209877049304111
  0.08260025204368239  0.09311445928763208  0.10365536567365134  0.11418911195385065
  0.12470083852802270  0.13521846991121222  0.14573624336844510  0.15625440225987336
  0.16677332782123089  0.17729634039374795  0.18785738164377253  0.19842471746769427
  0.20898928633412295  0.21953892451225684  0.23007094812552112  0.24060538771745665
  0.25115508297365657  0.26173881325863968  0.27234074897657540  0.28292069087818350
  0.29349094492418271  0.30400752075095766  0.31452386027566975  0.32501854954122356
  0.33555254421969316  0.34609594324914855  0.35662140176868118  0.36712717850546461
  0.37766800895862418  0.38824209719927294  0.39882035680322403  0.40936849815710286
  0.41989391949486993  0.43043230662277870  0.44095474901924420  0.45147310268936930
  0.46198400686222696  0.47249536392560226  0.48302825271143701  0.49358300419294476
  0.50411930300984908  0.51464267351228665  0.52513641508891185  0.53564510341210270
  0.54615063626277915  0.55667852914878302  0.56722663268341766  0.57782247960994659
  0.58841530955561294  0.59900243891427463  0.60957271021240100  0.62014555354408452
  0.63072582742668792  0.64128071990757174  0.65182330789644194  0.66234267255101387
  0.67288213491973980  0.68345044999761773  0.69403225628705711  0.70457578514096675
  0.71511763394820627  0.72565452953919041  0.73622899376581641  0.74676131520400157
  0.75730453115221019  0.76782644111562748  0.77837907270523876  0.78892836402100375
  0.79947997645842606  0.81003304502386975  0.82054735707723203  0.83109301163029470
  0.84161812829346960  0.85217500995737372  0.86268604997186937  0.87319622614136516
  0.88375618959967905  0.89437058593268892  0.90499524557115818  0.91555850125952287
  0.92609201188875245  0.93663199594475288  0.94719359781819401  0.95776101140201853
  0.96833992928992219  0.97889696763004130  0.98945864304830733  1.00000000000000000
 -0.00231814945975274  0.00960991017668397  0.01980635586769387  0.03035263164815201
  0.04090183276886260  0.05144439844826004  0.06198639041485604  0.07253836201616269
  0.08307460885985726  0.09362979294941715  0.10421134181903226  0.11479882412965026
  0.12535867856194535  0.13589750158711586  0.14643072669917226  0.15696066551870116
  0.16750153927292780  0.17806246860702879  0.18861539936915048  0.19915336072393741
  0.20967499734025355  0.22019420340342044  0.23070863123375512  0.24122079647171915
  0.25175867295966858  0.26230167891754907  0.27288302371442363  0.28346170035666951
  0.29404427162111024  0.30459477226985282  0.31508397462193294  0.32559353069063324
  0.33610392626224411  0.34665355497586442  0.35720141273200845  0.36775603534761059
  0.37834429209126630  0.38890572499975018  0.39944717117879952  0.40997510378910107
  0.42051177557125352  0.43107785051437703  0.44162925120050966  0.45215637797386882
  0.46265431737178703  0.47317804134441399  0.48370969982076578  0.49426145558014939
  0.50477908488659307  0.51529335852391900  0.52581141839370171  0.53635476078350075
  0.54690663386860194  0.55742778572327711  0.56792826153749776  0.57842333236283094
  0.58891978153429070  0.59943263789266987  0.60995950458839066  0.62049945935902695
  0.63103252642762009  0.64157362274656693  0.65211107437565985  0.66265250298695955
  0.67318479270847231  0.68370322790019245  0.69423093206288689  0.70477686616225477
  0.71534439569699004  0.72591325515887350  0.73645484068667910  0.74699166001434680
  0.75754061121536720  0.76810871060004493  0.77871581537398360  0.78927070832947321
  0.79984690949477766  0.81036877096773352  0.82093835614502197  0.83147861328065775
  0.84201917646984736  0.85252265234049274  0.86304114125992626  0.87356635403564542
  0.88409879048342455  0.89460831253011963  0.90513534559632658  0.91566561519495848
  0.92618010725119615  0.93669994916335353  0.94724805190837813  0.95780454406222271
  0.96832915856422497  0.97883381319513141  0.98939675236471769  1.00000000000000000
 -0.00253339701937060  0.00945908116203457  0.01961467781818187  0.03015328891018974
  0.04070301699618294  0.05125174192190188  0.06177558243172863  0.07230359267632332
  0.08282338327701255  0.09336844049702062  0.10390290009297054  0.11443202027689690
  0.12496361425848061  0.13551519258929912  0.14606286786520581  0.15660256246367812
  0.16715464525379467  0.17770850977685668  0.18825255253312936  0.19876829984714633
  0.20930099167893293  0.21985865698487780  0.23041914907695391  0.24097439959861688
  0.25150883837676746  0.26203245736945452  0.27255480974072588  0.28308048951467107
  0.29361122153380442  0.30413312593709463  0.31466154012924663  0.32519613935670322
  0.33572355177607238  0.34623251659075310  0.35674850939131514  0.36726061835043572
  0.37779755405898485  0.38837397258801959  0.39897556755752034  0.40956241506924168
  0.42012522512776401  0.43067958468967210  0.44122045700975060  0.45173956612172933
  0.46224827781351452  0.47277654565223493  0.48330355050443030  0.49382862074411776
  0.50436112223767460  0.51491893628797014  0.52546949337477178  0.53603772554002171
  0.54656549938129062  0.55712462475077229  0.56765957440470116  0.57823273078390136
  0.58878116528344193  0.59933455675907232  0.60987204396331174  0.62038603218123334
  0.63092572101866806  0.64147493140399980  0.65206807217669849  0.66262806751017622
  0.67316760289760458  0.68370601629954086  0.69424237720952964  0.70477436316142650
  0.71529878842262296  0.72583220658696912  0.73636798444841667  0.74689160862125603
  0.75740096150244318  0.76792297710174806  0.77844631091399841  0.78897241479761759
  0.79952088129671028  0.81008019333889258  0.82065218093016845  0.83118064830638272
  0.84171498222469909  0.85225606108921625  0.86280466766031128  0.87331851549146777
  0.88384513390210573  0.89438846240054370  0.90495828725144567  0.91552287894263706
  0.92611529299111706  0.93670763743439778  0.94727468216057986  0.95782336419525016
  0.96837232973596221  0.97891139902031099  0.98945217557427689  1.00000000000000000
 -0.00250698432524709  0.00948687582409100  0.01964305519357666  0.03012523157018549
  0.04064856221848453  0.05116943814461600  0.06171990748117660  0.07227848137843644
  0.08283326291017863  0.09339638503964973  0.10396349147417433  0.11452017655401604
  0.12504013659204447  0.13556617503350793  0.14608753487303647  0.15663466202203324
  0.16721069272838873  0.17781634724650336  0.18838486137901658  0.19890714397005532
  0.20939189002081401  0.21989613946567960  0.23040714647151242  0.24093450454917667
  0.25143391965680734  0.26193965939149616  0.27244013854156596  0.28298165234633105
  0.29353381944198509  0.30412494830088788  0.31470986542166324  0.32531152266759561
  0.33589661919832192  0.34647859772188311  0.35703237907459784  0.36759723921460374
  0.37815041853265896  0.38871350982215064  0.39925301265445912  0.40979317312350783
  0.42029873393784556  0.43082520956838882  0.44135577104445234  0.45188971710282383
  0.46240180893512595  0.47291477547939348  0.48342991380457834  0.49393560280750282
  0.50442989560234830  0.51491732064028606  0.52544203067138340  0.53598570302643267
  0.54654349722574913  0.55706612014259294  0.56757471597469311  0.57808560611521265
  0.58862776829046426  0.59918330438827205  0.60975129718791610  0.62029486306725923
  0.63082210058189192  0.64133666220481222  0.65187687534862793  0.66243941184811361
  0.67300256946686943  0.68352880059604604  0.69405512461578200  0.70457145251806186
  0.71507749542159937  0.72557610479046353  0.73607122242804501  0.74660551510085171
  0.75714892735488037  0.76771568611974017  0.77825430162281484  0.78877934504013170
  0.79930739728773070  0.80985068325957432  0.82040870841162217  0.83096337092514305
  0.84153730421063178  0.85211296506112699  0.86268785344498566  0.87326101883202489
  0.88381648469417140  0.89438788898342680  0.90492853944304408  0.91547956081186022
  0.92600969334938754  0.93656370621772089  0.94712758935717556  0.95768432505452683
  0.96826642447113187  0.97881706224118092  0.98941794423672336  1.00000000000000000
   1.5438279582134645E-002  -1.0000000000000000     
 F F F F F F F F F F F F F F F F F F F F F F F F F F F F F F F F F F F F F F F F F F F F F F F F F F F F F F F F F F F F F F F F F F F F F F F F F F F F F F F F F F F F F F F F F F F F F F F F F F F F F F F F F F F F F F F F F F F F F F F F F F F F F F F F
  <DiscreteSampler_grid>
  grouped_processes
  1 # 1 for a reference and 2 for a running grid.
  10 # Attribute 'min_bin_probing_points' of the grid.
  1 # Attribute 'grid_mode' of the grid. 1=='default',2=='initialization'
  0.0000000000000000 # Attribute 'small_contrib_threshold' of the grid.
  0.5000000000000000 # Attribute 'damping_power' of the grid.
 # binID   n_entries weight   weight_sqr   abs_weight
    10   10   1.355419801879528E+013   4.491815002527151E+026   1.355419801879528E+013
    11   10   1.355419801879528E+013   4.491815002527153E+026   1.355419801879528E+013
  </DiscreteSampler_grid>
