  0.00951820486578620  0.01569713880406640  0.02483271166950607  0.03560955940423265
  0.04596263457811631  0.05634845817573212  0.06672008190099060  0.07708089653575910
  0.08743997272375081  0.09779678695763680  0.10816545668973734  0.11856745030093091
  0.12896942416722723  0.13937692493974049  0.14974424105811349  0.16012827285868692
  0.17050515472584851  0.18089736455791747  0.19128691853615851  0.20167690653928630
  0.21205758148267345  0.22244408254396550  0.23281934848137581  0.24317249537299532
  0.25351642452717771  0.26386621441483338  0.27424273044799435  0.28463172837001982
  0.29501994968052236  0.30540167889260633  0.31577174220916593  0.32614118321182350
  0.33651642788240188  0.34689075574094169  0.35726191904262061  0.36762865841505699
  0.37799742198103575  0.38837674706188030  0.39876213205184657  0.40914533797540725
  0.41954291541993016  0.42995589453439736  0.44038223063653992  0.45080640173657233
  0.46123012737921765  0.47164912853587204  0.48204742095332287  0.49243792083289473
  0.50282432003677724  0.51322843154446895  0.52363850442008641  0.53404465104480958
  0.54442888885442253  0.55479664419649100  0.56518251403283049  0.57558573044559946
  0.58599449463194841  0.59639115424082401  0.60678262216613144  0.61717185236760330
  0.62754487198891395  0.63790345809750582  0.64824860978871501  0.65858902009887144
  0.66894124012176681  0.67931032384137813  0.68969409546315807  0.70007223193841861
  0.71043936243593031  0.72081578205319630  0.73120179469227886  0.74160190556688466
  0.75199253114206377  0.76236813646378332  0.77274300212462499  0.78312778266679794
  0.79352100280675308  0.80392774614395213  0.81434426437584717  0.82475506837501722
  0.83515704233101606  0.84552638118245971  0.85591386058682040  0.86629844682653434
  0.87668892392945119  0.88707814946011865  0.89745835455699163  0.90786143347366344
  0.91827882890016166  0.92871325474347322  0.93913954247909281  0.94954625018494743
  0.95992329773657148  0.97026965341775939  0.98058002707901581  1.00000000000000000
  0.00955745660291688  0.01579990561624905  0.02492125363349222  0.03570859860487258
  0.04606953161242524  0.05645745585804497  0.06685051073880684  0.07724147380969175
  0.08760890970030819  0.09796213272324356  0.10830664440293862  0.11867210003994491
  0.12907415439295519  0.13948341262234629  0.14990196016768437  0.16027912896120114
  0.17064738620542483  0.18102358097172638  0.19140089221829268  0.20177945987751869
  0.21213675139156393  0.22249649569004593  0.23285728089477448  0.24322493669390108
  0.25359472557364321  0.26397917344887861  0.27436980939556049  0.28477963862865435
  0.29518845460187437  0.30557484208717250  0.31594826915802271  0.32632592120726539
  0.33671757592639007  0.34710449592489145  0.35747735418246879  0.36785701974254392
  0.37824416396083699  0.38862952464531753  0.39900025686274937  0.40937073047786776
  0.41973368300082703  0.43011460531019319  0.44049566881005575  0.45088323161117455
  0.46127426928251497  0.47166902022859292  0.48206608850412858  0.49244399166085878
  0.50280985923817378  0.51318422697367494  0.52357585156604713  0.53396873693482294
  0.54436433592534783  0.55476234029353244  0.56516969544501416  0.57557334297818707
  0.58596998160864999  0.59636897612547335  0.60676824292838649  0.61716868940550373
  0.62756436493514167  0.63794142221512440  0.64830710927053059  0.65866920847702493
  0.66903471235613210  0.67939766442617300  0.68974949859290757  0.70011734730479880
  0.71050308757395930  0.72090065723985353  0.73129595441007600  0.74167274219445034
  0.75204183473789110  0.76241123081296125  0.77279518452832718  0.78318617778359345
  0.79358526680454167  0.80399189594426401  0.81441568178017509  0.82483183655612591
  0.83524960355583944  0.84565814209000278  0.85605888172594768  0.86643632829748496
  0.87680372642386084  0.88718273576203377  0.89757063267419834  0.90795293331576177
  0.91832256996965667  0.92870559380791329  0.93909164237171061  0.94948257227960631
  0.95984395132547373  0.97019334670067869  0.98053710427658369  1.00000000000000000
 -0.00244631902407491  0.00966918446702018  0.01989017277169343  0.03040168466913659
  0.04093519963875830  0.05146002148313034  0.06197123980481691  0.07252528853709800
  0.08307418931568636  0.09364435951615198  0.10421681559520683  0.11477717648061098
  0.12532633835231397  0.13587337474624558  0.14642984324341649  0.15699988362859985
  0.16753658598145957  0.17809910706132270  0.18865838535189466  0.19920797223650114
  0.20973872268656640  0.22025025440338544  0.23077263921376484  0.24129019655742448
  0.25181997253072597  0.26234421057300433  0.27287630337594998  0.28340482800662836
  0.29396338421710028  0.30449321178131894  0.31503976767551289  0.32554968447243399
  0.33608428808311913  0.34662233926392744  0.35720759882132114  0.36780248367971796
  0.37836616078736690  0.38888495008375112  0.39939823693728432  0.40992284944309720
  0.42046665040188158  0.43101091942244291  0.44156630365361627  0.45212903549394218
  0.46268869033608312  0.47322613912286160  0.48377706841113116  0.49433084249956177
  0.50489454489820318  0.51542596805750229  0.52594986775108277  0.53649889431622133
  0.54703319235032644  0.55755921461062452  0.56805603521956105  0.57859937357596225
  0.58914028084169567  0.59969902501426853  0.61023868523991154  0.62078833141623868
  0.63129147281196873  0.64179733876795908  0.65226395123080882  0.66276498862702171
  0.67326238651158754  0.68377889802058478  0.69429253342790975  0.70480355063074340
  0.71532901010637706  0.72585734831907078  0.73640362702089313  0.74695131167571771
  0.75753945307901727  0.76810041394703565  0.77867038136507871  0.78922206528594963
  0.79976159240398625  0.81030193754348157  0.82081869124002482  0.83134991560879401
  0.84189238004134570  0.85243788358008987  0.86298907780731060  0.87351058810198301
  0.88407441892855176  0.89463992452621077  0.90522448105999243  0.91576329910999310
  0.92628312001499569  0.93678923529443481  0.94729973302810278  0.95783293163406313
  0.96837662252861512  0.97893343882532347  0.98947025409198441  1.00000000000000000
 -0.00240959390508358  0.00969017851739081  0.01988582662661475  0.03041913372947761
  0.04094696551658523  0.05145403208291889  0.06196017955013412  0.07248941960615464
  0.08303456409489388  0.09357023901962003  0.10410253560125773  0.11461624612381252
  0.12513376910232976  0.13562571547138783  0.14615931374417959  0.15668230037130271
  0.16725269580683594  0.17781633620789203  0.18839323098579219  0.19894841565755264
  0.20947198934888744  0.22003554217963833  0.23057872776293795  0.24114736136466849
  0.25168047493373996  0.26225302170022163  0.27279057124131201  0.28332844304494614
  0.29384777025842446  0.30440165644475764  0.31495080755304677  0.32550510526721255
  0.33602858214127440  0.34656143217060631  0.35710153762833918  0.36765825713733535
  0.37819998851898917  0.38874581342427339  0.39928041472282960  0.40982430319234248
  0.42035001621420065  0.43086523141378880  0.44138107981929892  0.45190164028004842
  0.46242285259130234  0.47296049299761300  0.48348395248988457  0.49405720261697239
  0.50461692142207271  0.51519171712882028  0.52574380023304323  0.53627140865263556
  0.54681231452958501  0.55736739680276493  0.56791131982257093  0.57844348782126442
  0.58894410452136903  0.59950059228534702  0.61003769895319160  0.62057943456742892
  0.63109598359545471  0.64162510562447550  0.65214524773853733  0.66266598335467841
  0.67321214699107579  0.68378930720976283  0.69437927375516906  0.70492891274047742
  0.71545986463004452  0.72599330921580107  0.73656148816684797  0.74711666693935841
  0.75765104362658153  0.76820367258046129  0.77876631597716539  0.78933396476050077
  0.79988697650036145  0.81045641342404595  0.82103646525163387  0.83158985628572790
  0.84212055457637691  0.85264533626541650  0.86317401485583045  0.87372281723490097
  0.88426102162250453  0.89477729877409640  0.90526552876224053  0.91574972732336091
  0.92626695936964354  0.93678923907014611  0.94731202920015112  0.95780600065273125
  0.96830671417025882  0.97887201580593197  0.98943535936781324  1.00000000000000000
 -0.00250964600982965  0.00952212991451363  0.01967854637285330  0.03016062058249670
  0.04069849650031842  0.05124996131662519  0.06182205349916862  0.07236340618452139
  0.08290592415827726  0.09343362148623635  0.10395452956687389  0.11446732989961329
  0.12498672325121078  0.13551321794081694  0.14604693645583061  0.15660845210674687
  0.16716001375935144  0.17772237519626061  0.18826783378881667  0.19883130368625263
  0.20939007218080236  0.21995481989358961  0.23052436398557183  0.24107428263453839
  0.25158262347271426  0.26208575961479375  0.27261048370445146  0.28317933829951625
  0.29372608816781709  0.30429716486684377  0.31486010458640340  0.32543437346133619
  0.33595447830263614  0.34648012009734802  0.35701310197517327  0.36756577567732740
  0.37809578126290361  0.38860987474616981  0.39912335458416265  0.40964858087850436
  0.42017683520959903  0.43070609422157730  0.44123449857759806  0.45173546339172466
  0.46224646861123747  0.47275258577870727  0.48329855722355108  0.49382613799333303
  0.50434692756163457  0.51486313423191032  0.52539511124758287  0.53595500637952864
  0.54651470784253542  0.55703230507251444  0.56754379671216293  0.57804167555839381
  0.58859745786373807  0.59914386398092423  0.60969577421613130  0.62022769837296932
  0.63077746974924620  0.64135275659762447  0.65192682237555999  0.66250316158114275
  0.67304088682712726  0.68355028929569228  0.69403880428595244  0.70454797765656840
  0.71507284053811149  0.72559899944847817  0.73616579839666763  0.74676780339089899
  0.75737884607894645  0.76797036975181809  0.77852246178895956  0.78906562605353614
  0.79961161293843896  0.81017427290276944  0.82073500128447785  0.83126491736379593
  0.84179067846524513  0.85232662766933276  0.86286064692231124  0.87340229042429351
  0.88394796456690006  0.89450589749716680  0.90506607815389839  0.91561604532169993
  0.92615813923181722  0.93672279884349907  0.94727933818683341  0.95781922856704793
  0.96833811813259485  0.97886904343748682  0.98943530042708006  1.00000000000000000
 -0.00231948351520812  0.00958502419206496  0.01977240536389574  0.03030812137162065
  0.04088151522911958  0.05145778130613128  0.06201911472151667  0.07254522761696663
  0.08302958674521904  0.09355257301522106  0.10408754507345735  0.11463671927210266
  0.12517609660368215  0.13573101917706940  0.14632424507099501  0.15695217179145585
  0.16756428456486402  0.17815491401079317  0.18869055954808281  0.19923826074183215
  0.20979379719886565  0.22036909206059646  0.23092358526441981  0.24143574963319522
  0.25196134612442223  0.26247739465617759  0.27302885580331293  0.28354984079582629
  0.29406395802543228  0.30456463758969438  0.31506875305389814  0.32557747374033758
  0.33608942419668975  0.34660458540891687  0.35715175915288860  0.36771459303217202
  0.37829226240537117  0.38884438448170561  0.39939462582958118  0.40990760880971644
  0.42041768864958440  0.43091338831629505  0.44143356647689219  0.45198964806587183
  0.46256158071811110  0.47313024929235742  0.48366099989263195  0.49417676389409376
  0.50468976969170287  0.51521901995981390  0.52574771679305099  0.53627562165713627
  0.54680254809867390  0.55734049142232078  0.56787679765980781  0.57840024725427375
  0.58890073515142216  0.59942356683580411  0.60998753834884689  0.62057320496688395
  0.63113155257958198  0.64163981273496584  0.65215760583244464  0.66268908221577449
  0.67324506692791053  0.68377133977970950  0.69429271590238706  0.70479850703171421
  0.71531859875469395  0.72587026150424783  0.73644638038557475  0.74702210755213649
  0.75756537605967256  0.76810740080181716  0.77864647058927972  0.78921792011548075
  0.79979474681060025  0.81036897997186275  0.82091894145718913  0.83143562949192362
  0.84195055851099809  0.85248288332116762  0.86303442959289511  0.87358571615664582
  0.88414896326706993  0.89472251789228585  0.90529511830873377  0.91584817905418026
  0.92638989718227571  0.93694212164857416  0.94748675557009399  0.95802745174433135
  0.96853820242685851  0.97902730303885477  0.98951463617614244  1.00000000000000000
 -0.00247973936897823  0.00960097251765448  0.01978228083161956  0.03030931194446474
  0.04083545745947335  0.05136860164941483  0.06189322541664841  0.07245639675784807
  0.08301559784259559  0.09357792746271711  0.10411597684016462  0.11465787264029255
  0.12519298554845765  0.13573027622395034  0.14627993849585083  0.15683549350515985
  0.16737507980203853  0.17787006564526900  0.18837767198581443  0.19889380734614356
  0.20943398144675185  0.21996138501128082  0.23050570134437651  0.24105778635023445
  0.25160177527175420  0.26213668414133456  0.27265559484959767  0.28319743605339603
  0.29372945752067281  0.30429051222035036  0.31484609826556970  0.32540882240122104
  0.33599208033546535  0.34656763024923976  0.35712970717669396  0.36765804123289469
  0.37819260301392638  0.38873119363076941  0.39927469025686380  0.40981409394852908
  0.42037537039242334  0.43094168637368668  0.44148806838296922  0.45201658210865880
  0.46252211183012254  0.47300578089067491  0.48349099957708896  0.49397040270803483
  0.50446721649896509  0.51499103920301215  0.52552682429178177  0.53609767955767562
  0.54664995504186198  0.55722090387780498  0.56777935311247840  0.57832650558169452
  0.58884802637409395  0.59935824562295226  0.60987504900063061  0.62041817751802675
  0.63095934379345819  0.64150122534189469  0.65205666861172529  0.66260263144346343
  0.67316221342672955  0.68367841320617950  0.69419831285042466  0.70470519474903248
  0.71523259039803833  0.72575635968277463  0.73626997942770145  0.74677457642777112
  0.75729667433958048  0.76782939031680542  0.77837306121831196  0.78893320415728829
  0.79950534071795532  0.81006649074107406  0.82060446707212154  0.83113577816087947
  0.84169271824999792  0.85224236511103668  0.86279388737691809  0.87333576428277782
  0.88388689415141486  0.89441387061087207  0.90494068941114769  0.91549979561771888
  0.92609157156971333  0.93668001434398007  0.94723716783800227  0.95778480917753428
  0.96832628484828998  0.97887829295683926  0.98943547601948312  1.00000000000000000
 -0.00240296390192102  0.00968366666753612  0.01987331608951817  0.03039427814788894
  0.04093178421665749  0.05143521365680614  0.06193357205609216  0.07245046184259475
  0.08297901589592398  0.09351823458745191  0.10407209664132497  0.11462966915513406
  0.12516914729376299  0.13569184178874064  0.14622841657139465  0.15674745002014565
  0.16726588393118177  0.17776790775034959  0.18831149949286338  0.19885182361687545
  0.20941918460643280  0.21996519167048320  0.23049205179557195  0.24101401657561722
  0.25154367616219847  0.26208987994486060  0.27265055837984864  0.28321478697442426
  0.29375599567250460  0.30428121986206397  0.31481141584833838  0.32537171052308977
  0.33591560647999691  0.34641252385121968  0.35691302022749111  0.36744438409809377
  0.37799722869740249  0.38857615370127613  0.39913559233287760  0.40971821703043493
  0.42026965901830066  0.43085833450373051  0.44143049766355252  0.45200454795845685
  0.46254721532075144  0.47311521279639934  0.48367439925977307  0.49421923572532367
  0.50474846688084540  0.51527724353249560  0.52582134809957681  0.53634251916907127
  0.54686363798884263  0.55737767721960496  0.56792735513826120  0.57849510835194495
  0.58908225866856934  0.59964671940854075  0.61021964453890509  0.62076984369013544
  0.63132113610409746  0.64184856216150588  0.65235996409869468  0.66288073783720403
  0.67340339669954097  0.68397094981658024  0.69452792502027338  0.70509806476144932
  0.71561910228500603  0.72614378246715228  0.73665394303394893  0.74718423182933513
  0.75770670632380921  0.76822738676541136  0.77874746112973725  0.78926269365622126
  0.79978985660246960  0.81032519165368477  0.82088142971754319  0.83145736968464501
  0.84202816534199687  0.85260173964143582  0.86315093676373278  0.87370925374111086
  0.88426989990267424  0.89481410461208999  0.90533374038270353  0.91584974337629854
  0.92637323139685201  0.93688193225312044  0.94738227188720092  0.95788470567640382
  0.96839476763228693  0.97891029068133195  0.98944151463661756  1.00000000000000000
   1.5469687717432967E-002  -1.0000000000000000     
 F F F F F F F F F F F F F F F F F F F F F F F F F F F F F F F F F F F F F F F F F F F F F F F F F F F F F F F F F F F F F F F F F F F F F F F F F F F F F F F F F F F F F F F F F F F F F F F F F F F F F F F F F F F F F F F F F F F F F F F F F F F F F F F F
  <DiscreteSampler_grid>
  grouped_processes
  1 # 1 for a reference and 2 for a running grid.
  10 # Attribute 'min_bin_probing_points' of the grid.
  1 # Attribute 'grid_mode' of the grid. 1=='default',2=='initialization'
  0.0000000000000000 # Attribute 'small_contrib_threshold' of the grid.
  0.5000000000000000 # Attribute 'damping_power' of the grid.
 # binID   n_entries weight   weight_sqr   abs_weight
    10   10   2.261182493700376E+013   1.239546570386440E+027   2.261182493700376E+013
    11   10   2.261182493700377E+013   1.239546570386440E+027   2.261182493700377E+013
  </DiscreteSampler_grid>
