  0.00967698683708343  0.01672016841620316  0.02536407647722888  0.03618228492964767
  0.04652620785092561  0.05696469034350024  0.06739556484035632  0.07780006417254406
  0.08819920560962471  0.09860903883314964  0.10900045757536735  0.11941233083031536
  0.12982007223875236  0.14023757455830260  0.15063940545924842  0.16104123063119360
  0.17144679764133847  0.18183704491656094  0.19222432044489771  0.20261582664565481
  0.21303871251402201  0.22343010893598855  0.23380203673053104  0.24414680992105511
  0.25454525572807063  0.26490775866985389  0.27525795762558825  0.28557748392312016
  0.29593233088339804  0.30629336839631965  0.31663726166793682  0.32700787469439963
  0.33740543424919844  0.34780229785409594  0.35817787933265749  0.36854203676560282
  0.37891070511587144  0.38926887983698377  0.39962724356455859  0.41002133656748158
  0.42043447041205012  0.43084101583373935  0.44122407403329256  0.45161867059443178
  0.46199910355021939  0.47237121269485460  0.48274296453120841  0.49312517445987009
  0.50353073093641065  0.51394236435753304  0.52435459336891244  0.53475275113509591
  0.54514661696736000  0.55553329737088819  0.56590437934904581  0.57623867733307810
  0.58657360387096413  0.59693500713615610  0.60730646477367523  0.61767320246166779
  0.62803549110296708  0.63842044104025386  0.64878446684346702  0.65910160699776033
  0.66940232815447476  0.67972594758190075  0.69010310654882856  0.70049470765595456
  0.71089091292976991  0.72125928694178343  0.73159821995331287  0.74192701828070040
  0.75226184147715036  0.76260974978702234  0.77298006999170221  0.78335709030289358
  0.79373825256060748  0.80411081625973946  0.81449534383605526  0.82488891803394215
  0.83526680936662367  0.84563504490482844  0.85601016157072618  0.86641215908141389
  0.87682493636143999  0.88720304181186893  0.89756581179432859  0.90791423874174293
  0.91831243574121491  0.92873230094061943  0.93919746363545731  0.94963320411590746
  0.96007131321392858  0.97039018423874657  0.98071320047079991  1.00000000000000000
  0.00966945545743899  0.01566110943156590  0.02494579025886043  0.03569494441432980
  0.04603990458585407  0.05640221901695085  0.06675880599260382  0.07712582834417774
  0.08751116429803506  0.09791499887958482  0.10831510372750031  0.11870814949788092
  0.12908986900511746  0.13948492343402225  0.14985845613319612  0.16025353611134549
  0.17062585751640530  0.18096771666248496  0.19129778403692047  0.20164008002823972
  0.21205549370219137  0.22246337530349303  0.23281627298531213  0.24317224454021052
  0.25354749032834317  0.26392632779904457  0.27426149806459638  0.28455471079778305
  0.29491286325952787  0.30530166378220375  0.31571783231674178  0.32610425518890185
  0.33649428856583441  0.34686339706704739  0.35721648090281338  0.36754842911637209
  0.37788180687885159  0.38823126214494003  0.39860550598186673  0.40901750829140626
  0.41943311957597457  0.42982172801619301  0.44016208602203943  0.45046992138888198
  0.46077457844196701  0.47114197240623612  0.48155356463998289  0.49198541668736845
  0.50240278957162099  0.51278687453137961  0.52315536016861675  0.53352895142686207
  0.54392610715284007  0.55435580870642054  0.56478122841287548  0.57521612485900664
  0.58565342436717893  0.59609427834367268  0.60654253466931851  0.61698704514210367
  0.62740675542465596  0.63778295669485519  0.64813038200468043  0.65848741110053777
  0.66886172121990317  0.67925106534228596  0.68966068271729708  0.70006943116935139
  0.71047285139407623  0.72085108300573808  0.73122808573124798  0.74163228847710605
  0.75203979621422556  0.76244781510905024  0.77282981764919334  0.78320936489862403
  0.79356787079714564  0.80392571911789867  0.81428608935005931  0.82465625120420072
  0.83503911528375985  0.84539622190904373  0.85575381242754267  0.86609986132358341
  0.87647437771056025  0.88686545093626934  0.89723177428372203  0.90759456187359722
  0.91797909129475919  0.92840004369884832  0.93883495698384667  0.94924719086790099
  0.95964615088570637  0.97006004764547349  0.98043925759209394  1.00000000000000000
 -0.00214281994740020  0.00955294310099661  0.01969149292068800  0.03013769715832796
  0.04062012585689901  0.05112075287810380  0.06168435806505630  0.07223995808309944
  0.08277717539249445  0.09328968341040639  0.10382723234942516  0.11441243854677423
  0.12497480410342723  0.13552350577182459  0.14599686379422647  0.15647674714117599
  0.16695735714366508  0.17750042174022904  0.18805305644155787  0.19860773407161755
  0.20914803345762065  0.21971091430087553  0.23030807404894338  0.24091893358123886
  0.25151146657449081  0.26207803893407916  0.27264891262797769  0.28317210119337405
  0.29370118773173348  0.30419786050570730  0.31475652498912926  0.32532095249231402
  0.33592756728968948  0.34645524396433391  0.35698062452859902  0.36749539211960353
  0.37805739786329690  0.38864570935843612  0.39922918254067763  0.40982456883239210
  0.42039265434728251  0.43096350634046554  0.44154143664169382  0.45218242651282625
  0.46285577534923816  0.47353260812530618  0.48410812719436419  0.49461969561646202
  0.50509487876548942  0.51565136148164625  0.52619321212475334  0.53673094102948760
  0.54723663863198846  0.55776087050253775  0.56828176892511784  0.57878244989682570
  0.58927911972394087  0.59978179801454634  0.61027081763804358  0.62073075406371869
  0.63121749037501074  0.64168975364613234  0.65218771854886137  0.66274095414067791
  0.67331786372213209  0.68390263810695240  0.69446233928788415  0.70502351320097478
  0.71564901949576565  0.72623445600610714  0.73681376717957558  0.74736608956777262
  0.75797624463282909  0.76857425288957693  0.77915129948408557  0.78966475634480038
  0.80020241973971584  0.81068876659347400  0.82118880795925864  0.83168434899200816
  0.84218893189145416  0.85269085156814350  0.86319718471618723  0.87373245648091524
  0.88425046343519909  0.89479725390604214  0.90531710375790730  0.91584270936650936
  0.92630422476790275  0.93677412699157758  0.94725201587842156  0.95776918476890771
  0.96832988813450060  0.97889800283775907  0.98945962351019978  1.00000000000000000
 -0.00223136578354674  0.00969883997227267  0.01989124707320866  0.03039308651210333
  0.04090564927850738  0.05142465697530615  0.06194746707831568  0.07247675880770757
  0.08300663604772411  0.09354867284075438  0.10407162112744558  0.11460154353603047
  0.12510931827106975  0.13557871957516762  0.14603607958484568  0.15652286589080044
  0.16706018713036722  0.17758752418643320  0.18814144821398210  0.19866869322211983
  0.20923377502732493  0.21981730378835529  0.23043008272781573  0.24101339103251715
  0.25153285358619065  0.26205286032442171  0.27256025314920074  0.28307131576550587
  0.29357930895416101  0.30413445200838862  0.31470489811090790  0.32528916673115998
  0.33583041874171843  0.34635413026648709  0.35685387226924836  0.36733211777736674
  0.37778990681185004  0.38827061102684440  0.39879187684756884  0.40927146288532318
  0.41972075770992379  0.43019890927646048  0.44073689878699868  0.45131930061301329
  0.46188811664469887  0.47243546127489205  0.48296627688325816  0.49347974033209424
  0.50400983070246608  0.51453077924731916  0.52503392015197337  0.53555592548029063
  0.54609218103816737  0.55669245966745873  0.56730173967703523  0.57792007086606723
  0.58852301974639765  0.59911987872031014  0.60971462179542080  0.62030578090662025
  0.63091967733845589  0.64153659268415775  0.65211087953352032  0.66266388850587610
  0.67321678831497866  0.68377937867849214  0.69431990038188440  0.70486360082337529
  0.71540703492184587  0.72598164291838552  0.73654561501717231  0.74713963763978919
  0.75773927408141395  0.76829082766448464  0.77884615749153241  0.78937826695617419
  0.79996701307972162  0.81056021210637386  0.82114130553033837  0.83169458238490634
  0.84220757217608078  0.85272942198861923  0.86326967094045137  0.87381018214823880
  0.88433632257696482  0.89484060050182246  0.90537077579585556  0.91586931804657035
  0.92638114535619898  0.93687727888535421  0.94738301863804286  0.95788396033785361
  0.96837657906112662  0.97893605076614376  0.98946662386263462  1.00000000000000000
 -0.00245121414341959  0.00960254445186836  0.01979916754145565  0.03027011053933160
  0.04076149088909411  0.05124299131774574  0.06176723031396340  0.07228410046882794
  0.08277050324181418  0.09329930760652032  0.10384232445411576  0.11443444461986893
  0.12499795330569087  0.13555484564603709  0.14607571976393152  0.15658007628450457
  0.16708409228406532  0.17758704503851980  0.18809444731869909  0.19857198709755267
  0.20908914158221512  0.21960224808790968  0.23014468698459928  0.24068902849225132
  0.25117492924693113  0.26170197500364784  0.27223780052926677  0.28284317311963070
  0.29341483076785180  0.30397570031936005  0.31451756763552186  0.32509988274023366
  0.33569548371703267  0.34628477220136461  0.35685660375186168  0.36739022715800723
  0.37799697355412715  0.38861675257437145  0.39925229760269654  0.40987177214428105
  0.42050154341396834  0.43110309352178944  0.44165112300878206  0.45214683364097158
  0.46264972549996114  0.47311128897795524  0.48359563922284526  0.49410512814204705
  0.50463871665144289  0.51514629665940970  0.52568765860955347  0.53623868100238603
  0.54681746374677564  0.55736134782769808  0.56790259202271098  0.57843796504150091
  0.58895994951387642  0.59950390725367408  0.61005254252156216  0.62058132747997696
  0.63113144847181357  0.64166608226464317  0.65223428273693940  0.66276262569418487
  0.67332354455954802  0.68388600114865183  0.69448494173810615  0.70509464970445634
  0.71566360066881218  0.72620249403783488  0.73670565675724131  0.74723426845438401
  0.75773670597248544  0.76824362921956257  0.77876106393634392  0.78933359049617768
  0.79992718621306969  0.81054841537752942  0.82111264313778221  0.83165721536200687
  0.84220200580298155  0.85276058279317790  0.86332743094914033  0.87383323826708226
  0.88433319940839528  0.89481107611360156  0.90532603584812010  0.91585549123311305
  0.92642671395331821  0.93695203725279852  0.94746307456575207  0.95792270416013714
  0.96840847895491600  0.97892126023144610  0.98947318667741224  1.00000000000000000
 -0.00247180419813621  0.00998691549810791  0.02028314211600604  0.03082149480918935
  0.04131997187494080  0.05183415176939438  0.06240421011246471  0.07295895364204114
  0.08351678862774577  0.09405446148641813  0.10465201386558094  0.11522721479879125
  0.12580753043082740  0.13636630188573148  0.14692801531105601  0.15746194705768393
  0.16799499686940783  0.17855038344840249  0.18912545764149280  0.19963169900880015
  0.21011146031900327  0.22059510052692666  0.23112427080916237  0.24169629911177715
  0.25225784824391168  0.26282520685042782  0.27336212437074331  0.28391153117759094
  0.29441164474121667  0.30489347068029582  0.31535516269966951  0.32585197607707872
  0.33638864438918026  0.34693983969582387  0.35748706206091413  0.36804576560051172
  0.37857381673380552  0.38911954948909683  0.39966067776886199  0.41025576663667174
  0.42086939658637412  0.43146187703055799  0.44202250185970315  0.45259684528080507
  0.46322066375171644  0.47383936665740906  0.48440273199807271  0.49491228990536157
  0.50543268602276670  0.51595219781225476  0.52648234287911977  0.53697388561361226
  0.54752131688564099  0.55808506118898460  0.56870213393526425  0.57929730994965545
  0.58986201963907370  0.60041699691552741  0.61092182161048703  0.62141571745615798
  0.63188751200248294  0.64238224396076160  0.65288238910248708  0.66337729828912473
  0.67380419554352777  0.68426528315596213  0.69472053775864151  0.70527131831381618
  0.71575975741119180  0.72625809644230388  0.73672691249096856  0.74725162222519614
  0.75777467903874984  0.76829551300109944  0.77883902566198315  0.78943771544536001
  0.80006750553487027  0.81066774897363447  0.82123549534886831  0.83177897336450213
  0.84231256791125886  0.85279899359074629  0.86334191996834597  0.87387820626854862
  0.88443203235172829  0.89492738602368938  0.90542880772945933  0.91596069386780454
  0.92649291054716953  0.93701949539935070  0.94755717300710807  0.95806211667865382
  0.96858965869313696  0.97906498631645422  0.98955291679791590  1.00000000000000000
 -0.00254107760918414  0.00952831414015196  0.01971521813209830  0.03029833892127740
  0.04089768618126666  0.05150133100444236  0.06200392732050927  0.07246072254636614
  0.08290230040545259  0.09343318844548515  0.10400596018612344  0.11456490319061464
  0.12512025955884376  0.13568399003938281  0.14622588242699375  0.15677617543764769
  0.16728679661600609  0.17781296640732153  0.18831798549859724  0.19885262547780380
  0.20941782091643629  0.21998651404996203  0.23051862569316664  0.24102924976010898
  0.25151549007331103  0.26203525617377499  0.27259195345788667  0.28311051496448725
  0.29361392022588295  0.30408773976224168  0.31461470509104383  0.32515290478238651
  0.33571016699288175  0.34624969201958572  0.35678475923776498  0.36727573862808804
  0.37776750876716281  0.38826441452671773  0.39880772925302399  0.40936605383850255
  0.41998379610947240  0.43057888266761918  0.44116512423578119  0.45170656770293993
  0.46223923788752286  0.47278279433265435  0.48331074415160835  0.49383919660602021
  0.50433486889375390  0.51483635180576670  0.52533580253385537  0.53585865148457723
  0.54640350913593227  0.55695150905346213  0.56750810110794070  0.57801325826294836
  0.58854761921087073  0.59910102847971380  0.60965752682816621  0.62015993615475207
  0.63065630327401800  0.64119903079368290  0.65180546016934460  0.66239686286078359
  0.67294299704055405  0.68343759778192548  0.69395754399821075  0.70450916774740557
  0.71507997459246597  0.72558111844240369  0.73598389446944368  0.74643962574298239
  0.75693172729457092  0.76749119898898588  0.77800952149788483  0.78850776848803561
  0.79903759234570504  0.80961079846131545  0.82023340375721421  0.83086159856372310
  0.84142951491367879  0.85198425153837398  0.86252877721800114  0.87303893462845961
  0.88353863051154791  0.89400605716968173  0.90456221699720285  0.91511010880381360
  0.92573830627954734  0.93632039848259396  0.94692644309899787  0.95750582892969793
  0.96809937703542626  0.97868990327778205  0.98933182420518628  1.00000000000000000
 -0.00237387432662323  0.00944349002233524  0.01957831912842622  0.03006557632816369
  0.04062295236870464  0.05120426875573904  0.06175705343686506  0.07231958089377705
  0.08285709829805661  0.09342477908935488  0.10395783231355538  0.11449206424102069
  0.12499725387810377  0.13551554630959475  0.14601967432169582  0.15654230590903911
  0.16706643668726093  0.17759466160983034  0.18813199628132463  0.19869813272271425
  0.20925952072110904  0.21986490254173202  0.23044509196245400  0.24106592300290813
  0.25161966764863936  0.26218167895568056  0.27270503996315926  0.28321849796708742
  0.29373412278984851  0.30427703272335382  0.31484668930974552  0.32541571147885229
  0.33597424432724277  0.34654546218327875  0.35711226557638415  0.36768648253282493
  0.37820322378878923  0.38874900681650726  0.39929308752980347  0.40988269163528646
  0.42045439125191469  0.43101682642202926  0.44157876577554389  0.45212892886044759
  0.46266524156690897  0.47318797301880644  0.48370665003938507  0.49421254255842878
  0.50471947420261676  0.51527374490629196  0.52579693831252772  0.53634149258141683
  0.54683463971866741  0.55735363873216393  0.56785874111709422  0.57835500140644458
  0.58889794541586993  0.59945383990517764  0.60998999876735915  0.62052429336809023
  0.63104155769513581  0.64163265818009341  0.65213727235973640  0.66265465094797993
  0.67318121346385451  0.68380730538805623  0.69444869383406382  0.70505057869544718
  0.71559522106358286  0.72607400597555227  0.73653049332258003  0.74704258266109347
  0.75760820683547647  0.76820262833705799  0.77873930284902704  0.78923713300975940
  0.79973481378021816  0.81027901317921414  0.82084414731753463  0.83141194174518973
  0.84195551460087459  0.85248439444613144  0.86299293021399326  0.87347900443866011
  0.88398063650211134  0.89449806962059786  0.90503707502355135  0.91559079497042162
  0.92612538864029414  0.93670429974685510  0.94725890415163372  0.95783565936592219
  0.96832381673241086  0.97885408637536120  0.98939116729195220  1.00000000000000000
   5.3477575706441378E-010  -1.0000000000000000     
 F F F F F F F F F F F F F F F F F F F F F F F F F F F F F F F F F F F F F F F F F F F F F F F F F F F F F F F F F F F F F F F F F F F F F F F F F F F F F F F F F F F F F F F F F F F F F F F F F F F F F F F F F F F F F F F F F F F F F F F F F F F F F F F F
  <DiscreteSampler_grid>
  grouped_processes
  1 # 1 for a reference and 2 for a running grid.
  10 # Attribute 'min_bin_probing_points' of the grid.
  1 # Attribute 'grid_mode' of the grid. 1=='default',2=='initialization'
  0.0000000000000000 # Attribute 'small_contrib_threshold' of the grid.
  0.5000000000000000 # Attribute 'damping_power' of the grid.
 # binID   n_entries weight   weight_sqr   abs_weight
    10   10   1.345804322980896E+006   5.605037613855107E+012   1.345804322980896E+006
    11   10   1.345804322980896E+006   5.605037613855111E+012   1.345804322980896E+006
  </DiscreteSampler_grid>
