  0.00935226339266389  0.01639565908966456  0.02529155220565588  0.03618711394948503
  0.04657317566317014  0.05699391389984174  0.06736950337062503  0.07774860915451924
  0.08809478679468896  0.09844572720713510  0.10876768591222485  0.11908770588431766
  0.12943472532592404  0.13981990344750522  0.15021389951153377  0.16058848738818879
  0.17094755107645965  0.18132230823234183  0.19170306358905723  0.20210594378552352
  0.21248768085883185  0.22286227165636199  0.23321519218247344  0.24358101884362832
  0.25395907795788103  0.26435467155250292  0.27474447004824737  0.28514705463378437
  0.29558006576761919  0.30599885853770548  0.31641681624326690  0.32680773978174155
  0.33721548661840628  0.34759862715382528  0.35793986680343215  0.36831857333791768
  0.37872542398867898  0.38918289798475941  0.39958755972926457  0.40995068864655632
  0.42029327858800902  0.43067813369632518  0.44109618647759030  0.45150107354135893
  0.46187508100649322  0.47225561655078319  0.48268220443564530  0.49312858645732005
  0.50353709109863776  0.51389004947010497  0.52422848460004678  0.53458019241957655
  0.54495094048645087  0.55534343369108319  0.56574021619493187  0.57614121209208669
  0.58651717737528575  0.59686860913740691  0.60721405428913011  0.61757563828718187
  0.62796023027584058  0.63834269692402612  0.64871251344734926  0.65908112243767436
  0.66946964517058283  0.67984500412248394  0.69017559377567228  0.70049047036110823
  0.71082420441342853  0.72120622916194810  0.73160006539418976  0.74198523817521644
  0.75237692548455648  0.76278572361936980  0.77320633504965619  0.78361194688873892
  0.79399967536233085  0.80436248270409094  0.81472941485314232  0.82512246055965599
  0.83553760093158114  0.84595153080146623  0.85633162328881030  0.86670972379259170
  0.87708600364529898  0.88746293506875440  0.89784777747731559  0.90824983915664770
  0.91864905267138186  0.92904355524337967  0.93941520920601973  0.94976942839320866
  0.96009586590206641  0.97038827646316461  0.98064487226894215  1.00000000000000000
  0.00938419956397542  0.01632494667607510  0.02523424895568555  0.03610497564642879
  0.04646462339497558  0.05682575019875343  0.06718746951561935  0.07754809576452179
  0.08790832673874523  0.09823972958521343  0.10854357372545802  0.11885839327653142
  0.12919048075656656  0.13953171214521912  0.14986897278798780  0.16021519029855069
  0.17056227959876719  0.18092190921430357  0.19128911354862221  0.20165769064292052
  0.21201847756383907  0.22240267465617278  0.23273278141653991  0.24308819349750579
  0.25341188923971997  0.26380056740485724  0.27418018246133241  0.28453920494519347
  0.29493551627399822  0.30532894082898865  0.31572904359929888  0.32610507832620150
  0.33646273837749141  0.34683496295873822  0.35719147221037006  0.36755965751101144
  0.37793768305605224  0.38833365070132697  0.39873257289112823  0.40912612305574164
  0.41951906925413635  0.42991027381055580  0.44030400742683273  0.45069928615889215
  0.46108595895905130  0.47146162916460610  0.48184373937530611  0.49220829131799443
  0.50254531602667651  0.51284897528478857  0.52316857255865612  0.53352229171722398
  0.54390780206269485  0.55432108732403118  0.56475921412526964  0.57519302701589836
  0.58560774499061785  0.59600472776331936  0.60638399080960204  0.61676373260314998
  0.62715021392618264  0.63754153099203681  0.64793715732831669  0.65834513047640619
  0.66877383189259176  0.67919305356963378  0.68956252428473674  0.69989345548256665
  0.71023354000084826  0.72060671369688234  0.73100749015521549  0.74141318495283381
  0.75180520456582522  0.76218752605326878  0.77254637028649542  0.78287760164843012
  0.79319492240269218  0.80352362565846036  0.81391757386169294  0.82432859546454729
  0.83474872672981404  0.84513058627156168  0.85552610585696653  0.86593077334230295
  0.87635503622882627  0.88675948170769903  0.89713520148774362  0.90749902515585645
  0.91787662138082737  0.92827898287318311  0.93869891613311407  0.94914280704120790
  0.95955942591103160  0.96998139679498863  0.98037130263069083  1.00000000000000000
 -0.00216053898995819  0.00958329825471147  0.01970655936470568  0.03019903687696788
  0.04071466253526204  0.05124967282341490  0.06177291686966165  0.07229546359997464
  0.08283359244398700  0.09338483127291540  0.10394201735945958  0.11449506137534068
  0.12501350746823903  0.13554024958049085  0.14607014862183434  0.15657759836392587
  0.16707364898983318  0.17756390349840123  0.18809631372542615  0.19863543803289080
  0.20919503881114779  0.21975125083320518  0.23032511772947536  0.24085156987510761
  0.25136301134709166  0.26188232499079050  0.27239679945421597  0.28292964166557016
  0.29346107185651304  0.30403541742237045  0.31464128609723763  0.32525004582139738
  0.33585533054425926  0.34640032902346718  0.35690538501176167  0.36743285489029531
  0.37798329265136654  0.38853719352104216  0.39908256020526162  0.40960811356381643
  0.42014367269642272  0.43063423147387581  0.44114489302262250  0.45165359246424375
  0.46218474835192552  0.47274341048663460  0.48331479207609485  0.49391027667343756
  0.50451870975550694  0.51511250011784615  0.52567356360677786  0.53622912415112645
  0.54681123209155935  0.55737730030963206  0.56790494268931824  0.57835547302100010
  0.58880252547392287  0.59926649827200884  0.60986901333281895  0.62052804470941680
  0.63118296230732873  0.64175064063778064  0.65228445087458753  0.66285249187834694
  0.67334695007788270  0.68386131840502629  0.69432747869568689  0.70488738122807337
  0.71542706447527249  0.72596300092879007  0.73650903765317555  0.74706963886384770
  0.75763952871713092  0.76818884507891760  0.77877541280040075  0.78939843214354388
  0.80001173955394200  0.81057107924439897  0.82107689920216897  0.83158342888305326
  0.84204404735361649  0.85253898785600524  0.86304307612824793  0.87359413576045486
  0.88415150080952654  0.89468423961084542  0.90525469096754341  0.91579887162939422
  0.92635111639264511  0.93688745013883323  0.94739218683493531  0.95792473167779280
  0.96841760079625994  0.97894460658155869  0.98946523530979757  1.00000000000000000
 -0.00233641318601454  0.00950680942436395  0.01965423455975916  0.03015329804985577
  0.04069006276453243  0.05122219945686249  0.06172101972887435  0.07225904202921582
  0.08279281111186361  0.09333982645537287  0.10387713753538155  0.11446456336220913
  0.12507138460870235  0.13563531764790457  0.14616008744967826  0.15670986026855915
  0.16725198885148443  0.17775131457601084  0.18821429938247247  0.19868513598856014
  0.20919026733834337  0.21972887417105907  0.23028308991830990  0.24086695653263041
  0.25145074125403771  0.26200569120398859  0.27253409710498194  0.28303089331591880
  0.29359186486354277  0.30412589029370019  0.31469335263992881  0.32517466294513958
  0.33571092272964403  0.34621224656861777  0.35675939708761978  0.36728418039955091
  0.37782930277914806  0.38840388743017090  0.39896880588822065  0.40950310616558577
  0.42000596598739165  0.43050076391719416  0.44101374410208821  0.45154703250879441
  0.46215889384273817  0.47275292238889005  0.48339390455449888  0.49396356012066323
  0.50454939770652518  0.51507009325366837  0.52559324498960114  0.53612554025808623
  0.54664753090820772  0.55718626721731923  0.56774525004818066  0.57833504434359417
  0.58889045347055924  0.59943391793089529  0.60999641806146210  0.62062543186836916
  0.63121936237171583  0.64178824587575400  0.65231758674154505  0.66287760709132615
  0.67339645712687901  0.68389295425928809  0.69438525162847398  0.70492121659567397
  0.71545044699790694  0.72597182225762091  0.73647460884518390  0.74701887561608382
  0.75755265951316442  0.76807019804681054  0.77860605978238207  0.78913180294257002
  0.79969072371795269  0.81020436565095033  0.82078206050038094  0.83134230998098557
  0.84189934537685385  0.85240523386467815  0.86292465351747416  0.87346682483913840
  0.88407014118964578  0.89463848168826121  0.90524728973425350  0.91581674541518887
  0.92643781910808209  0.93702080458234138  0.94751305307602340  0.95797816602076791
  0.96843294645389366  0.97896543511791745  0.98948909811681085  1.00000000000000000
 -0.00216073494834361  0.00970178501254416  0.01987703939364411  0.03040811509395623
  0.04090716013572249  0.05141984320911838  0.06190068433890952  0.07243888819661312
  0.08299127670404134  0.09358935721422756  0.10413199344358059  0.11465194581405795
  0.12514130625454306  0.13565179421934553  0.14617207257092485  0.15668827178535397
  0.16723316407375940  0.17773721309230722  0.18824693209485771  0.19873175579751637
  0.20930375960189757  0.21985485947013783  0.23040765289689935  0.24090140641530133
  0.25140387249451734  0.26189321938002796  0.27243199606764484  0.28295840438256947
  0.29350454571223233  0.30400084199899274  0.31452968261738667  0.32509192438620416
  0.33566137022701864  0.34620330330854976  0.35674629918357670  0.36734235335782339
  0.37796342220128787  0.38851281378516189  0.39903164889984261  0.40954171722729049
  0.42012389209345818  0.43068585425281197  0.44123999027212196  0.45176698301917406
  0.46228908952082925  0.47285098516200386  0.48338231754494532  0.49391340973291581
  0.50443176267673562  0.51493777203339253  0.52544401934527796  0.53596683473854267
  0.54649322137741552  0.55704652971711077  0.56757282419530952  0.57814533577470628
  0.58868090004231177  0.59916503520969999  0.60963158673734930  0.62011371880793398
  0.63068591430262932  0.64125217244333965  0.65185930679859749  0.66246909862336611
  0.67308752993735910  0.68371110396343038  0.69427652448445354  0.70481380237190894
  0.71534706434644701  0.72585809979339277  0.73640849573408451  0.74692974364030562
  0.75751631599816860  0.76809830069288365  0.77869392111716740  0.78925547258313988
  0.79979612204918571  0.81030883162817446  0.82083594438720542  0.83134996839453534
  0.84186778404261076  0.85237716040254896  0.86286747424359955  0.87333344082698827
  0.88383186840492012  0.89434596344168071  0.90492281329748014  0.91548057061259813
  0.92608777182043611  0.93665786522386052  0.94721117930250531  0.95776571204294991
  0.96833438494021884  0.97890935190055217  0.98945780278355355  1.00000000000000000
 -0.00221723445029505  0.00953022817025996  0.01967245269068171  0.03018551971712592
  0.04069212024138248  0.05122531581772335  0.06170453315989990  0.07222316071637637
  0.08271095043361341  0.09325144943654878  0.10375558429952582  0.11427740018119324
  0.12481621544810807  0.13539230272425873  0.14594572728408117  0.15648422163070186
  0.16702795169959489  0.17758353183936829  0.18812453315076252  0.19865723540888669
  0.20919858531693136  0.21974531736166680  0.23029283460353561  0.24082842848771638
  0.25137778949705908  0.26198706406102862  0.27258282232430830  0.28317097154739929
  0.29369624835498132  0.30423534891013293  0.31478893634651234  0.32540650549334071
  0.33601074024362165  0.34659192943422445  0.35709830759471395  0.36760479015812175
  0.37808154867367721  0.38856389136450348  0.39908559813925226  0.40962113312590037
  0.42017368165942010  0.43074863314818368  0.44137557500224706  0.45199931106596708
  0.46256084444599649  0.47308203030644680  0.48357670011643589  0.49405525870049449
  0.50453631599024751  0.51508512405578555  0.52567713207073186  0.53626296764327319
  0.54683521500906518  0.55736383345352669  0.56788289191409846  0.57837013927323566
  0.58888875775256533  0.59942757869889129  0.60997184382952141  0.62051167161619392
  0.63109666910465378  0.64165195867534075  0.65219296901337087  0.66272002454341139
  0.67328455669733422  0.68383440341551482  0.69434974213379119  0.70482141975890500
  0.71531395730403691  0.72583233121779900  0.73638754662030381  0.74694065113496944
  0.75745043448986638  0.76795380167970850  0.77845456014402437  0.78896800644478438
  0.79951765240724804  0.81008594767435216  0.82062336682604109  0.83116335271975794
  0.84167741492942394  0.85222003926281742  0.86272864581930631  0.87321887595855063
  0.88370249542543422  0.89422396729802656  0.90478111186778976  0.91535291448447376
  0.92589884867877714  0.93646247429918450  0.94698392205770965  0.95751230962594946
  0.96806930513329392  0.97873065259336944  0.98937129250233879  1.00000000000000000
 -0.00189885159033657  0.00950393399767149  0.01960846124240398  0.03005125666792973
  0.04054113913174587  0.05104165333785868  0.06154120918440862  0.07205935291459026
  0.08257520759787876  0.09311214188961484  0.10370439699198838  0.11425743252660658
  0.12484209843224220  0.13538494878083038  0.14594319378958451  0.15645260906231173
  0.16697690903279536  0.17748218363115137  0.18801090439503709  0.19862220216807219
  0.20925590283954323  0.21988195782493244  0.23044439090583238  0.24101614917160119
  0.25159401208608279  0.26214280812782398  0.27267423003593361  0.28318987182098865
  0.29370537290995163  0.30424720475265615  0.31484568307602312  0.32543474352785395
  0.33602296691885775  0.34655404334124101  0.35712267265200304  0.36768405384369107
  0.37821945433641485  0.38873553602960847  0.39923959379337032  0.40977568354645372
  0.42029982935837046  0.43091685190815909  0.44154518917568680  0.45217788598394248
  0.46269086505590229  0.47320185367983530  0.48370740663998418  0.49430557742702103
  0.50485584800901206  0.51539983681110679  0.52586598031471432  0.53639201846484297
  0.54691512556327770  0.55743867874661091  0.56794238239664507  0.57849561386753201
  0.58904016563852712  0.59965158310786404  0.61022073220207040  0.62084095570883235
  0.63140744606231636  0.64202016488909175  0.65259362860753622  0.66316841863085196
  0.67372784164667299  0.68430669572390379  0.69487020214368234  0.70539028595491637
  0.71589817180469650  0.72644808094916535  0.73699058401178563  0.74753582509731420
  0.75802679698785080  0.76854954418780208  0.77909395260413150  0.78964376786527823
  0.80015606941671891  0.81066112226223508  0.82120353221733533  0.83177378576460081
  0.84233771428459547  0.85286820946934583  0.86340100483190085  0.87391643305523414
  0.88439287142710155  0.89487916821808200  0.90536042199991573  0.91587968777155937
  0.92639972435289053  0.93692050082186018  0.94744789820701503  0.95798177972694465
  0.96852875634086522  0.97902471438969085  0.98951583511194618  1.00000000000000000
 -0.00186711102612268  0.00964743055605428  0.01980908423352350  0.03030820807070242
  0.04089979714737163  0.05143701853357968  0.06201052610368097  0.07249930487949786
  0.08306163474559755  0.09359397007781867  0.10414600295628636  0.11466489289286080
  0.12518028452366392  0.13571314158573941  0.14627471461826522  0.15684380904973588
  0.16738573766290776  0.17788436013986222  0.18838830204211809  0.19893528379391520
  0.20951279232416853  0.22005245630831455  0.23058695721688971  0.24111044811352267
  0.25165531568611665  0.26216101235524109  0.27271458597225839  0.28325673005491170
  0.29386670394912845  0.30444166167309161  0.31501974707237401  0.32556418896932854
  0.33610626003404720  0.34666513163296236  0.35720681908292501  0.36773364441297635
  0.37823503555036003  0.38876334408522278  0.39926990865590473  0.40979830770399972
  0.42030810302851390  0.43079711058484671  0.44127444346435163  0.45174666172816702
  0.46226833524149891  0.47281157406037139  0.48335529844883046  0.49392625696043274
  0.50448137570803009  0.51504080491704152  0.52558006535734725  0.53616083306324913
  0.54674439495476701  0.55733738116395204  0.56790278109422432  0.57849607452456153
  0.58907080787444710  0.59963085811461370  0.61013688950083367  0.62064601652996076
  0.63117144765954181  0.64169870608727220  0.65223424662115526  0.66272473354478867
  0.67321534593901111  0.68369225881340501  0.69417739925087896  0.70469902721978150
  0.71522104840245071  0.72580594334492765  0.73638713983557413  0.74695812699658204
  0.75750044511378289  0.76803066121748642  0.77857724800235428  0.78915062025684368
  0.79971216749486318  0.81026252054818748  0.82079527531351459  0.83136792257846570
  0.84193960006774782  0.85249767336669047  0.86301464637295433  0.87346671783106988
  0.88392696968025808  0.89439210194553875  0.90495799791585307  0.91552064965764879
  0.92609711839696895  0.93663620720133034  0.94718644503118066  0.95769141537514058
  0.96823708680779630  0.97874909369131280  0.98937323642999753  1.00000000000000000
   1.0381031342190978E-018  -1.0000000000000000     
 F F F F F F F F F F F F F F F F F F F F F F F F F F F F F F F F F F F F F F F F F F F F F F F F F F F F F F F F F F F F F F F F F F F F F F F F F F F F F F F F F F F F F F F F F F F F F F F F F F F F F F F F F F F F F F F F F F F F F F F F F F F F F F F F
  <DiscreteSampler_grid>
  grouped_processes
  1 # 1 for a reference and 2 for a running grid.
  10 # Attribute 'min_bin_probing_points' of the grid.
  1 # Attribute 'grid_mode' of the grid. 1=='default',2=='initialization'
  0.0000000000000000 # Attribute 'small_contrib_threshold' of the grid.
  0.5000000000000000 # Attribute 'damping_power' of the grid.
 # binID   n_entries weight   weight_sqr   abs_weight
    10   10   8.436535544906105E-007   1.857948628052201E-012   8.436535544906105E-007
    11   10   8.436535544906099E-007   1.857948628052201E-012   8.436535544906099E-007
  </DiscreteSampler_grid>
