  0.00956842650496468  0.01613849653522875  0.02522597172384407  0.03600312509567440
  0.04634337183824905  0.05672045432832991  0.06708950270774840  0.07746080947237180
  0.08786155040518762  0.09825971481133583  0.10865286908864130  0.11901852384621549
  0.12939016255923352  0.13974937593748316  0.15010864881493102  0.16049885824747384
  0.17088113828831311  0.18126995735638932  0.19162758451600082  0.20198302193990383
  0.21234001325620974  0.22266937848437171  0.23301835636738413  0.24339140762845590
  0.25377152440072720  0.26416568952797148  0.27451315286109740  0.28486493075999675
  0.29521733271636819  0.30561170395166537  0.31603403726466811  0.32644534801834935
  0.33684541419414615  0.34724151645199464  0.35767095795994858  0.36808658060497901
  0.37850126119587157  0.38889628385753022  0.39930444470185894  0.40969580843540909
  0.42005896463043757  0.43039450537311774  0.44072226851974322  0.45106335799152586
  0.46142452360565367  0.47179209563368951  0.48215767271415494  0.49251441599288515
  0.50290219236732225  0.51330000694786293  0.52369175713311611  0.53406924016514967
  0.54444380127987724  0.55482981584376079  0.56522514715043615  0.57565101076562797
  0.58610118589861160  0.59652815191597097  0.60690777242454075  0.61725980837158967
  0.62762055380286053  0.63796969871249276  0.64829796674952345  0.65862973953263204
  0.66897984634602714  0.67934096913169983  0.68967939975675685  0.70000943125030834
  0.71035368095128948  0.72073864944450072  0.73114739498850356  0.74155554018869629
  0.75193332512377054  0.76228399153149851  0.77260810867694252  0.78291624595174514
  0.79323980186391629  0.80361073527340776  0.81402662153010263  0.82445781330642931
  0.83486571673383747  0.84525641887302649  0.85563667686382328  0.86602014289740670
  0.87640621697836774  0.88678061938640518  0.89718509962316328  0.90761092131725929
  0.91804289515384263  0.92847163548667877  0.93887676843307244  0.94932088688352645
  0.95974143152287505  0.97015787299002498  0.98051606275848768  1.00000000000000000
  0.00967030230209998  0.01566350740936752  0.02495722546850601  0.03573194307442371
  0.04609683772237052  0.05648486139385199  0.06688002963061049  0.07725129579804282
  0.08758975607616767  0.09794734010199203  0.10834872281759089  0.11877888978088397
  0.12917864014156166  0.13954196257451046  0.14991185239370433  0.16029340208001680
  0.17068776323334695  0.18107547451858258  0.19149980674996794  0.20194049019185953
  0.21236193907381187  0.22273362132785110  0.23311414042520195  0.24352052743502364
  0.25393782645515051  0.26435041101742196  0.27475953292254862  0.28513750571157132
  0.29549246521264277  0.30584079757448135  0.31620864452023867  0.32661452352975640
  0.33700811749472354  0.34740360800504094  0.35775209922562601  0.36809542492577668
  0.37843505316541781  0.38876887512612796  0.39911118628508174  0.40945318490530597
  0.41980770483431329  0.43016215032628075  0.44053013077764652  0.45091874341376575
  0.46130197349821050  0.47168750953077282  0.48208780202519652  0.49250207571960680
  0.50292260576801373  0.51331514795881739  0.52369362725905844  0.53407589713446768
  0.54449142429030439  0.55491679506089753  0.56530992433483418  0.57567047033266450
  0.58601601775250722  0.59637744694518591  0.60677103757229456  0.61719716960432824
  0.62764342699996323  0.63807938355701799  0.64850002063210843  0.65890698116209434
  0.66926920812562252  0.67959763822368846  0.68992029225388596  0.70025701450440392
  0.71062423984103429  0.72099976680619426  0.73142070076016108  0.74183950187179826
  0.75224267041068782  0.76263837901158049  0.77304735059430441  0.78346328804011456
  0.79386175829764438  0.80423757855497058  0.81461342385834790  0.82497071159092494
  0.83535677102042249  0.84571640435455819  0.85606665743681409  0.86639551348787669
  0.87677349006284255  0.88716004921996849  0.89752565669063245  0.90788325648486201
  0.91823917310962377  0.92862728164935482  0.93898829546486584  0.94937459142814939
  0.95976441938953483  0.97014742319805258  0.98050468916307221  1.00000000000000000
 -0.00252010591309577  0.00962550232261124  0.01984057599500276  0.03037110056789066
  0.04090391698531976  0.05143638796816492  0.06198059845580471  0.07253301707422986
  0.08305563234014675  0.09357302038122180  0.10404854294293653  0.11454964830766871
  0.12503212649972442  0.13558334966774088  0.14615601889658414  0.15674440275219492
  0.16728883793641822  0.17784103394955170  0.18836143720454274  0.19889451893025895
  0.20942644250033068  0.21999016798677487  0.23059608182168234  0.24111730656776401
  0.25163914833369005  0.26213928305846024  0.27269382992883745  0.28326260990989710
  0.29378022817265820  0.30430650137918913  0.31479558516931377  0.32531024891413762
  0.33578070226425005  0.34629816643684902  0.35686799822127213  0.36749647606598385
  0.37809176012614976  0.38866178950493990  0.39923408944594990  0.40980094009403162
  0.42036448439278584  0.43084365398207175  0.44131107599105057  0.45178558765681481
  0.46233039091034395  0.47291277938637166  0.48343943559160080  0.49398657966253529
  0.50456747096962495  0.51517518233723858  0.52573939436801520  0.53621356100984197
  0.54671677104867833  0.55725937649760038  0.56785918781960498  0.57843414608270571
  0.58896969427786861  0.59949127235021693  0.61004015494218011  0.62059647317865263
  0.63114823876228721  0.64167985682041406  0.65221539677603602  0.66274316059613969
  0.67327030329375770  0.68382712500876341  0.69435931270907547  0.70489016025904849
  0.71536995578778395  0.72592420093958754  0.73647331539045191  0.74705234347866944
  0.75766743678102433  0.76830038202508333  0.77890855600247000  0.78943928313551481
  0.79995645425351936  0.81050840366569887  0.82109691871283152  0.83172920150561391
  0.84231382980585501  0.85285314346984376  0.86332987067337041  0.87384619601217894
  0.88437516085363033  0.89494146088678472  0.90552246579459639  0.91610324669013210
  0.92667634021898515  0.93719884863477199  0.94772865614657587  0.95824693404584982
  0.96872959070089149  0.97920970438350785  0.98962385088677940  1.00000000000000000
 -0.00246405969618308  0.00951080324227733  0.01967814583997683  0.03018655693811748
  0.04070340538867613  0.05121456320263522  0.06170146954950712  0.07223297124372295
  0.08276141917767017  0.09334418467783624  0.10389535122789213  0.11446743599022595
  0.12502127493360968  0.13555776813911474  0.14609520081971869  0.15667410243105342
  0.16732567159449749  0.17793384871287932  0.18851564446574409  0.19905016144633611
  0.20958896483669245  0.22012540440718292  0.23061565837064449  0.24112750982191242
  0.25165082594923927  0.26221455952139072  0.27279186386549414  0.28330915223118597
  0.29384155036493032  0.30440880981654422  0.31505405768905265  0.32566033096851726
  0.33619444313591940  0.34662726944114525  0.35712635341581450  0.36764705263345832
  0.37824269790172871  0.38881974955412407  0.39941150581999280  0.41001188883278628
  0.42060695672540660  0.43114710983775867  0.44162511421772388  0.45211662667306668
  0.46261854363966043  0.47312413647422402  0.48359724166014079  0.49409022711345890
  0.50459100861433470  0.51512632783467061  0.52567885182535656  0.53624385480750814
  0.54677239829771185  0.55729288838692759  0.56784834885480318  0.57837212916637559
  0.58890764495921255  0.59944554808982342  0.60998542089612851  0.62050734434698573
  0.63101165052849528  0.64156613775611337  0.65208541804083620  0.66261593485771186
  0.67316281243511145  0.68372719691174877  0.69423694797146818  0.70472298181669391
  0.71521787987126273  0.72574556785859146  0.73630761356910757  0.74686283769603778
  0.75741904926250236  0.76794915217028092  0.77850354446993075  0.78907152215715226
  0.79961651393889999  0.81013471566830719  0.82065613086745048  0.83119914888467605
  0.84178134149404482  0.85237615036099146  0.86296031981465537  0.87353007746049760
  0.88409769336673094  0.89468712259822125  0.90525164357813148  0.91575886599639822
  0.92628887824798578  0.93682462803609223  0.94739301470561910  0.95793882131167563
  0.96848092892421800  0.97899635799078222  0.98949613193366526  1.00000000000000000
 -0.00249212714034052  0.00945865732755971  0.01959518811801042  0.03010552188309358
  0.04065621763382741  0.05123342154046370  0.06180781300083499  0.07233359886686343
  0.08286004771242719  0.09337355360698434  0.10393994977174335  0.11450216462917015
  0.12508247124489710  0.13562559561514542  0.14615051409460764  0.15667496368142439
  0.16722208169248956  0.17776695537020737  0.18829573426484927  0.19884826643981879
  0.20937672188125617  0.21987801121500772  0.23038254863078142  0.24092414950482008
  0.25149508330082121  0.26199928151329183  0.27251909441777433  0.28304480811793903
  0.29359467297012970  0.30412517006252981  0.31465792454881869  0.32516666783828074
  0.33564775879210040  0.34615006029579731  0.35670319308190052  0.36725741755507113
  0.37783789099007775  0.38843805998593539  0.39907406157177078  0.40961947078906341
  0.42011251735363619  0.43061206970361193  0.44111095348221452  0.45162907340594521
  0.46214536643229182  0.47269233542968564  0.48321644495386307  0.49376520184557809
  0.50430098158538184  0.51485855757168431  0.52538127049636296  0.53596260668064166
  0.54655257755685438  0.55713783156968122  0.56766328070227901  0.57819784462295942
  0.58875799508719395  0.59934354485080665  0.60992631321915736  0.62050182254253883
  0.63106196089734212  0.64161113379458912  0.65210064146224034  0.66259045276127737
  0.67307043490988228  0.68358233278270319  0.69414659763025988  0.70475846178938484
  0.71542164388046481  0.72604946277853988  0.73662583496032863  0.74715191311479001
  0.75770520451599987  0.76827488977096647  0.77882860621875283  0.78931158141122526
  0.79979100184045138  0.81030267565637437  0.82085728292918192  0.83142343949250463
  0.84198244713964621  0.85251826136213693  0.86303928361312543  0.87356090644643969
  0.88411020645110439  0.89464205379697792  0.90520191067940059  0.91572909734880903
  0.92629918135618305  0.93683195036643874  0.94739416570055235  0.95790512401674333
  0.96843695390614792  0.97894894841414259  0.98948761027833387  1.00000000000000000
 -0.00194239051231240  0.00990274574927147  0.02013076378401280  0.03063388893739461
  0.04115321286188525  0.05166639698553968  0.06221311063512219  0.07277916036617280
  0.08334124165853864  0.09388462565064318  0.10442653061782715  0.11495148957615919
  0.12545084891285382  0.13594985894254707  0.14643985781356553  0.15695148839551690
  0.16744127551380403  0.17795684921691921  0.18845767417344167  0.19900329540313705
  0.20954000370606785  0.22012018037578113  0.23066997582393917  0.24127906009812103
  0.25184034776544312  0.26240879190720368  0.27297120107269496  0.28353840925476842
  0.29409782851575011  0.30460769261760484  0.31509742667601337  0.32560769327968125
  0.33612138793651242  0.34667601057766628  0.35720335351624305  0.36776325658256526
  0.37832019460365374  0.38888356205152708  0.39940761637022981  0.40987446714854409
  0.42029699151809363  0.43076093346377109  0.44125635399149526  0.45185817522887012
  0.46246218821933915  0.47306835591620050  0.48360780862372055  0.49412437096875067
  0.50465116502708873  0.51520538585380160  0.52573630251655856  0.53625990228917619
  0.54674646748225153  0.55725864047207130  0.56776017036519599  0.57830279853389488
  0.58881305875797441  0.59935047870036673  0.60989053243658320  0.62044865358129808
  0.63103605484545822  0.64160252850418487  0.65217563336959827  0.66270666335524542
  0.67324519544894568  0.68381811837239537  0.69438652432472414  0.70491786768754627
  0.71541160911081014  0.72593399684300719  0.73650385300558641  0.74707335367359817
  0.75761829294955241  0.76813894005335659  0.77869240317967070  0.78925924661292735
  0.79983921570171912  0.81040684066666768  0.82094445789113779  0.83145812650743678
  0.84202748657715765  0.85261255958743276  0.86319760961516045  0.87373631969123533
  0.88429600539034814  0.89485388575494673  0.90540618517877069  0.91590884794792249
  0.92644832423065770  0.93694856966375162  0.94748218835181808  0.95803547798362476
  0.96857324633424402  0.97908893022045318  0.98954761964743143  1.00000000000000000
 -0.00229696285370496  0.00981435316049692  0.02004976779842985  0.03052498845670341
  0.04102320184188442  0.05152395013617772  0.06209842435475278  0.07265626707462230
  0.08322953368792924  0.09378044375938019  0.10434214450239399  0.11489220420123983
  0.12543879766758478  0.13601074296866997  0.14657352916512764  0.15711339864901469
  0.16761725529489205  0.17813515960734044  0.18868047748440228  0.19919822727037312
  0.20974514290773205  0.22027487366635576  0.23079727086372590  0.24128943060305344
  0.25179439210474353  0.26229514898897283  0.27281658533249242  0.28337314212543435
  0.29397010122606426  0.30456791825725832  0.31512840326365177  0.32570654858683301
  0.33625135487481567  0.34677082011419180  0.35728049293417258  0.36779015619522115
  0.37831928548580834  0.38885304780023405  0.39940915624454931  0.40995194834772664
  0.42053293244625711  0.43106820590157929  0.44161063591763039  0.45210324136076763
  0.46262237003653700  0.47317656238624761  0.48373176113636218  0.49419840282444838
  0.50462744345587152  0.51503181130660358  0.52555177155348665  0.53607550410594407
  0.54663881863618680  0.55718690832675499  0.56774141920139509  0.57829577616242489
  0.58884512711049075  0.59939676384377016  0.60992022908508647  0.62045410622527786
  0.63100686633562819  0.64158921314126993  0.65218678786021200  0.66274640550831565
  0.67332213822669085  0.68388356774377035  0.69443078186649465  0.70489562635137060
  0.71537133837858835  0.72590592067240012  0.73648187382957320  0.74702605329184035
  0.75753971265052022  0.76807309003408653  0.77859070146601572  0.78911961722300217
  0.79963929951927026  0.81017249616028386  0.82073535169304423  0.83130603010166360
  0.84182921936826371  0.85231783845386966  0.86278847715565021  0.87333702634272981
  0.88388051085972252  0.89442122718370642  0.90493254087744235  0.91544288364529092
  0.92597241337886615  0.93652809575407814  0.94710304453142113  0.95763850696016117
  0.96817304361001499  0.97869604332665272  0.98933246076900416  1.00000000000000000
 -0.00235884310598861  0.00962595185347479  0.01980452690857108  0.03034423734468875
  0.04090154087204612  0.05145837297324913  0.06200702626918572  0.07252721624314908
  0.08303556021494347  0.09354238888459242  0.10408825440412574  0.11461019007469783
  0.12515762800234592  0.13566416805047751  0.14618678243800218  0.15669469056263269
  0.16719570893563390  0.17770175778783781  0.18821288267548969  0.19876086841858018
  0.20936838001115882  0.21994261988242830  0.23052364134510606  0.24105085281417796
  0.25159138370215584  0.26211571326014349  0.27263368097097374  0.28314440240137823
  0.29366097970361221  0.30418109646414748  0.31471733822323961  0.32522909506031655
  0.33575933898050059  0.34632124266962511  0.35688971982257889  0.36746288735854127
  0.37800701388519597  0.38856872830666750  0.39912114539786447  0.40963807755010412
  0.42013876403598338  0.43063440773985351  0.44118283145874410  0.45169164305291415
  0.46222295123761520  0.47272603320110224  0.48328234371983220  0.49384523342289693
  0.50442046891501147  0.51496424816815778  0.52546648315726507  0.53601777872069489
  0.54658583884685463  0.55719389695845667  0.56775232187836366  0.57829671935133664
  0.58883428399333160  0.59932978821626470  0.60983738372242147  0.62032919996437463
  0.63085640148891498  0.64140685778663042  0.65207955143406315  0.66270980064088547
  0.67331522742371541  0.68383076231730811  0.69436611764186629  0.70488702341276854
  0.71531683517513456  0.72573319157509431  0.73616491701496078  0.74666944447582939
  0.75719550491857290  0.76772041730050655  0.77825043323915166  0.78880324338282426
  0.79941406061768916  0.81003918677215381  0.82066981786746052  0.83121526614052177
  0.84173517362871353  0.85227640764958323  0.86289324078807927  0.87350059188046481
  0.88404297698361378  0.89457652224027540  0.90514625175168240  0.91573192825007488
  0.92626991749038168  0.93680011584852252  0.94736742170908939  0.95795350261024470
  0.96850562409848895  0.97900630704718306  0.98950321289048448  1.00000000000000000
   8.0051258384798222E-013  -1.0000000000000000     
 F F F F F F F F F F F F F F F F F F F F F F F F F F F F F F F F F F F F F F F F F F F F F F F F F F F F F F F F F F F F F F F F F F F F F F F F F F F F F F F F F F F F F F F F F F F F F F F F F F F F F F F F F F F F F F F F F F F F F F F F F F F F F F F F
  <DiscreteSampler_grid>
  grouped_processes
  1 # 1 for a reference and 2 for a running grid.
  10 # Attribute 'min_bin_probing_points' of the grid.
  1 # Attribute 'grid_mode' of the grid. 1=='default',2=='initialization'
  0.0000000000000000 # Attribute 'small_contrib_threshold' of the grid.
  0.5000000000000000 # Attribute 'damping_power' of the grid.
 # binID   n_entries weight   weight_sqr   abs_weight
    10   10   2.963709632078030E+003   2.227530118753477E+007   2.963709632078030E+003
    11   10   2.963709632078030E+003   2.227530118753473E+007   2.963709632078030E+003
  </DiscreteSampler_grid>
