  0.00965917148101920  0.01575178096382873  0.02493867329819396  0.03571309805406313
  0.04603796124990543  0.05638715565766673  0.06675902059779276  0.07714392682405534
  0.08754635622524883  0.09792925590860481  0.10833182410674787  0.11871871866693512
  0.12911148838618516  0.13949263636193046  0.14986824042925520  0.16023539598550751
  0.17058811111934669  0.18094642092292085  0.19130697608195735  0.20165686945560532
  0.21204093783206776  0.22242196268438594  0.23280744922611707  0.24315746937169991
  0.25350896367162778  0.26385646904835208  0.27423881985732740  0.28463366797807388
  0.29502960408128426  0.30541196636603130  0.31579124045293605  0.32617346172738410
  0.33652607307553362  0.34686925735242941  0.35725275276296686  0.36764439507245833
  0.37805117957058088  0.38844527119232586  0.39884799580287161  0.40924221937526090
  0.41962203852012059  0.43000995047895352  0.44040431884734932  0.45081251542796719
  0.46120937154086722  0.47159085433010878  0.48196568807764550  0.49235149680808787
  0.50274199609864567  0.51311471203090409  0.52348210685539542  0.53386529884724798
  0.54428465306146478  0.55470055140894292  0.56511633582585974  0.57551345337461102
  0.58590349828955890  0.59629417376407956  0.60667526414524275  0.61705198112880089
  0.62742372745920671  0.63779654795037954  0.64816915282964926  0.65854359078511804
  0.66893566135613125  0.67934393688851558  0.68975586981822368  0.70014328907044143
  0.71051096331219599  0.72087662425813059  0.73123331768414179  0.74159477585608047
  0.75192553421583030  0.76227255784343950  0.77262998783511805  0.78300402055281559
  0.79337246106188930  0.80372562769717015  0.81407822664608376  0.82444429735270919
  0.83482520302154550  0.84523498047584589  0.85565718749793640  0.86607536000295793
  0.87648296033790973  0.88688035107801433  0.89728552729342459  0.90768234424034033
  0.91808822684101121  0.92850741299023332  0.93893898254923613  0.94935747669974424
  0.95977997114031033  0.97017862144528300  0.98055364263239120  1.00000000000000000
  0.00952347290466623  0.01554398654104292  0.02485168962862890  0.03563258503729545
  0.04598281324512715  0.05635609336472875  0.06675684165888492  0.07715747911163787
  0.08753041427339921  0.09786294602700592  0.10820582228782701  0.11856781081946667
  0.12896643109676137  0.13934415302025865  0.14973344362747215  0.16012232831630260
  0.17048564917165168  0.18086778954730176  0.19121943294420404  0.20160818666464045
  0.21198660074485556  0.22240254243180860  0.23280905701049665  0.24322841275961218
  0.25363532121841809  0.26402826180894140  0.27439519792836609  0.28475228404058522
  0.29510413575288391  0.30544900481631376  0.31580111495670149  0.32618331014656160
  0.33657094344172794  0.34696518940435350  0.35735389162036119  0.36776429880388756
  0.37816731877458276  0.38859359296915491  0.39904252949904345  0.40949730922841038
  0.41991727451298005  0.43031342294496028  0.44071452824267349  0.45114201891615824
  0.46157790604474552  0.47199719333497525  0.48240000875489775  0.49278024543814092
  0.50318658248950532  0.51361753248051245  0.52406319034563442  0.53449984257013694
  0.54488927137929277  0.55526407537500189  0.56563213591925154  0.57602185576833997
  0.58642013929957615  0.59682430678122189  0.60724703580686135  0.61767292923231143
  0.62809085765871042  0.63849845993882703  0.64891013769178751  0.65931834844576820
  0.66970399058107355  0.68005067230727434  0.69037840781542203  0.70070979087256091
  0.71105469088175277  0.72142057531070458  0.73178351833558231  0.74216292444038734
  0.75253582368422922  0.76290603203108698  0.77325985140262610  0.78359784224059215
  0.79393629964551959  0.80428802155433843  0.81465594811460995  0.82504177217157249
  0.83544234848642995  0.84584290604635803  0.85621580727641922  0.86655184543242347
  0.87689322189801844  0.88725000380476382  0.89763738535927751  0.90802079096660593
  0.91839812813345456  0.92878296364980095  0.93917177008734221  0.94956945051415043
  0.95994796195205978  0.97027794730095607  0.98058503297297250  1.00000000000000000
 -0.00236462187205406  0.00978928645136178  0.01999783090069617  0.03049116675661439
  0.04101966119150165  0.05152833396374729  0.06210679534182126  0.07265874547659021
  0.08323103386138685  0.09376045946208757  0.10435462867888895  0.11490773150256460
  0.12544728406397587  0.13596177538671772  0.14650729884251407  0.15711855554126145
  0.16770109044212345  0.17827808322557068  0.18883408546567909  0.19938221638759598
  0.20989646466519490  0.22040981247916883  0.23089802192170897  0.24141900699492985
  0.25192661642140685  0.26251701854690801  0.27310018216057941  0.28369386631326293
  0.29422891947503960  0.30478110578257123  0.31531204296054649  0.32584880251270243
  0.33639547412046372  0.34693204825304819  0.35745287872259202  0.36796470510016216
  0.37846088504045894  0.38896152335601053  0.39948743411615406  0.41004586519216923
  0.42059689582860671  0.43108816275033029  0.44162767961813443  0.45218338028292104
  0.46276598716280065  0.47334067439074529  0.48388000976255291  0.49445176842073713
  0.50501439620488242  0.51558991170118607  0.52612281849210008  0.53660155936607967
  0.54710280957299540  0.55762587452157364  0.56809651066000266  0.57856003800690059
  0.58905660257371306  0.59962265413779170  0.61022033152900068  0.62076418853406223
  0.63134102290803018  0.64188059408606335  0.65245254970105038  0.66298725421501636
  0.67353239125384201  0.68407787046127988  0.69462888314881632  0.70515172614930488
  0.71569171843586932  0.72624955715902051  0.73683728349272815  0.74738324410938817
  0.75788714463400120  0.76840871896802143  0.77894715156251526  0.78950428420559504
  0.80004327505344941  0.81056777938036029  0.82107354780450648  0.83158656630021355
  0.84213164564985510  0.85269709125023585  0.86325265385899652  0.87376178076273836
  0.88424328154695198  0.89472532805561800  0.90521735582102181  0.91571988832297135
  0.92622164373964011  0.93673825115805864  0.94726435178464741  0.95779045449053357
  0.96830036619239357  0.97885092775784666  0.98941239009659043  1.00000000000000000
 -0.00242556659713524  0.00963320585062369  0.01977748604574188  0.03025702312428970
  0.04074156580887955  0.05128465546892490  0.06188014840895528  0.07249033657658316
  0.08308319425383071  0.09365994000865209  0.10423039584259398  0.11478955618696518
  0.12533688882784133  0.13590273119845064  0.14645861076275571  0.15700395529583708
  0.16749403542944796  0.17799000412947019  0.18852462350519625  0.19912073645757247
  0.20968649864491842  0.22019238480541603  0.23069454087846605  0.24125382209851037
  0.25184715549221870  0.26240666629613241  0.27292293167409620  0.28344715857982550
  0.29398073852726592  0.30451060420911480  0.31506995486756223  0.32563092646969644
  0.33621423537499878  0.34676147987878675  0.35734326116292653  0.36789997822747561
  0.37842493241463315  0.38893940959204693  0.39947701821007081  0.41000274683686000
  0.42051630341120760  0.43102499732596006  0.44156390926707512  0.45210428230392913
  0.46261639929227094  0.47318646553059257  0.48375310647592051  0.49434359427716951
  0.50487590887843636  0.51541425412016706  0.52599315598402652  0.53652276825417877
  0.54703183015411461  0.55752170863983952  0.56803876386050201  0.57859092733123185
  0.58908058114623274  0.59957092790431743  0.61008640234846101  0.62062354139211617
  0.63117791993938943  0.64165962399592991  0.65220157269716972  0.66275972338273548
  0.67335335480094993  0.68392125886170696  0.69446457551396557  0.70503081054469974
  0.71560696415132008  0.72620687805175754  0.73677385901659831  0.74728490606474229
  0.75777769429752051  0.76826553322801105  0.77877361327572470  0.78927591852943224
  0.79983019941228828  0.81038388380910842  0.82093643623232726  0.83144420313953138
  0.84191219768555203  0.85239231074412902  0.86286088749705103  0.87338098180524293
  0.88387112043661342  0.89442221879670680  0.90499709048338062  0.91560081669014837
  0.92614978128574998  0.93666871820204789  0.94721835511879870  0.95774910525164902
  0.96835631310601011  0.97890627074409142  0.98948831609729349  1.00000000000000000
 -0.00210213483488637  0.00975073257101305  0.01999368633567379  0.03057514780126945
  0.04113415497790985  0.05164621820397751  0.06211305075741573  0.07262115262883145
  0.08315764179285243  0.09370815332684465  0.10425242586671246  0.11479262621227124
  0.12535560909425558  0.13588200916164628  0.14640355597656918  0.15691655540988067
  0.16746281601728222  0.17800053105887340  0.18849932013959242  0.19899012306967687
  0.20949974721688799  0.22005066402971926  0.23060154956186535  0.24114435281380950
  0.25169297907533017  0.26221721882146587  0.27273177610270782  0.28321568316548501
  0.29375130021417117  0.30427266352444277  0.31481280370862663  0.32532447773832257
  0.33584816559602099  0.34634408489793933  0.35685395017282295  0.36734840302462274
  0.37787266390074276  0.38839381863864458  0.39895698867443224  0.40954720827406360
  0.42011496284857647  0.43069634444280208  0.44125924958839191  0.45183748989231359
  0.46238728148763264  0.47296576107184646  0.48355830651055615  0.49408864340001957
  0.50458924812053718  0.51508762757105597  0.52559701858430274  0.53613163928426955
  0.54669018494767985  0.55728710024578576  0.56782514659633587  0.57831835105293006
  0.58881877013357231  0.59933190822877624  0.60986222636351994  0.62038826094011945
  0.63093036363049293  0.64145234049673372  0.65195662834804324  0.66245865450664376
  0.67298820931477266  0.68350457991715619  0.69399982544108241  0.70447115250042480
  0.71498876353679763  0.72550689501794652  0.73609342150557278  0.74670291455289395
  0.75734090404721366  0.76792362293453598  0.77845870012947926  0.78893963753078000
  0.79941863312242045  0.80990802400375672  0.82043147471114286  0.83094662181006029
  0.84149007808788379  0.85205550333857383  0.86266451691138701  0.87327145172715426
  0.88385645016315961  0.89443549504428999  0.90498317534057182  0.91556602969818912
  0.92614780910828642  0.93672122703070937  0.94727180493272944  0.95780917361450468
  0.96834725261780130  0.97889778131018157  0.98943926668068216  1.00000000000000000
 -0.00189247905748182  0.00973385046251872  0.01993434560375111  0.03048591543404356
  0.04102652565284715  0.05158007306581258  0.06211707841532837  0.07268424367880161
  0.08320872046441548  0.09372587103028404  0.10422628597075630  0.11477132011131930
  0.12531793107022504  0.13586136902451393  0.14640711354196892  0.15691573039468079
  0.16742484224530699  0.17789351631413761  0.18841094808150424  0.19892036410527661
  0.20944219579680348  0.21999902162120225  0.23054164264765414  0.24105168471315094
  0.25153095526605357  0.26208783848492739  0.27270683839245186  0.28330816261618957
  0.29386223222620184  0.30438758923525550  0.31495915429968352  0.32551441941321330
  0.33610529466798822  0.34664990243288391  0.35720783261925942  0.36773258651688601
  0.37828209726870987  0.38883349103307879  0.39938279491210604  0.40990778645107873
  0.42040457801337805  0.43090635040101394  0.44142803229888983  0.45197936116982634
  0.46256473440301177  0.47314006506256473  0.48371131894850194  0.49424887626574537
  0.50480129445329169  0.51535297471895081  0.52593919904481479  0.53651786732009099
  0.54706527819972062  0.55755186721739247  0.56801820424973692  0.57853385209200536
  0.58906069591650245  0.59962318266010828  0.61018644638503117  0.62076961056845370
  0.63132403327656916  0.64188824315122350  0.65245620336483323  0.66305516668452924
  0.67359478593415056  0.68410509514720630  0.69458737297211026  0.70508295075438732
  0.71565067830516460  0.72623944190808110  0.73684395716872053  0.74740805337248772
  0.75794586458066393  0.76847245072961257  0.77896048691167330  0.78946915364591386
  0.79998833511340073  0.81054992854483432  0.82113570243707212  0.83168885682589988
  0.84222648518274934  0.85273584686547055  0.86324909241895587  0.87374370385545186
  0.88426666988986957  0.89475870883067909  0.90524402316449848  0.91572187839825747
  0.92625172411600254  0.93680393916178528  0.94735874249221774  0.95789307655205524
  0.96844913390578569  0.97897227746304705  0.98949749961905265  1.00000000000000000
 -0.00221549893659216  0.00961579552828693  0.01974832104580771  0.03025501473964792
  0.04082469152275994  0.05141313886624257  0.06196989311838967  0.07251714760222866
  0.08306890466148925  0.09364359349936521  0.10422133974440434  0.11480629070925034
  0.12536690613028220  0.13592701171007998  0.14646138935826564  0.15705691314436204
  0.16761616955016106  0.17819132534002272  0.18869812609008782  0.19926351935535688
  0.20981110666380384  0.22037972901522093  0.23088655300304120  0.24138751106114537
  0.25189293090819087  0.26244078126407300  0.27301566088325208  0.28356386262929661
  0.29408565981840917  0.30463062291371484  0.31521465591703701  0.32581008923905058
  0.33634901277557067  0.34688442434948308  0.35739322848040078  0.36789659794406798
  0.37835799384683927  0.38884770692687309  0.39936885115323478  0.40990707996996367
  0.42043156577177798  0.43094603373942175  0.44144582530802301  0.45197904108187403
  0.46252176532387734  0.47308566879818847  0.48360856057734536  0.49410782265781983
  0.50464983602912861  0.51521640052402007  0.52582327192810685  0.53639197247511039
  0.54694580546026705  0.55751240850590844  0.56809593928589985  0.57869036568979559
  0.58927212072571400  0.59983482975181224  0.61036500427196805  0.62091425269213962
  0.63143141410012460  0.64196547801995818  0.65245268041208793  0.66295910000849123
  0.67346360632042879  0.68400864962850849  0.69457616370745090  0.70515728869977212
  0.71572043309611544  0.72630575720671309  0.73685696231382336  0.74735452900201793
  0.75781642833398433  0.76832812534462436  0.77890476796315211  0.78947697809517403
  0.80001429560639736  0.81053532708036646  0.82105471211869918  0.83159530737973897
  0.84214771086074780  0.85275240314749190  0.86334723975725136  0.87394632816884876
  0.88451022885460906  0.89507316440254825  0.90561866352763420  0.91612535481901758
  0.92661259532745910  0.93708571204202840  0.94760263061604011  0.95813632182591080
  0.96866314723446167  0.97911528229664047  0.98956289301400602  1.00000000000000000
 -0.00235778182993408  0.00986373743508433  0.02007150255220667  0.03056639581214404
  0.04102442447168153  0.05150342857215161  0.06202034640019352  0.07251963326434101
  0.08305462931155695  0.09355235466528015  0.10403566031158665  0.11453376812808840
  0.12505032169132504  0.13560057533381376  0.14609609843191898  0.15657453795471882
  0.16708459612096060  0.17760192111323647  0.18809611445681243  0.19853435836591302
  0.20901259054765414  0.21956275995854171  0.23017907925397418  0.24080176839025291
  0.25135714814153032  0.26189188145905690  0.27238692476632148  0.28290173321373291
  0.29343123983985325  0.30400625058531133  0.31457793847826149  0.32510760510375708
  0.33562988991228865  0.34616830894420680  0.35672368487780687  0.36725528889252196
  0.37779744913104374  0.38829353004645573  0.39880242235516339  0.40929258119320178
  0.41985176823654508  0.43039151368933348  0.44094765981172362  0.45147976966440367
  0.46201405353417896  0.47254043982811567  0.48306753523618645  0.49357764179297298
  0.50408113497601048  0.51458989937353183  0.52514007060742240  0.53571184216686418
  0.54632353710028791  0.55691785509607661  0.56755832186462962  0.57812309935197048
  0.58869880060281277  0.59921857406772261  0.60978673700884911  0.62035304221812693
  0.63095115916877786  0.64152062069955329  0.65208038386204126  0.66257169199215682
  0.67308559814357771  0.68358115504525019  0.69408669063116968  0.70456581737288604
  0.71508233127556975  0.72564451432913302  0.73620665631915361  0.74677324788103039
  0.75734595151171646  0.76794345232904970  0.77848894580239181  0.78899383815577928
  0.79954554546649592  0.81009584419227765  0.82067929344767421  0.83120692452692568
  0.84174936680167090  0.85225530844889974  0.86277545009178402  0.87333349329143761
  0.88389009354592030  0.89442677304255824  0.90495151989372391  0.91551255134278153
  0.92609308229121923  0.93662573794729942  0.94715211850541736  0.95768591277890347
  0.96826472840702049  0.97884467365908845  0.98942058942832478  1.00000000000000000
   2.7866559088575041E-014  -1.0000000000000000     
 F F F F F F F F F F F F F F F F F F F F F F F F F F F F F F F F F F F F F F F F F F F F F F F F F F F F F F F F F F F F F F F F F F F F F F F F F F F F F F F F F F F F F F F F F F F F F F F F F F F F F F F F F F F F F F F F F F F F F F F F F F F F F F F F
  <DiscreteSampler_grid>
  grouped_processes
  1 # 1 for a reference and 2 for a running grid.
  10 # Attribute 'min_bin_probing_points' of the grid.
  1 # Attribute 'grid_mode' of the grid. 1=='default',2=='initialization'
  0.0000000000000000 # Attribute 'small_contrib_threshold' of the grid.
  0.5000000000000000 # Attribute 'damping_power' of the grid.
 # binID   n_entries weight   weight_sqr   abs_weight
    10   10   2.239734818958070E+001   1.287223382619188E+003   2.239734818958070E+001
    11   10   2.239734818958071E+001   1.287223382619189E+003   2.239734818958071E+001
  </DiscreteSampler_grid>
