  0.00955046307579912  0.01554118880806799  0.02480017459701626  0.03561521635409757
  0.04598175099791718  0.05638194355934566  0.06673321386838935  0.07710185661862617
  0.08746151063147659  0.09788283374858107  0.10831991362124824  0.11872723424885838
  0.12908074952568119  0.13940127578948833  0.14975808856775663  0.16012848370961039
  0.17053310787133835  0.18089742400045641  0.19124686188115197  0.20157556193412091
  0.21193402022832625  0.22232604884603027  0.23270014114437970  0.24305619030965681
  0.25341000523133395  0.26377385584455187  0.27416782330914025  0.28455677245396660
  0.29497073115912370  0.30537649084825630  0.31576927603233845  0.32613302265528243
  0.33645118254131323  0.34677837008097179  0.35712172417109728  0.36748008083630074
  0.37782544659354278  0.38816707617815321  0.39853526964286207  0.40893559289051090
  0.41935972106792546  0.42976195455410404  0.44014620677538152  0.45055122671934433
  0.46098618167374961  0.47143659224130735  0.48186079449823022  0.49226792490472343
  0.50264885678663651  0.51300383198395028  0.52336051705034725  0.53374580401923932
  0.54414259790984842  0.55451972598957977  0.56487733132562790  0.57523488809282508
  0.58561378261455932  0.59600727663740127  0.60640049123398476  0.61677704684158496
  0.62716070420000203  0.63759247078938242  0.64805162784087433  0.65847699496826051
  0.66886032901388326  0.67923586703484418  0.68963027857613479  0.70002441926530179
  0.71039859458934507  0.72078479470991597  0.73115986638509067  0.74152358092875315
  0.75187431244502001  0.76222888384609599  0.77261887295033105  0.78300019590861081
  0.79338720181287337  0.80378188143100282  0.81420584743974389  0.82464446793592883
  0.83506427646710268  0.84547154931782476  0.85586026699186790  0.86623920866714477
  0.87663102266785020  0.88701607786627490  0.89741269848879290  0.90777904655634500
  0.91815111200247268  0.92853389358279326  0.93893506093969870  0.94935194274273693
  0.95975404675303033  0.97014803210056599  0.98051858112877532  1.00000000000000000
  0.00965788653916453  0.01560256284676140  0.02486946556434954  0.03566495075134855
  0.04602687570020632  0.05638174069903005  0.06672871098737691  0.07709261119502163
  0.08749657288808506  0.09789538981005859  0.10828899181543274  0.11868185332573496
  0.12908756501585122  0.13947581388663227  0.14984805027353335  0.16021194046740536
  0.17058840645974896  0.18096319656252080  0.19135821038684186  0.20176748582328929
  0.21217547492207267  0.22257928324776177  0.23296609308063540  0.24334738943193432
  0.25373170693358210  0.26411619142042936  0.27454316727710093  0.28497187021621428
  0.29539887391306979  0.30576350103955746  0.31608350183019696  0.32641450672379585
  0.33676325943699986  0.34712227142425134  0.35749830992054671  0.36788069094108455
  0.37828260736754615  0.38866331571844120  0.39904722737797554  0.40941223895337781
  0.41977123171054054  0.43012380865136735  0.44048236434145654  0.45082749412577577
  0.46116383712282893  0.47150084373854423  0.48183717635853551  0.49218030827227044
  0.50253121871665019  0.51289569968070781  0.52326272483350211  0.53363808638958476
  0.54403358136093438  0.55446807528210929  0.56492185428481234  0.57537580826213242
  0.58581173547585097  0.59622085133426261  0.60658639788798863  0.61690907070740930
  0.62721499340510167  0.63754187928119677  0.64791448067951884  0.65831977203994207
  0.66873389294460850  0.67913498535910866  0.68952810435671930  0.69991882368020752
  0.71031569690850660  0.72071876886891051  0.73113211159885394  0.74157008493821275
  0.75202312846410446  0.76248069558929921  0.77291191498623724  0.78330446220581451
  0.79368478396038367  0.80408045728282262  0.81448849961594316  0.82486521142968228
  0.83520554367312572  0.84554929543044854  0.85591055261177518  0.86630254824945896
  0.87668932437822733  0.88708337610708543  0.89745567350228683  0.90781233204036438
  0.91819756955008525  0.92857344745152415  0.93898035201604635  0.94936517298568024
  0.95975924177370242  0.97014067480728405  0.98049827753312457  1.00000000000000000
 -0.00228070114844349  0.00963311184349915  0.01978945695377201  0.03030460059538298
  0.04083196383967255  0.05141007406032371  0.06198542142108991  0.07257769606367966
  0.08312037969896664  0.09365839487535153  0.10415795600821821  0.11466369850180884
  0.12515873662823168  0.13567044491312674  0.14618464465598605  0.15667829767982810
  0.16720551834020708  0.17776798304021155  0.18838277186533828  0.19897506920077188
  0.20952328881787260  0.22006514337885433  0.23061033963050481  0.24120166856160991
  0.25177830435296800  0.26233649004734860  0.27290288784830330  0.28348686031230380
  0.29406248518593620  0.30465297786607531  0.31518123781449653  0.32570054903320411
  0.33615645049416742  0.34662153604899448  0.35712400372081243  0.36764112900036189
  0.37819030814925414  0.38874717391287777  0.39930601573781083  0.40986727821282376
  0.42044468001642410  0.43102688471386486  0.44156609926087492  0.45204084054324739
  0.46248211727413696  0.47297189473125062  0.48349849114387233  0.49402500017343243
  0.50455225048805052  0.51509124195850975  0.52566553061888543  0.53623766734594003
  0.54679743047935059  0.55733026281744069  0.56783750499333630  0.57837123716962946
  0.58891859414233350  0.59949499604255230  0.61001983168256013  0.62051343821744764
  0.63100780659778832  0.64152588754536966  0.65209406296843164  0.66267205971890275
  0.67324826109395464  0.68381709991291062  0.69436287869346214  0.70490321795496036
  0.71547044022816175  0.72602789889940145  0.73654809490594220  0.74707347259571200
  0.75758541727416417  0.76812825202391122  0.77867494838997364  0.78922172135998359
  0.79980327155173803  0.81035242174849242  0.82093934344888131  0.83148406196162661
  0.84205927379121448  0.85262488475731335  0.86322836385726842  0.87377451293700414
  0.88433072172398408  0.89489822005979436  0.90547998400251661  0.91601350696150330
  0.92652765431774087  0.93702442843971878  0.94751880272815425  0.95799718869872663
  0.96851785327908657  0.97902199070594498  0.98953330949912244  1.00000000000000000
 -0.00236642829131948  0.00956153282156464  0.01973675810354473  0.03026425151876431
  0.04079764872660741  0.05132568360078248  0.06187629769408984  0.07243896286469391
  0.08299841277531478  0.09353260092340678  0.10405704368858765  0.11459052119549201
  0.12513280607491631  0.13568812953761925  0.14622698363880146  0.15675740833836371
  0.16728288482821560  0.17782028836498628  0.18836156974847257  0.19893600333407629
  0.20950385344385788  0.22009085017693361  0.23060718538017516  0.24116416474712926
  0.25170581369542411  0.26227501673215897  0.27278514268383858  0.28326735064025271
  0.29374685300479508  0.30423009551711250  0.31475519704057897  0.32530354693511015
  0.33584575572516795  0.34639993730305285  0.35694181682981813  0.36753410149889282
  0.37809785091063935  0.38864728346578509  0.39917805008515339  0.40971358873994390
  0.42024349348419643  0.43076855132938091  0.44127329274622845  0.45182541108327245
  0.46239911672959133  0.47297892340638226  0.48353485890584225  0.49409377997684051
  0.50464232973634615  0.51518780438483958  0.52571458016134087  0.53624072040023596
  0.54678757812226442  0.55734142471050829  0.56790441114325219  0.57845264175019395
  0.58900635571115623  0.59960452757793181  0.61017856810863802  0.62071777217698676
  0.63122202522947612  0.64174899419504694  0.65229517957237815  0.66284894975993391
  0.67341434075215678  0.68397545612061916  0.69452855426844984  0.70501493249169744
  0.71548594030416601  0.72594642964450595  0.73644077875570857  0.74697034357796310
  0.75755333136563696  0.76811824455402633  0.77868043587699354  0.78920474385849593
  0.79974928886339125  0.81026511376386867  0.82077991119894356  0.83130287263524250
  0.84186017638346999  0.85245240610079376  0.86303344449423447  0.87360566942803686
  0.88413173174621307  0.89466172494289975  0.90518570417684419  0.91571264329838131
  0.92622133795112882  0.93674259304249030  0.94727596301738515  0.95784383940077844
  0.96838006041131208  0.97891296903561353  0.98944386721049582  1.00000000000000000
 -0.00239114378250329  0.00964832064000680  0.01984996451382432  0.03036090774260690
  0.04092603322260453  0.05149155037969067  0.06206663527245542  0.07258667420261511
  0.08309725849619191  0.09363188073627657  0.10415892001050080  0.11469037310445947
  0.12518432332811708  0.13574818993027651  0.14630954395877219  0.15689777448340422
  0.16745404318665266  0.17800336693781510  0.18854779530153001  0.19905948824541275
  0.20960582189080043  0.22015602714527571  0.23069389416524960  0.24123082976467614
  0.25174547956950860  0.26230770631971884  0.27287376495759258  0.28344863652084457
  0.29399791627880090  0.30452417131735815  0.31506432274027690  0.32561211361077524
  0.33615665006659401  0.34665952908423708  0.35716778114421521  0.36769861202361981
  0.37826316289601480  0.38883523441731244  0.39940560086676274  0.40998452266101737
  0.42054295771205102  0.43111389439897319  0.44169845732623764  0.45224564618536489
  0.46276066491488327  0.47326963827478091  0.48383922642678029  0.49442371001034630
  0.50497216064629669  0.51553477161859651  0.52609107121355947  0.53663490514310208
  0.54711726657429083  0.55760170686738997  0.56813958033266210  0.57871284651718879
  0.58930002534792947  0.59984839675910040  0.61041346764958671  0.62093700441401511
  0.63146114217758953  0.64192882043828248  0.65240025209439256  0.66291609815839148
  0.67346404832900575  0.68400209310408044  0.69456903318123520  0.70517082277668719
  0.71580446587922641  0.72636611465126044  0.73686462254194585  0.74735358506713545
  0.75786716561116085  0.76840363584168470  0.77894061791994473  0.78944477053882178
  0.79992503421707728  0.81042729095608013  0.82097609887913048  0.83154118022323087
  0.84209453805755008  0.85264901758256928  0.86322220633543811  0.87377065608097748
  0.88428856798251920  0.89477553378130692  0.90528218244661285  0.91576530140581403
  0.92631990214016113  0.93688018238326665  0.94747745595216781  0.95805539695587361
  0.96853969541756990  0.97904197477300647  0.98950095142331607  1.00000000000000000
 -0.00254110836000163  0.00945332155447199  0.01961708312709658  0.03012980832490813
  0.04069126747008666  0.05121341126318085  0.06172490036960637  0.07226585932895452
  0.08283068466036321  0.09341861989199873  0.10397833769235749  0.11455190281520067
  0.12508353180663226  0.13560596136161612  0.14610952744614908  0.15665902818634486
  0.16722673262226076  0.17779941606209387  0.18836881909417982  0.19892383599091354
  0.20948337601187689  0.22000269528552846  0.23056430015581614  0.24111178818219256
  0.25172314396481071  0.26232228020987819  0.27291414717558737  0.28350454129038211
  0.29403178758694976  0.30460081576319675  0.31513528551193964  0.32571626853074270
  0.33627705848159367  0.34682510293403679  0.35734896943519290  0.36781106135286684
  0.37827886813084344  0.38877993719476661  0.39935875268709825  0.40996809005457835
  0.42050432540749705  0.43104962161156662  0.44152890699749797  0.45204785238514400
  0.46255160025651970  0.47311849168516151  0.48372348428012535  0.49434086790905662
  0.50498114495361723  0.51559193600864528  0.52617441476185434  0.53672588904919583
  0.54727154653238141  0.55783628027395227  0.56837526266568894  0.57891652637166946
  0.58944684320051677  0.59994564199747513  0.61048516452461354  0.62100813974128077
  0.63159173512013311  0.64215507320948551  0.65272640475792709  0.66329582520085717
  0.67386192483731089  0.68438540676646775  0.69488929052827098  0.70538100960548522
  0.71591662921003463  0.72642487621081764  0.73695255992469066  0.74747715829505446
  0.75807633986496836  0.76864216791959583  0.77925130160213474  0.78981887490473135
  0.80038841916027959  0.81091568018417715  0.82145835269073553  0.83198446786401481
  0.84249115565037369  0.85297396973494954  0.86348599178302332  0.87398789628874696
  0.88450234549290407  0.89500685248767153  0.90550185703913211  0.91600474122115849
  0.92651800580158183  0.93709442147952382  0.94764863767724772  0.95813763461387991
  0.96859994888378997  0.97905102671119537  0.98953537501365085  1.00000000000000000
 -0.00237935909398373  0.00971527898266089  0.01992999992702346  0.03045858795513733
  0.04095213423371871  0.05145534401500334  0.06200276491881691  0.07255154430193247
  0.08308972371647098  0.09364263995796136  0.10420222538766429  0.11479961828611263
  0.12537211416394076  0.13593279369894984  0.14644122154517727  0.15695573215455574
  0.16744298129448532  0.17791781347529476  0.18839656803981511  0.19890503848179072
  0.20948328342088646  0.22007015224167054  0.23067640280440393  0.24118770979768980
  0.25169872523105702  0.26220925951715202  0.27275976452212686  0.28336238640274963
  0.29399096438431721  0.30459171794540107  0.31509292621169638  0.32555563798653409
  0.33604762213321238  0.34657089539015262  0.35709513284719785  0.36765433335262743
  0.37820502639701103  0.38873696316226075  0.39925722435890731  0.40976797424034395
  0.42033235336709135  0.43087069501853986  0.44142401142936188  0.45193459635568095
  0.46239273801354058  0.47287730274996809  0.48338509920925760  0.49396441411555536
  0.50453183499693954  0.51507137816154269  0.52559875236843911  0.53615288287896490
  0.54670203881418289  0.55724616553055772  0.56778235345254591  0.57831671657307049
  0.58881839643851452  0.59933225264282175  0.60982418967648155  0.62035717509916277
  0.63085997875003430  0.64138804381168113  0.65191548292279644  0.66245909867654040
  0.67300394762405102  0.68352878248287097  0.69402405297231606  0.70452303969943308
  0.71502474927336201  0.72554570529874363  0.73608688101005160  0.74666895075210438
  0.75724228046478481  0.76781397939690466  0.77836103574084703  0.78891007352802267
  0.79945614867668513  0.80997271016192063  0.82051877974634202  0.83103370035469570
  0.84158162205256493  0.85213896607187456  0.86271938009033278  0.87327785559985516
  0.88377846952445915  0.89432754934287551  0.90489710356912245  0.91549376889925549
  0.92607581100040759  0.93665350305897377  0.94723777273362608  0.95783418634730932
  0.96838827969672980  0.97893899003091978  0.98945010638371000  1.00000000000000000
 -0.00244943591494324  0.00982215484308053  0.02007919399672618  0.03065251352836757
  0.04120448275378050  0.05175105454853302  0.06225789263028786  0.07285705461117693
  0.08346206392913177  0.09408088901079538  0.10462886421686433  0.11517803086640985
  0.12572639686319917  0.13627181927266666  0.14679528713573023  0.15731055798390456
  0.16782178099118464  0.17835726356965587  0.18889080838343142  0.19947414728558885
  0.21005067808337474  0.22063327294373683  0.23116198530546969  0.24170756704370863
  0.25226029000913636  0.26277601166987702  0.27327513115259638  0.28375850588527335
  0.29429024884452498  0.30480819298148776  0.31531711656804151  0.32587713353496539
  0.33640576087430013  0.34696505927647558  0.35750370510908108  0.36812772004568706
  0.37877283060280315  0.38939713836659401  0.39996584860719930  0.41051423891233368
  0.42103751538146350  0.43155186979827970  0.44207361292622410  0.45262141244106946
  0.46322035814219287  0.47382131027432123  0.48438911395782874  0.49493532842113319
  0.50546258097878227  0.51602280148539703  0.52657272246127484  0.53713013041546664
  0.54762074193285482  0.55810794117712037  0.56857029333776476  0.57907882366438057
  0.58961605998839550  0.60016394402144368  0.61073644321025133  0.62128219744173785
  0.63180742192110950  0.64233131361255147  0.65288369267401791  0.66344102721581200
  0.67396687046906445  0.68450484088699193  0.69502084088710947  0.70555232331723239
  0.71600865314628026  0.72647687276762152  0.73694932452083750  0.74743916591604642
  0.75795006297450940  0.76845977138048682  0.77898572786779208  0.78951063860274173
  0.80004040717592040  0.81057270802873016  0.82110561166841278  0.83163339252770485
  0.84216465325467793  0.85266699099381404  0.86315528991894785  0.87365271190827798
  0.88415233657694692  0.89469550869078129  0.90519916414330681  0.91572739450720553
  0.92625655393015538  0.93681226950243512  0.94737268771921579  0.95791941929043967
  0.96841403445652141  0.97894112293469215  0.98946248708555251  1.00000000000000000
   3.6276326545301347E-009  -1.0000000000000000     
 F F F F F F F F F F F F F F F F F F F F F F F F F F F F F F F F F F F F F F F F F F F F F F F F F F F F F F F F F F F F F F F F F F F F F F F F F F F F F F F F F F F F F F F F F F F F F F F F F F F F F F F F F F F F F F F F F F F F F F F F F F F F F F F F
  <DiscreteSampler_grid>
  grouped_processes
  1 # 1 for a reference and 2 for a running grid.
  10 # Attribute 'min_bin_probing_points' of the grid.
  1 # Attribute 'grid_mode' of the grid. 1=='default',2=='initialization'
  0.0000000000000000 # Attribute 'small_contrib_threshold' of the grid.
  0.5000000000000000 # Attribute 'damping_power' of the grid.
 # binID   n_entries weight   weight_sqr   abs_weight
    10   10   1.199259405757601E+007   1.928608153875127E+014   1.199259405757601E+007
    11   10   1.199259405757601E+007   1.928608153875125E+014   1.199259405757601E+007
  </DiscreteSampler_grid>
