  0.00963280992346298  0.01575667997278681  0.02496588951473672  0.03573807681080444
  0.04608492686488081  0.05646183028341289  0.06685706102882885  0.07725226327462165
  0.08765870078242911  0.09806577126978000  0.10847804165417513  0.11887819510832733
  0.12925169566437628  0.13959788184174898  0.14994407723310044  0.16030672535946847
  0.17069317690919436  0.18110562892658710  0.19151593707014677  0.20193103854606217
  0.21231963930192133  0.22270534892716698  0.23308897065964498  0.24347442418524465
  0.25381577894885443  0.26415276985468433  0.27448459579717993  0.28486015557939726
  0.29524262637329013  0.30563159281049712  0.31604253364226315  0.32645356494940253
  0.33687323541798392  0.34726421251872014  0.35764890181595915  0.36803183460949879
  0.37842145243873138  0.38880808299458808  0.39918158986116575  0.40955185576333591
  0.41994040324302689  0.43034245437634377  0.44073599692100507  0.45110325946352137
  0.46145981510474365  0.47182604326855659  0.48220900081500906  0.49259932203991874
  0.50299114492741259  0.51336366613531326  0.52372316826933574  0.53407592810744187
  0.54445405719481088  0.55485195880078775  0.56524078631423302  0.57561927602581819
  0.58598974793954328  0.59638389099181532  0.60679288418717436  0.61719471432597250
  0.62756865157020869  0.63791320085395609  0.64824607902313347  0.65858215580562596
  0.66893630389126912  0.67930643883668462  0.68969410006366649  0.70008573754028192
  0.71047117782559155  0.72083422102602823  0.73118433887961221  0.74154191448192042
  0.75191960157318360  0.76230982266026659  0.77270334666215335  0.78310587884316285
  0.79348384239090952  0.80384459468383307  0.81420418641977410  0.82458594494889681
  0.83499036866820653  0.84539909889548859  0.85580755601551783  0.86621877719378337
  0.87663633935567875  0.88703666441731543  0.89744808574128898  0.90785532173444039
  0.91826393659672523  0.92864617508459635  0.93902239252674435  0.94942661694127539
  0.95983342323548571  0.97021252711271555  0.98054869355971452  1.00000000000000000
  0.00953557152461093  0.01612387496484939  0.02515382344129547  0.03597265521275186
  0.04632118568429973  0.05671135223248233  0.06710696086128071  0.07751522479812190
  0.08789946670727591  0.09828647545986717  0.10866834434620136  0.11905922408996174
  0.12943558639944125  0.13980071152696483  0.15016845814890847  0.16053541888922343
  0.17092542698125548  0.18130850658725908  0.19170386726979394  0.20207540911240085
  0.21243968558337920  0.22278416886046826  0.23312170527369855  0.24347199595722677
  0.25384488865439103  0.26422753004351063  0.27459525277510677  0.28496197508286142
  0.29533826232435512  0.30572872216756253  0.31611218631543392  0.32647041407710065
  0.33682353785444524  0.34719496611802714  0.35759066743769069  0.36800843962432861
  0.37840223880498824  0.38878731496783603  0.39915910524137255  0.40953593473369027
  0.41990934492004084  0.43029118647032155  0.44068538120734890  0.45109096005928062
  0.46147317804932486  0.47184696606935661  0.48222561391984486  0.49262569020705138
  0.50301888851800980  0.51341321089695213  0.52381149193167054  0.53421755604259957
  0.54461474866452175  0.55501526108368693  0.56542398340514610  0.57583815618499223
  0.58623669600044503  0.59661349759750848  0.60697979553288928  0.61734354775988320
  0.62771581406455990  0.63808527963806994  0.64845730773557053  0.65884165200488087
  0.66923750175071961  0.67962984150252093  0.68999694524552435  0.70036245422573573
  0.71072632382518730  0.72109101514690255  0.73145622785220632  0.74181716570623524
  0.75219697489695003  0.76257492048082376  0.77295625960037917  0.78332343434252094
  0.79370524981726576  0.80408858748859213  0.81446413635273029  0.82483190309791443
  0.83520340880430022  0.84559736622225767  0.85598154880572730  0.86636246119677585
  0.87673295076658475  0.88709540805496134  0.89745033851884137  0.90780712546394704
  0.91815728810192831  0.92851783236396446  0.93888365147960751  0.94925107078980642
  0.95962513013481521  0.97000892032158270  0.98040643831576268  1.00000000000000000
 -0.00245746576815261  0.00947313311029995  0.01961202629867907  0.03012265444840560
  0.04065001593355677  0.05117819771221950  0.06172420017999501  0.07227061949305330
  0.08281475150512950  0.09335911923278922  0.10389209428833597  0.11441980070693464
  0.12493415875362800  0.13547530477730266  0.14603295148668960  0.15661171371166166
  0.16718580437011596  0.17773846532026491  0.18827686925348033  0.19883774429225556
  0.20940258119103380  0.21995667069150110  0.23046270433274399  0.24098388387532133
  0.25149436777790685  0.26205102712232126  0.27260055460295202  0.28317812736548142
  0.29372630023078916  0.30427424042752454  0.31478869060152381  0.32530864367937029
  0.33584478166592358  0.34638809976241186  0.35692837513493697  0.36746991634665849
  0.37802333379728398  0.38857323516679410  0.39911266455222927  0.40963788969362547
  0.42014699969806246  0.43064665085554760  0.44116994980993257  0.45171383831091882
  0.46228372233819670  0.47282030833511396  0.48334459621588982  0.49385195362093426
  0.50437889225256116  0.51493493882356889  0.52547463671260564  0.53603708509222980
  0.54657834963851160  0.55714387109636010  0.56768131179050219  0.57821122922455959
  0.58875210861528260  0.59931994406397671  0.60989979773876135  0.62044624433455087
  0.63099308993432957  0.64154999204156171  0.65213586885713382  0.66269676522154697
  0.67321895159452627  0.68373655473648620  0.69425408813452794  0.70480090578266741
  0.71531689292835232  0.72583616835652653  0.73632936091569545  0.74684091169385214
  0.75734754767463008  0.76785693629710750  0.77838037881119959  0.78892104530894092
  0.79949018194260313  0.81004501403740370  0.82060426188966651  0.83117199167816969
  0.84175009994381900  0.85233679861489520  0.86293887960733950  0.87354555571765469
  0.88411970326630074  0.89466034109305148  0.90520352617339694  0.91572594036385391
  0.92625810842605671  0.93676983544525672  0.94728467799084348  0.95776567659531275
  0.96827022785405070  0.97881285132453422  0.98940464063009348  1.00000000000000000
 -0.00254577322975853  0.00954104396094601  0.01971356477853870  0.03021342705162238
  0.04072583935829838  0.05124769890329372  0.06180627362488014  0.07235620498826914
  0.08292615317942885  0.09346443980701184  0.10402801037560629  0.11457936773092776
  0.12516009215774199  0.13572212211088105  0.14626055340167579  0.15678289605328824
  0.16733156007188979  0.17789924718107458  0.18847682312839889  0.19902627347409807
  0.20956705642362336  0.22008821892824493  0.23061493122415938  0.24115433534301531
  0.25170087213614961  0.26225354210386509  0.27276884524994011  0.28329587545009749
  0.29381930275492185  0.30435765538351489  0.31486121018222046  0.32537788438978399
  0.33591228799191014  0.34649009841306200  0.35706309031691025  0.36764878335868167
  0.37821091944571622  0.38877415234013096  0.39933618632435797  0.40989830723782217
  0.42043690107065523  0.43094859247752931  0.44145101753616039  0.45196271886372147
  0.46248960611578904  0.47301936372965087  0.48357068179489510  0.49412169615811696
  0.50468003323730148  0.51524574705606363  0.52578942518131599  0.53632184023228935
  0.54681498951848473  0.55731623025062216  0.56781250347693102  0.57833464295684345
  0.58887335832174481  0.59942901144466099  0.60996533401872954  0.62049961231425621
  0.63104183024104277  0.64159590502310193  0.65211333860831566  0.66262707899655016
  0.67314592140558560  0.68370976268618133  0.69426615796142099  0.70482580963393648
  0.71536834559191287  0.72589915678848926  0.73642810328708208  0.74695206081822629
  0.75749896357927282  0.76803925273105267  0.77857549139240034  0.78910535662395165
  0.79964607777180297  0.81017473149342467  0.82071670262455687  0.83126647887258320
  0.84182741390800742  0.85238071585447239  0.86293298204437630  0.87350116150483015
  0.88405768517031258  0.89459686184837939  0.90512833882407806  0.91566264878763715
  0.92619576284841387  0.93671937122092530  0.94724430762668110  0.95777282638258121
  0.96832059313885266  0.97888985122429173  0.98944457297491206  1.00000000000000000
 -0.00242128454278056  0.00959163903777704  0.01978524249777987  0.03036989733922409
  0.04092914798479930  0.05147985834730285  0.06200091331580602  0.07253176129556094
  0.08306112379479388  0.09361392522797797  0.10417767142829512  0.11471297751150981
  0.12523264545040211  0.13574384199423442  0.14626826510806648  0.15681430206753377
  0.16737307352467054  0.17792662765485734  0.18845832170082136  0.19896926136433990
  0.20949776270191239  0.22006316398193024  0.23063217218952378  0.24120224331956513
  0.25173034815254047  0.26226407297152843  0.27278948006692516  0.28333309268365392
  0.29388722246945509  0.30441890918536646  0.31493425610631504  0.32542011433477386
  0.33593040176894268  0.34646394274494202  0.35700768755052431  0.36751632352369074
  0.37803940647356610  0.38860184677664872  0.39916758436986044  0.40972621698541783
  0.42025141508408337  0.43079273374099736  0.44131948425462419  0.45183496035207321
  0.46235947824903711  0.47287372031007291  0.48340340015272321  0.49394867781842805
  0.50449380013723488  0.51505002016780610  0.52558287826588845  0.53614889774794572
  0.54670366085091682  0.55724256125526828  0.56779600808583885  0.57835531703096621
  0.58893298177375253  0.59947478735306248  0.61000413968380995  0.62054448282393104
  0.63106526900881432  0.64159647579555212  0.65213404782536222  0.66268502452182343
  0.67325328686737118  0.68379685253708411  0.69434996133309801  0.70489112055408754
  0.71544595255798915  0.72599096454490752  0.73654595345108009  0.74709489096160731
  0.75766086815952627  0.76819740353343835  0.77872725872532189  0.78923890598894564
  0.79977952890139592  0.81032964705330113  0.82087720331683056  0.83143829483599196
  0.84195808821706375  0.85249039516721159  0.86301352996815583  0.87355333351477327
  0.88408952921700135  0.89462552408276474  0.90516761967462134  0.91570786952246663
  0.92622992653094016  0.93679452192535217  0.94736879357890380  0.95792975698426241
  0.96843959701917215  0.97894337692720146  0.98945856866176962  1.00000000000000000
 -0.00247668450998832  0.00956268367127778  0.01974209228182543  0.03025373676075899
  0.04079533615419971  0.05133983783309622  0.06189212967299892  0.07243181134270102
  0.08297994441631543  0.09353963644166609  0.10412529837842578  0.11471419205796653
  0.12528064166545200  0.13583023993586010  0.14637591025249772  0.15691573762581573
  0.16746453240262335  0.17794408284299562  0.18844870322894119  0.19893983965747400
  0.20948807208769296  0.21999120470848529  0.23048803879903296  0.24099694253109433
  0.25153634523303675  0.26211545282011089  0.27269485545537919  0.28325925374523553
  0.29379869480621751  0.30433996101684652  0.31489243480347667  0.32543894480033442
  0.33596049062523614  0.34648161450306403  0.35699928439838191  0.36754551368012578
  0.37808699403447610  0.38864886234428564  0.39916702732336823  0.40970421651591510
  0.42024313653792228  0.43081440534757387  0.44137555691284314  0.45193188736814499
  0.46247914048089089  0.47304399420413989  0.48359446917127474  0.49413397171656320
  0.50465444381573199  0.51517141821054024  0.52571336218100417  0.53620444602297723
  0.54673675489745954  0.55726936219864809  0.56787925310290222  0.57845791174669337
  0.58901857170949778  0.59958505684410957  0.61013375267397563  0.62067015617663412
  0.63116213377003294  0.64167206737011706  0.65221727683138697  0.66278156536091415
  0.67335900546532701  0.68391822571206373  0.69444037070939268  0.70493447497607542
  0.71543010714698207  0.72594838113622651  0.73649412612829623  0.74703848873955392
  0.75758017341184092  0.76812711896140362  0.77866545958792333  0.78921760202917535
  0.79974736628479492  0.81029361402684286  0.82081734635456804  0.83134142125339561
  0.84187340895090867  0.85239107896898325  0.86292364104638386  0.87342826165033471
  0.88399307682211914  0.89455939046358657  0.90513459827693277  0.91568081360961240
  0.92621781185944574  0.93677161889692229  0.94731913469603957  0.95787311457538926
  0.96839977035379310  0.97892003174956721  0.98944834982370211  1.00000000000000000
 -0.00228632218959792  0.00955669626295059  0.01973693887974032  0.03028266610858723
  0.04084596479004655  0.05137810337497655  0.06191693055615918  0.07244038837536945
  0.08297313281011946  0.09354621240705675  0.10410886067192529  0.11466791531676356
  0.12519238519479745  0.13574075987873824  0.14627802557321745  0.15678881165592273
  0.16730789187438305  0.17784783403357843  0.18842358932685457  0.19899064908923289
  0.20956884743560611  0.22012191927000871  0.23065985316042972  0.24116092120701324
  0.25168140832493641  0.26222449532857267  0.27278946831074258  0.28335658390110624
  0.29387486040858229  0.30439794795841324  0.31492802043855578  0.32546862796017267
  0.33599329431004082  0.34648849349077232  0.35700100217761199  0.36754233604043685
  0.37810039968614817  0.38868491393027099  0.39922556219203348  0.40976775019951783
  0.42030223940836353  0.43084491871841224  0.44138200280787493  0.45189514458255453
  0.46242482748249786  0.47295372123198165  0.48349508380807793  0.49402206075562688
  0.50455874846939108  0.51508723287331093  0.52564386822044296  0.53619480473148817
  0.54675525989919915  0.55726912444288057  0.56777694758991248  0.57825783393417785
  0.58876490932432046  0.59931201058310479  0.60989267167156369  0.62048675848971380
  0.63103562991040241  0.64160963639723767  0.65221505195985241  0.66279925775533732
  0.67335704880571290  0.68387501693809150  0.69440046694729873  0.70492830648566285
  0.71546438724230021  0.72598867993186711  0.73652868255190884  0.74705747805897438
  0.75761155772740441  0.76815996591363489  0.77870178549474312  0.78923786528829276
  0.79974219751387254  0.81026523472098566  0.82076912362529375  0.83131317896758128
  0.84184079258839284  0.85241295358106761  0.86295736233653386  0.87348503834410363
  0.88401083224207477  0.89455757347298237  0.90512439562882496  0.91567249583214516
  0.92619629262287029  0.93676642299661805  0.94732747825717345  0.95791574001685142
  0.96843100439936347  0.97895669953405406  0.98947133156851719  1.00000000000000000
 -0.00241580096238609  0.00963596700978341  0.01981040160062210  0.03031777978748900
  0.04083810388847237  0.05137225520962307  0.06191084338044712  0.07244205518091583
  0.08295922290124896  0.09345642350013145  0.10395125993563212  0.11447577619618447
  0.12503554418132176  0.13560073048612922  0.14614936028141462  0.15668786372821211
  0.16723621700168925  0.17780894327675875  0.18835373887792095  0.19890743338211159
  0.20945844407666744  0.22002530287488059  0.23061335230574206  0.24120197317933117
  0.25177836916082880  0.26234597352571903  0.27291179052372178  0.28350388037267821
  0.29401576001575530  0.30454679997217471  0.31506091651341084  0.32561966407261400
  0.33612622810568943  0.34663266513576996  0.35716385247300236  0.36771238568961373
  0.37825255624616055  0.38878971983917110  0.39932935394847768  0.40986439772656613
  0.42038174630744557  0.43088792244876339  0.44139329568398306  0.45190708144286912
  0.46243820882050968  0.47296283427228691  0.48348121006166661  0.49399912301985149
  0.50452525339874865  0.51502684810379284  0.52553802003859984  0.53604043089645226
  0.54656379104842234  0.55710583318001505  0.56767523706073897  0.57823783490995828
  0.58878429945456245  0.59928716412880023  0.60984768051941207  0.62037876559357175
  0.63097143988015980  0.64152792338787323  0.65211407019151257  0.66268573525714747
  0.67328054167175655  0.68384981144414081  0.69441358829338495  0.70496839086634655
  0.71551030159100659  0.72606672707153908  0.73659627306502395  0.74715808466497113
  0.75769250413051592  0.76822619875246434  0.77877104191598734  0.78931010161788484
  0.79982602723832541  0.81036622545938797  0.82092044808379039  0.83150551984454302
  0.84204633478846413  0.85257197047517708  0.86309278065601902  0.87360223575742735
  0.88413595598820560  0.89469431534574695  0.90523578960609474  0.91577941087832582
  0.92627628873085310  0.93683299422975730  0.94737340164503203  0.95794151988572673
  0.96847039020685666  0.97897251617637537  0.98948595060343747  1.00000000000000000
   1.5514864278370231E-002  -1.0000000000000000     
 F F F F F F F F F F F F F F F F F F F F F F F F F F F F F F F F F F F F F F F F F F F F F F F F F F F F F F F F F F F F F F F F F F F F F F F F F F F F F F F F F F F F F F F F F F F F F F F F F F F F F F F F F F F F F F F F F F F F F F F F F F F F F F F F
  <DiscreteSampler_grid>
  grouped_processes
  1 # 1 for a reference and 2 for a running grid.
  10 # Attribute 'min_bin_probing_points' of the grid.
  1 # Attribute 'grid_mode' of the grid. 1=='default',2=='initialization'
  0.0000000000000000 # Attribute 'small_contrib_threshold' of the grid.
  0.5000000000000000 # Attribute 'damping_power' of the grid.
 # binID   n_entries weight   weight_sqr   abs_weight
    10   10   5.177804229770977E+013   4.091633817996941E+027   5.177804229770977E+013
    11   10   5.177804229770977E+013   4.091633817996940E+027   5.177804229770977E+013
  </DiscreteSampler_grid>
