  0.00936762372740620  0.01644633291262466  0.02472089512756234  0.03529025200494058
  0.04539983862535659  0.05559557573693916  0.06583691360465493  0.07610933552193758
  0.08640847805488232  0.09670827577783776  0.10699896403784052  0.11730770304561859
  0.12761735997834878  0.13794644677479984  0.14827259185377054  0.15861793941378988
  0.16897550477728693  0.17930751861674329  0.18963603052344263  0.19995640820304178
  0.21030409938583905  0.22062118032826139  0.23093010134199052  0.24125254884653213
  0.25158781548621822  0.26193793415289968  0.27230204217856341  0.28271724893552319
  0.29314676878998064  0.30355221252558195  0.31392944501645664  0.32432037452850915
  0.33473226584128940  0.34513200881877687  0.35551744252600276  0.36588291496980130
  0.37626643220051009  0.38664610797922094  0.39700189014566101  0.40733221362761374
  0.41766233054661112  0.42799753551386560  0.43834865430237763  0.44871174028835892
  0.45909627279291476  0.46949934770752855  0.47989515171330105  0.49028595662916291
  0.50065553644826566  0.51101815004764362  0.52139502353248146  0.53179218492806524
  0.54221531760950326  0.55262467292531059  0.56300857016409256  0.57336870942580054
  0.58375513433328996  0.59419881627590398  0.60466668036430782  0.61511284300480507
  0.62550412705201053  0.63586483233966340  0.64620909784415803  0.65656115971825690
  0.66694050701556051  0.67733944982798755  0.68773525422576276  0.69811463394104578
  0.70848038530691959  0.71885975150514070  0.72925392672825695  0.73965132987586713
  0.75001756062283786  0.76034615851752374  0.77067927196075292  0.78104977498685868
  0.79146299627904937  0.80188415361193477  0.81229585244087787  0.82269561501212074
  0.83308565062313567  0.84348699342521505  0.85388177967137202  0.86428127627514928
  0.87465494580786696  0.88504757973380077  0.89545110038156350  0.90592595474408255
  0.91643422370796335  0.92699976346485269  0.93757024122180299  0.94815757137071377
  0.95873755137374050  0.96933105663513830  0.97999417198847116  1.00000000000000000
  0.00949599302110536  0.01540629067119396  0.02413894671009754  0.03461371643341544
  0.04470105533742473  0.05488456315343532  0.06510499421062324  0.07537694841500713
  0.08565133495576623  0.09591543987434858  0.10618487745290468  0.11645325612558466
  0.12675316826051750  0.13707558131928613  0.14743846336454186  0.15779552738881264
  0.16815257046393525  0.17850604543501852  0.18885765054480266  0.19920172742660214
  0.20953965091865281  0.21984339826441912  0.23018300149166379  0.24049515684111769
  0.25083627594834229  0.26115354062992735  0.27148264317040516  0.28180509454841834
  0.29215765765463697  0.30252383909052455  0.31293815674075692  0.32334201167571158
  0.33373260358357704  0.34407093223836388  0.35438239491121520  0.36472990182789766
  0.37511877118182463  0.38552541284715652  0.39591673614854161  0.40631087959837703
  0.41672931963908239  0.42715237938828471  0.43757407475887711  0.44796495181309171
  0.45833186630908324  0.46870407720131002  0.47907237105976913  0.48945806770670369
  0.49983872462076362  0.51022443868638812  0.52061288066978895  0.53098088520658604
  0.54135218237085392  0.55175844660046158  0.56219837669295825  0.57264883358914676
  0.58306356145859106  0.59344020340873749  0.60381971622170483  0.61421281254392179
  0.62462785558636391  0.63505172740532745  0.64547322001102414  0.65589699792460476
  0.66631483886111442  0.67672307869988746  0.68713610305975292  0.69755307600204586
  0.70798036497938421  0.71840058475672419  0.72880480910502943  0.73920970757153193
  0.74961479036218759  0.76002869232890757  0.77042219626476738  0.78080728483408157
  0.79120625212231732  0.80164160796755690  0.81208751430423787  0.82250230563363058
  0.83289350049266109  0.84329739665185632  0.85374384162236350  0.86420334945526478
  0.87466725251058663  0.88511160595282901  0.89556120442923881  0.90600203528004519
  0.91643228510225982  0.92685645027695884  0.93730845444002564  0.94783793309621867
  0.95847183943079395  0.96916778766495504  0.97992539960143044  1.00000000000000000
 -0.00242404643254849  0.00971531251505665  0.01996295327903750  0.03049393451395081
  0.04105193819499412  0.05159959223230561  0.06213575478282579  0.07267932412329858
  0.08321675967128159  0.09373885277662972  0.10427564354421784  0.11478125819711647
  0.12532056437438491  0.13587009957603652  0.14646526323388334  0.15702671079609784
  0.16757946736466711  0.17813054113608728  0.18868500954297227  0.19924773878371937
  0.20982093917390626  0.22035450934754194  0.23090202236441676  0.24139344578038677
  0.25192941052253531  0.26239762872575767  0.27294166236012052  0.28346882435675086
  0.29400029367646080  0.30455245593479835  0.31510543346364306  0.32571635343881944
  0.33626373188618491  0.34681238121015678  0.35733284093953677  0.36785776875733661
  0.37839155106947719  0.38891901919641880  0.39947906274582523  0.41003808730038849
  0.42058623952211638  0.43109253441437201  0.44160245494405831  0.45212358171690387
  0.46261102365742829  0.47309787989924401  0.48357827685217203  0.49409683706906432
  0.50462364832389206  0.51515487991431230  0.52569940708981189  0.53624465104187347
  0.54679615454583763  0.55733320707152167  0.56788828007913073  0.57843348894745339
  0.58895428710775888  0.59942982430197544  0.60990712671482827  0.62042988168343682
  0.63096480018583778  0.64151236031624048  0.65201425030185811  0.66252736726574735
  0.67305265264987890  0.68360758858894377  0.69415226197258251  0.70468714942175870
  0.71522122477872618  0.72576461458001329  0.73630583642080882  0.74684452847656202
  0.75737754737583218  0.76793663352943109  0.77850561923940031  0.78912316613847022
  0.79973869557627419  0.81032884409615313  0.82092115952179634  0.83149829008941500
  0.84210999944672904  0.85264205589376629  0.86317469790945156  0.87364065061501561
  0.88412468144198519  0.89461035862648675  0.90516855403966401  0.91574710928820902
  0.92630523390745723  0.93684378013100744  0.94732791609380462  0.95781114178178806
  0.96833404151345215  0.97892118318711618  0.98949358759324424  1.00000000000000000
 -0.00210701289518902  0.00972476007176727  0.01996107781298084  0.03052048852895864
  0.04107087138947722  0.05156709418423578  0.06205695545927224  0.07254533906883062
  0.08304993603990948  0.09357761704293303  0.10410759914711791  0.11461154092519772
  0.12511405111694310  0.13559777844985504  0.14610591221600464  0.15663547095556027
  0.16718618745265879  0.17777381025062783  0.18831395774816326  0.19888909450861025
  0.20942322381071640  0.21998945935214514  0.23053518648525040  0.24106882267436403
  0.25159029008314548  0.26211611634615323  0.27268019053497339  0.28327168556953147
  0.29383819984078297  0.30439243805083110  0.31493929440729607  0.32548305716131198
  0.33598446042005709  0.34648432461747281  0.35700801182557534  0.36757016907680090
  0.37811573631898343  0.38863535085209716  0.39915354110461476  0.40964391702120662
  0.42012658949169623  0.43060446761677451  0.44112907287855185  0.45168854016920007
  0.46223176001791166  0.47277331207697670  0.48332299900178621  0.49390085015295099
  0.50448328349018423  0.51504609067195473  0.52561713110963393  0.53618776535719270
  0.54676557662183412  0.55730077285441537  0.56786597156320251  0.57841886564913469
  0.58901800910038071  0.59956216315744681  0.61012520061307940  0.62064978290542827
  0.63118531971202363  0.64168145086043404  0.65214636862943898  0.66265629196161668
  0.67317068469695440  0.68372108101482520  0.69425799983359915  0.70485644608763653
  0.71546713716049404  0.72606609655815335  0.73662997890134696  0.74716989740160311
  0.75767940262175004  0.76816749764730008  0.77870013056725984  0.78924227014161219
  0.79978846447598184  0.81032827289082987  0.82083683353567094  0.83135637636986714
  0.84188392530164202  0.85245289903387222  0.86300796499311272  0.87352007345519456
  0.88404982704146851  0.89457845529044033  0.90514168444766352  0.91564192636072617
  0.92616802442042068  0.93670901293204356  0.94728239647931234  0.95788251504608823
  0.96844173629360009  0.97898648231209595  0.98949952154364207  1.00000000000000000
 -0.00202267844481072  0.00969289582997579  0.01985177663688874  0.03036749294474071
  0.04092475706751058  0.05151394372768011  0.06206266553624785  0.07255260869282543
  0.08305128409680695  0.09356564236802682  0.10412300387268721  0.11466006954368936
  0.12514740917099879  0.13565511146757356  0.14611875962500748  0.15664734623133267
  0.16714772421061638  0.17772401300319773  0.18829035570592098  0.19883435446064648
  0.20936145834790268  0.21989550977661027  0.23042705427288704  0.24097687583149541
  0.25155645657639508  0.26216607022583166  0.27273902597421890  0.28325736279162023
  0.29376476786089606  0.30426135639380830  0.31478317823440266  0.32529088450134730
  0.33581128193058346  0.34631917652546484  0.35684721438865408  0.36738301197247997
  0.37793705425580365  0.38847376584907900  0.39901326582368313  0.40956250493711788
  0.42011152598323143  0.43067782368781504  0.44124444249571337  0.45180975507887178
  0.46238114940316144  0.47292404797896476  0.48347941840603503  0.49400299884360921
  0.50455423004227185  0.51511229717501816  0.52564476977024421  0.53615629954767985
  0.54663471282372911  0.55717837053969488  0.56772183728131698  0.57828536821097942
  0.58879331560563941  0.59930140675393073  0.60987067692310915  0.62043836447830014
  0.63099692520022932  0.64150051264394137  0.65202942131025399  0.66259036173062014
  0.67313476650134207  0.68366540771364437  0.69416092001407181  0.70467585552124257
  0.71518915425550034  0.72569480101084238  0.73617562079084353  0.74667925854674910
  0.75720967510144366  0.76777965487247313  0.77832586353082778  0.78882151836992642
  0.79934152982582407  0.80985402009241525  0.82047844299591854  0.83103389504990699
  0.84160039351744897  0.85209361458707533  0.86263254243043630  0.87323379785826094
  0.88383204856350006  0.89443522885922433  0.90498660853509827  0.91555160743800246
  0.92610071257867110  0.93665272960089530  0.94723938247221029  0.95783642078039322
  0.96841849229448940  0.97895999914191056  0.98948070080630501  1.00000000000000000
 -0.00241796302681045  0.00975300101007250  0.01999003048681556  0.03053268705481548
  0.04109154490384852  0.05164712115178842  0.06220356293441059  0.07278923527449714
  0.08335359349707532  0.09385489626729432  0.10432947981060120  0.11482961809035669
  0.12539502367058938  0.13599377218273745  0.14655982744099535  0.15710853563736538
  0.16766214586303538  0.17822954087236789  0.18880268529524741  0.19934200048690065
  0.20987199616333671  0.22039812658920940  0.23094322122357319  0.24152445555635574
  0.25208065398575458  0.26264350800982117  0.27319686934374393  0.28373066345784009
  0.29428163496552673  0.30485552820818218  0.31544173226541261  0.32596974177154603
  0.33651718375275841  0.34708918319065440  0.35768266006546467  0.36821944434323450
  0.37871788301341675  0.38923941178729093  0.39973773128565976  0.41025603899605984
  0.42072815431073679  0.43123033246179793  0.44173981131340878  0.45228717587447148
  0.46285578280480932  0.47341396232259980  0.48395856391552877  0.49447047266606586
  0.50502647649406296  0.51559608058032358  0.52612278185334471  0.53660633907260746
  0.54705364902160847  0.55753373665399564  0.56800900245244446  0.57850728834763876
  0.58900230196520564  0.59949522490142160  0.61000313847829668  0.62056761219087031
  0.63113968430336842  0.64168908116800105  0.65218196323755573  0.66271230030086736
  0.67326108264713536  0.68383700564823080  0.69435088440809678  0.70483590035377075
  0.71534179357750316  0.72588320136663254  0.73649319186403495  0.74707195002206417
  0.75763521251765420  0.76814868432961181  0.77865642491760068  0.78922542724271838
  0.79975944825927603  0.81032862307041542  0.82086274886524313  0.83145255963973907
  0.84203720160153051  0.85260765625005164  0.86314167125971519  0.87366553677290215
  0.88419852540035371  0.89473539762971765  0.90525701568930195  0.91579734731065787
  0.92634618302638561  0.93689792330680943  0.94744525948422531  0.95797994709904954
  0.96853503109120942  0.97903802975704768  0.98954122962226165  1.00000000000000000
 -0.00210670651910986  0.01031098569093758  0.02076678469787231  0.03131455727023135
  0.04180472127403530  0.05230006548427467  0.06283356705285752  0.07338711513077679
  0.08391830598680496  0.09442701792127017  0.10490705162427322  0.11540241280698252
  0.12591110952788814  0.13645483152070492  0.14698630917421374  0.15751437231949592
  0.16799969835153919  0.17850500390106130  0.18896368940360109  0.19945145281771262
  0.20994245822338448  0.22050602194353006  0.23106509357689584  0.24162292938058180
  0.25215256218254700  0.26269123607358369  0.27320387546933239  0.28372049252088299
  0.29429057371989603  0.30483035079289561  0.31534402341289913  0.32581510219000415
  0.33630624048957125  0.34682561676570778  0.35737230058681291  0.36786251394071334
  0.37838205576398204  0.38885089886623714  0.39938367472097158  0.40986194498499612
  0.42037118506414450  0.43089620674028617  0.44144683715431715  0.45198643614282868
  0.46250373203696177  0.47303724271253278  0.48362592038588170  0.49420802025940991
  0.50477163258786661  0.51526636979548113  0.52577452355923904  0.53629565534769463
  0.54682497561546795  0.55734392600749605  0.56783747364284343  0.57837115344739753
  0.58891974273736503  0.59950793612367825  0.61004825921976469  0.62059565785676518
  0.63115574081563341  0.64171698361153051  0.65225149430644380  0.66275027007432175
  0.67328467139256798  0.68383523799723400  0.69437690988363310  0.70493712772848605
  0.71545969710581792  0.72600979089650464  0.73653525564729005  0.74710929694507588
  0.75767960483439656  0.76819622431936130  0.77868247020448667  0.78918223614663818
  0.79968848808436599  0.81023662824270026  0.82078820781796114  0.83135725615996314
  0.84189259997811972  0.85241309680338206  0.86293097658425533  0.87343242164808277
  0.88393199216232865  0.89446739071520875  0.90507962388813612  0.91567341830591775
  0.92620784742583817  0.93670260857537102  0.94726605478168335  0.95783124961958044
  0.96839805314090766  0.97890057025646460  0.98945229607323348  1.00000000000000000
 -0.00245138986962921  0.00960426056282300  0.01976303798887637  0.03029945046844514
  0.04084226956195165  0.05139126522178646  0.06192097017434819  0.07244355960500436
  0.08294917969589881  0.09345658366156134  0.10396610072146874  0.11449046601602540
  0.12500791740502332  0.13554271353724207  0.14605309507400738  0.15658624008124780
  0.16711036761381295  0.17764418187527534  0.18816168889678253  0.19868257987713100
  0.20921638838907983  0.21974737574502468  0.23026191706011753  0.24075735611012405
  0.25126107071540649  0.26180420894115880  0.27236754440972855  0.28296529423799188
  0.29352754723153940  0.30407084373644649  0.31458200766650951  0.32512532880317524
  0.33566281420711291  0.34619074878088479  0.35671413763750515  0.36729089502679579
  0.37786089459625655  0.38840377931234454  0.39894541875707651  0.40951749529544507
  0.42010824705581407  0.43069891253850995  0.44127343792867102  0.45183368010026381
  0.46246538062756326  0.47306853784205299  0.48366362128463819  0.49415154252077081
  0.50465758083887458  0.51519691317469518  0.52567697517006140  0.53615089948111616
  0.54661041671239374  0.55713080720901109  0.56769774240291804  0.57828547467075841
  0.58886475191457022  0.59944175314430947  0.60999632744522270  0.62055131377213313
  0.63108516653797087  0.64161219551497572  0.65213393456645830  0.66263764606913012
  0.67313917741348084  0.68366728948463229  0.69423904721510454  0.70484682150756695
  0.71545815069678043  0.72603176486885235  0.73657845249586162  0.74705634995658943
  0.75755476912914665  0.76804472305384930  0.77859763069528354  0.78915023450053090
  0.79973909435738133  0.81033946262071666  0.82092722229923287  0.83146246796734158
  0.84198769312457022  0.85246891748427545  0.86299701636534554  0.87355529457583636
  0.88411725069554503  0.89468091032219255  0.90522572971426118  0.91581069929785364
  0.92637744365989871  0.93693616264647794  0.94745076578085252  0.95792606429552463
  0.96841073857057502  0.97892176199578429  0.98947420490634330  1.00000000000000000
   9.3161231485715103E-019  -1.0000000000000000     
 F F F F F F F F F F F F F F F F F F F F F F F F F F F F F F F F F F F F F F F F F F F F F F F F F F F F F F F F F F F F F F F F F F F F F F F F F F F F F F F F F F F F F F F F F F F F F F F F F F F F F F F F F F F F F F F F F F F F F F F F F F F F F F F F
  <DiscreteSampler_grid>
  grouped_processes
  1 # 1 for a reference and 2 for a running grid.
  10 # Attribute 'min_bin_probing_points' of the grid.
  1 # Attribute 'grid_mode' of the grid. 1=='default',2=='initialization'
  0.0000000000000000 # Attribute 'small_contrib_threshold' of the grid.
  0.5000000000000000 # Attribute 'damping_power' of the grid.
 # binID   n_entries weight   weight_sqr   abs_weight
    10   10   3.272871459111496E-008   1.871922948544093E-015   3.272871459111496E-008
    11   10   3.272871459111497E-008   1.871922948544095E-015   3.272871459111497E-008
  </DiscreteSampler_grid>
