  0.01039304511171473  0.01068559971802280  0.01360128962275016  0.01678292159727120
  0.02024588616027596  0.02428400657333152  0.02876823229900449  0.03345479232938163
  0.03829715309209967  0.04339365633935066  0.04872398387320214  0.05427156380937358
  0.05992523980472698  0.06589041271321046  0.07210880091992058  0.07844269992049717
  0.08499550686960021  0.09172862074315384  0.09854331500863556  0.10542126153128586
  0.11239446261809979  0.11949422998983840  0.12674703480849700  0.13434981443462268
  0.14205150180214512  0.14990824434129038  0.15779747776681732  0.16561704016668730
  0.17344664814576888  0.18128472068853527  0.18930255231287491  0.19744227347218668
  0.20579597632799146  0.21427782975069834  0.22292723644210022  0.23162364249382553
  0.24032175775016010  0.24904974029352547  0.25767034633113295  0.26631264780980463
  0.27494677812091434  0.28365154202479709  0.29252819161642551  0.30151284397660016
  0.31049191143896221  0.31958763077881414  0.32884755035444396  0.33830571875548715
  0.34783782451075840  0.35733163467392814  0.36684096779266279  0.37648700059456408
  0.38623065231071352  0.39600650304636559  0.40581412220319096  0.41576660948340338
  0.42589423955496603  0.43603299477375629  0.44605163521324787  0.45599095419263896
  0.46589994393475503  0.47575742580513047  0.48562523547157366  0.49578420462811934
  0.50647425377591115  0.51749733574300083  0.52838058805222621  0.53900359989170377
  0.54961422645658486  0.56036478008122403  0.57132096464508741  0.58239591507579846
  0.59361378915376362  0.60487281848287067  0.61623819121903323  0.62771859377149630
  0.63956814260669881  0.65202661783306726  0.66478524403119765  0.67768693276304326
  0.69095834222307984  0.70437337523643651  0.71790112341112389  0.73144686908831280
  0.74525142880622985  0.75941748886436555  0.77421720823721119  0.78962698259283615
  0.80533851547084911  0.82221506911610009  0.84078187305158869  0.86129760158358382
  0.88407471120597236  0.91119973122950704  0.94657921691095170  1.00000000000000000
  0.00970566344979452  0.01326406519214457  0.01869111077642033  0.02578277879795623
  0.03344127986872805  0.04141233655438194  0.04963097832654353  0.05806539298671783
  0.06671743596217537  0.07558189559668697  0.08458977000235963  0.09380947493752716
  0.10311556844569246  0.11249766072689563  0.12182469296947865  0.13104093762028315
  0.14018324356156950  0.14943202777440195  0.15883319008269497  0.16841827755403183
  0.17820557706385859  0.18811994338473020  0.19806290820162617  0.20796383864050907
  0.21785545059176203  0.22784416844509378  0.23796184677291671  0.24801428668337488
  0.25791073416763638  0.26793112325194224  0.27807057289432918  0.28836321287594086
  0.29872366553967417  0.30905102673285983  0.31945759994933959  0.32986739920014413
  0.34044692936440263  0.35096087878129228  0.36140038244719841  0.37187581981986706
  0.38244064573192094  0.39290381837587290  0.40321714783140578  0.41361565381379517
  0.42427590934974391  0.43530847133041412  0.44643088639008960  0.45755954951854422
  0.46857836695769456  0.47971711726197946  0.49073957241493987  0.50162230514031003
  0.51226973312074209  0.52287626587079561  0.53374013292359590  0.54476768041335621
  0.55591597530181269  0.56709090319138200  0.57828720162208602  0.58941215998707952
  0.60051118083428645  0.61172162691839638  0.62312014560872220  0.63476304200955036
  0.64665463853918026  0.65863984000675868  0.67039395019266990  0.68199396344541230
  0.69327428681634895  0.70456828190773413  0.71600635826665859  0.72789644195079506
  0.73974303540760167  0.75173350094039859  0.76338385183163704  0.77482428794882141
  0.78620263209782659  0.79763748224385023  0.80929395262227155  0.82051354134326571
  0.83181385801570218  0.84348940680672202  0.85574220940987111  0.86794466131274073
  0.87968070064108361  0.89073377088708383  0.90156592734937546  0.91228446956785980
  0.92325692367655476  0.93449893039427046  0.94522311122913638  0.95551196916248682
  0.96551049752484508  0.97525997111258977  0.98151509638950629  1.00000000000000000
 -0.00224164334691794  0.00957776179262854  0.01989820110867281  0.03050867483328384
  0.04126796847688481  0.05203973414641846  0.06251857990894830  0.07292695635897813
  0.08343121994449408  0.09413580839908285  0.10482260285394791  0.11526318333246573
  0.12580848027365363  0.13636404332695415  0.14684701462575145  0.15716475113999123
  0.16736573022294998  0.17769635845875267  0.18812017804720224  0.19860691323679305
  0.20893893829750060  0.21972192172976243  0.23055639383952781  0.24102719516462043
  0.25138300939384245  0.26153359026586193  0.27187686556029517  0.28247733490691973
  0.29294945821096668  0.30356655428110413  0.31389265016041473  0.32466596894057681
  0.33522919067145751  0.34564470839970574  0.35591221176600241  0.36676911079479124
  0.37743553884150166  0.38817157100060556  0.39853248829856996  0.40898257182204212
  0.41930109437357882  0.42955232848911934  0.43986048664732197  0.45032047641079015
  0.46084367531315434  0.47117490330629608  0.48169637220897743  0.49208818391349807
  0.50252283783946072  0.51301205186687238  0.52374094992658438  0.53455175774165575
  0.54545219515374099  0.55640302445315160  0.56750928636201692  0.57846270453581061
  0.58933522678298988  0.60021884349465604  0.61099662000466881  0.62167269345613130
  0.63209379119476705  0.64252119703650723  0.65297744715054984  0.66340829641417487
  0.67358566677091014  0.68373981295050545  0.69421295510370429  0.70479290035849274
  0.71564636163026929  0.72626900095479452  0.73693628696032643  0.74752594043575327
  0.75777706764992914  0.76814987849782657  0.77851656417072268  0.78910712378648351
  0.79966289530036883  0.81039865535803612  0.82082778271818857  0.83102980814368532
  0.84123866954356674  0.85164196005468606  0.86200742640532102  0.87246861491562844
  0.88315857306565537  0.89382506866192202  0.90445344640319714  0.91495563570106697
  0.92552740333051975  0.93593304558671075  0.94676215532270103  0.95749081038083506
  0.96815717147980440  0.97866438089726726  0.98934711756373073  1.00000000000000000
 -0.00245534648895003  0.00952845068766964  0.01995629686815381  0.03079547377593857
  0.04174925071987044  0.05262293815585806  0.06354403484382157  0.07439365520007916
  0.08523926357252928  0.09602680479018721  0.10683167739984187  0.11735450656888484
  0.12788015778135722  0.13837540536406134  0.14903223692894252  0.15972036427608508
  0.17043437845931542  0.18109938677527018  0.19144983926568726  0.20167707735233845
  0.21212363353299710  0.22266607911755440  0.23324619650109182  0.24370961243935382
  0.25438355685342001  0.26499908748311723  0.27545967853119002  0.28582151260611566
  0.29630123250349888  0.30693499413999564  0.31753588762988438  0.32791109218234926
  0.33839800796879360  0.34881552302595698  0.35924202439625147  0.36950191009798827
  0.37970601256297315  0.38995710601498262  0.40031842601593254  0.41064405806657261
  0.42103923397544107  0.43147892353084683  0.44192120741173307  0.45212409320526931
  0.46215798811054865  0.47217224224255600  0.48228378230172247  0.49238139025270888
  0.50247205862339817  0.51284600624639909  0.52332960240157633  0.53394252049464541
  0.54464825670970640  0.55552420840460137  0.56642858181723155  0.57730692751176704
  0.58824849310585170  0.59915764482108436  0.60955606011068486  0.61974506464642110
  0.63019600068958204  0.64101787190233583  0.65191413043690127  0.66278534592518401
  0.67382101900914049  0.68471328297371392  0.69535867592500544  0.70591790848665226
  0.71641430991451371  0.72688060583878378  0.73711196152746083  0.74725494016668870
  0.75731098838265654  0.76734969055128321  0.77769912277039843  0.78804892539708271
  0.79845844490015916  0.80892310736759288  0.81944165824646520  0.83005512454381680
  0.84063856024419703  0.85127255030184557  0.86173384848443901  0.87197777953682154
  0.88210149076978717  0.89224407803782602  0.90247994418896071  0.91309788304230166
  0.92382258098567371  0.93447465303075328  0.94508787465253907  0.95618106683892223
  0.96734641156976720  0.97841267053008751  0.98916352422361875  1.00000000000000000
 -0.00244167102324057  0.00974677036353567  0.02023120127922593  0.03081959983952779
  0.04139451007063411  0.05185098886667534  0.06205320070561583  0.07249072209024859
  0.08301455144823006  0.09364788180007144  0.10440985741461771  0.11522109945630539
  0.12597310383704396  0.13665344221846742  0.14742200114921006  0.15814567601274826
  0.16871023559726572  0.17921485287174582  0.18980787163391910  0.20041764726368147
  0.21104768215116462  0.22161704149813008  0.23232933703603176  0.24298119809296215
  0.25375222876738041  0.26459915103220188  0.27548558625529818  0.28638401846028483
  0.29710537239722795  0.30776665201194120  0.31823680215696232  0.32872457725794846
  0.33938901936070937  0.35026622523068562  0.36129161306462715  0.37229829305365264
  0.38317203132719219  0.39369911867483337  0.40390985111093630  0.41411546940688482
  0.42452981702580761  0.43489912844441736  0.44525342810758450  0.45575448683539677
  0.46657385773715032  0.47750300837073695  0.48834779645124898  0.49902373145500672
  0.50940392124334533  0.51974630392489141  0.53015858297336305  0.54060162023091118
  0.55087459661345028  0.56124844442993704  0.57183106262565941  0.58240545130222698
  0.59291961367668722  0.60331374757346534  0.61385263862357753  0.62425597711999592
  0.63450256218799850  0.64471173304394502  0.65508412607102751  0.66553617419481825
  0.67611349930855691  0.68653243193219093  0.69722497576893061  0.70773426357702796
  0.71821975915919034  0.72858108743433192  0.73881803266388579  0.74915355801745720
  0.75962977870122961  0.77042637216644339  0.78074629546596419  0.79088667042028304
  0.80091821705845401  0.81124692812631860  0.82165320246442719  0.83195951292774373
  0.84216966260819515  0.85248642104796479  0.86285068638090934  0.87321240826623059
  0.88362035148445306  0.89408084282845801  0.90442351307796731  0.91470117438797516
  0.92495342604394626  0.93537066220088005  0.94589549193000766  0.95664785276831565
  0.96780697942013461  0.97873143413558084  0.98951986017838944  1.00000000000000000
 -0.00224145567834388  0.01007195979388278  0.02033958701325563  0.03083000048219118
  0.04107165108913275  0.05137646684911253  0.06163859488870736  0.07191567096072612
  0.08210387580564441  0.09244729737799079  0.10291217805462109  0.11342887384478800
  0.12381135010690600  0.13421153963445684  0.14437960665551303  0.15456169491473942
  0.16464736658148793  0.17496256307181957  0.18551812542415444  0.19591589320327307
  0.20636406533701884  0.21664498104845517  0.22713599957936192  0.23773819232346510
  0.24838734498089629  0.25885385287453799  0.26926259441279116  0.27985327319668302
  0.29047957205531821  0.30121554648478216  0.31201358691838138  0.32293337200391964
  0.33389451286277377  0.34471768641603717  0.35552139168720170  0.36624263766984005
  0.37700360545463779  0.38819490540105889  0.39913741639467976  0.40986996750467519
  0.42020180750430552  0.43051981312594584  0.44078738308377180  0.45115797382158718
  0.46156097694952264  0.47194665749255010  0.48222883250338416  0.49252627897157775
  0.50262909874701922  0.51252703215771445  0.52256750213861602  0.53263822410023332
  0.54303986495189926  0.55350699021069749  0.56406979586521322  0.57462150279296420
  0.58520779698382974  0.59599751396460277  0.60662181919349556  0.61715022742156544
  0.62773229672151509  0.63819532125195888  0.64873088086291586  0.65893051587791995
  0.66962642672212680  0.68006352247948842  0.69048079392317574  0.70084337727761237
  0.71144841108602597  0.72213289713081541  0.73283711538594298  0.74332186025057745
  0.75385140008077478  0.76412520821141183  0.77442939889016837  0.78476008292795207
  0.79536025235592012  0.80615414917210060  0.81708464729082475  0.82814404754572579
  0.83915108195855048  0.85007923373224581  0.86095877867622972  0.87149030090146251
  0.88225238394250582  0.89287652313809285  0.90389539546359432  0.91467325578075509
  0.92536868199400757  0.93588407131996409  0.94630568853473118  0.95695677153495806
  0.96781477492827528  0.97879488654528624  0.98945048161279314  1.00000000000000000
 -0.00210963072166199  0.00964687477861034  0.01944561590429431  0.03003698127584535
  0.04032258759595594  0.05099855536475729  0.06175441516370722  0.07282376583310372
  0.08406578905945182  0.09483616293482960  0.10541083228304488  0.11576061764134507
  0.12610356466906725  0.13671479033828438  0.14713034351220891  0.15739236849652435
  0.16771092472078822  0.17819013069022022  0.18879675078366764  0.19916780897606554
  0.20985735836615846  0.22042242678076457  0.23122125306963337  0.24203871216159020
  0.25292741473400815  0.26394858193877613  0.27472678550254576  0.28569245922534253
  0.29665364300160008  0.30746946059518021  0.31808981240278184  0.32829939888784621
  0.33857965890923036  0.34881895159801252  0.35912250347263153  0.36974231243208144
  0.38035874485597998  0.39132144978763628  0.40169692126434231  0.41217967624163498
  0.42247443827537828  0.43305026415467640  0.44378770600971323  0.45449310481163557
  0.46509176575632127  0.47550112127839511  0.48585760406954820  0.49628705688468872
  0.50686713172543130  0.51742958839532815  0.52763256260556957  0.53743691120559445
  0.54729066296755957  0.55721291761681124  0.56723413069513884  0.57702193446186478
  0.58701735147966905  0.59766622320760976  0.60887761364142901  0.61973642159441711
  0.63040298671566808  0.64096521176150989  0.65166833545897229  0.66215019470147440
  0.67263986340153348  0.68290147331026141  0.69313240666490483  0.70333056682107664
  0.71377099333415905  0.72429427581603922  0.73485340676624200  0.74570065616955261
  0.75664326254767000  0.76748791397895966  0.77793214148357204  0.78820171587010701
  0.79859362184979132  0.80901827821527883  0.81960606685356263  0.83011505644336037
  0.84064869227258132  0.85112397885570179  0.86168393659571141  0.87216984300433187
  0.88261990557860059  0.89309468848926477  0.90405044734689466  0.91506750720939334
  0.92596175148957427  0.93649216397404833  0.94693797191244478  0.95734819272050553
  0.96783985184215782  0.97853574217664252  0.98925669573344044  1.00000000000000000
 -0.00232521782173572  0.00951876820305144  0.01949925274071792  0.02985441572392851
  0.04022932799399324  0.05102396803072261  0.06206213150040568  0.07269809822516819
  0.08331461094787476  0.09379679779374801  0.10422811119007711  0.11465665121245910
  0.12521467412489051  0.13613695317937369  0.14724095251306524  0.15831362492464260
  0.16922133701975134  0.17985551238398195  0.19036252730074582  0.20088764264900369
  0.21133166632154693  0.22163408329667467  0.23190087030834192  0.24223111947359438
  0.25256806732257975  0.26298295969792340  0.27337999737957730  0.28402962885299610
  0.29452948208683211  0.30481699294045206  0.31484241995358159  0.32487639655515760
  0.33508674673681360  0.34556327363457351  0.35599102415158124  0.36649859349694103
  0.37697351469001200  0.38727876592402322  0.39755381847700322  0.40767426359182923
  0.41777604106068938  0.42799294757190959  0.43846988813695859  0.44927521836612666
  0.46005773284193463  0.47037085598208778  0.48049760012216730  0.49071188849373842
  0.50120189328481612  0.51158007968127039  0.52171510918902064  0.53208707321911397
  0.54244755605625594  0.55306806494770777  0.56356105535261780  0.57437841711222615
  0.58512151825762349  0.59573051767586205  0.60625292617337634  0.61684777509477939
  0.62763149363473569  0.63860018032922539  0.64940028025380225  0.66009437893715284
  0.67068289165265615  0.68135367864766749  0.69222649020765914  0.70286156994331483
  0.71337765400659747  0.72392217423678051  0.73489809118228999  0.74591054779986321
  0.75678203404894617  0.76768066188703843  0.77839904126879766  0.78904049585213321
  0.79925047007360184  0.80982250577447012  0.82035400341255371  0.83083295889392161
  0.84138790461424839  0.85184148721070330  0.86250894967489156  0.87313839530209869
  0.88376245433762579  0.89444208854049390  0.90500824261604673  0.91579052872528399
  0.92629651742823527  0.93692892442028686  0.94752103826564649  0.95805318579174126
  0.96856782585068901  0.97887824490502118  0.98945637017771382  1.00000000000000000
   1.0455941262493924E-018  -1.0000000000000000     
 F F F F F F F F F F F F F F F F F F F F F F F F F F F F F F F F F F F F F F F F F F F F F F F F F F F F F F F F F F F F F F F F F F F F F F F F F F F F F F F F F F F F F F F F F F F F F F F F F F F F F F F F F F F F F F F F F F F F F F F F F F F F F F F F
  <DiscreteSampler_grid>
  grouped_processes
  1 # 1 for a reference and 2 for a running grid.
  10 # Attribute 'min_bin_probing_points' of the grid.
  1 # Attribute 'grid_mode' of the grid. 1=='default',2=='initialization'
  0.0000000000000000 # Attribute 'small_contrib_threshold' of the grid.
  0.5000000000000000 # Attribute 'damping_power' of the grid.
 # binID   n_entries weight   weight_sqr   abs_weight
    10   10   2.623769900420833E-008   1.326576426012189E-015   2.623769900420833E-008
    11   10   2.623769900420832E-008   1.326576426012188E-015   2.623769900420832E-008
  </DiscreteSampler_grid>
