  0.00958674171085007  0.01556195162625431  0.02485463049345031  0.03565355885061843
  0.04603578617350113  0.05641850368021293  0.06679330717107411  0.07718820386186215
  0.08759547609938396  0.09799725938301021  0.10837435437031397  0.11873927723373066
  0.12911209949886007  0.13948188369561826  0.14982701246038754  0.16018528375546384
  0.17055120772482404  0.18095035076668614  0.19132225408943415  0.20170824708234478
  0.21210010237741345  0.22248753261654017  0.23285017797012392  0.24320846236399812
  0.25357505840771322  0.26395075811126778  0.27433756822432687  0.28475225564044065
  0.29518122870655883  0.30560180195096531  0.31600054824900115  0.32638558900196485
  0.33677812280524394  0.34716822273755937  0.35755207717705906  0.36793119330882046
  0.37830063669958836  0.38867305737749575  0.39902203796480851  0.40936633273603451
  0.41971612797423857  0.43009743420708085  0.44048140721301005  0.45085456553951048
  0.46121821830961734  0.47160125913602235  0.48200072559336815  0.49239720766909628
  0.50278692054831930  0.51317058577829389  0.52355765915084840  0.53393428748177296
  0.54431008789537916  0.55470249426636165  0.56512103738516339  0.57553141302637190
  0.58591563006444103  0.59628038328326505  0.60664865930871215  0.61703695739319708
  0.62744089200453634  0.63784856048014127  0.64823324438769614  0.65860594539703132
  0.66898903540004462  0.67938150262588903  0.68976564158551978  0.70014066613232573
  0.71053164077839448  0.72091795124667923  0.73129264018933637  0.74165847088888182
  0.75203050233429358  0.76241823361802807  0.77281128744396210  0.78320935089739940
  0.79360531958296809  0.80399759416644645  0.81440282936843078  0.82482656150959954
  0.83525095032940633  0.84566928105797290  0.85605646683739978  0.86642057556601615
  0.87677900578648327  0.88715937654671007  0.89754941624429185  0.90794118470129659
  0.91832267791212652  0.92871431990942643  0.93909133078972329  0.94947452131415067
  0.95984798669967986  0.97020515347573111  0.98053370755659441  1.00000000000000000
  0.00954691111665458  0.01571981696862228  0.02491191151438740  0.03570927189139218
  0.04607016272753682  0.05645593840487865  0.06683615466680945  0.07722472536789697
  0.08760114001840688  0.09797428566217714  0.10834378379538742  0.11872306053682341
  0.12912243168522286  0.13951859983995193  0.14990954219047475  0.16028606310556484
  0.17066830386621326  0.18105432252223283  0.19144786946614042  0.20182523820073420
  0.21220555388594753  0.22259435774051467  0.23299835521992229  0.24342183810838328
  0.25383630735550922  0.26423917804281855  0.27461029519781527  0.28498539663420036
  0.29535275227006275  0.30571544438212966  0.31607283633994837  0.32645908843087135
  0.33686341477194420  0.34726158090912579  0.35761907031269707  0.36796260814537424
  0.37830713842457248  0.38867096950734864  0.39904471850175954  0.40941969912712473
  0.41980077798758320  0.43018890957659883  0.44057594820519336  0.45095776831810741
  0.46133489686136497  0.47172423513050499  0.48210808632387636  0.49250248658158813
  0.50288999759502817  0.51327111161847150  0.52365449062003333  0.53403948580246119
  0.54443216346080614  0.55481360800644597  0.56520075045733442  0.57560868804848853
  0.58602198323457411  0.59643286321729283  0.60682694507371826  0.61719908605778573
  0.62755093850735422  0.63788740054323756  0.64823177536488941  0.65859938199741108
  0.66898931526910566  0.67939034422819444  0.68979417459216152  0.70019093525430598
  0.71057282341546180  0.72095184362492704  0.73134162407506809  0.74175703061985587
  0.75215685812530020  0.76252430449191033  0.77287556131812352  0.78324013090178080
  0.79363228652036244  0.80404045221739040  0.81444485329010685  0.82482848375570661
  0.83519697411072491  0.84557164088793124  0.85596634931407856  0.86637244958985871
  0.87677969808618239  0.88718788716211494  0.89759158299191377  0.90796647402748032
  0.91832973612633473  0.92869099433551638  0.93907235293332836  0.94945368329617874
  0.95983166482758853  0.97019310617706345  0.98054758530444597  1.00000000000000000
 -0.00249962903996522  0.00946398517142663  0.01960320087304897  0.03008941426528651
  0.04062289198987590  0.05117323617761641  0.06172529462488299  0.07228933705023369
  0.08283481342518459  0.09340211911183664  0.10396187238646398  0.11454128340847677
  0.12509073992661418  0.13562930552481914  0.14614998879476362  0.15667569188561520
  0.16723319446478180  0.17778354700305810  0.18833371477009370  0.19886770211037147
  0.20941629042541035  0.21998332881589341  0.23054627060377314  0.24108806541315952
  0.25163129486587921  0.26215522722791990  0.27271825264655142  0.28322366123441206
  0.29375087509070508  0.30427212752923194  0.31482726005226935  0.32536995628367210
  0.33590418418236567  0.34644460125065279  0.35696945574673988  0.36748320512298210
  0.37799280565912319  0.38853745844150989  0.39908949247755016  0.40962602517753960
  0.42015349375032846  0.43069484775339717  0.44127045495309070  0.45181523451660804
  0.46232507238316556  0.47280540368930640  0.48331988639715645  0.49384606461570457
  0.50438215570727818  0.51490174563037927  0.52543386289884630  0.53596263469600869
  0.54648840990870873  0.55703153990434073  0.56757471818229843  0.57811988443929674
  0.58866255383303356  0.59919139420373912  0.60973680283203713  0.62025138977766126
  0.63076632664288745  0.64127712027098049  0.65179793584789503  0.66235087295885731
  0.67292412519609213  0.68350041626973412  0.69406573256609361  0.70461270011463828
  0.71514821456050248  0.72569264964367175  0.73625165739142173  0.74682572034501848
  0.75739419215118109  0.76795404701509251  0.77849829992802000  0.78905354670931194
  0.79960479107812776  0.81016786168172183  0.82073068801630322  0.83129665185072810
  0.84185817781169281  0.85241416272814752  0.86295649431541455  0.87350931659471764
  0.88406251310616690  0.89462320515686700  0.90518446734503688  0.91573773901190492
  0.92631999575730362  0.93689590378825927  0.94745281706957152  0.95797732347476328
  0.96849311942687955  0.97900533458730732  0.98950518753487704  1.00000000000000000
 -0.00241683962974845  0.00956451675098910  0.01974634421669077  0.03030146077927846
  0.04086854008311236  0.05142496387987986  0.06197913198940670  0.07252424300621006
  0.08306895176033843  0.09363037904812727  0.10418345468825561  0.11475126973855068
  0.12530329404839433  0.13586849530060624  0.14640371196745236  0.15692586382844698
  0.16745550455169553  0.17798008283771172  0.18853063666130579  0.19904952004681781
  0.20958023067680231  0.22008215684258203  0.23061187135892716  0.24114231047396165
  0.25168607939977516  0.26222026237132345  0.27276110072928550  0.28328028477002293
  0.29381653089368809  0.30435747248539163  0.31489764759389072  0.32544054745408091
  0.33597839056352746  0.34652568997443506  0.35705356533463328  0.36756956594926654
  0.37808300389289079  0.38860408458188933  0.39912298112045541  0.40966902495525753
  0.42023176841020460  0.43081050075945204  0.44138108477957644  0.45191969177628077
  0.46246559949228594  0.47301563608288222  0.48355261903237046  0.49407447616878281
  0.50456874828471410  0.51509186083027592  0.52564042596245597  0.53618991271952221
  0.54673620592482430  0.55726887047935592  0.56782204236412126  0.57838309317641257
  0.58894846133271872  0.59950915844247799  0.61004080395923188  0.62059160772739430
  0.63115623608349802  0.64177875442947285  0.65236187591841788  0.66290780795651560
  0.67341959830198805  0.68393321606404889  0.69448845454147934  0.70502142854007777
  0.71558658209022330  0.72613512864821073  0.73670251316750335  0.74724384361088403
  0.75776874737957944  0.76830341317681428  0.77884553009709589  0.78937059990433323
  0.79989038532565793  0.81038960259484183  0.82092171062758024  0.83144258774095792
  0.84196663068984312  0.85248215607346300  0.86300051284435242  0.87355411523692661
  0.88408005693635816  0.89459771639252050  0.90510228940495974  0.91564145827623800
  0.92619365150038124  0.93674717060917101  0.94730729074774100  0.95785118714149831
  0.96840396095858938  0.97893857650903271  0.98948097600809071  1.00000000000000000
 -0.00245619533724505  0.00995844842341028  0.02026394839836637  0.03079884883232170
  0.04136982122359692  0.05191467999236615  0.06249120635434470  0.07304751393603234
  0.08363099975413175  0.09422189656820146  0.10479420120812678  0.11536150064151868
  0.12592339971357419  0.13649763015172311  0.14708451246508306  0.15764714697747576
  0.16820770230616641  0.17873093883435837  0.18926459753837560  0.19980959933453113
  0.21037149865583721  0.22094981320435611  0.23149513137908306  0.24202813838487461
  0.25252476023407489  0.26303440741330480  0.27356510897015740  0.28408627251313318
  0.29461201379881102  0.30513055765036345  0.31568037047299619  0.32622089978751417
  0.33677643500569787  0.34730945576289429  0.35785894325174322  0.36840437880637578
  0.37893932589838869  0.38943790027356001  0.39991456250613727  0.41040537998095711
  0.42092645844727927  0.43147308505640480  0.44200048742927062  0.45252075739691017
  0.46302410269993394  0.47353822802517154  0.48404776388698073  0.49456425486629002
  0.50508627880373447  0.51560841362376819  0.52612410469902804  0.53666691164174174
  0.54723536731084954  0.55779084994230210  0.56830542297875342  0.57878750728090078
  0.58927878857046656  0.59979921034798322  0.61033766273124290  0.62089006389869927
  0.63142580677352789  0.64196653198499876  0.65250042742307246  0.66305924648522696
  0.67358385124652187  0.68409942662469947  0.69459856714116786  0.70507994735048041
  0.71556507098296196  0.72604229075964899  0.73655102194004385  0.74705765295779214
  0.75759186140076051  0.76813790200230236  0.77867969286887107  0.78923583833523425
  0.79978400586257281  0.81035979223001642  0.82089883091505267  0.83144666921212285
  0.84198768597718254  0.85253775413885691  0.86307403448978681  0.87358906473143860
  0.88409326687205791  0.89461274414468728  0.90512893726889110  0.91569175669036784
  0.92624969267489421  0.93682685574480762  0.94734518534089696  0.95783605036979769
  0.96833441325206893  0.97885917042219506  0.98943175822186580  1.00000000000000000
 -0.00240912525444857  0.00961695130256176  0.01979352206791667  0.03032295324398979
  0.04088880019159022  0.05143851718738063  0.06200414581534927  0.07256381625922093
  0.08312449957125231  0.09364769984811258  0.10415528093835064  0.11468492180594635
  0.12523096304455814  0.13580288316961331  0.14635552222839598  0.15692468875654253
  0.16747065447770523  0.17800804662018116  0.18852612133951144  0.19904550298552762
  0.20956800321193883  0.22007055590768601  0.23057872889090347  0.24108687578090993
  0.25161955401477987  0.26213491354522711  0.27267798371209001  0.28319290602203556
  0.29372720525102575  0.30424534805245940  0.31477620774002951  0.32530164457653193
  0.33581023359420059  0.34634195515934940  0.35689168422663203  0.36745147384787824
  0.37800346268907109  0.38856926728155428  0.39915173467843806  0.40973580195645942
  0.42028201660007475  0.43079240609641700  0.44132528972517254  0.45185033871902719
  0.46237405068599030  0.47288031246846896  0.48341169057494315  0.49395572875433191
  0.50450793259512550  0.51506434542881729  0.52563884517910375  0.53621113306839874
  0.54675698695781216  0.55729247253026348  0.56783054849164505  0.57839553989143855
  0.58897663263494215  0.59957660503994858  0.61015877612438629  0.62072054188929016
  0.63126975440026512  0.64179978673906202  0.65233686293451654  0.66286357185091160
  0.67341449739167214  0.68396426889769490  0.69449126089559399  0.70501278019709779
  0.71554197836451328  0.72609004635549601  0.73663647336567106  0.74720212967680544
  0.75774711907552950  0.76827938831440434  0.77880645699288398  0.78935101000778751
  0.79991559225354880  0.81046552158392327  0.82098734232358017  0.83151448995483390
  0.84204427327898657  0.85259226648407160  0.86313381538350364  0.87368115731132578
  0.88421928812709016  0.89476150477623873  0.90528541735551460  0.91581036949026629
  0.92630506438909443  0.93683741440810164  0.94736129754203924  0.95790182942565028
  0.96840787707683418  0.97893243202945646  0.98946372918574776  1.00000000000000000
 -0.00253166850793700  0.00954145328417757  0.01972032892143097  0.03027610754404776
  0.04084132500434377  0.05138711254469518  0.06190913124137660  0.07241972524796303
  0.08296978209910648  0.09350810227874795  0.10404101032871610  0.11454791124304255
  0.12505677954810471  0.13559421441975808  0.14614077022087332  0.15671756425229286
  0.16727309014853728  0.17782599373895788  0.18835077338041351  0.19891488850445285
  0.20948655958736190  0.22006503575204298  0.23059734080006522  0.24113129233363448
  0.25167553841790902  0.26223942345533169  0.27276622768900344  0.28330168410461010
  0.29383198874435024  0.30439256939390652  0.31494548997832150  0.32551132327074894
  0.33607306458720970  0.34662015446621364  0.35715189575429340  0.36768535197940844
  0.37823126172318411  0.38876636948011395  0.39929911424516829  0.40982043701346105
  0.42034299811272863  0.43084495130968986  0.44134451764720029  0.45185651042378711
  0.46238839420776451  0.47289994904769617  0.48342550741973661  0.49394873181983667
  0.50450010227394648  0.51504295823087254  0.52559750809774131  0.53617371178150364
  0.54674013408447408  0.55730606217443290  0.56785962642309507  0.57842637614881065
  0.58897893712423244  0.59951812775225688  0.61004526099849599  0.62056835364587803
  0.63110081797888440  0.64162139874353796  0.65215665965125058  0.66267270281401847
  0.67321261848748637  0.68373236730587816  0.69426997432103554  0.70481600111648479
  0.71536986305142858  0.72591556534299317  0.73644217369885956  0.74696695871763363
  0.75752645017399778  0.76809002006685145  0.77866606540585337  0.78922237407520279
  0.79978488571463491  0.81032693177097981  0.82085083799786340  0.83137261955779473
  0.84190726618336831  0.85243309104409970  0.86296844387175087  0.87349076342000764
  0.88400409805091695  0.89450326159241067  0.90502674164111085  0.91558333557981064
  0.92617244714119562  0.93673680891564903  0.94730076592981793  0.95784903811808386
  0.96840831209020939  0.97896414272983201  0.98948503722097314  1.00000000000000000
 -0.00246190703201810  0.00946458771232878  0.01958224411346303  0.03004495406467888
  0.04055018932838639  0.05103426835048243  0.06152141449535053  0.07199935967331166
  0.08249982833410684  0.09301963157236515  0.10358174912745316  0.11413110740637868
  0.12465789284073316  0.13516564718637727  0.14568960353094429  0.15623434678714093
  0.16676929188794459  0.17731017135452359  0.18785108667119918  0.19840278440931672
  0.20896127010060256  0.21949058745863298  0.23001550998980538  0.24055494784143019
  0.25112741144913819  0.26169298527385088  0.27223454893538407  0.28275509459060910
  0.29329038860803325  0.30383350023198613  0.31438327778261999  0.32494707360537384
  0.33548747535929335  0.34604403623197161  0.35658631190018047  0.36715197237926150
  0.37771328515710129  0.38828442424872983  0.39884611886371935  0.40939929103465827
  0.41993820388520803  0.43047337687614928  0.44102335553874861  0.45157374753071738
  0.46213345111787174  0.47267434682310461  0.48321988099599839  0.49377305534808047
  0.50432973388851665  0.51489462042960321  0.52547367154885727  0.53605825934518248
  0.54660951902362354  0.55714911540985945  0.56767581061830030  0.57823473092331412
  0.58878690849968107  0.59934067474411234  0.60988620231292012  0.62041845657924277
  0.63096607209548883  0.64150347791770856  0.65204555072715320  0.66257723770007693
  0.67312991179417891  0.68367313100094917  0.69423983748745166  0.70478542104882613
  0.71534373217291547  0.72586476611972728  0.73639461482120416  0.74692745789274850
  0.75746862644575963  0.76800052589283863  0.77851955456701172  0.78904017803551274
  0.79956338174910813  0.81009404353450198  0.82063285127125363  0.83117517034774235
  0.84173581287428179  0.85231310962232176  0.86289548441771913  0.87345189019790925
  0.88395687245123367  0.89446796877018087  0.90500478028961995  0.91559782523364808
  0.92618449646062184  0.93676093049136377  0.94730461940262967  0.95784455473256502
  0.96835995762012539  0.97888330568789528  0.98942600728743402  1.00000000000000000
   1.5459681008421412E-002  -1.0000000000000000     
 F F F F F F F F F F F F F F F F F F F F F F F F F F F F F F F F F F F F F F F F F F F F F F F F F F F F F F F F F F F F F F F F F F F F F F F F F F F F F F F F F F F F F F F F F F F F F F F F F F F F F F F F F F F F F F F F F F F F F F F F F F F F F F F F
  <DiscreteSampler_grid>
  grouped_processes
  1 # 1 for a reference and 2 for a running grid.
  10 # Attribute 'min_bin_probing_points' of the grid.
  1 # Attribute 'grid_mode' of the grid. 1=='default',2=='initialization'
  0.0000000000000000 # Attribute 'small_contrib_threshold' of the grid.
  0.5000000000000000 # Attribute 'damping_power' of the grid.
 # binID   n_entries weight   weight_sqr   abs_weight
    10   10   4.085111817214164E+013   3.400661580592804E+027   4.085111817214164E+013
    11   10   4.085111817214164E+013   3.400661580592804E+027   4.085111817214164E+013
  </DiscreteSampler_grid>
