  0.00938132440221748  0.01635552048072826  0.02543711825449040  0.03632705109808337
  0.04679411649471759  0.05732992189080049  0.06796432852365790  0.07848806211541141
  0.08902251376551372  0.09970452235807761  0.11052606205625067  0.12129926422403424
  0.13199626664549569  0.14266381188105617  0.15334122609762316  0.16393485606599290
  0.17450848807515237  0.18505341382579180  0.19567340227068858  0.20626717151863366
  0.21684277871160376  0.22747222918216242  0.23803665113611605  0.24853393069045243
  0.25900737904363896  0.26942514224736575  0.28001144895006730  0.29055167979978513
  0.30127417771562603  0.31203100813664569  0.32279546715289381  0.33362450467443949
  0.34325340166649804  0.35315016385542619  0.36284741267243198  0.37283324481231139
  0.38271055520906744  0.39269985455051237  0.40291831516720711  0.41367094279177002
  0.42444300790342648  0.43520222902890715  0.44581493174255188  0.45638284937447215
  0.46708006902023530  0.47783208772744939  0.48857059955908666  0.49910154427956571
  0.50956278780935826  0.52002393475063946  0.53055799445726715  0.54122500240068960
  0.55189519110407292  0.56247931214525404  0.57308113233440239  0.58361644509329869
  0.59419064642371344  0.60474516485249430  0.61404045595626211  0.62369017376862779
  0.63340801771194921  0.64313090872789247  0.65271028399473208  0.66226243858995193
  0.67211122966285541  0.68257769698037618  0.69287491478925478  0.70329100054531313
  0.71385850696060060  0.72435786974464933  0.73481917144310394  0.74536742644156606
  0.75599947776599696  0.76670818283170616  0.77731315037455972  0.78797359423333402
  0.79861817811175961  0.80911952916015462  0.81954324050649352  0.82973964563141855
  0.83995618868866595  0.85028812766193729  0.86074754019071675  0.87134987680956399
  0.88184676597740430  0.89240121723569077  0.90310422890566988  0.91387052965469340
  0.92459000537099068  0.93503910248574296  0.94556380922941208  0.95607552395160500
  0.96668477991000779  0.97710795443425269  0.98826439519087805  1.00000000000000000
  0.00943374354480970  0.01591616958517780  0.02555100240390673  0.03653535403037887
  0.04721095696009400  0.05793297270819478  0.06858724589118792  0.07921288870450464
  0.08973959077190702  0.10023649695256888  0.11067990117361264  0.12107458661620955
  0.13161864495618045  0.14225159630024925  0.15292872353413861  0.16347804526064086
  0.17400873687931673  0.18453928549688614  0.19502499584377953  0.20548383830858821
  0.21586747404043571  0.22631349013195354  0.23658565288704331  0.24699487307687268
  0.25746417658932824  0.26785386997783911  0.27830102472751794  0.28876077752416857
  0.29945658734451563  0.31016793629471573  0.32082755077433373  0.33182207943223191
  0.34179376302558634  0.35178005622758479  0.36174212523261595  0.37180057179239201
  0.38183765872631154  0.39185655437552713  0.40203492775794042  0.41255873140875798
  0.42297870499068063  0.43336589691441235  0.44391201440107853  0.45428379188775136
  0.46483107871761070  0.47552955433564092  0.48633280976495852  0.49712700887598615
  0.50775197649118864  0.51839279152682161  0.52906986437814019  0.53965886242426453
  0.55025835507523002  0.56074404592510285  0.57136696801671405  0.58186395531212720
  0.59232956432657402  0.60276551994866001  0.61338678207817310  0.62403043044199169
  0.63460892309532169  0.64501308567636784  0.65551912395571721  0.66603865247229876
  0.67653752940363054  0.68706689689145417  0.69764534680162071  0.70835103832688806
  0.71901053977289398  0.72946911473105058  0.73891840959202570  0.74855610973529041
  0.75848186506094728  0.76858102916043047  0.77837207998757030  0.78811528262323338
  0.79810953013515895  0.80874420434895389  0.81912811798581986  0.82960358564337966
  0.83999795842884273  0.85056036419716397  0.86091299344283334  0.87137515339645211
  0.88173956560729250  0.89238694853490175  0.90306733793474636  0.91387219253371255
  0.92463212337819733  0.93526303038526082  0.94596945130791743  0.95662542623044899
  0.96742701768729378  0.97812939481905947  0.98905550876800474  1.00000000000000000
  0.08403932013457720  0.08511778671066003  0.08618811150080431  0.08740216881444390
  0.08864801313238849  0.08989224612549042  0.09117000514359185  0.09256866981109314
  0.09338054779551504  0.09399864482169269  0.09455791448702872  0.09513666169909904
  0.09571080726227141  0.09627414919156757  0.09686096094503724  0.09766322564367876
  0.09866459142159535  0.09962767055125299  0.10059507453467652  0.10156177087979297
  0.10253312500757729  0.10350508328067778  0.10447745765461910  0.10545519869229614
  0.10643508830021504  0.10740984097875696  0.10838038593058849  0.10935026428352985
  0.11032151566701122  0.11129183846166721  0.11226571963267887  0.11324214847132058
  0.11421922685773353  0.11519600614572599  0.11617216467821942  0.11714548916912666
  0.11812048115069636  0.11910318764895239  0.12009384252510626  0.12108944759904704
  0.12209263148576559  0.12310387885104322  0.12411887399414069  0.12513213459738420
  0.12615157351829320  0.12717798821528026  0.12820762677321265  0.12924682861835557
  0.13029385754519499  0.13134712036585100  0.13241294066702747  0.13349287499401319
  0.13458159969450906  0.13568078182923557  0.13678730380810830  0.13789272534190794
  0.13900237846361288  0.14011639017597047  0.14123280603402011  0.14235770132018147
  0.14349390506139123  0.14463470004216600  0.14577803555710223  0.14693024401279867
  0.14808882628706208  0.14925698981431243  0.15044390970610064  0.15163852449417264
  0.15283743203013947  0.15404977807336645  0.15527349795780832  0.15650534476461203
  0.15774947213552837  0.15900590427983505  0.16026114568053587  0.16152732993666810
  0.16279981603197108  0.16407306387565149  0.16534968508742098  0.16663552846293153
  0.16792581002069798  0.16923026605651134  0.17055793470831276  0.17188816177288921
  0.17322673462447494  0.17457522761693192  0.17593231265188861  0.17729355962970467
  0.17867372250379410  0.18006245257787706  0.18145735088389747  0.18285932607711025
  0.18423402246360951  0.18521965123177636  0.18543279898564499  1.00000000000000000
 -0.00236674595129890  0.00984403949977566  0.02020987008477107  0.03067676601918133
  0.04123196681445628  0.05169231856640619  0.06225345940081427  0.07282960244176759
  0.08337811553800775  0.09384582902928697  0.10424193649662489  0.11475189433407504
  0.12542209063544324  0.13604032203885638  0.14668343542633719  0.15730139365562495
  0.16802666198626762  0.17875411587679998  0.18959074698650066  0.20044789484125383
  0.21130524823677785  0.22204948862008997  0.23272107227847841  0.24344779113879261
  0.25372022827357038  0.26364562568794209  0.27369846880230031  0.28357246649590689
  0.29337571962081338  0.30310320514765110  0.31300726544398588  0.32407583341014878
  0.33501778487510775  0.34492109997768072  0.35490200089698559  0.36478131407768022
  0.37473066636872709  0.38468608534245269  0.39489292912465096  0.40542076015465928
  0.41618763057996555  0.42672934252370343  0.43716673814954016  0.44765431850183790
  0.45825805684696530  0.46892735769351457  0.47945366738094947  0.48991509182970527
  0.50049778891376751  0.51102215884271229  0.52165482655573614  0.53216229146694338
  0.54281892362865836  0.55343172141640795  0.56402191063598650  0.57462375402675470
  0.58514170913454921  0.59571303404299381  0.60627674975848944  0.61692531108546722
  0.62750977084659376  0.63805838102421419  0.64854271464186142  0.65913153319704409
  0.66962814640630397  0.68006618021063703  0.69048763631988386  0.70103597703246301
  0.71169187266837886  0.72256067164744664  0.73340228608456015  0.74427978560584485
  0.75493778303841497  0.76550365945182519  0.77600562788029037  0.78662261399323241
  0.79732040762621970  0.80827339261739606  0.81907935510638075  0.82995166179787683
  0.84063295700337359  0.85129877945130661  0.86181686743294339  0.87241373545910716
  0.88313843902667566  0.89394256671354899  0.90457525643139269  0.91521329992165412
  0.92572093987367843  0.93630750981707034  0.94691666153979592  0.95758910166907141
  0.96826141194415360  0.97885137936890221  0.98945781089304985  1.00000000000000000
 -0.00205952504924165  0.00989970200911130  0.02016113385237284  0.03061051687941981
  0.04113300179534847  0.05167623744435318  0.06216166018900153  0.07249967945359415
  0.08275732398394761  0.09302788908465798  0.10331533531457214  0.11373254374003357
  0.12426424101242735  0.13484517015044289  0.14546449583313195  0.15609196565111894
  0.16680238153124799  0.17742816997195174  0.18806834953482018  0.19865051896693531
  0.20937692279030731  0.22007072994037286  0.23072749148972810  0.24146902684946814
  0.25203937688503475  0.26239179822443598  0.27255729660452815  0.28254716668273344
  0.29244937729474846  0.30251775473503195  0.31246717314290506  0.32317770156313114
  0.33376806527502800  0.34454603718986276  0.35527548246068980  0.36606151235226841
  0.37683566380298539  0.38771931041041263  0.39845687023383664  0.40911200742311787
  0.41975768528534463  0.43043091839249531  0.44106071038844225  0.45187722687648796
  0.46274364080081004  0.47358152428464650  0.48409972524896655  0.49463315733062641
  0.50521005182249712  0.51596656987679412  0.52666271547144949  0.53738577293765166
  0.54802554457286934  0.55885878445021309  0.56909549426360673  0.57918416839649778
  0.58935798870121658  0.59941965489802218  0.60943153115157844  0.61927695634288671
  0.62928872732726104  0.63999093571272569  0.65059666831959095  0.66113878389787273
  0.67165481005373195  0.68217260264624702  0.69274209694491318  0.70334423126282897
  0.71398311694365457  0.72479337153554557  0.73569128832067343  0.74646824183637372
  0.75711485191401051  0.76765084718136123  0.77827779271832020  0.78885538245749154
  0.79931027255262288  0.80965609968911556  0.82004376350685249  0.83059686562345325
  0.84127437394780114  0.85196325239120663  0.86263682625983273  0.87331044180842299
  0.88391093032743351  0.89453416582822554  0.90502210149308537  0.91559643416477687
  0.92600177424107299  0.93651125166275517  0.94694927549674957  0.95750105885750669
  0.96818932329720009  0.97895212802181752  0.98956375621013171  1.00000000000000000
 -0.00258191679576292  0.00960779030830263  0.01985336398245511  0.03038690703745060
  0.04076821981393747  0.05121016177744924  0.06178138346159545  0.07249626937432822
  0.08311991426836406  0.09364412065922921  0.10407336843410708  0.11455993285179578
  0.12520640912117989  0.13587623129604492  0.14663523495647793  0.15731537895133851
  0.16809348081724718  0.17877960947635266  0.18951438811609819  0.20024218242546465
  0.21101566827160473  0.22175793163038407  0.23246951368899280  0.24311135894556063
  0.25368771024799303  0.26429885132121772  0.27485635134182063  0.28549151678075058
  0.29613057135960785  0.30705578732641470  0.31740913048686281  0.32745610838833672
  0.33746694435021857  0.34722123591729837  0.35705970884489047  0.36685831988830442
  0.37693029550783202  0.38780163214608604  0.39839203657775357  0.40898748236440102
  0.41960208505935614  0.43028660310498318  0.44101317788762445  0.45165288142747645
  0.46231136150229479  0.47292280266872833  0.48350808541861473  0.49394156306231596
  0.50445943509595348  0.51499711265592196  0.52562184440248028  0.53630992463574079
  0.54697547720050776  0.55775818043143655  0.56832182410790710  0.57872429716792051
  0.58900899951455732  0.59933926645272717  0.60985450120231965  0.62052353843695618
  0.63118188647894535  0.64203284451514164  0.65279430300458685  0.66354657644233628
  0.67403987237551000  0.68457015005222110  0.69527816440982715  0.70606975146925810
  0.71683260446452202  0.72737721629506169  0.73797788718843493  0.74851239535369762
  0.75912177196894737  0.76971409919731260  0.78046399584818016  0.79113673283999530
  0.80115690244985815  0.81106965744563109  0.82099835893056772  0.83086516976741265
  0.84091854755643447  0.85075462067443453  0.86110253163962680  0.87171655771163481
  0.88233318311429210  0.89312190602685615  0.90374231421812901  0.91448646321892790
  0.92530237443365870  0.93596826912793230  0.94677091484052611  0.95743173809696380
  0.96816033078651997  0.97867891886054870  0.98933128439455331  1.00000000000000000
 -0.00254049328421073  0.00962377423178465  0.01987825876201455  0.03041229948991658
  0.04107866854932672  0.05175539445607424  0.06239545122164111  0.07309022017061369
  0.08387532909396110  0.09480243230656134  0.10559301678338347  0.11629566234406814
  0.12693804566252442  0.13762342674037520  0.14844003471284078  0.15923045178112444
  0.16987915340500992  0.18021641504150407  0.19048421634078513  0.20086687513982610
  0.21147258232928584  0.22210724108882640  0.23266818860871702  0.24323962123987078
  0.25394707921874338  0.26472161084237900  0.27542236255318936  0.28605676047652639
  0.29674340602493671  0.30748989321430142  0.31830360115030021  0.32900158962156106
  0.33964078138065651  0.35026339942745571  0.36093436321667877  0.37158643233813882
  0.38222440396352919  0.39286054614964472  0.40352799152481406  0.41406811102819269
  0.42458139288576829  0.43509672571484426  0.44571791224992569  0.45639146518064988
  0.46708822386191023  0.47770353832647472  0.48722154983826726  0.49656115955952346
  0.50590312115932057  0.51547924198481487  0.52507494223164597  0.53441869872411729
  0.54402224510024155  0.55472783312617080  0.56554126078154754  0.57622892966907158
  0.58675277471135701  0.59730760856315479  0.60800083070740174  0.61866134579644794
  0.62922413012858036  0.63969847097277854  0.65031544147524423  0.66101700897326698
  0.67175986283707101  0.68246808277982463  0.69320835428132144  0.70396596737898220
  0.71470951730079091  0.72538462656034297  0.73597716843172223  0.74658773265161482
  0.75724716334081743  0.76777193481197414  0.77823716053139558  0.78867132624588843
  0.79926570680515385  0.80987712645845844  0.82043286787119529  0.83097364823110509
  0.84148904108289879  0.85205746877689226  0.86265794038834909  0.87337788994566545
  0.88407054449650546  0.89459955991320628  0.90506422846558143  0.91567492763194847
  0.92628967377992488  0.93680522797089694  0.94722027243432394  0.95760511836973694
  0.96804992285864289  0.97851152794032303  0.98917936387073557  1.00000000000000000
 -0.00218447345592529  0.00984614025589791  0.02021377939139981  0.03099991223572852
  0.04179227278347349  0.05262766408090445  0.06334836456354569  0.07409132036554993
  0.08476837106743287  0.09552518991555337  0.10633133649762670  0.11704738705992412
  0.12774573076905815  0.13834347286131929  0.14897750867906576  0.15958251752342070
  0.17030582649241707  0.18115475709741824  0.19175559180332716  0.20225780924558165
  0.21272240189501693  0.22343207100136209  0.23393465346101555  0.24440356277973505
  0.25493527073540784  0.26556667328438416  0.27627579381651185  0.28697405454112168
  0.29757678880970656  0.30802873234281969  0.31840552581399312  0.32891721749427139
  0.33953871492888937  0.35012207449060534  0.36074015816629079  0.37134090314651158
  0.38207512895819717  0.39293671239760630  0.40384695600044129  0.41462036260506463
  0.42523362138371767  0.43578124113043787  0.44637789548996115  0.45702550401164566
  0.46775393156525963  0.47828995119436130  0.48838723117731941  0.49839137623523522
  0.50848128358267375  0.51861049010885929  0.52866171445343013  0.53866507004319375
  0.54944806831578041  0.56061492105144839  0.57030183836450010  0.57983351639216918
  0.58934029034010005  0.59877660475673655  0.60833511974228771  0.61785441519112394
  0.62767103859449358  0.63861731376216724  0.64946724299899472  0.66024741501709172
  0.67089727388779008  0.68137637348105851  0.69200931488452788  0.70269964365843229
  0.71333883520068964  0.72381914422395566  0.73433037310430105  0.74499510953260395
  0.75570424108119694  0.76632230491481779  0.77685756001054074  0.78748346970575589
  0.79809665676547104  0.80878240995838846  0.81918540577130250  0.82972812338991608
  0.84035214445667961  0.85117679289177040  0.86178926494896080  0.87229083361764215
  0.88274790869981978  0.89324633815333110  0.90375728457745919  0.91430402457917614
  0.92496067101460466  0.93576167551066380  0.94650687680012946  0.95729307064512392
  0.96792027492470456  0.97861014170625227  0.98926890552198665  1.00000000000000000
   2.0319788326136471E-018  -1.0000000000000000     
 F F F F F F F F F F F F F F F F F F F F F F F F F F F F F F F F F F F F F F F F F F F F F F F F F F F F F F F F F F F F F F F F F F F F F F F F F F F F F F F F F F F F F F F F F F F F F F F F F F F F F F F F F F F F F F F F F F F F F F F F F F F F F F F F
  <DiscreteSampler_grid>
  grouped_processes
  1 # 1 for a reference and 2 for a running grid.
  10 # Attribute 'min_bin_probing_points' of the grid.
  1 # Attribute 'grid_mode' of the grid. 1=='default',2=='initialization'
  0.0000000000000000 # Attribute 'small_contrib_threshold' of the grid.
  0.5000000000000000 # Attribute 'damping_power' of the grid.
 # binID   n_entries weight   weight_sqr   abs_weight
    10   10   1.950959539781786E-007   6.237822170275557E-014   1.950959539781786E-007
    11   10   1.950959539781785E-007   6.237822170275553E-014   1.950959539781785E-007
  </DiscreteSampler_grid>
