  0.00964111376758930  0.01557658142352847  0.02484544421453532  0.03565008178120065
  0.04605015679689986  0.05646488090702402  0.06686169257353078  0.07723006951909797
  0.08756395589721298  0.09790212639642125  0.10828792989675309  0.11870286133339360
  0.12912080012869748  0.13950295094125775  0.14990041720906175  0.16030743620886004
  0.17072690623823067  0.18115047347366950  0.19154938872000893  0.20194358705906901
  0.21231704579631466  0.22268628905224394  0.23301472439114820  0.24334225243135948
  0.25369460026701501  0.26408089750328234  0.27449350528197486  0.28487648107200925
  0.29526113629122097  0.30560292269185813  0.31596373891023660  0.32631574940693370
  0.33668795345247765  0.34706892513137633  0.35745484817322026  0.36783533024094200
  0.37823527203994506  0.38863727315017044  0.39904107396670396  0.40943378812159792
  0.41980965814537236  0.43017754673477437  0.44053035867469398  0.45089356949979698
  0.46127650072942616  0.47166809162720552  0.48206602190930259  0.49245698779164082
  0.50284765894594174  0.51322830468861658  0.52359847288176786  0.53395879464509322
  0.54431516227709398  0.55467895323443961  0.56506551973412711  0.57547453472355226
  0.58589781361530224  0.59632802321488132  0.60675447271084937  0.61718153271983112
  0.62759736244456499  0.63799488359819401  0.64838284639566635  0.65875989638728305
  0.66913998015217924  0.67951993195701643  0.68987959260173626  0.70022503936027625
  0.71057332704410814  0.72094480162661212  0.73132674635844130  0.74168836361584112
  0.75204540893649241  0.76241878822827569  0.77281499570624390  0.78321366380850033
  0.79360626863492068  0.80399062335328042  0.81437293608654826  0.82475251664991478
  0.83513975149540998  0.84552098871992798  0.85590155986837457  0.86627217204812768
  0.87665080059188116  0.88702046492454778  0.89740128798094498  0.90779502488263286
  0.91820853670128277  0.92861315833166214  0.93900298267236926  0.94939443481244778
  0.95978858317412719  0.97016632467147201  0.98052731327702269  1.00000000000000000
  0.00950662365058510  0.01579862767135094  0.02490906434326835  0.03567418888529571
  0.04600810139313097  0.05638169958326306  0.06676249278038734  0.07716138102841644
  0.08757138449011720  0.09796283483822940  0.10833376056390673  0.11871322540927162
  0.12910782130260615  0.13949936253040635  0.14987915757515768  0.16026937475550124
  0.17067105263101334  0.18107827231138329  0.19144506165582226  0.20179338517757409
  0.21215625536878047  0.22256407831725936  0.23298533697424215  0.24338798990426075
  0.25377449196224838  0.26418216692133556  0.27461380297348204  0.28506387808714628
  0.29550277109433520  0.30592216006048428  0.31630735988098674  0.32667557067741776
  0.33703162253425945  0.34741465635634777  0.35781311701528323  0.36821776649510546
  0.37861529232354768  0.38901585143227962  0.39942491586391266  0.40984758762439594
  0.42027083032711204  0.43068814048124482  0.44107667719492855  0.45144906067400836
  0.46180543092393017  0.47216489106311094  0.48251224795514802  0.49285689909149166
  0.50319075795129586  0.51353216898225151  0.52389404255605054  0.53428787531317745
  0.54468433642081016  0.55506820170417903  0.56543587631242354  0.57580878544935643
  0.58617825962928050  0.59655298513490751  0.60694532753333397  0.61735739774406539
  0.62776755220126779  0.63815186124598089  0.64852923798366258  0.65891541175042379
  0.66931286043004934  0.67970430281181726  0.69008032429970401  0.70044198903513100
  0.71079845365448124  0.72116514837828138  0.73153274357208475  0.74190574090429873
  0.75227486229033957  0.76267049910737783  0.77307364618573549  0.78347526349712193
  0.79385519804385341  0.80423676242941966  0.81461535547650810  0.82498943091186516
  0.83536346571802444  0.84573873411632450  0.85611018853401011  0.86646177468624885
  0.87681451011867628  0.88718830128520820  0.89758693999135997  0.90799802482512904
  0.91839222205214788  0.92875970303182642  0.93911932967646672  0.94948954000643693
  0.95987410049463651  0.97023126850672370  0.98057128918393366  1.00000000000000000
 -0.00248769725828358  0.00951915097323357  0.01970031495995892  0.03024685180254454
  0.04079735309256841  0.05133309556435044  0.06185420196206329  0.07236421880170880
  0.08287526672604113  0.09337070139344888  0.10389246043565588  0.11442805136111812
  0.12499176329032793  0.13554446965732725  0.14611532958423010  0.15669755053388829
  0.16728771358058731  0.17786363278442979  0.18843117334468579  0.19899176457778631
  0.20951935064964947  0.22005677589547734  0.23060010596517311  0.24116879530792865
  0.25172248671868641  0.26228565389666930  0.27283127817284003  0.28335829093734710
  0.29387823120417533  0.30439800669133138  0.31493899541069026  0.32548570266590976
  0.33602592370437845  0.34654652396266544  0.35705580055399144  0.36758416118962123
  0.37811616028624356  0.38865379354811924  0.39917928857199331  0.40974061301863990
  0.42031312284714029  0.43088695120782361  0.44143847787162210  0.45197743452788885
  0.46256234219354420  0.47314137441726778  0.48370870007060107  0.49423429132830404
  0.50476390624842982  0.51531840600404988  0.52586604387443814  0.53641955071834435
  0.54695789243346371  0.55750558317253329  0.56806368809477503  0.57861097759071733
  0.58915138278661761  0.59965229530911390  0.61016574940383428  0.62069618468469523
  0.63124660532590482  0.64178586002075955  0.65230297186851605  0.66281669135538701
  0.67334263127328842  0.68384899286842349  0.69438112124214557  0.70494795949745870
  0.71552581960676664  0.72609224763538349  0.73661149888570943  0.74715840430710878
  0.75770655562409239  0.76826963921808955  0.77882168731710455  0.78936080317091883
  0.79989646729362751  0.81043018274641476  0.82097589273711669  0.83151546667605569
  0.84207213545243564  0.85263157112225241  0.86319327489621478  0.87373840254956059
  0.88427085283497098  0.89481466919081554  0.90531615433070078  0.91577753853310051
  0.92623344966843801  0.93673280124110470  0.94727506727147182  0.95781048135536018
  0.96835438797925066  0.97889699898522131  0.98945237783384532  1.00000000000000000
 -0.00249636301230089  0.00957173241845947  0.01976432683982113  0.03025332221072684
  0.04077936619453485  0.05131472847684945  0.06189697601011940  0.07243298588851702
  0.08295314242419440  0.09350232880563641  0.10407904125488565  0.11465406716335493
  0.12520301890036728  0.13577733797850194  0.14633939948082597  0.15689134560833365
  0.16740486510929192  0.17795220736815651  0.18850494345032170  0.19910283830112488
  0.20968089675722837  0.22024052312221884  0.23076174986640882  0.24126336832006939
  0.25180078746151996  0.26234865567489457  0.27292749240100717  0.28347670809057240
  0.29400716640817998  0.30452257677978145  0.31503258299249259  0.32555036108040203
  0.33608664199007166  0.34662631418339623  0.35718106928055071  0.36774035599807908
  0.37831792081132415  0.38889037906740415  0.39943338091466618  0.40997028687771297
  0.42048797121422388  0.43102673296210436  0.44155330932494419  0.45210770986807397
  0.46265720406184524  0.47321662716138768  0.48378820733382716  0.49434783431880275
  0.50489649620819543  0.51539706124661044  0.52588435573255277  0.53637197838523276
  0.54687379732302110  0.55740884225458676  0.56797508895269366  0.57853709382335383
  0.58906659211610168  0.59956231934470172  0.61009736638260015  0.62066369698805957
  0.63123031551792741  0.64177612642520476  0.65227711741725514  0.66280410655111155
  0.67332371066183239  0.68387163812330887  0.69441602860026896  0.70493696921098425
  0.71547103008681767  0.72599429993189679  0.73654144309649860  0.74708308235694187
  0.75763373971880266  0.76818189770569045  0.77872108768367809  0.78927486497940136
  0.79983590029243623  0.81038880964370397  0.82092491094995990  0.83146774450109062
  0.84201989105120556  0.85258767463104068  0.86314930069022378  0.87372207318422213
  0.88423702649052016  0.89473950367406196  0.90523652123394904  0.91577071702548152
  0.92631164244408903  0.93684239744806863  0.94738214698748913  0.95791643743861954
  0.96842524009631159  0.97892454296971809  0.98944412112398283  1.00000000000000000
 -0.00247508625884523  0.00950664075562876  0.01969281668598485  0.03020355778867671
  0.04077388450719167  0.05130998810033949  0.06187513734981014  0.07243380909983062
  0.08300333032947924  0.09356321561880326  0.10411824835695231  0.11468206910350510
  0.12523792254837099  0.13580900676876093  0.14638959900365600  0.15696382942961648
  0.16753640374941825  0.17806808530916710  0.18859242083796598  0.19909821286333465
  0.20962127008703271  0.22014331039919652  0.23067545899529518  0.24122124478359033
  0.25177821293000591  0.26231751055919661  0.27285727837234680  0.28340800473500954
  0.29397157628039378  0.30451239372746342  0.31505673498542014  0.32560647375812418
  0.33616229168314843  0.34672834539174247  0.35730419581982364  0.36788155792103339
  0.37845040659361689  0.38900193184473758  0.39955767518607799  0.41012481676884210
  0.42072082591805660  0.43130621451026241  0.44187173368326238  0.45240354511977066
  0.46294826707445080  0.47347058995691632  0.48399670493223973  0.49450559894189100
  0.50503666450607809  0.51555706818971692  0.52609013399713900  0.53663806400222813
  0.54719066659938798  0.55777313779982629  0.56833276021561818  0.57892088617368664
  0.58949386041126106  0.60007360501552431  0.61063219497019272  0.62117837213611515
  0.63172760809845330  0.64229159277224013  0.65286184592715890  0.66342641261056567
  0.67397639492846140  0.68448965470204448  0.69497665429088551  0.70544198658062418
  0.71592345845960792  0.72642496754506147  0.73692578791253172  0.74741839870626925
  0.75793523873634117  0.76847708827931405  0.77901303779313213  0.78953502321103508
  0.80004884054863790  0.81057119161580971  0.82110490696607763  0.83163708302285599
  0.84217537885620919  0.85270236657554799  0.86319208754687760  0.87370131842221754
  0.88419430758736428  0.89472834301491166  0.90523983164326371  0.91575284998844653
  0.92627572727014806  0.93681994806978552  0.94737180445350977  0.95793043495028141
  0.96846432544490213  0.97900521049755707  0.98950942294772370  1.00000000000000000
 -0.00251654227984502  0.00955287854843578  0.01972757020691565  0.03023656359077156
  0.04075630181118228  0.05125427361349180  0.06174406457586592  0.07223041309157344
  0.08273277680643341  0.09327954020646585  0.10386887468377824  0.11447444042771289
  0.12506316905073508  0.13562039895629707  0.14615800828943720  0.15669105854880575
  0.16723844751275299  0.17777696754089442  0.18829874793178025  0.19880506933407410
  0.20932573104239943  0.21987577777840625  0.23042394278282674  0.24098633691296240
  0.25154934975587234  0.26211923792584330  0.27265178252450056  0.28317323151195739
  0.29367222876408672  0.30421156223969059  0.31474476380959160  0.32528780647308753
  0.33579922930268508  0.34631762818134315  0.35684703786225758  0.36740180318988935
  0.37796759263530044  0.38851648880827272  0.39908148043576186  0.40962521444081340
  0.42018515031592579  0.43073510698234269  0.44128769429905923  0.45183580581246247
  0.46237780322402994  0.47293226018138745  0.48349754235529813  0.49405125246205656
  0.50458862118947723  0.51510093534169310  0.52562588665363408  0.53614826934581172
  0.54672079937865625  0.55727636754934806  0.56788707645745318  0.57846085081528975
  0.58904849811639626  0.59958019164238352  0.61010510872824875  0.62059328861001373
  0.63105503829335952  0.64153879481782461  0.65205424891460584  0.66261420810946259
  0.67314538135706259  0.68366614400780490  0.69417788795756274  0.70472007740382370
  0.71524890098542593  0.72578048539947493  0.73634373719069268  0.74693397698768815
  0.75756135846902728  0.76812874751956028  0.77868450394507638  0.78921474082143994
  0.79974790241131399  0.81025955964463281  0.82077311416368415  0.83131049321734007
  0.84189667378080069  0.85246885115175441  0.86301771586522669  0.87355088087067800
  0.88409172494388455  0.89464748261089966  0.90519147369898612  0.91574937754344632
  0.92629315667438783  0.93683387017768771  0.94736557025038493  0.95790014262348000
  0.96843307035341419  0.97895309453120061  0.98947212725131162  1.00000000000000000
 -0.00237316827635483  0.00949941538651054  0.01964983405652643  0.03018088286970227
  0.04073322895627157  0.05127102009756675  0.06181252819286503  0.07232427445650089
  0.08284652474631429  0.09335688826206100  0.10391403501631373  0.11446916276224857
  0.12505245378901661  0.13560376146788947  0.14615322555847990  0.15668605908272676
  0.16723600916047418  0.17778117236532612  0.18834077195001234  0.19890555360556594
  0.20946690735083201  0.22004029922856375  0.23060309909312077  0.24118794935300239
  0.25174751904575499  0.26228325479660031  0.27278457038985671  0.28326803915528753
  0.29374452938029982  0.30424966502930184  0.31478260549451892  0.32534432424453585
  0.33587134508201699  0.34642643576880772  0.35696366772732746  0.36751571754530299
  0.37802254693706921  0.38855856104457198  0.39909401258694888  0.40964350631447105
  0.42014935942211740  0.43067684812580470  0.44120229317865278  0.45175581350302518
  0.46231304649024174  0.47288727310647577  0.48346642030896808  0.49403138088001419
  0.50455963708519658  0.51510006880956960  0.52565850385704604  0.53622758598538922
  0.54679340996371406  0.55732866694394145  0.56787259720524186  0.57842018388376182
  0.58897677217192457  0.59952162896649130  0.61002272100937482  0.62055721836810240
  0.63111092199986341  0.64167851830943912  0.65222543416666412  0.66275224132358246
  0.67329233568510150  0.68382374767920906  0.69435956842970126  0.70489127161272014
  0.71544701486666562  0.72600793639025141  0.73655472884639106  0.74709188933457948
  0.75762151044040238  0.76816665419538788  0.77869548543082312  0.78921220968784978
  0.79974635825728857  0.81029245004899908  0.82083493715931599  0.83137865484983420
  0.84190606502823429  0.85244513444712444  0.86297672789487434  0.87351595513170777
  0.88405787857464002  0.89457599390601283  0.90512431789616965  0.91567851599044159
  0.92624291735578945  0.93677609744843615  0.94730015384575639  0.95781512208954733
  0.96835484610051170  0.97889986309918531  0.98945996801973513  1.00000000000000000
 -0.00249762637880455  0.00955189891944364  0.01972905373681060  0.03027462714125017
  0.04082537808094888  0.05137343578337240  0.06190785730608486  0.07247715730346922
  0.08303658359582276  0.09360023090679530  0.10413200073227066  0.11467230881313017
  0.12523822105432156  0.13580865861827515  0.14638436106491179  0.15694190498600102
  0.16749816901486220  0.17803994604017834  0.18858397020267406  0.19914690564291576
  0.20971176946600836  0.22027013212034843  0.23081051755179877  0.24135085949447091
  0.25188591994887971  0.26242174311294308  0.27294347532150370  0.28348110357370304
  0.29401425080160326  0.30455767750077067  0.31509694355501705  0.32563561121888457
  0.33616332902302676  0.34669830472476437  0.35722017088726371  0.36774954025176759
  0.37826201387767994  0.38878191495712439  0.39931936725887474  0.40987018856910512
  0.42042846399655365  0.43098992451648016  0.44156259179812918  0.45213853351779409
  0.46271114017829795  0.47324321223799187  0.48378346010833834  0.49431014746549928
  0.50484517904697657  0.51536313233596687  0.52589856368681076  0.53646247110180578
  0.54704117441256417  0.55759143318059223  0.56811304925382711  0.57862674621915444
  0.58915198826199688  0.59969944983311341  0.61024957111683586  0.62081828832890262
  0.63137558152299034  0.64192340401597103  0.65247533982846218  0.66301492330222944
  0.67356256839309336  0.68412194933552395  0.69468128646744276  0.70521554880399928
  0.71572426342101791  0.72625112700753847  0.73677825954063869  0.74726906596602127
  0.75775659331281009  0.76825184235047272  0.77878470868759408  0.78931943745342892
  0.79983909333410896  0.81034528160854580  0.82083887685276624  0.83136140858289409
  0.84191386506202237  0.85245519472743725  0.86299753646763322  0.87352322941921823
  0.88407474733089320  0.89461519651328336  0.90516564842990621  0.91568368439340286
  0.92623771335540628  0.93674967077614835  0.94730915708309649  0.95783417290241968
  0.96837114775955568  0.97890793278156141  0.98944457461479418  1.00000000000000000
   1.5488040050213774E-002  -1.0000000000000000     
 F F F F F F F F F F F F F F F F F F F F F F F F F F F F F F F F F F F F F F F F F F F F F F F F F F F F F F F F F F F F F F F F F F F F F F F F F F F F F F F F F F F F F F F F F F F F F F F F F F F F F F F F F F F F F F F F F F F F F F F F F F F F F F F F
  <DiscreteSampler_grid>
  grouped_processes
  1 # 1 for a reference and 2 for a running grid.
  10 # Attribute 'min_bin_probing_points' of the grid.
  1 # Attribute 'grid_mode' of the grid. 1=='default',2=='initialization'
  0.0000000000000000 # Attribute 'small_contrib_threshold' of the grid.
  0.5000000000000000 # Attribute 'damping_power' of the grid.
 # binID   n_entries weight   weight_sqr   abs_weight
    10   10   2.657796635312370E+013   1.331259457996883E+027   2.657796635312370E+013
    11   10   2.657796635312372E+013   1.331259457996886E+027   2.657796635312372E+013
  </DiscreteSampler_grid>
