  0.01043156777521146  0.01069760136516397  0.01122411936274526  0.01206656315021353
  0.01298261737349621  0.01391677568079988  0.01493505046071598  0.01607133926426739
  0.01726356250934258  0.01848927535719250  0.01980899687150411  0.02135695975704704
  0.02309632054210300  0.02502675407463451  0.02706085134363318  0.02919384327635966
  0.03148935696453927  0.03407923877497821  0.03675257768795988  0.03962977280919306
  0.04268279778699974  0.04663314463454731  0.05058226130807662  0.05469446658602286
  0.05883759997941149  0.06350229818339134  0.06846258796372529  0.07363095182345762
  0.07918133103484408  0.08509600895192261  0.09120990267708097  0.09756837346676395
  0.10425004544212499  0.11105351404888110  0.11816544812311947  0.12557592836574702
  0.13275146073007066  0.13900473306599295  0.14477530938985336  0.14993073509412677
  0.15598124331427299  0.16342002197825176  0.17093428286619036  0.18044457881129849
  0.19260678714117560  0.20626089846820636  0.21828676514948606  0.22840178829664848
  0.23773422467762675  0.24729299734516236  0.25755051856969957  0.26825377749429002
  0.28027758811024422  0.29251583281326687  0.30534586047118695  0.31856250782974432
  0.33301431208756993  0.34704806499474805  0.35979259412049575  0.37317342211976712
  0.38714218993055771  0.40263903898002323  0.41834241317833926  0.43376855610130299
  0.44975041315058784  0.46577450195311315  0.48022905792335674  0.49373042782547305
  0.50719514890425998  0.52125944631543442  0.53692815557987350  0.55271331953227432
  0.56662367090554899  0.58070296901192842  0.59611835173697925  0.61207866711154879
  0.62789984539342669  0.64388515889144082  0.65713444817955302  0.67061639587625410
  0.68168337447430150  0.69265216763767068  0.70325949202149862  0.72087332485286149
  0.73861505918056392  0.75756899919096954  0.77759349865651373  0.79846020636915793
  0.82003302082711826  0.84427907953889392  0.86663874437159649  0.88889080282134969
  0.90897737922238198  0.93041326024685012  0.95848559805512124  1.00000000000000000
  0.00993318776013763  0.01170323514800041  0.01341566098364277  0.01502700429054818
  0.01682282120227586  0.01891971803972815  0.02145657560963919  0.02460586835751420
  0.02823999756577945  0.03207555406084541  0.03603269092847780  0.04022965772109761
  0.04497509918026799  0.04989568628799854  0.05502235937234468  0.06015053367548873
  0.06561307148163602  0.07178648306412438  0.07851668589836457  0.08602307220001017
  0.09405842862235991  0.10248210517285986  0.11084299043274910  0.11830982478445719
  0.12635662153385713  0.13464055146875883  0.14375940194977330  0.15362540472129871
  0.16344871303360498  0.17425319589097343  0.18597031938999603  0.19808012042389245
  0.20964698407130786  0.22082975657370330  0.23175999232174663  0.24273533197895436
  0.25399320472058173  0.26634216496315261  0.28061568748732219  0.29638282383270526
  0.31022497516479108  0.32283778283515141  0.33527532986987663  0.34753258852404467
  0.36228603856323044  0.37718718450624639  0.39210739190502791  0.40561411957946081
  0.41905754833538350  0.43197919625043441  0.44586327610948423  0.45947328758877337
  0.47158335946386543  0.48338822251462982  0.49537534033934116  0.50604984948281562
  0.51681350951790861  0.52998300772974827  0.54481634972005011  0.55832115487843959
  0.57280963957135100  0.58838763995574483  0.60345558554122913  0.61873065862537191
  0.63439485278938357  0.64939183234565412  0.66317863341632965  0.67714925740056875
  0.69232673143538426  0.70880189949843753  0.72368386780155936  0.73830936951229986
  0.75187141663531398  0.76286305249796715  0.77266873213321585  0.78193919813445900
  0.79011457171717991  0.79791477906632879  0.80600858364756844  0.81731620092086710
  0.83113321508139459  0.84437319583492254  0.85782553884349910  0.86942943089975866
  0.87856085581628118  0.88661435283663792  0.89519807949532348  0.90378922006519791
  0.91183622733415148  0.91955216210339907  0.92724199015128417  0.93593597294609410
  0.94655184567081918  0.95604599420442493  0.97701986176465605  1.00000000000000000
 -0.00069241563225411  0.00009012294394048  0.00016053966137711  0.00021641656894396
  0.00026653991036265  0.00030924624394319  0.00034733036727003  0.00038477111892593
  0.00041745886452584  0.00044752802756282  0.00047672811424457  0.00050397270429854
  0.00053042367293884  0.00055668714740343  0.00058211904564105  0.00060623983923723
  0.00062926488202081  0.00065102951683199  0.00067353178949464  0.00069533529257365
  0.00071703982446704  0.00073871725870861  0.00075925912019638  0.00078005187465236
  0.00079968725043132  0.00082027097714386  0.00084093362777152  0.00086130580303358
  0.00088186987478922  0.00090292282659491  0.00092402954254239  0.00094617093843035
  0.00096838878741081  0.00099080981201407  0.00101298301563851  0.00103449020423431
  0.00105578863223077  0.00107747473376133  0.00109959341736471  0.00112200341408959
  0.00114433077019846  0.00116605515683395  0.00118634854411704  0.00120507074318449
  0.00122405967060839  0.00124354449122199  0.00126331217633777  0.00128270728764822
  0.00130036829557226  0.00131735574003739  0.00133364448532406  0.00134922667871184
  0.00136506695531877  0.00137950619122021  0.00139287343163609  0.00140775630973744
  0.00142257332635977  0.00143728622479356  0.00145185451975546  0.00146602203287727
  0.00147926796975571  0.00149241137087382  0.00150586842188066  0.00151892373410301
  0.00153000203043497  0.00154115078489786  0.00155312064187589  0.00156446447077919
  0.00157639513856821  0.00158888308295500  0.00159992080680905  0.00161072901362495
  0.00162158950728471  0.00163293542028281  0.00164567468654210  0.00166011565380252
  0.00167594231485154  0.00169116783087928  0.00170428247698736  0.00171783035022892
  0.00173217568228487  0.00174808728438651  0.00176795755114042  0.00179290160238677
  0.00181628556076104  0.00184367709280507  0.00187643434582616  0.00190703998260784
  0.00192258387877703  0.00193792181628916  0.00195028202260479  0.00195688044271229
  0.00195742995403331  0.00195806510689409  0.00195815858073257  1.00000000000000000
 -0.00194121910535746  0.00898852313684809  0.01836873197523928  0.03014915236910178
  0.04195179058002956  0.05447019505078848  0.06589943969028268  0.07713101945610676
  0.08809077557239769  0.09877065417306391  0.10973467744408465  0.12069713012462757
  0.13233846334107222  0.14596082487040066  0.15842256099534116  0.17189499987691650
  0.18373123271905556  0.19441930661100185  0.20518566321068354  0.21517783184896594
  0.22503920100652880  0.23504829430667984  0.24460676031093961  0.25451701323890791
  0.26410198546651759  0.27409554286422921  0.28613734467451502  0.29768132122798369
  0.30956449359779031  0.32191825243753247  0.33518212069782855  0.34789342419462954
  0.36010131987067334  0.37141120849649573  0.38358906841760820  0.39573241108992985
  0.40724990069482886  0.41764570903428738  0.42699024609512531  0.43657121259020859
  0.44728433238437898  0.45767465946209945  0.46778024753369146  0.47772715183503006
  0.48803789635467709  0.49835783455178601  0.50830928630883143  0.51859020879335038
  0.52921813780651028  0.54195539177267127  0.55454203633888710  0.56764278234061127
  0.58034842461561309  0.59190655468808939  0.60281284742642116  0.61292883686216937
  0.62304054568168465  0.63485864506541512  0.64560902166209044  0.65606368855236152
  0.66497493771108940  0.67394010269664184  0.68295227013438287  0.69190197849842072
  0.70100191247699151  0.71068845283477478  0.72092179344585539  0.73228035385924750
  0.74191649328272169  0.74994872258669076  0.75713435160954001  0.76381187977488008
  0.77078160522950678  0.77881747218479314  0.78804431505848094  0.79864319909985815
  0.80907937634225602  0.81933243512485965  0.82991180689335020  0.84025836373478702
  0.84981792652513533  0.85921090628706498  0.86903281981818681  0.87949189958606377
  0.88999230607732727  0.90083337308859290  0.91223157381440345  0.92336889496352614
  0.93384363889673361  0.94418577152137162  0.95374546591924469  0.96382197050643637
  0.97449804990992162  0.98363221646760080  0.99201582888319395  1.00000000000000000
 -0.00234959091759057  0.01021499100527610  0.02111934642012825  0.03217124259249980
  0.04295600854230737  0.05254533028654940  0.06209109281730987  0.07024061423554739
  0.07673427451180097  0.08310363644977158  0.08993775255337998  0.09814167980289674
  0.10803283258080786  0.11714047318969582  0.12604692704688514  0.13539538676356411
  0.14525928333427179  0.15575830831999074  0.16736549874234594  0.18122124127624414
  0.19461357536988805  0.20559059877546315  0.21652679995769697  0.22727633723487120
  0.23867239706156890  0.24878942145663854  0.25900058099895235  0.26949126372712101
  0.28024572699598504  0.29161685294435552  0.30291985380587017  0.31346514806703185
  0.32342160438013839  0.33276636104840079  0.34243610629133114  0.35294034835207255
  0.36436276059108014  0.37560651641355419  0.38638379344881618  0.39558510299708916
  0.40450441170819856  0.41258710096685258  0.42123071922705285  0.43228882096945115
  0.44401408960077282  0.45367867248634514  0.46267089882549783  0.47189759579361790
  0.48211286820535415  0.49216428417872160  0.50373764384928277  0.51724689622928810
  0.53108984823500527  0.54353377848702711  0.55585015927085346  0.56618371772793785
  0.57591746588861903  0.58652278957499970  0.59832413214368740  0.61141171112676773
  0.62443085841144486  0.63613131647571641  0.64671847053212739  0.65642659865121389
  0.66668662401472989  0.67750998056550715  0.68832406100979282  0.69940590319969964
  0.71102200889662692  0.72220216996175868  0.73295659377533151  0.74384207056706331
  0.75549980634800895  0.76839990424446591  0.78119486882071232  0.79296775431803879
  0.80363616798048432  0.81411336696537573  0.82442263369283919  0.83396627752428676
  0.84336494227372361  0.85307413898491236  0.86311549003167476  0.87309187405327604
  0.88310597855930673  0.89285319503579852  0.90263458232261251  0.91236629016943782
  0.92360798883280482  0.93569732141737338  0.94636307787596330  0.95616222751550883
  0.96607894406007533  0.97770601879133612  0.98870503149103228  1.00000000000000000
 -0.00205277575432468  0.00769477536290566  0.01706560352380265  0.02739637691800039
  0.03803989240221514  0.04903159841777007  0.06015182903773209  0.06965661484966973
  0.07894714823001023  0.08768619983455722  0.09708024275722885  0.10758932277609738
  0.11701148087326761  0.12635621491327192  0.13538205148031460  0.14447299951659903
  0.15421956778922402  0.16441667277978292  0.17679391839229452  0.18842745356272672
  0.20066408181735404  0.21174828750346983  0.22299930819030070  0.23392794489720220
  0.24422191718788053  0.25362677318348148  0.26256072621321735  0.27081524065507961
  0.28085228587581124  0.29115081383658103  0.30293456505214855  0.31532025619464421
  0.32892433462652526  0.34213807011700470  0.35406965544944174  0.36416430261484950
  0.37415674462583015  0.38390707508280886  0.39477020209727021  0.40531011257865429
  0.41539735121493337  0.42591309205959038  0.43768565487189781  0.44953773851117240
  0.46105386709188823  0.47114269672088938  0.48164675618966346  0.49140566573934230
  0.50198340633198324  0.51118364190844523  0.52011217363303952  0.52743613533736833
  0.53473624891105243  0.54238655836962513  0.55000673806524336  0.55966607492614495
  0.57049325125812178  0.58072690815231987  0.59128858079604596  0.60100931718418404
  0.61181950103142135  0.62235772394945388  0.63364669316391120  0.64373882403195148
  0.65391478294498606  0.66435420569278869  0.67554424982688710  0.68727220482160178
  0.69935585864918492  0.71227475657337913  0.72576739154752978  0.73915490633016112
  0.75208094225668476  0.76427286287529994  0.77491014452061624  0.78432135241613388
  0.79341794987763736  0.80264955787851333  0.81326442373613816  0.82431881846546384
  0.83528108038524129  0.84621752136110473  0.85692900419754947  0.86706586128396412
  0.87716755425556681  0.88791048967160424  0.89972682814212424  0.91224186091792125
  0.92428417854139888  0.93643466928459917  0.94850027374363344  0.95967443767993144
  0.97010557806054576  0.98013082109743965  0.98970356570617224  1.00000000000000000
 -0.00290841912538555  0.01198781847548034  0.02486651563906315  0.03501369460347639
  0.04476873329806473  0.05457264784949913  0.06401173422910203  0.07540820977891274
  0.08695620410916698  0.09974612538507520  0.11184681502332096  0.12375269878831510
  0.13437288513393891  0.14430188191416043  0.15335895515992320  0.16193527211307629
  0.17036275081960534  0.17906985496159145  0.18796786177997923  0.19762551340873311
  0.20806905215919244  0.21843536889113932  0.22900224348756110  0.23903136793508314
  0.24964601446463600  0.25908182717177053  0.26798185794120660  0.27720427679710002
  0.28688642728546793  0.29687919363593085  0.30601496860132799  0.31546159953683300
  0.32606878414176793  0.33790936024507112  0.35025759937109024  0.36207000827448166
  0.37388925647639532  0.38517147112957439  0.39663535243118853  0.40736222089905727
  0.41821176157248185  0.42874932637381119  0.43820040848967295  0.44881903113210042
  0.45884858359160458  0.46975483814679281  0.47931073280800357  0.48753000763992743
  0.49522210439699527  0.50319475886545684  0.51187804749768417  0.52069021404128368
  0.52999801272654212  0.53982903724414577  0.54948682792065184  0.55926389162564061
  0.56948796793873058  0.58032409953922059  0.59157688117009166  0.60345234399929482
  0.61594171303940060  0.62702147937937858  0.63686020102849594  0.64697529276594190
  0.65653212552049323  0.66875871209556470  0.68074949443455346  0.69200568917079186
  0.70176619672458840  0.71176961872115074  0.72126654449722594  0.73193822500381722
  0.74347044215967595  0.75532869912729195  0.76692525056796124  0.77796647802071428
  0.78717802612923160  0.79650368799757176  0.80580900227748109  0.81655008284777797
  0.82843924875083497  0.83981595354257699  0.85102214407875565  0.86233969602715899
  0.87378859505620055  0.88583819765815008  0.89801633098088685  0.91060136915953882
  0.92201644852449660  0.93259363599674827  0.94354797552787817  0.95495062739324810
  0.96646433986534330  0.97753187943039077  0.98920665134499741  1.00000000000000000
 -0.00309333540613579  0.01282868507823880  0.02550229368760448  0.03710052971621080
  0.04846178874275606  0.06037671882510101  0.07311863348444086  0.08514842352547781
  0.09580723463930828  0.10646381293936789  0.11781502506697916  0.12853907507406506
  0.13889560762734401  0.14950402510904537  0.16079034269499892  0.17147468457920795
  0.18234328747873779  0.19331436846601191  0.20360047102086209  0.21325587312027522
  0.22325215275443744  0.23345619356050182  0.24351796130110451  0.25362084651498140
  0.26399276334424887  0.27360511247941205  0.28265115105103106  0.29205126784235880
  0.30204889442150801  0.31196236276505179  0.32168235521658189  0.33190042637963413
  0.34230735564950521  0.35234741313297374  0.36267481769178006  0.37296655004430979
  0.38375115653532532  0.39554491367661399  0.40847860589574625  0.42196965631539207
  0.43550363466712450  0.44607572280916757  0.45436089231661592  0.46156323237151792
  0.46843530007858220  0.47604592378645805  0.48496802399443584  0.49375022291519399
  0.50416584844030088  0.51538409036985267  0.52611342644649395  0.53648094130083901
  0.54708888674673040  0.55817837474152410  0.57095821478156261  0.58150672605217468
  0.59038935603661180  0.59885867639279389  0.60727539224581217  0.61699307127010594
  0.62876215225917609  0.64016205687073469  0.65141621412677486  0.66174574897696636
  0.67291876675393558  0.68422915764217918  0.69480957653533937  0.70477410770515436
  0.71449189815777603  0.72367175248658011  0.73314125810794550  0.74240295411018120
  0.75249331226123672  0.76505317359914549  0.77809986057798808  0.79086861721150348
  0.80182327372732320  0.81101398181824069  0.82011714227587118  0.82943167854810240
  0.83922242944139325  0.84928102339667255  0.85903872968851291  0.86870844912586176
  0.87846592557533809  0.88756056022246110  0.89630507372320656  0.90544010052973223
  0.91523650705448234  0.92637734524322779  0.93769982748885117  0.94968339766546928
  0.96175303775744081  0.97422158182702412  0.98702569406108187  1.00000000000000000
   2.1313262656700718E-022  -1.0000000000000000     
 F F F F F F F F F F F F F F F F F F F F F F F F F F F F F F F F F F F F F F F F F F F F F F F F F F F F F F F F F F F F F F F F F F F F F F F F F F F F F F F F F F F F F F F F F F F F F F F F F F F F F F F F F F F F F F F F F F F F F F F F F F F F F F F F
  <DiscreteSampler_grid>
  grouped_processes
  1 # 1 for a reference and 2 for a running grid.
  10 # Attribute 'min_bin_probing_points' of the grid.
  1 # Attribute 'grid_mode' of the grid. 1=='default',2=='initialization'
  0.0000000000000000 # Attribute 'small_contrib_threshold' of the grid.
  0.5000000000000000 # Attribute 'damping_power' of the grid.
 # binID   n_entries weight   weight_sqr   abs_weight
    10   10   1.327866389142321E-012   5.869927801134168E-024   1.327866389142321E-012
    11   10   1.327866389142315E-012   5.869927801134092E-024   1.327866389142315E-012
  </DiscreteSampler_grid>
