  0.00968429131527551  0.01575016029134542  0.02495101358194694  0.03574874929603925
  0.04610297111359930  0.05648632884407019  0.06687156988938729  0.07727831748841613
  0.08767207206919925  0.09806925493010149  0.10845746926218000  0.11882586673263736
  0.12919809398947310  0.13955491483781904  0.14994582280412130  0.16031535706156891
  0.17069284091525458  0.18107692174762299  0.19147178364834444  0.20186753835533675
  0.21223954881945956  0.22262486788080452  0.23299497407188205  0.24334473829555564
  0.25369477862265205  0.26404773689990585  0.27443055514124015  0.28484539071232973
  0.29526189514326762  0.30562078862345510  0.31597392478738262  0.32636134481092360
  0.33681645468050020  0.34726069566838863  0.35766424137311326  0.36805661112989879
  0.37843444121222547  0.38882474948612011  0.39920660062033447  0.40956123595920868
  0.41988985937029655  0.43023795728365605  0.44062363454449527  0.45100378630602722
  0.46137331778375867  0.47173933205834367  0.48213905694058506  0.49252861551963295
  0.50289401023195979  0.51323096480958663  0.52356528892959175  0.53393486229390774
  0.54431969209283593  0.55472571373757251  0.56511734672568503  0.57547632447279184
  0.58582133438436945  0.59617243497552985  0.60653621116044032  0.61689466757171862
  0.62723831132429431  0.63760483529352585  0.64799933605919768  0.65839992384095647
  0.66880404610637989  0.67919046574779085  0.68956048121117042  0.69992758651232245
  0.71031528438242764  0.72072903727329141  0.73116022651695944  0.74160580670423870
  0.75202180514849448  0.76239915364637600  0.77273261877095489  0.78311570432440991
  0.79352169940908801  0.80394211216342049  0.81432556039470072  0.82471988212987790
  0.83512594174242627  0.84554071363892691  0.85591506790233585  0.86627323320285476
  0.87660846511540669  0.88697293468140259  0.89735091380772913  0.90773047973325027
  0.91813722421115240  0.92853992438380450  0.93893932321488993  0.94931525418640772
  0.95971195715526048  0.97011060990147391  0.98049601048935819  1.00000000000000000
  0.00953230419399931  0.01601150694946669  0.02509787004959121  0.03589784502106243
  0.04620390449354024  0.05655221990166948  0.06692560085778165  0.07730994309345665
  0.08763703045571239  0.09792804938703281  0.10821945997745720  0.11854045883841759
  0.12888905855984242  0.13927378780344049  0.14965749612011583  0.16005410958716171
  0.17042546443774931  0.18082284057168280  0.19122159878489517  0.20161412732529724
  0.21198177694294762  0.22233070503942001  0.23272976941390169  0.24312968906692203
  0.25352945459521403  0.26391545386738208  0.27427690866634513  0.28465584456586157
  0.29503129560779529  0.30543538302724688  0.31582378927384613  0.32621554706525446
  0.33660585978402763  0.34700679367698500  0.35739838280255160  0.36778204427739619
  0.37816942237260809  0.38855429502284272  0.39895147287367094  0.40934596003244339
  0.41971710629581233  0.43008369992473511  0.44045003558355350  0.45081513228880238
  0.46117407661201404  0.47154129080550594  0.48193098714953464  0.49233021233328222
  0.50267932945166338  0.51300035650895393  0.52330346139515804  0.53364322499832662
  0.54401159922618425  0.55438781957054806  0.56478316224869396  0.57518906578443907
  0.58559929359196528  0.59597917740776496  0.60633457361313892  0.61670639912786374
  0.62711413119143489  0.63752535824967571  0.64792172607720766  0.65831517573045017
  0.66871343717511578  0.67910719412079323  0.68947628293722485  0.69987148992775794
  0.71028313999050074  0.72070989101112515  0.73110970270647657  0.74146879393945642
  0.75182806954868919  0.76220042059087856  0.77261425357468960  0.78300571971713684
  0.79338005538100953  0.80376318964199789  0.81417100740187198  0.82456846844322873
  0.83493215290492706  0.84528492139425637  0.85566706640360901  0.86607066241812491
  0.87646385640138957  0.88685105825479671  0.89723318092392079  0.90763160774297602
  0.91806302366418702  0.92848214340414759  0.93889067780847457  0.94927848768898515
  0.95972185439629409  0.97013338149811368  0.98051369816871903  1.00000000000000000
 -0.00233447487385774  0.00942202050300055  0.01951838302166631  0.03001442589478167
  0.04054792932025519  0.05110769164196060  0.06170092492205938  0.07227195294044353
  0.08283732980391166  0.09341429638450788  0.10399958832880823  0.11460147000786880
  0.12518099409390193  0.13581970314059164  0.14642329003498522  0.15701784558330337
  0.16754155955803443  0.17806323563269827  0.18856153008134729  0.19906524132497130
  0.20954035266069398  0.22004528008941537  0.23054797418330908  0.24111575619086320
  0.25163365825455131  0.26216851568413319  0.27271121150342192  0.28329815358182314
  0.29386603353526103  0.30438727152303291  0.31485970478679570  0.32536162001216107
  0.33588956995146879  0.34644371368495902  0.35694021598421855  0.36743004791310868
  0.37794508221610990  0.38845979598883995  0.39897169514882619  0.40946705878067302
  0.41998847531054762  0.43054800089822703  0.44110410813156137  0.45168311480083240
  0.46219763774852901  0.47272393023064135  0.48323833731377103  0.49377228423440683
  0.50428049980174328  0.51477773547584849  0.52532668804837301  0.53585996915723799
  0.54641203314796483  0.55690036524665198  0.56744583503345769  0.57801683210003663
  0.58863198460366772  0.59923090533809609  0.60977422524580249  0.62033859362500865
  0.63090761039034859  0.64149619212779374  0.65203629785633022  0.66259223758283414
  0.67315359191979585  0.68373395837405981  0.69429078406984868  0.70485773238360883
  0.71542432868524231  0.72601663504935610  0.73658813961327652  0.74714737974581957
  0.75768632716787954  0.76823076825632330  0.77876329099611297  0.78931427274897947
  0.79986392019518793  0.81042253026580868  0.82093268051443891  0.83149456719163672
  0.84210128228535241  0.85271251581921470  0.86326832050119451  0.87377322837904836
  0.88436629441424575  0.89493352750072408  0.90551993531128405  0.91601345551374846
  0.92654819747420802  0.93708659331513822  0.94763578310886842  0.95816020497541476
  0.96861056327163353  0.97905157022760081  0.98952091176175150  1.00000000000000000
 -0.00242731039701235  0.00951367892612091  0.01963855529521815  0.03006346284991743
  0.04050396439713518  0.05097653424857940  0.06152476598135726  0.07207271823972622
  0.08261520621132891  0.09314302295468294  0.10369835896597575  0.11427505520907442
  0.12487832004646987  0.13543616557432236  0.14592215144578474  0.15636386262117230
  0.16686533543166726  0.17739194053782059  0.18800793905500396  0.19861643877117377
  0.20924736581124417  0.21981093324432682  0.23037494397387612  0.24097613104581517
  0.25157170114933436  0.26217045531206545  0.27274845468561015  0.28330066382809949
  0.29379986787677115  0.30428180626311052  0.31481263317495978  0.32535483943754068
  0.33592258106103956  0.34647050827340969  0.35701893695317488  0.36753192138601604
  0.37803648321424183  0.38855441837723315  0.39908399308074793  0.40961843476721244
  0.42012198834346792  0.43067580636445862  0.44124192881600105  0.45185196868106814
  0.46242719721244518  0.47293127488986897  0.48341361845109604  0.49392742328547534
  0.50449233618648315  0.51508861749318169  0.52563920797030794  0.53619735399609603
  0.54671736448473907  0.55727561880573329  0.56781661079779477  0.57835426124687028
  0.58885779976515951  0.59938469681086703  0.60992431450941409  0.62051331679409860
  0.63104203206297527  0.64155328530852729  0.65203603187858439  0.66256670961399999
  0.67313226271703874  0.68368203259473348  0.69424581037349042  0.70482721320137731
  0.71539606340192519  0.72596020258483773  0.73652655782451670  0.74709897430253169
  0.75767024498908031  0.76821442174749732  0.77873382771306088  0.78924259463451629
  0.79976136452813262  0.81031033962128729  0.82090502148965794  0.83143826192962433
  0.84202165163215592  0.85256962876496656  0.86318047610288395  0.87368325339512032
  0.88416435261601434  0.89463370082358917  0.90516918856981632  0.91570622188695505
  0.92624367478105141  0.93681027963738084  0.94739297572555137  0.95795525409379467
  0.96846935105122156  0.97895879430199584  0.98947645482876723  1.00000000000000000
 -0.00230837403371303  0.00979637143864021  0.02004464426548078  0.03060083034008552
  0.04116723492608042  0.05171205628319740  0.06226372850403598  0.07282964488484196
  0.08337808962118948  0.09387842961127642  0.10431965169880189  0.11481377889100533
  0.12532526597312593  0.13585526991482863  0.14634011440933678  0.15686006067748501
  0.16742250604026432  0.17800141247782242  0.18857073691045984  0.19911596385871863
  0.20963879758910456  0.22015189768126942  0.23070310631432212  0.24119287517461280
  0.25165087127464031  0.26207429615711086  0.27255540324119071  0.28309021068657697
  0.29357458640054762  0.30408688899564662  0.31458498364584331  0.32512269054803317
  0.33571091973570466  0.34631918260818689  0.35692261977337880  0.36742753659908989
  0.37793546372987069  0.38847912208578766  0.39905338532623502  0.40951770648851898
  0.41995068199286062  0.43041146371649353  0.44098103621151374  0.45162679981691928
  0.46222377709456858  0.47275527311102261  0.48323418582044858  0.49375610414409965
  0.50431998835235059  0.51486435891605908  0.52543098838263691  0.53601733922401429
  0.54664580010082153  0.55722187268761492  0.56779695915968398  0.57835001747248915
  0.58892207193153989  0.59947724722948581  0.60997483453519818  0.62047124527583075
  0.63098324296302188  0.64155304459712226  0.65211028290053785  0.66265458019488721
  0.67317815037958972  0.68369159056545370  0.69420509313197232  0.70474717410403720
  0.71530657710002998  0.72582571217819636  0.73636119816266821  0.74686662273946125
  0.75737940387340241  0.76787326425789060  0.77836949457136961  0.78889269587164945
  0.79943010616007371  0.81001888237808684  0.82060534170129928  0.83115793068797550
  0.84170902021362148  0.85230219232402982  0.86287437971578040  0.87341956343780036
  0.88393049602047602  0.89446131378415861  0.90501656044581225  0.91555737572805196
  0.92616690270962987  0.93672053562666058  0.94730335094280649  0.95787398659334289
  0.96838332400965221  0.97894398697059037  0.98943511147686791  1.00000000000000000
 -0.00242198992376542  0.00940354751514585  0.01951972071198395  0.03002721332134118
  0.04056356941501740  0.05106657270165139  0.06156808932995979  0.07210156772801078
  0.08268573825701080  0.09327293454049258  0.10382735475265903  0.11437644896730419
  0.12492277150885749  0.13546537267080871  0.14602216681539357  0.15657312481274663
  0.16711223032093386  0.17763214946549183  0.18816749352933218  0.19875629781563589
  0.20934933327451860  0.21992366913744382  0.23048248416325740  0.24102709021963767
  0.25155538443188441  0.26207318947201474  0.27258775406643043  0.28315903239320295
  0.29377324656487946  0.30436170588829109  0.31494399631482467  0.32542688102292028
  0.33588865992655270  0.34628379877698007  0.35676086904247806  0.36731969826951855
  0.37793178792243975  0.38852137295554950  0.39910357366231858  0.40969730070435018
  0.42031303784834739  0.43087481414138978  0.44140119542354622  0.45191869579756666
  0.46245500053783439  0.47298854136392648  0.48351189733212629  0.49404780885649113
  0.50461512210084303  0.51516200805256829  0.52572581476751601  0.53626029357409055
  0.54680076597201099  0.55731433829703969  0.56784409301156125  0.57835717340515569
  0.58886802542388184  0.59940663488297374  0.60995472479787793  0.62054635448671336
  0.63110116019653750  0.64169597818140844  0.65221976781387014  0.66273088205832131
  0.67312649386513257  0.68354911642591498  0.69400185417989824  0.70452228831366626
  0.71505388047112806  0.72559745710633816  0.73615722847520315  0.74670606743265933
  0.75721873433160514  0.76776355269032026  0.77830231077035683  0.78884113555429747
  0.79937336673412529  0.80991168811307512  0.82045694941553116  0.83097812789085168
  0.84149608875836046  0.85205051542398225  0.86265328772311034  0.87328228124888851
  0.88386341735188112  0.89441865745766502  0.90497627669322733  0.91553658835055951
  0.92609644807215707  0.93665569851862240  0.94719950619157545  0.95776914710598460
  0.96833249414989864  0.97892104097353849  0.98946421471668689  1.00000000000000000
 -0.00198150189230495  0.00993052207291839  0.02013410348001799  0.03060652500575275
  0.04108921917582926  0.05160787587118187  0.06209275424742527  0.07253458614309607
  0.08294662325731292  0.09341028214314319  0.10391358793427252  0.11442819084720360
  0.12494114181805073  0.13544088199997731  0.14599185857961677  0.15653519088022924
  0.16710768783431568  0.17762556750994049  0.18813777972778975  0.19867558625625981
  0.20924591534293510  0.21984222916096033  0.23043128590428671  0.24100759845393654
  0.25160306977841312  0.26213767147327771  0.27271504116050238  0.28324333268389779
  0.29381200698093507  0.30433113025350467  0.31489968125320378  0.32546972171702820
  0.33606976062332167  0.34663512026363291  0.35721882012089462  0.36777969578872699
  0.37838792550682004  0.38896370334489105  0.39955988913379936  0.41009483928307328
  0.42059949583483747  0.43110093869123400  0.44157921209916906  0.45213054449579398
  0.46266582547829099  0.47324155574682680  0.48383850386572436  0.49447693293201245
  0.50511292720206158  0.51577843382164335  0.52637068365104078  0.53700364229216757
  0.54755711133515617  0.55813448529677379  0.56869763235677750  0.57925311736732876
  0.58981621888781577  0.60034881089917502  0.61090931370253643  0.62144095137574684
  0.63199457159623817  0.64256713634355633  0.65318591420283711  0.66378640797958677
  0.67429948055305067  0.68478674083142821  0.69531045304351491  0.70583652691379906
  0.71633310607884404  0.72680441062895695  0.73732657806465252  0.74789376251880879
  0.75843779239167419  0.76899483202058683  0.77956130414199509  0.79008168350962782
  0.80057058313354379  0.81099206343351615  0.82149246697419576  0.83205577533536401
  0.84263422747400962  0.85318590777559711  0.86365243924090773  0.87412492030035971
  0.88456631203640856  0.89503809668460765  0.90555865763200383  0.91608576781097306
  0.92657589558591280  0.93701545556162336  0.94746106932532337  0.95794578812174380
  0.96844068266884209  0.97896601712989062  0.98947436622063689  1.00000000000000000
 -0.00254498032963457  0.00945667288862647  0.01958471158141976  0.03006121887219287
  0.04053953587458939  0.05103289593570507  0.06154936159638492  0.07210214382600852
  0.08262412697664832  0.09317939295458991  0.10371668387666899  0.11430994617913671
  0.12486883596873843  0.13544617974719195  0.14600879780897391  0.15654472849818105
  0.16707389772934117  0.17758481905721402  0.18811686927152882  0.19867372847700893
  0.20922647108527329  0.21979163273546870  0.23035718227226132  0.24092403132254717
  0.25151357828603327  0.26203233231773915  0.27253234987546388  0.28300008836044604
  0.29354948024384486  0.30414092370421841  0.31472742972729045  0.32525323117103194
  0.33574828181918370  0.34628364658707378  0.35686047943343391  0.36744799375436132
  0.37799883706799564  0.38850851964580918  0.39905149089477693  0.40958942729922232
  0.42016386223644020  0.43074940391578653  0.44131626950554453  0.45182927985777271
  0.46233088530270694  0.47285956163961407  0.48340306303530511  0.49396194873115679
  0.50450408914479761  0.51509357447180582  0.52564099100492512  0.53621303261185027
  0.54674398819937675  0.55727430186844384  0.56775962323953533  0.57827007429297916
  0.58877917989146633  0.59933585358254393  0.60987360898003296  0.62044497717992553
  0.63100131627887501  0.64155932206372657  0.65208374908602462  0.66261021553883981
  0.67316801459613063  0.68372552944235854  0.69426190207885774  0.70477828441613355
  0.71532357591921414  0.72589470338233730  0.73645963861475960  0.74699575767702453
  0.75756704873225300  0.76813354383892696  0.77866392142307050  0.78914558815126656
  0.79959582730035450  0.81010420629264501  0.82058153140097689  0.83110797238505107
  0.84165594769520191  0.85223787250988647  0.86282232985965590  0.87337445391397661
  0.88392636754832965  0.89443990958317476  0.90494923513329029  0.91550064736133729
  0.92606380314706283  0.93662238754701788  0.94715443797147536  0.95770650297353033
  0.96825493668978801  0.97881856059453998  0.98939337483928502  1.00000000000000000
   8.4873802688756021E-015  -1.0000000000000000     
 F F F F F F F F F F F F F F F F F F F F F F F F F F F F F F F F F F F F F F F F F F F F F F F F F F F F F F F F F F F F F F F F F F F F F F F F F F F F F F F F F F F F F F F F F F F F F F F F F F F F F F F F F F F F F F F F F F F F F F F F F F F F F F F F
  <DiscreteSampler_grid>
  grouped_processes
  1 # 1 for a reference and 2 for a running grid.
  10 # Attribute 'min_bin_probing_points' of the grid.
  1 # Attribute 'grid_mode' of the grid. 1=='default',2=='initialization'
  0.0000000000000000 # Attribute 'small_contrib_threshold' of the grid.
  0.5000000000000000 # Attribute 'damping_power' of the grid.
 # binID   n_entries weight   weight_sqr   abs_weight
    10   10   6.139614309513869E-001   8.426898186536181E-001   6.139614309513869E-001
    11   10   6.139614309513866E-001   8.426898186536171E-001   6.139614309513866E-001
  </DiscreteSampler_grid>
