  0.00930414863579623  0.01715686990056560  0.02564369115066725  0.03649008861976662
  0.04679394768573068  0.05716391336228920  0.06757417805738687  0.07795693899473079
  0.08833076028583477  0.09869293625495093  0.10906411865122123  0.11939490135899052
  0.12973591187835359  0.14008200984201338  0.15049946674028805  0.16088745314014183
  0.17129481868737723  0.18166735324076150  0.19203980319325331  0.20238154905963812
  0.21274868972234540  0.22313189801315758  0.23351062123459149  0.24387299657364409
  0.25419180809832170  0.26453917420026540  0.27489006721438108  0.28528857935557400
  0.29568179618640361  0.30605435554036214  0.31640241755976056  0.32675259857839950
  0.33712435531754165  0.34752086724542347  0.35790808480141262  0.36829991286205505
  0.37868019449383067  0.38904762113651553  0.39939312194232235  0.40974345449502603
  0.42013569295664582  0.43055327006378646  0.44096664403175778  0.45135533101130298
  0.46171049347820231  0.47204818960570255  0.48238338574166212  0.49276265940523495
  0.50317138643965809  0.51359136634167180  0.52399501935380144  0.53437728650766447
  0.54473982746565652  0.55510135084196921  0.56548306123969450  0.57587394228700473
  0.58626218163804045  0.59665154602475079  0.60704411732136310  0.61743775868512785
  0.62779957393530017  0.63813155874859417  0.64846288976602062  0.65881610120811362
  0.66921571210148245  0.67964189638199168  0.69007927134784763  0.70051995914978737
  0.71094588390027647  0.72135749819539596  0.73176600188269902  0.74216133736152834
  0.75254753560930288  0.76292342370988231  0.77330413506568496  0.78368925280016721
  0.79405634181082829  0.80441556013780369  0.81478178317688876  0.82516260415247855
  0.83554573057104831  0.84589400093172973  0.85623946150974650  0.86656065685419070
  0.87688739048719289  0.88719194488348252  0.89751290916318582  0.90786831038668692
  0.91826852503263567  0.92865577797194876  0.93905210281671558  0.94940722267110012
  0.95979674364360401  0.97014541432411960  0.98049980270116133  1.00000000000000000
  0.00949911617222822  0.01675577350680770  0.02554590666052839  0.03644086274307015
  0.04683047008755700  0.05725384678558826  0.06765970476619794  0.07806853521706267
  0.08848939798405424  0.09889423047863433  0.10929039970281210  0.11965089908906772
  0.13005061761008291  0.14049235747535141  0.15095646613806882  0.16139440302811328
  0.17178838264992874  0.18219875784626891  0.19262341165150554  0.20300326865427629
  0.21333751748447957  0.22363654425746279  0.23396140655094050  0.24429548008415608
  0.25463925359283673  0.26497983533284947  0.27531739448080583  0.28564964495677098
  0.29601711203097053  0.30641403257765470  0.31684605061332238  0.32723201681735165
  0.33761097260113765  0.34798429668746694  0.35838839973580444  0.36881529521939188
  0.37924639140115451  0.38968591467956304  0.40008894443684556  0.41046199561147489
  0.42082618576140240  0.43121034408885994  0.44161315523904388  0.45202245985885148
  0.46242240586289635  0.47282228395451420  0.48320154706677809  0.49357652666559249
  0.50395750267947403  0.51433404369747493  0.52470491163194422  0.53506483878239497
  0.54542068421012957  0.55576715389013653  0.56610699298515099  0.57644286822450297
  0.58677210353711351  0.59709288324656407  0.60743288750082058  0.61779882455903912
  0.62816638329025343  0.63852484468303461  0.64889120944594836  0.65928031349967586
  0.66969096730375144  0.68010175196748601  0.69049790382406595  0.70088101848092754
  0.71123283645428359  0.72155999582867247  0.73186884900644322  0.74218139303769182
  0.75251672631465916  0.76285965558392554  0.77319938618568884  0.78353389651554040
  0.79388589823337041  0.80428252079104801  0.81468271432030892  0.82504798421607795
  0.83537043764563690  0.84567662594653692  0.85600807723310302  0.86634669400813191
  0.87670748829213474  0.88707891315607934  0.89747170360146389  0.90788591415109088
  0.91830325956765435  0.92870109242924892  0.93908466688587244  0.94946491903166275
  0.95985378908565167  0.97021059751820371  0.98054206204475292  1.00000000000000000
 -0.00251060006409056  0.00995454378940846  0.02028716140789944  0.03086394856727287
  0.04146247867320714  0.05198820534316766  0.06251664643734200  0.07299829362785576
  0.08350373800222545  0.09404507474865011  0.10459344727467544  0.11514215960323006
  0.12568871222196534  0.13622966612156073  0.14675940118881400  0.15729834942906706
  0.16788054385902257  0.17845716738195214  0.18900563160052822  0.19950678360131316
  0.21001256291092343  0.22051737367024982  0.23108265505782191  0.24165260856016502
  0.25222561373022195  0.26273638035813363  0.27325369916237890  0.28378129350086440
  0.29429087134981552  0.30483177411048051  0.31540055509220072  0.32603249318565847
  0.33662488005749219  0.34717088690128761  0.35768168536008105  0.36819162821529489
  0.37868801391344775  0.38918700740704010  0.39965940213480944  0.41020191763253366
  0.42071928546123277  0.43127756761300429  0.44182540635148831  0.45242231357062479
  0.46298740674783379  0.47350966173559716  0.48406381491310346  0.49461747765378006
  0.50523812097949439  0.51576826251427454  0.52630633368382573  0.53682138202742746
  0.54740177704725379  0.55796177718173889  0.56847996979459825  0.57892381892728284
  0.58938715665810149  0.59987366325336755  0.61039675913659142  0.62089387989272915
  0.63141831211977206  0.64195246165539277  0.65252157672283106  0.66302033011358930
  0.67353890502683733  0.68403919953577264  0.69459597463858280  0.70512861299853258
  0.71568220860722476  0.72620654872129742  0.73673251027802111  0.74725968053545144
  0.75780114015076994  0.76833167135333102  0.77884731134548824  0.78931800719459400
  0.79977773104182115  0.81021975905511290  0.82071894718605531  0.83122104599785473
  0.84176630508508388  0.85230151021575695  0.86291215946848532  0.87353691001123368
  0.88413528002083452  0.89469693347192458  0.90526304951518177  0.91583941894130949
  0.92636476983871485  0.93688850305869653  0.94739859650608615  0.95792591979638786
  0.96840624940600639  0.97889452295694301  0.98943170692582838  1.00000000000000000
 -0.00242527335290115  0.00947742575631608  0.01963695874423405  0.03012527251729928
  0.04064639683501461  0.05120095249615998  0.06177304542852054  0.07240283887451561
  0.08292943598165271  0.09340389119728221  0.10384851053430194  0.11440850124414211
  0.12500271176704941  0.13561071379830880  0.14613031937773144  0.15666673405177198
  0.16720971847703464  0.17777151982294262  0.18837050416644113  0.19893685532089814
  0.20947520439419196  0.22000666121824980  0.23048036475750244  0.24103554659851206
  0.25157358361665050  0.26218045839835563  0.27273889945665242  0.28327230620948807
  0.29378684870361393  0.30427101041468141  0.31476820512912262  0.32530120444751631
  0.33584170652360157  0.34640671265750411  0.35693487743565017  0.36746544246770291
  0.37798058750335434  0.38851551566404502  0.39905845971436987  0.40957679121395546
  0.42010134748438571  0.43060595506704274  0.44116213382231650  0.45171872878868491
  0.46232279841587498  0.47287019695893867  0.48341076219765183  0.49395617264769959
  0.50448024038381578  0.51503036717618711  0.52557031995969294  0.53614754555202770
  0.54670068479639944  0.55728513337316543  0.56783009446198418  0.57836767462287653
  0.58888040113704332  0.59941375109673167  0.60996444490024648  0.62048855726724883
  0.63098726320912768  0.64149376510828404  0.65199647696858232  0.66256485017226396
  0.67309416502727282  0.68361499096604184  0.69414111427006209  0.70464292544526930
  0.71519907748109579  0.72573418779112220  0.73626928543842352  0.74678996844610024
  0.75730618593086318  0.76788825725895404  0.77845289444641108  0.78902526791593008
  0.79955452601335519  0.81012836406157085  0.82068261738773218  0.83123857213930119
  0.84177229417451516  0.85235443697089686  0.86290335234110560  0.87343616200384311
  0.88394516504380105  0.89451873460026532  0.90507386793284117  0.91564927647019390
  0.92617048322734041  0.93672592776499197  0.94723122092316925  0.95776588787666317
  0.96827435594997380  0.97882581180723061  0.98940133616956005  1.00000000000000000
 -0.00242955698196262  0.00941764632635974  0.01955709656076440  0.03003110502584255
  0.04054382198390639  0.05103030938434421  0.06158285979110286  0.07216332443939004
  0.08270566222436976  0.09321700869387420  0.10372254859866736  0.11425362526718483
  0.12477035723556340  0.13528306170921328  0.14585939474870471  0.15642742630079409
  0.16703585166632148  0.17759384646408180  0.18816068184588558  0.19872403240851733
  0.20930988021017732  0.21990767337212258  0.23045170711530416  0.24095600947674126
  0.25144259931785234  0.26191946190532761  0.27243446499218754  0.28296589483317625
  0.29351243188892912  0.30405935328931760  0.31460649789071410  0.32515498239970664
  0.33567585364451996  0.34620480331842857  0.35671939113737916  0.36732167981876485
  0.37789041218341873  0.38849964362114559  0.39901912172199011  0.40959678720075554
  0.42013164857929253  0.43066398418542795  0.44116779487967966  0.45168865525838336
  0.46221448825990374  0.47271302821027106  0.48321052706110829  0.49369733020306611
  0.50420513751330276  0.51472567612509368  0.52524352826585285  0.53580328280014389
  0.54636501223444778  0.55696390438119736  0.56750426598005288  0.57807147181528018
  0.58862064171003481  0.59923130380228218  0.60975159874448959  0.62028046826328098
  0.63076599498874186  0.64134883662172260  0.65199199793085738  0.66265072832425309
  0.67325692627602052  0.68374982808303331  0.69420928182560993  0.70465643482099682
  0.71516703570153006  0.72568274437293834  0.73623131835149658  0.74673506114452559
  0.75721547052940719  0.76769950560362998  0.77819995096904582  0.78872001771320910
  0.79924011594888122  0.80979661603295694  0.82038150755248984  0.83097719136171144
  0.84155716583376483  0.85209326375702121  0.86261208269297607  0.87315078708063842
  0.88372824754780943  0.89431048034930216  0.90487401437764603  0.91549362720804883
  0.92610691336825779  0.93667580944205342  0.94721281779199396  0.95778050286579064
  0.96839738383340224  0.97896594242164070  0.98949689133208207  1.00000000000000000
 -0.00222268882000480  0.00960147371936514  0.01979720800669339  0.03038315865929550
  0.04099995322165071  0.05161550523781976  0.06215078108210594  0.07268089790384839
  0.08316678428520764  0.09366295002752528  0.10414037821301438  0.11468401796543794
  0.12525947657339981  0.13586957186719828  0.14641713844998727  0.15693877474567680
  0.16744359264065795  0.17799784989427408  0.18855198878117643  0.19914053295364789
  0.20968556093978374  0.22023809491265114  0.23074966518108045  0.24129290183251961
  0.25182574923579892  0.26239297521193083  0.27292196707902838  0.28346045695018252
  0.29397251313022987  0.30455706489813811  0.31510921490901522  0.32567695999039786
  0.33620813743647016  0.34679989028674751  0.35734956338825885  0.36790558726326178
  0.37839125223414000  0.38892420816411849  0.39940808783755427  0.40991190927730164
  0.42042451999375774  0.43096477113462706  0.44154185113820876  0.45209168311736575
  0.46264320463443515  0.47312179910757840  0.48358677862092947  0.49404089630190356
  0.50453114406390365  0.51506921847292164  0.52564490958466947  0.53624560719502146
  0.54684438884651787  0.55738531619832588  0.56791013669617396  0.57839610944782915
  0.58890852050840525  0.59944464818372634  0.61002068009949362  0.62058884922792135
  0.63112989493182070  0.64163481828606761  0.65213264231470580  0.66267410693010909
  0.67325145602069614  0.68383147461643601  0.69440069345896471  0.70494456124564930
  0.71543731755938111  0.72595539617909066  0.73649327657869690  0.74707455474639939
  0.75758116371933992  0.76805469034404361  0.77858004679280846  0.78913281682136216
  0.79968484434860676  0.81021672399686584  0.82073748332241958  0.83128055469692863
  0.84181986907424289  0.85242839205925980  0.86301220568659442  0.87360338982702856
  0.88412280396608589  0.89469551808990444  0.90523408250856052  0.91578385047693767
  0.92631735955141470  0.93684733084591243  0.94735441071116133  0.95783962622382368
  0.96830346553810609  0.97883565718816501  0.98938185320424332  1.00000000000000000
 -0.00231598707902806  0.00959208124414819  0.01977784855059231  0.03035611198754268
  0.04093968509311653  0.05154094919214795  0.06211362474145053  0.07267376476589389
  0.08323155034366767  0.09375398641946443  0.10427487291703286  0.11479845431395337
  0.12536348294762187  0.13589310949134667  0.14638730353497142  0.15692840566308563
  0.16749187941000399  0.17807627048667188  0.18859666665772754  0.19908740840441908
  0.20956023076950298  0.22004813455061303  0.23056829800975523  0.24108403825559005
  0.25164882100946967  0.26223471318721353  0.27284266736899071  0.28339486153331778
  0.29391984132509436  0.30442425597466388  0.31493588190387917  0.32546896605780640
  0.33598844624687529  0.34653076194226018  0.35708614496149149  0.36764236238136633
  0.37817717616794189  0.38872229805965569  0.39923444744936032  0.40976690276739886
  0.42023465429237389  0.43075766424901674  0.44126360673005061  0.45179057037607984
  0.46232581875311757  0.47294021263512681  0.48351479183591284  0.49406685176569692
  0.50455772738677285  0.51512516935634112  0.52567483843245966  0.53621432828227378
  0.54672207355690261  0.55721894233698543  0.56770486530326547  0.57818672925070713
  0.58867770278809162  0.59914420135191748  0.60960663485717703  0.62012107092950652
  0.63068680845441694  0.64126974170041284  0.65182209893004006  0.66234866929685821
  0.67283255461317659  0.68332711786075739  0.69381766242142662  0.70433162740412525
  0.71487674708103022  0.72540045462649505  0.73591749681984064  0.74645378047843780
  0.75704046437466443  0.76764105620731016  0.77821827318009162  0.78874820369611198
  0.79939088592368712  0.81001839199986192  0.82066393707485608  0.83121871395170199
  0.84170671706324440  0.85227037390830740  0.86280608091942934  0.87338726602617933
  0.88395090274531884  0.89450719349799623  0.90505855529053580  0.91560354177626202
  0.92616905802667093  0.93674425727657429  0.94734137689620468  0.95789434565176224
  0.96844249857239384  0.97893837642111381  0.98946626148584393  1.00000000000000000
 -0.00189476071692611  0.00980802557909550  0.02001638394437013  0.03053352826775175
  0.04111005730634918  0.05174249625495813  0.06234251839608042  0.07287967210727350
  0.08333067766966752  0.09384957746263846  0.10441544016685468  0.11498954667258651
  0.12550897017092105  0.13604870447736081  0.14654541032723231  0.15706470528675931
  0.16755557269889265  0.17809696217518126  0.18863761022669520  0.19916277871724428
  0.20971532548736563  0.22027451361781392  0.23080428019367066  0.24130512367188794
  0.25179946804670827  0.26233337996534678  0.27287970955427576  0.28342739911053816
  0.29400391130021769  0.30459025314669230  0.31516090614505232  0.32568700519088112
  0.33617548647488005  0.34670173662415066  0.35723096136617788  0.36775919737648993
  0.37823804681209083  0.38875736729834792  0.39929601072684917  0.40985020623323293
  0.42035389373308385  0.43086299616957119  0.44137900035735866  0.45190734152847251
  0.46246091678811174  0.47302681387477724  0.48356484054529475  0.49406649727826651
  0.50459189087513301  0.51512484896647337  0.52568291868056116  0.53618291600543011
  0.54672922902482435  0.55723490037437873  0.56779518160730325  0.57832802858885046
  0.58888270884638716  0.59941098447998920  0.60992120029935248  0.62044205877418446
  0.63097565186135518  0.64149844379686605  0.65202397023119540  0.66254723600609400
  0.67309482319493386  0.68361933533604091  0.69420836750609005  0.70480463939385718
  0.71541928143967559  0.72592535059906116  0.73648407225785839  0.74706531588282543
  0.75768092303943735  0.76827124426414262  0.77886084494057317  0.78945915140073331
  0.79997207759179745  0.81043906493553552  0.82093541122260105  0.83146615897021914
  0.84202096326126252  0.85251120024883242  0.86307492454852064  0.87361662528964956
  0.88419511464951706  0.89477151570080626  0.90534912165795234  0.91592113228311267
  0.92646058313344204  0.93691800841858119  0.94736278581846012  0.95782493182594852
  0.96838868621304608  0.97894672355997858  0.98948011758092436  1.00000000000000000
   2.8431050378631738E-013  -1.0000000000000000     
 F F F F F F F F F F F F F F F F F F F F F F F F F F F F F F F F F F F F F F F F F F F F F F F F F F F F F F F F F F F F F F F F F F F F F F F F F F F F F F F F F F F F F F F F F F F F F F F F F F F F F F F F F F F F F F F F F F F F F F F F F F F F F F F F
  <DiscreteSampler_grid>
  grouped_processes
  1 # 1 for a reference and 2 for a running grid.
  10 # Attribute 'min_bin_probing_points' of the grid.
  1 # Attribute 'grid_mode' of the grid. 1=='default',2=='initialization'
  0.0000000000000000 # Attribute 'small_contrib_threshold' of the grid.
  0.5000000000000000 # Attribute 'damping_power' of the grid.
 # binID   n_entries weight   weight_sqr   abs_weight
    10   10   3.502311748971813E+002   2.192075264464701E+005   3.502311748971813E+002
    11   10   3.502311748971813E+002   2.192075264464702E+005   3.502311748971813E+002
  </DiscreteSampler_grid>
