  0.00950580006200243  0.01649663321957473  0.02543286836479123  0.03630723945264507
  0.04665199899469444  0.05702803815465615  0.06740338588277398  0.07777380144822381
  0.08811730215986009  0.09845829664992398  0.10880539989310224  0.11917072775537836
  0.12953733750482468  0.13989663204131150  0.15025124907125698  0.16058408364546939
  0.17093948780480547  0.18129824402491587  0.19167310475059832  0.20203540795141692
  0.21240063912100396  0.22277504299504980  0.23318119854140235  0.24358641730384084
  0.25400119012389694  0.26440662725966813  0.27483225787059468  0.28520628148848914
  0.29555717920434732  0.30589428117172318  0.31628409913668698  0.32668217066577959
  0.33708093541379847  0.34743938158500726  0.35781054166365933  0.36818716324782286
  0.37859659906888365  0.38903162414703812  0.39944944531509330  0.40984372632773669
  0.42020029072029119  0.43055197505430204  0.44093159134076471  0.45131944960290721
  0.46171046463906285  0.47206913861787542  0.48240637687568072  0.49275957524352410
  0.50314050040813796  0.51356324607286186  0.52399074984989846  0.53439716987454566
  0.54477540812367420  0.55513460420572380  0.56550024428459600  0.57588485173641202
  0.58628877852281358  0.59670035442261204  0.60709853664786639  0.61747386226484025
  0.62783856319688491  0.63821683721149336  0.64862072305251850  0.65903633179869936
  0.66944923524779409  0.67982086483498594  0.69015555064878986  0.70051534669394233
  0.71090341620912179  0.72133853095339395  0.73175807977034113  0.74217831597247319
  0.75260031711281328  0.76302701925084915  0.77345634651027151  0.78388162129391614
  0.79432435404226598  0.80475624529153644  0.81517626849825997  0.82556870190661769
  0.83596038488339564  0.84633847721337296  0.85670019144362619  0.86705922955190939
  0.87742597626267693  0.88782129102296292  0.89820224738565146  0.90861146015008176
  0.91899562459419393  0.92943026046776944  0.93982749365440232  0.95021999248129552
  0.96057363526447515  0.97075321751710897  0.98098382130006967  1.00000000000000000
  0.00979021856210418  0.01576620060659507  0.02503820756856419  0.03583305104084859
  0.04619236213998019  0.05657016648572612  0.06694723566705635  0.07729697636088716
  0.08762500287419685  0.09794272066690399  0.10826190469160314  0.11858296179657273
  0.12892331224114781  0.13927176961429621  0.14962621428282985  0.15998403448283399
  0.17036215960183174  0.18076506216271332  0.19116885080417725  0.20160049386945128
  0.21202534177061483  0.22244516129167016  0.23283284344448282  0.24321418467961731
  0.25359258201032053  0.26396457126138079  0.27435807525547729  0.28474941066002118
  0.29513904377899591  0.30550211604482891  0.31586129318207651  0.32622445035748915
  0.33661784288505664  0.34702355886751995  0.35743160956161352  0.36782524416045159
  0.37820275167868905  0.38857652098098316  0.39896983666582564  0.40937845701305092
  0.41979292394598450  0.43016299250651469  0.44053409761617612  0.45092598480153467
  0.46133817728442766  0.47174290735768593  0.48212813462506982  0.49252377761368660
  0.50292338142986570  0.51332054323611453  0.52372315332743880  0.53415664872873669
  0.54461623117657731  0.55506734792509904  0.56549441546743096  0.57590107112515621
  0.58630213547158472  0.59670191063926992  0.60709711227883612  0.61748181349342390
  0.62784628973990531  0.63819554279647650  0.64854948052246142  0.65892240108023659
  0.66931018638422013  0.67969045022285446  0.69005921697114836  0.70042377579937742
  0.71079523886863738  0.72118301583545830  0.73155131234175907  0.74190128267637612
  0.75222118579524888  0.76256198370187200  0.77291713069444756  0.78326268659199760
  0.79359649348598837  0.80394044682400490  0.81431026541978957  0.82469093621935097
  0.83506799868667614  0.84545496657399410  0.85583277721322359  0.86620796034000891
  0.87656581835145209  0.88692399888223550  0.89732168904436771  0.90773882951768547
  0.91817084584220254  0.92856698322561848  0.93893530711285067  0.94932358878288559
  0.95970427739581421  0.97007982219648814  0.98042917514202554  1.00000000000000000
 -0.00191860711343203  0.01085049696449264  0.02095786191852752  0.03153009740747532
  0.04207373561818807  0.05261561722994358  0.06318063649754450  0.07372021530958005
  0.08432884873976884  0.09492331380356681  0.10544669538339047  0.11596679231436852
  0.12648531665228097  0.13708936081614323  0.14765299314402830  0.15822984749360383
  0.16877630947519123  0.17934081471751323  0.18988864021065263  0.20043109525540276
  0.21093925640177325  0.22149124904273032  0.23202240606673152  0.24258711636949626
  0.25311293519318218  0.26366695828956155  0.27417742485589491  0.28469251742669388
  0.29517190658869802  0.30570565403399119  0.31624239584575142  0.32678189998148716
  0.33730401711993957  0.34779255264814313  0.35833112535129352  0.36886907035361549
  0.37943261912900861  0.38998865411847644  0.40049171219539043  0.41099994913690424
  0.42144672369329816  0.43195032681192624  0.44244476586820541  0.45297368248481534
  0.46353144607418389  0.47408201941784234  0.48462060532906659  0.49513916460365592
  0.50565903891843189  0.51620090790703443  0.52670392721270387  0.53717445775427874
  0.54765117033571065  0.55817088729787623  0.56868866885859204  0.57920644861961490
  0.58970527902100622  0.60023069369344595  0.61071679886657904  0.62123284963042114
  0.63176113548600865  0.64235966847294113  0.65289574428879782  0.66343084286314202
  0.67391321902933998  0.68439588221467040  0.69492059032484499  0.70545671059813941
  0.71600742489220326  0.72647289150477445  0.73692317707615329  0.74738513121026406
  0.75792205106209420  0.76850074624489706  0.77910502608861620  0.78964901400729470
  0.80018517152534785  0.81067579597854533  0.82121285310306058  0.83170765692515347
  0.84222197060821757  0.85271512617909362  0.86324150914509035  0.87374228116798236
  0.88425482516453890  0.89473614411605007  0.90525830493495330  0.91576652619594778
  0.92629921382516756  0.93681626783840355  0.94734653810283487  0.95786769654887238
  0.96837217449639057  0.97888517872789771  0.98942850204695099  1.00000000000000000
 -0.00184837719425963  0.00973302608652097  0.01990944332670706  0.03046321635937115
  0.04101110596011295  0.05160669269882112  0.06215527962694797  0.07274664023026549
  0.08330909026824117  0.09390021061385974  0.10441257466751638  0.11494038132824340
  0.12543866532044542  0.13598333535463275  0.14649995613186184  0.15706318950137432
  0.16761268326221379  0.17819308146785412  0.18875142411055618  0.19928667269323738
  0.20980943870600119  0.22034750419042828  0.23089154124974867  0.24142282184139086
  0.25195516092086551  0.26249407202634695  0.27306679636751952  0.28361754672650197
  0.29417109698899474  0.30469462881700837  0.31521547117510884  0.32572627952535116
  0.33625021040808534  0.34678979563863649  0.35733199623427103  0.36783565018846542
  0.37832022311906605  0.38877334737348679  0.39929764387491684  0.40982451980116846
  0.42041676594623739  0.43095825739367710  0.44149188395753569  0.45202177874129518
  0.46250422764970917  0.47303160255465287  0.48354097837807386  0.49409749534279840
  0.50469855348084736  0.51528591541756430  0.52588778400805136  0.53641421910393827
  0.54693586670976002  0.55747465198290624  0.56800007478096692  0.57854211568828695
  0.58906052017420896  0.59961148407554299  0.61014445861334099  0.62070561748473341
  0.63124021504402650  0.64177520791654530  0.65228042728297864  0.66278542037942556
  0.67329344473327479  0.68376277159542498  0.69425666209791603  0.70475518313933516
  0.71528559781497592  0.72577847711703913  0.73627503040143705  0.74683642712567200
  0.75742643305164059  0.76805399947509556  0.77859627156702349  0.78913700977486245
  0.79966571021533239  0.81022779472941175  0.82079584295817309  0.83133129793125393
  0.84185423919936631  0.85235950467775712  0.86283519056118763  0.87331731279113378
  0.88381520715442818  0.89434321128773120  0.90491812597277410  0.91548215376820674
  0.92606873476549445  0.93659340954792558  0.94715296437636043  0.95772844221393749
  0.96829096682823768  0.97886611860722050  0.98941019047876033  1.00000000000000000
 -0.00253784144448326  0.00945325973315457  0.01961249130624780  0.03017930557654028
  0.04076180701543268  0.05131714182704836  0.06184344792762992  0.07241776391112113
  0.08299244085832491  0.09359087305870008  0.10413453196990340  0.11468779557031890
  0.12524417062550480  0.13578125862919971  0.14631164245387507  0.15685765009132074
  0.16740648824840818  0.17796806884024510  0.18846887927748754  0.19899457013692193
  0.20951402871572863  0.22005717774440126  0.23059966891652375  0.24113040391186613
  0.25169173893598890  0.26226774131934005  0.27284079934575767  0.28336346623236619
  0.29390311986942846  0.30444161615869753  0.31498547944547434  0.32546786515223675
  0.33595973084468972  0.34647366747510805  0.35702189825957853  0.36755874886665280
  0.37808572498711651  0.38859337496182472  0.39912962608053076  0.40967650337157208
  0.42024132500015848  0.43081419838404394  0.44135922058801097  0.45187273201634998
  0.46237289583162472  0.47286425080059752  0.48339279375181921  0.49394932920174933
  0.50452721160394665  0.51510464340575568  0.52563013227866207  0.53617143796731759
  0.54668031882236368  0.55722063049528647  0.56774502700531992  0.57830642201135407
  0.58885419858130295  0.59939602138895398  0.60991605469568166  0.62043726679555622
  0.63096892130255811  0.64151350204734958  0.65206848680010088  0.66264701329229581
  0.67321151002742785  0.68376727157246686  0.69431600728997822  0.70485591492265542
  0.71542232790257809  0.72597454129412942  0.73650231897034690  0.74700507210917322
  0.75753613972782874  0.76811352547251754  0.77867885761129629  0.78926729229712822
  0.79984046591085778  0.81041223954097497  0.82094659212490650  0.83151314708028690
  0.84210217327781789  0.85267983662815539  0.86325415016090745  0.87380079318269710
  0.88433775426053596  0.89489078538411915  0.90541233872841231  0.91588149270128250
  0.92634102636783500  0.93681649249584587  0.94735736701799678  0.95787199689618163
  0.96838444286814296  0.97890064072226457  0.98942994088387848  1.00000000000000000
 -0.00203871432836963  0.00961377134561532  0.01978921836232223  0.03030993985924069
  0.04085799611472523  0.05137929545767174  0.06190980870180031  0.07243340317214594
  0.08297668491717236  0.09352851448847874  0.10412120360774425  0.11472789721711910
  0.12534992831416267  0.13596502080786099  0.14654441102985202  0.15709608591748814
  0.16762322905332522  0.17814813801124374  0.18870359162649858  0.19923299388493976
  0.20978528041972877  0.22023787675532799  0.23072463513616456  0.24120304806770546
  0.25179116807782864  0.26234961583436900  0.27288677538567946  0.28339172097420712
  0.29389439580080923  0.30441062737279551  0.31492184028100462  0.32550036023972284
  0.33608638719800443  0.34666267762715280  0.35720571226876557  0.36778649212843373
  0.37839491714857865  0.38896547697072753  0.39949474998696832  0.40998451327466218
  0.42050898428473588  0.43105607218621173  0.44163788397625509  0.45221701455645952
  0.46272200136897773  0.47325188826749337  0.48374700973074952  0.49429039394097629
  0.50478504860116835  0.51532989040402399  0.52587289307141094  0.53642073463022732
  0.54693552386508359  0.55746291267152426  0.56799812856132936  0.57853621970175995
  0.58908234523222269  0.59960391015879022  0.61011650264909645  0.62058410052123436
  0.63106993453538196  0.64157236840406684  0.65209873883222624  0.66263916176229798
  0.67316973453719986  0.68370954131792960  0.69425358419166605  0.70479921148667468
  0.71537215372853313  0.72597487656499415  0.73654682678797345  0.74708602270241975
  0.75760494817068125  0.76812585460668992  0.77863475357536993  0.78915125425013499
  0.79969270627325773  0.81024281743302295  0.82077680145907927  0.83132981453765198
  0.84189271719599423  0.85247225711795582  0.86302161901903873  0.87355564809829556
  0.88410332794616853  0.89466246000300664  0.90524280901704635  0.91575781071838258
  0.92624982559434743  0.93674173943038808  0.94723779613089854  0.95772454156845710
  0.96823668418110764  0.97876899251569738  0.98939080188850814  1.00000000000000000
 -0.00200522747472304  0.00977858016233209  0.01999619777138349  0.03053402190904358
  0.04107234354758175  0.05159381604040394  0.06210890670904008  0.07261493696616902
  0.08311249681098501  0.09362378431551717  0.10416432740783886  0.11473484818185489
  0.12533287480685340  0.13593753405923106  0.14655446559122540  0.15712851499172600
  0.16768303684296049  0.17819196637251189  0.18871222825963388  0.19920741370997608
  0.20971436463127671  0.22023912984441732  0.23081117876790685  0.24142294059265224
  0.25203039855340509  0.26260180482324968  0.27313928609556609  0.28367781307568712
  0.29420104808863645  0.30472741613483151  0.31522830985319894  0.32575961892565430
  0.33627499298287944  0.34682109970859198  0.35738434986730394  0.36795359111374082
  0.37850332354500088  0.38905038959092864  0.39958483262294886  0.41013132421063775
  0.42064171424904295  0.43116056128665570  0.44165761758064676  0.45214257213097803
  0.46261346926964381  0.47307447365435928  0.48360638539898598  0.49419315302364342
  0.50480486972127470  0.51534794779632787  0.52592139215386802  0.53653279599045589
  0.54715087271604723  0.55769069131062599  0.56818549980599864  0.57872124884451415
  0.58926280734105119  0.59979655034947332  0.61031729629012921  0.62080214175581638
  0.63129019770827566  0.64174273460029418  0.65227479192983850  0.66283136964164957
  0.67343111616572870  0.68400249314448391  0.69450675725790390  0.70497664280834915
  0.71546376192355854  0.72600634926723628  0.73653618360625384  0.74705305253760979
  0.75758640830166579  0.76813612065406756  0.77870765258170804  0.78926744926274794
  0.79985528334265732  0.81039971208038841  0.82095637603460458  0.83150284742629332
  0.84203608432239374  0.85255074077607995  0.86306853552083773  0.87361244997592313
  0.88416496193385208  0.89473413490633291  0.90529545015480628  0.91584196320968303
  0.92635928067718798  0.93688268461983915  0.94740376741821997  0.95795240830766426
  0.96847931705480572  0.97900382087253701  0.98949476267841729  1.00000000000000000
 -0.00197188652669434  0.00965458334619299  0.01980004285325601  0.03026868997749663
  0.04081003457171578  0.05136425467101800  0.06191334290322099  0.07241493031253318
  0.08294389501149012  0.09345238777448180  0.10398467278657238  0.11453732458478616
  0.12507061525299948  0.13562206490605211  0.14611172543601822  0.15666122522373896
  0.16719811855773664  0.17775666034644461  0.18829827129756632  0.19885923642197348
  0.20944332407344773  0.22001879264315949  0.23058119901736551  0.24114985833621966
  0.25172840015830134  0.26228416572633290  0.27283072321386809  0.28335888135261755
  0.29386684275008851  0.30436934488069400  0.31485365467503640  0.32536478387386575
  0.33585122608823897  0.34636044042692288  0.35688873378526176  0.36743988610922668
  0.37798390335816773  0.38849133916762280  0.39900901806295103  0.40949937331174069
  0.42005337554917166  0.43060324451317450  0.44120237345897317  0.45174144688315299
  0.46225581818052763  0.47274959564615859  0.48322475495516637  0.49368849795245717
  0.50415111012041469  0.51465496122126364  0.52517727818792725  0.53573074812584465
  0.54628715494814362  0.55690407620218874  0.56752726421002064  0.57813454905354111
  0.58866596030699914  0.59920724189491092  0.60978989456476396  0.62038872251207344
  0.63093023179022611  0.64141625446029971  0.65190798675898698  0.66243278486933466
  0.67298183073884998  0.68348043136826420  0.69399101854095191  0.70449773974456609
  0.71508601322881371  0.72566662243202729  0.73625790331075558  0.74684575206343262
  0.75742843825208217  0.76794650156836708  0.77842934538351594  0.78889189263315262
  0.79941468285107264  0.80994877820355415  0.82051436204385630  0.83109343999484031
  0.84168720692266275  0.85227579159747713  0.86281732912094666  0.87333915683996222
  0.88384409952726384  0.89437785227298372  0.90488228473499610  0.91539108423922255
  0.92590865993945326  0.93646998439894957  0.94707519352018887  0.95768303025438617
  0.96827332312535908  0.97879868422653271  0.98938204533101270  1.00000000000000000
   6.0199035623618476E-010  -1.0000000000000000     
 F F F F F F F F F F F F F F F F F F F F F F F F F F F F F F F F F F F F F F F F F F F F F F F F F F F F F F F F F F F F F F F F F F F F F F F F F F F F F F F F F F F F F F F F F F F F F F F F F F F F F F F F F F F F F F F F F F F F F F F F F F F F F F F F
  <DiscreteSampler_grid>
  grouped_processes
  1 # 1 for a reference and 2 for a running grid.
  10 # Attribute 'min_bin_probing_points' of the grid.
  1 # Attribute 'grid_mode' of the grid. 1=='default',2=='initialization'
  0.0000000000000000 # Attribute 'small_contrib_threshold' of the grid.
  0.5000000000000000 # Attribute 'damping_power' of the grid.
 # binID   n_entries weight   weight_sqr   abs_weight
    10   10   2.193930089200338E+005   1.325359005303041E+011   2.193930089200338E+005
    11   10   2.193930089200338E+005   1.325359005303041E+011   2.193930089200338E+005
  </DiscreteSampler_grid>
